1.000000 -0.000625 0.000000 0.831447 0.000625 1.000000 0.000000 -0.024797 0.000000 0.000000 1.000000 0.000000
1.000000 0.000714 0.000000 1.417123 -0.000714 1.000000 0.000000 -0.036080 0.000000 0.000000 1.000000 0.000000
1.000000 0.000360 0.000000 2.043574 -0.000360 1.000000 0.000000 -0.053924 0.000000 0.000000 1.000000 0.000000
0.999991 -0.004330 0.000000 2.971211 0.004330 0.999991 0.000000 -0.090929 0.000000 0.000000 1.000000 0.000000
0.999983 -0.005765 0.000000 3.595573 0.005765 0.999983 0.000000 -0.113148 0.000000 0.000000 1.000000 0.000000
0.999966 -0.008297 0.000000 4.226733 0.008297 0.999966 0.000000 -0.134243 0.000000 0.000000 1.000000 0.000000
0.999967 -0.008130 0.000000 4.847725 0.008130 0.999967 0.000000 -0.146346 0.000000 0.000000 1.000000 0.000000
0.999981 -0.006196 0.000000 6.099017 0.006196 0.999981 0.000000 -0.180307 0.000000 0.000000 1.000000 0.000000
0.999947 -0.010268 0.000000 6.724753 0.010268 0.999947 0.000000 -0.194491 0.000000 0.000000 1.000000 0.000000
0.999921 -0.012550 0.000000 7.351557 0.012550 0.999921 0.000000 -0.198406 0.000000 0.000000 1.000000 0.000000
0.999905 -0.013765 0.000000 7.981763 0.013765 0.999905 0.000000 -0.208622 0.000000 0.000000 1.000000 0.000000
0.999892 -0.014693 0.000000 8.647693 0.014693 0.999892 0.000000 -0.222748 0.000000 0.000000 1.000000 0.000000
0.999891 -0.014765 0.000000 9.267365 0.014765 0.999891 0.000000 -0.235610 0.000000 0.000000 1.000000 0.000000
0.999889 -0.014884 0.000000 9.889791 0.014884 0.999889 0.000000 -0.240745 0.000000 0.000000 1.000000 0.000000
0.999867 -0.016307 0.000000 10.516318 0.016307 0.999867 0.000000 -0.246814 0.000000 0.000000 1.000000 0.000000
0.999830 -0.018463 0.000000 11.138097 0.018463 0.999830 0.000000 -0.254212 0.000000 0.000000 1.000000 0.000000
0.999832 -0.018335 0.000000 11.757760 0.018335 0.999832 0.000000 -0.256050 0.000000 0.000000 1.000000 0.000000
0.999820 -0.018994 0.000000 12.383960 0.018994 0.999820 0.000000 -0.265583 0.000000 0.000000 1.000000 0.000000
0.999831 -0.018366 0.000000 13.000004 0.018366 0.999831 0.000000 -0.269238 0.000000 0.000000 1.000000 0.000000
0.999819 -0.019040 0.000000 13.649724 0.019040 0.999819 0.000000 -0.276420 0.000000 0.000000 1.000000 0.000000
0.999812 -0.019415 0.000000 14.231083 0.019415 0.999812 0.000000 -0.278570 0.000000 0.000000 1.000000 0.000000
0.999819 -0.019015 0.000000 14.851959 0.019015 0.999819 0.000000 -0.285073 0.000000 0.000000 1.000000 0.000000
0.999777 -0.021128 0.000000 15.469056 0.021128 0.999777 0.000000 -0.297812 0.000000 0.000000 1.000000 0.000000
0.999711 -0.024022 0.000000 16.114509 0.024022 0.999711 0.000000 -0.299791 0.000000 0.000000 1.000000 0.000000
0.999611 -0.027895 0.000000 16.736344 0.027895 0.999611 0.000000 -0.303029 0.000000 0.000000 1.000000 0.000000
0.999528 -0.030723 0.000000 17.364540 0.030723 0.999528 0.000000 -0.304160 0.000000 0.000000 1.000000 0.000000
0.999593 -0.028517 0.000000 17.981035 0.028517 0.999593 0.000000 -0.298820 0.000000 0.000000 1.000000 0.000000
0.999596 -0.028417 0.000000 18.607025 0.028417 0.999596 0.000000 -0.299619 0.000000 0.000000 1.000000 0.000000
0.999586 -0.028762 0.000000 19.224084 0.028762 0.999586 0.000000 -0.299684 0.000000 0.000000 1.000000 0.000000
0.999565 -0.029479 0.000000 19.827134 0.029479 0.999565 0.000000 -0.299949 0.000000 0.000000 1.000000 0.000000
0.999567 -0.029419 0.000000 20.448835 0.029419 0.999567 0.000000 -0.298821 0.000000 0.000000 1.000000 0.000000
0.999590 -0.028649 0.000000 21.074038 0.028649 0.999590 0.000000 -0.295606 0.000000 0.000000 1.000000 0.000000
0.999562 -0.029603 0.000000 21.653862 0.029603 0.999562 0.000000 -0.295470 0.000000 0.000000 1.000000 0.000000
0.999484 -0.032109 0.000000 22.283020 0.032109 0.999484 0.000000 -0.295737 0.000000 0.000000 1.000000 0.000000
0.999413 -0.034267 0.000000 22.891668 0.034267 0.999413 0.000000 -0.296854 0.000000 0.000000 1.000000 0.000000
0.999388 -0.034983 0.000000 23.482109 0.034983 0.999388 0.000000 -0.300172 0.000000 0.000000 1.000000 0.000000
0.999391 -0.034895 0.000000 24.103324 0.034895 0.999391 0.000000 -0.299160 0.000000 0.000000 1.000000 0.000000
0.999404 -0.034520 0.000000 24.730753 0.034520 0.999404 0.000000 -0.297313 0.000000 0.000000 1.000000 0.000000
0.999458 -0.032907 0.000000 25.347510 0.032907 0.999458 0.000000 -0.291766 0.000000 0.000000 1.000000 0.000000
0.999579 -0.028999 0.000000 25.931202 0.028999 0.999579 0.000000 -0.286815 0.000000 0.000000 1.000000 0.000000
0.999660 -0.026084 0.000000 26.555409 0.026084 0.999660 0.000000 -0.286966 0.000000 0.000000 1.000000 0.000000
0.999698 -0.024593 0.000000 27.140592 0.024593 0.999698 0.000000 -0.285396 0.000000 0.000000 1.000000 0.000000
0.999688 -0.024986 0.000000 27.765746 0.024986 0.999688 0.000000 -0.285981 0.000000 0.000000 1.000000 0.000000
0.999678 -0.025375 0.000000 28.402091 0.025375 0.999678 0.000000 -0.287796 0.000000 0.000000 1.000000 0.000000
0.999713 -0.023942 0.000000 29.219857 0.023942 0.999713 0.000000 -0.284958 0.000000 0.000000 1.000000 0.000000
0.999754 -0.022158 0.000000 29.859581 0.022158 0.999754 0.000000 -0.278750 0.000000 0.000000 1.000000 0.000000
0.999797 -0.020169 0.000000 30.497081 0.020169 0.999797 0.000000 -0.275458 0.000000 0.000000 1.000000 0.000000
0.999841 -0.017835 0.000000 31.130421 0.017835 0.999841 0.000000 -0.275444 0.000000 0.000000 1.000000 0.000000
0.999844 -0.017656 0.000000 31.755604 0.017656 0.999844 0.000000 -0.281148 0.000000 0.000000 1.000000 0.000000
0.999868 -0.016259 0.000000 32.392699 0.016259 0.999868 0.000000 -0.280871 0.000000 0.000000 1.000000 0.000000
0.999905 -0.013760 0.000000 33.026426 0.013760 0.999905 0.000000 -0.285380 0.000000 0.000000 1.000000 0.000000
0.999954 -0.009580 0.000000 33.666561 0.009580 0.999954 0.000000 -0.287598 0.000000 0.000000 1.000000 0.000000
0.999965 -0.008364 0.000000 34.302251 0.008364 0.999965 0.000000 -0.300101 0.000000 0.000000 1.000000 0.000000
0.999978 -0.006573 0.000000 34.939460 0.006573 0.999978 0.000000 -0.305467 0.000000 0.000000 1.000000 0.000000
0.999986 -0.005202 0.000000 35.572479 0.005202 0.999986 0.000000 -0.316605 0.000000 0.000000 1.000000 0.000000
0.999994 -0.003415 0.000000 36.208679 0.003415 0.999994 0.000000 -0.328507 0.000000 0.000000 1.000000 0.000000
0.999999 -0.001441 0.000000 36.847362 0.001441 0.999999 0.000000 -0.340151 0.000000 0.000000 1.000000 0.000000
0.999999 -0.001236 0.000000 37.483161 0.001236 0.999999 0.000000 -0.359796 0.000000 0.000000 1.000000 0.000000
1.000000 0.000028 0.000000 38.080568 -0.000028 1.000000 0.000000 -0.376890 0.000000 0.000000 1.000000 0.000000
0.999992 0.004059 0.000000 38.721804 -0.004059 0.999992 0.000000 -0.389457 0.000000 0.000000 1.000000 0.000000
0.999983 0.005888 0.000000 39.346999 -0.005888 0.999983 0.000000 -0.407158 0.000000 0.000000 1.000000 0.000000
0.999984 0.005611 0.000000 39.992918 -0.005611 0.999984 0.000000 -0.432003 0.000000 0.000000 1.000000 0.000000
0.999978 0.006647 0.000000 40.630939 -0.006647 0.999978 0.000000 -0.450820 0.000000 0.000000 1.000000 0.000000
0.999971 0.007629 0.000000 41.264185 -0.007629 0.999971 0.000000 -0.472648 0.000000 0.000000 1.000000 0.000000
0.999970 0.007727 0.000000 41.899981 -0.007727 0.999970 0.000000 -0.494133 0.000000 0.000000 1.000000 0.000000
0.999965 0.008393 0.000000 42.539532 -0.008393 0.999965 0.000000 -0.511882 0.000000 0.000000 1.000000 0.000000
0.999941 0.010896 0.000000 43.186393 -0.010896 0.999941 0.000000 -0.529789 0.000000 0.000000 1.000000 0.000000
0.999926 0.012131 0.000000 43.829290 -0.012131 0.999926 0.000000 -0.553215 0.000000 0.000000 1.000000 0.000000
0.999933 0.011580 0.000000 44.479056 -0.011580 0.999933 0.000000 -0.583857 0.000000 0.000000 1.000000 0.000000
0.999926 0.012132 0.000000 45.091799 -0.012132 0.999926 0.000000 -0.604714 0.000000 0.000000 1.000000 0.000000
0.999940 0.010949 0.000000 45.746789 -0.010949 0.999940 0.000000 -0.626313 0.000000 0.000000 1.000000 0.000000
0.999944 0.010555 0.000000 46.402013 -0.010555 0.999944 0.000000 -0.642353 0.000000 0.000000 1.000000 0.000000
0.999943 0.010706 0.000000 47.064389 -0.010706 0.999943 0.000000 -0.668035 0.000000 0.000000 1.000000 0.000000
0.999967 0.008159 0.000000 47.724572 -0.008159 0.999967 0.000000 -0.693752 0.000000 0.000000 1.000000 0.000000
0.999969 0.007841 0.000000 48.372050 -0.007841 0.999969 0.000000 -0.713354 0.000000 0.000000 1.000000 0.000000
0.999961 0.008786 0.000000 48.993429 -0.008786 0.999961 0.000000 -0.729807 0.000000 0.000000 1.000000 0.000000
0.999937 0.011206 0.000000 49.648823 -0.011206 0.999937 0.000000 -0.745142 0.000000 0.000000 1.000000 0.000000
0.999914 0.013133 0.000000 50.306711 -0.013133 0.999914 0.000000 -0.767455 0.000000 0.000000 1.000000 0.000000
0.999896 0.014442 0.000000 50.972122 -0.014442 0.999896 0.000000 -0.790116 0.000000 0.000000 1.000000 0.000000
0.999925 0.012211 0.000000 51.629486 -0.012211 0.999925 0.000000 -0.814195 0.000000 0.000000 1.000000 0.000000
0.999947 0.010256 0.000000 52.282886 -0.010256 0.999947 0.000000 -0.832482 0.000000 0.000000 1.000000 0.000000
0.999951 0.009896 0.000000 53.310189 -0.009896 0.999951 0.000000 -0.873408 0.000000 0.000000 1.000000 0.000000
0.999958 0.009145 0.000000 53.998239 -0.009145 0.999958 0.000000 -0.896927 0.000000 0.000000 1.000000 0.000000
0.999960 0.008906 0.000000 54.631796 -0.008906 0.999960 0.000000 -0.920215 0.000000 0.000000 1.000000 0.000000
0.999956 0.009416 0.000000 55.288354 -0.009416 0.999956 0.000000 -0.946012 0.000000 0.000000 1.000000 0.000000
0.999948 0.010176 0.000000 55.947102 -0.010176 0.999948 0.000000 -0.970058 0.000000 0.000000 1.000000 0.000000
0.999963 0.008619 0.000000 56.603447 -0.008619 0.999963 0.000000 -0.994508 0.000000 0.000000 1.000000 0.000000
0.999968 0.008020 0.000000 57.256991 -0.008020 0.999968 0.000000 -1.020142 0.000000 0.000000 1.000000 0.000000
0.999972 0.007429 0.000000 57.905877 -0.007429 0.999972 0.000000 -1.039373 0.000000 0.000000 1.000000 0.000000
0.999986 0.005298 0.000000 59.248004 -0.005298 0.999986 0.000000 -1.079898 0.000000 0.000000 1.000000 0.000000
0.999997 0.002579 0.000000 59.895955 -0.002579 0.999997 0.000000 -1.095373 0.000000 0.000000 1.000000 0.000000
1.000000 0.000867 0.000000 60.536603 -0.000867 1.000000 0.000000 -1.109850 0.000000 0.000000 1.000000 0.000000
0.999999 0.001543 0.000000 61.172906 -0.001543 0.999999 0.000000 -1.129863 0.000000 0.000000 1.000000 0.000000
0.999996 0.002833 0.000000 61.807711 -0.002833 0.999996 0.000000 -1.151503 0.000000 0.000000 1.000000 0.000000
0.999997 0.002510 0.000000 62.477663 -0.002510 0.999997 0.000000 -1.174887 0.000000 0.000000 1.000000 0.000000
0.999995 0.003258 0.000000 63.109023 -0.003258 0.999995 0.000000 -1.192139 0.000000 0.000000 1.000000 0.000000
0.999991 0.004291 0.000000 63.714027 -0.004291 0.999991 0.000000 -1.208857 0.000000 0.000000 1.000000 0.000000
0.999988 0.004889 0.000000 64.345340 -0.004889 0.999988 0.000000 -1.230788 0.000000 0.000000 1.000000 0.000000
0.999984 0.005652 0.000000 64.930701 -0.005652 0.999984 0.000000 -1.252241 0.000000 0.000000 1.000000 0.000000
0.999983 0.005895 0.000000 65.557784 -0.005895 0.999983 0.000000 -1.277244 0.000000 0.000000 1.000000 0.000000
0.999985 0.005437 0.000000 66.184398 -0.005437 0.999985 0.000000 -1.304592 0.000000 0.000000 1.000000 0.000000
0.999985 0.005403 0.000000 66.766266 -0.005403 0.999985 0.000000 -1.328847 0.000000 0.000000 1.000000 0.000000
0.999991 0.004186 0.000000 67.389735 -0.004186 0.999991 0.000000 -1.355978 0.000000 0.000000 1.000000 0.000000
0.999992 0.004082 0.000000 68.002431 -0.004082 0.999992 0.000000 -1.380422 0.000000 0.000000 1.000000 0.000000
0.999993 0.003662 0.000000 68.574071 -0.003662 0.999993 0.000000 -1.404711 0.000000 0.000000 1.000000 0.000000
0.999992 0.004006 0.000000 69.187511 -0.004006 0.999992 0.000000 -1.424165 0.000000 0.000000 1.000000 0.000000
0.999977 0.006782 0.000000 69.759052 -0.006782 0.999977 0.000000 -1.438309 0.000000 0.000000 1.000000 0.000000
0.999965 0.008369 0.000000 70.370298 -0.008369 0.999965 0.000000 -1.457295 0.000000 0.000000 1.000000 0.000000
0.999960 0.008910 0.000000 70.978178 -0.008910 0.999960 0.000000 -1.479312 0.000000 0.000000 1.000000 0.000000
0.999947 0.010268 0.000000 71.820391 -0.010268 0.999947 0.000000 -1.513901 0.000000 0.000000 1.000000 0.000000
0.999929 0.011927 0.000000 72.419708 -0.011927 0.999929 0.000000 -1.540286 0.000000 0.000000 1.000000 0.000000
0.999945 0.010455 0.000000 73.015743 -0.010455 0.999945 0.000000 -1.563496 0.000000 0.000000 1.000000 0.000000
0.999960 0.008989 0.000000 73.615730 -0.008989 0.999960 0.000000 -1.581759 0.000000 0.000000 1.000000 0.000000
0.999971 0.007591 0.000000 74.209801 -0.007591 0.999971 0.000000 -1.599557 0.000000 0.000000 1.000000 0.000000
0.999984 0.005616 0.000000 74.801706 -0.005616 0.999984 0.000000 -1.615984 0.000000 0.000000 1.000000 0.000000
0.999983 0.005888 0.000000 75.435895 -0.005888 0.999983 0.000000 -1.633745 0.000000 0.000000 1.000000 0.000000
0.999985 0.005548 0.000000 76.033523 -0.005548 0.999985 0.000000 -1.654563 0.000000 0.000000 1.000000 0.000000
0.999978 0.006662 0.000000 76.628580 -0.006662 0.999978 0.000000 -1.674962 0.000000 0.000000 1.000000 0.000000
0.999977 0.006815 0.000000 77.813995 -0.006815 0.999977 0.000000 -1.719159 0.000000 0.000000 1.000000 0.000000
0.999971 0.007574 0.000000 78.399125 -0.007574 0.999971 0.000000 -1.739283 0.000000 0.000000 1.000000 0.000000
0.999956 0.009353 0.000000 78.983289 -0.009353 0.999956 0.000000 -1.766988 0.000000 0.000000 1.000000 0.000000
0.999955 0.009482 0.000000 79.561938 -0.009482 0.999955 0.000000 -1.795363 0.000000 0.000000 1.000000 0.000000
0.999940 0.010923 0.000000 80.145033 -0.010923 0.999940 0.000000 -1.819648 0.000000 0.000000 1.000000 0.000000
0.999935 0.011379 0.000000 80.721838 -0.011379 0.999935 0.000000 -1.849446 0.000000 0.000000 1.000000 0.000000
0.999953 0.009695 0.000000 81.295793 -0.009695 0.999953 0.000000 -1.877071 0.000000 0.000000 1.000000 0.000000
0.999963 0.008559 0.000000 81.866702 -0.008559 0.999963 0.000000 -1.900402 0.000000 0.000000 1.000000 0.000000
0.999958 0.009158 0.000000 82.431307 -0.009158 0.999958 0.000000 -1.926064 0.000000 0.000000 1.000000 0.000000
0.999955 0.009441 0.000000 82.988132 -0.009441 0.999955 0.000000 -1.953024 0.000000 0.000000 1.000000 0.000000
0.999955 0.009443 0.000000 83.544074 -0.009443 0.999955 0.000000 -1.976665 0.000000 0.000000 1.000000 0.000000
0.999953 0.009684 0.000000 84.086413 -0.009684 0.999953 0.000000 -2.004071 0.000000 0.000000 1.000000 0.000000
0.999936 0.011313 0.000000 84.629834 -0.011313 0.999936 0.000000 -2.030243 0.000000 0.000000 1.000000 0.000000
0.999917 0.012904 0.000000 85.144669 -0.012904 0.999917 0.000000 -2.054908 0.000000 0.000000 1.000000 0.000000
0.999878 0.015604 0.000000 85.688313 -0.015604 0.999878 0.000000 -2.077533 0.000000 0.000000 1.000000 0.000000
0.999829 0.018503 0.000000 86.216196 -0.018503 0.999829 0.000000 -2.096593 0.000000 0.000000 1.000000 0.000000
0.999812 0.019381 0.000000 86.724805 -0.019381 0.999812 0.000000 -2.121300 0.000000 0.000000 1.000000 0.000000
0.999817 0.019116 0.000000 87.259770 -0.019116 0.999817 0.000000 -2.153270 0.000000 0.000000 1.000000 0.000000
0.999816 0.019205 0.000000 87.784642 -0.019205 0.999816 0.000000 -2.179504 0.000000 0.000000 1.000000 0.000000
0.999802 0.019921 0.000000 88.272116 -0.019921 0.999802 0.000000 -2.206693 0.000000 0.000000 1.000000 0.000000
0.999757 0.022022 0.000000 88.800600 -0.022022 0.999757 0.000000 -2.234463 0.000000 0.000000 1.000000 0.000000
0.999764 0.021721 0.000000 89.318699 -0.021721 0.999764 0.000000 -2.263965 0.000000 0.000000 1.000000 0.000000
0.999756 0.022105 0.000000 89.801306 -0.022105 0.999756 0.000000 -2.287990 0.000000 0.000000 1.000000 0.000000
0.999730 0.023256 0.000000 90.322192 -0.023256 0.999730 0.000000 -2.311218 0.000000 0.000000 1.000000 0.000000
0.999686 0.025075 0.000000 90.842157 -0.025075 0.999686 0.000000 -2.335990 0.000000 0.000000 1.000000 0.000000
0.999659 0.026118 0.000000 91.326791 -0.026118 0.999659 0.000000 -2.364816 0.000000 0.000000 1.000000 0.000000
0.999659 0.026104 0.000000 91.835720 -0.026104 0.999659 0.000000 -2.397164 0.000000 0.000000 1.000000 0.000000
0.999622 0.027498 0.000000 92.314378 -0.027498 0.999622 0.000000 -2.425650 0.000000 0.000000 1.000000 0.000000
0.999609 0.027962 0.000000 92.823320 -0.027962 0.999609 0.000000 -2.458344 0.000000 0.000000 1.000000 0.000000
0.999627 0.027323 0.000000 93.486102 -0.027323 0.999627 0.000000 -2.497592 0.000000 0.000000 1.000000 0.000000
0.999626 0.027336 0.000000 93.983829 -0.027336 0.999626 0.000000 -2.524821 0.000000 0.000000 1.000000 0.000000
0.999611 0.027873 0.000000 94.480136 -0.027873 0.999611 0.000000 -2.548859 0.000000 0.000000 1.000000 0.000000
0.999617 0.027668 0.000000 94.974231 -0.027668 0.999617 0.000000 -2.574389 0.000000 0.000000 1.000000 0.000000
0.999658 0.026166 0.000000 95.457994 -0.026166 0.999658 0.000000 -2.606754 0.000000 0.000000 1.000000 0.000000
0.999679 0.025317 0.000000 95.938516 -0.025317 0.999679 0.000000 -2.641549 0.000000 0.000000 1.000000 0.000000
0.999631 0.027165 0.000000 96.406860 -0.027165 0.999631 0.000000 -2.668685 0.000000 0.000000 1.000000 0.000000
0.999478 0.032291 0.000000 97.363514 -0.032291 0.999478 0.000000 -2.734229 0.000000 0.000000 1.000000 0.000000
0.999437 0.033538 0.000000 97.832384 -0.033538 0.999437 0.000000 -2.770179 0.000000 0.000000 1.000000 0.000000
0.999320 0.036873 0.000000 98.305777 -0.036873 0.999320 0.000000 -2.805884 0.000000 0.000000 1.000000 0.000000
0.999284 0.037822 0.000000 98.772014 -0.037822 0.999284 0.000000 -2.847670 0.000000 0.000000 1.000000 0.000000
0.999187 0.040318 0.000000 99.245692 -0.040318 0.999187 0.000000 -2.884973 0.000000 0.000000 1.000000 0.000000
0.999134 0.041601 0.000000 99.707778 -0.041601 0.999134 0.000000 -2.926830 0.000000 0.000000 1.000000 0.000000
0.999025 0.044141 0.000000 100.172220 -0.044141 0.999025 0.000000 -2.967056 0.000000 0.000000 1.000000 0.000000
0.998809 0.048789 0.000000 100.635433 -0.048789 0.998809 0.000000 -3.000784 0.000000 0.000000 1.000000 0.000000
0.998684 0.051291 0.000000 101.093755 -0.051291 0.998684 0.000000 -3.039891 0.000000 0.000000 1.000000 0.000000
0.998562 0.053609 0.000000 101.553212 -0.053609 0.998562 0.000000 -3.081177 0.000000 0.000000 1.000000 0.000000
0.998470 0.055294 0.000000 101.978314 -0.055294 0.998470 0.000000 -3.122402 0.000000 0.000000 1.000000 0.000000
0.998408 0.056407 0.000000 102.427475 -0.056407 0.998408 0.000000 -3.164320 0.000000 0.000000 1.000000 0.000000
0.998390 0.056727 0.000000 102.866725 -0.056727 0.998390 0.000000 -3.211054 0.000000 0.000000 1.000000 0.000000
0.998252 0.059100 0.000000 103.306218 -0.059100 0.998252 0.000000 -3.255509 0.000000 0.000000 1.000000 0.000000
0.998133 0.061085 0.000000 103.734053 -0.061085 0.998133 0.000000 -3.294259 0.000000 0.000000 1.000000 0.000000
0.997832 0.065814 0.000000 104.161736 -0.065814 0.997832 0.000000 -3.331755 0.000000 0.000000 1.000000 0.000000
0.997501 0.070651 0.000000 104.580470 -0.070651 0.997501 0.000000 -3.366605 0.000000 0.000000 1.000000 0.000000
0.997348 0.072776 0.000000 104.993447 -0.072776 0.997348 0.000000 -3.404636 0.000000 0.000000 1.000000 0.000000
0.997456 0.071288 0.000000 105.402716 -0.071288 0.997456 0.000000 -3.450312 0.000000 0.000000 1.000000 0.000000
0.997384 0.072290 0.000000 105.822675 -0.072290 0.997384 0.000000 -3.491497 0.000000 0.000000 1.000000 0.000000
0.997355 0.072690 0.000000 106.216732 -0.072690 0.997355 0.000000 -3.535302 0.000000 0.000000 1.000000 0.000000
0.997108 0.075998 0.000000 106.615324 -0.075998 0.997108 0.000000 -3.575099 0.000000 0.000000 1.000000 0.000000
0.996730 0.080809 0.000000 107.001482 -0.080809 0.996730 0.000000 -3.612464 0.000000 0.000000 1.000000 0.000000
0.996573 0.082722 0.000000 107.402216 -0.082722 0.996573 0.000000 -3.660074 0.000000 0.000000 1.000000 0.000000
0.996460 0.084066 0.000000 107.792979 -0.084066 0.996460 0.000000 -3.703056 0.000000 0.000000 1.000000 0.000000
0.996212 0.086963 0.000000 108.169111 -0.086963 0.996212 0.000000 -3.744870 0.000000 0.000000 1.000000 0.000000
0.995847 0.091039 0.000000 108.583803 -0.091039 0.995847 0.000000 -3.789524 0.000000 0.000000 1.000000 0.000000
0.995513 0.094630 0.000000 108.981355 -0.094630 0.995513 0.000000 -3.835567 0.000000 0.000000 1.000000 0.000000
0.995189 0.097971 0.000000 109.544563 -0.097971 0.995189 0.000000 -3.911213 0.000000 0.000000 1.000000 0.000000
0.995015 0.099724 0.000000 109.956070 -0.099724 0.995015 0.000000 -3.968549 0.000000 0.000000 1.000000 0.000000
0.994813 0.101723 0.000000 110.369697 -0.101723 0.994813 0.000000 -4.022522 0.000000 0.000000 1.000000 0.000000
0.994588 0.103899 0.000000 110.785973 -0.103899 0.994588 0.000000 -4.084733 0.000000 0.000000 1.000000 0.000000
0.994441 0.105292 0.000000 111.206202 -0.105292 0.994441 0.000000 -4.138917 0.000000 0.000000 1.000000 0.000000
0.994425 0.105445 0.000000 111.624227 -0.105445 0.994425 0.000000 -4.197829 0.000000 0.000000 1.000000 0.000000
0.994221 0.107354 0.000000 112.044113 -0.107354 0.994221 0.000000 -4.256396 0.000000 0.000000 1.000000 0.000000
0.993640 0.112600 0.000000 112.467969 -0.112600 0.993640 0.000000 -4.312546 0.000000 0.000000 1.000000 0.000000
0.993216 0.116282 0.000000 113.198832 -0.116282 0.993216 0.000000 -4.429601 0.000000 0.000000 1.000000 0.000000
0.993305 0.115519 0.000000 113.620873 -0.115519 0.993305 0.000000 -4.497839 0.000000 0.000000 1.000000 0.000000
0.993217 0.116279 0.000000 114.057314 -0.116279 0.993217 0.000000 -4.561883 0.000000 0.000000 1.000000 0.000000
0.993277 0.115762 0.000000 114.486013 -0.115762 0.993277 0.000000 -4.622330 0.000000 0.000000 1.000000 0.000000
0.993105 0.117226 0.000000 114.923279 -0.117226 0.993105 0.000000 -4.674314 0.000000 0.000000 1.000000 0.000000
0.992886 0.119073 0.000000 115.358872 -0.119073 0.992886 0.000000 -4.730698 0.000000 0.000000 1.000000 0.000000
0.992960 0.118449 0.000000 115.800103 -0.118449 0.992960 0.000000 -4.791640 0.000000 0.000000 1.000000 0.000000
0.992951 0.118530 0.000000 116.244025 -0.118530 0.992951 0.000000 -4.855298 0.000000 0.000000 1.000000 0.000000
0.992925 0.118746 0.000000 116.683038 -0.118746 0.992925 0.000000 -4.922529 0.000000 0.000000 1.000000 0.000000
0.992592 0.121495 0.000000 117.129083 -0.121495 0.992592 0.000000 -4.991014 0.000000 0.000000 1.000000 0.000000
0.992432 0.122792 0.000000 117.574349 -0.122792 0.992432 0.000000 -5.060741 0.000000 0.000000 1.000000 0.000000
0.992495 0.122281 0.000000 118.397211 -0.122281 0.992495 0.000000 -5.188199 0.000000 0.000000 1.000000 0.000000
0.992288 0.123951 0.000000 118.852523 -0.123951 0.992288 0.000000 -5.254023 0.000000 0.000000 1.000000 0.000000
0.992117 0.125316 0.000000 119.301672 -0.125316 0.992117 0.000000 -5.327134 0.000000 0.000000 1.000000 0.000000
0.991905 0.126982 0.000000 119.757827 -0.126982 0.991905 0.000000 -5.405800 0.000000 0.000000 1.000000 0.000000
0.991738 0.128283 0.000000 120.216765 -0.128283 0.991738 0.000000 -5.484453 0.000000 0.000000 1.000000 0.000000
0.991604 0.129311 0.000000 120.678621 -0.129311 0.991604 0.000000 -5.565122 0.000000 0.000000 1.000000 0.000000
0.991155 0.132710 0.000000 121.143578 -0.132710 0.991155 0.000000 -5.640434 0.000000 0.000000 1.000000 0.000000
0.990531 0.137287 0.000000 121.612109 -0.137287 0.990531 0.000000 -5.715739 0.000000 0.000000 1.000000 0.000000
0.989891 0.141828 0.000000 122.113238 -0.141828 0.989891 0.000000 -5.799443 0.000000 0.000000 1.000000 0.000000
0.989741 0.142873 0.000000 122.556080 -0.142873 0.989741 0.000000 -5.879048 0.000000 0.000000 1.000000 0.000000
0.989495 0.144568 0.000000 123.061132 -0.144568 0.989495 0.000000 -5.972362 0.000000 0.000000 1.000000 0.000000
0.989353 0.145534 0.000000 123.533979 -0.145534 0.989353 0.000000 -6.058646 0.000000 0.000000 1.000000 0.000000
0.989576 0.144015 0.000000 123.996753 -0.144015 0.989576 0.000000 -6.149978 0.000000 0.000000 1.000000 0.000000
0.989574 0.144026 0.000000 124.464963 -0.144026 0.989574 0.000000 -6.239324 0.000000 0.000000 1.000000 0.000000
0.989306 0.145858 0.000000 124.936677 -0.145858 0.989306 0.000000 -6.324124 0.000000 0.000000 1.000000 0.000000
0.988776 0.149407 0.000000 125.406284 -0.149407 0.988776 0.000000 -6.406208 0.000000 0.000000 1.000000 0.000000
0.987799 0.155735 0.000000 125.884005 -0.155735 0.987799 0.000000 -6.487075 0.000000 0.000000 1.000000 0.000000
0.987172 0.159663 0.000000 126.360262 -0.159663 0.987172 0.000000 -6.574812 0.000000 0.000000 1.000000 0.000000
0.986919 0.161215 0.000000 126.808953 -0.161215 0.986919 0.000000 -6.658221 0.000000 0.000000 1.000000 0.000000
0.986388 0.164434 0.000000 127.292156 -0.164434 0.986388 0.000000 -6.748685 0.000000 0.000000 1.000000 0.000000
0.986161 0.165792 0.000000 127.772039 -0.165792 0.986161 0.000000 -6.843057 0.000000 0.000000 1.000000 0.000000
0.985959 0.166985 0.000000 128.560503 -0.166985 0.985959 0.000000 -6.998246 0.000000 0.000000 1.000000 0.000000
0.986414 0.164281 0.000000 129.042624 -0.164281 0.986414 0.000000 -7.097137 0.000000 0.000000 1.000000 0.000000
0.987983 0.154564 0.000000 130.017590 -0.154564 0.987983 0.000000 -7.305784 0.000000 0.000000 1.000000 0.000000
0.988572 0.150747 0.000000 130.506850 -0.150747 0.988572 0.000000 -7.407233 0.000000 0.000000 1.000000 0.000000
0.988765 0.149476 0.000000 131.002439 -0.149476 0.988765 0.000000 -7.499387 0.000000 0.000000 1.000000 0.000000
0.989073 0.147424 0.000000 131.503913 -0.147424 0.989073 0.000000 -7.593797 0.000000 0.000000 1.000000 0.000000
0.989060 0.147517 0.000000 132.008725 -0.147517 0.989060 0.000000 -7.679174 0.000000 0.000000 1.000000 0.000000
0.988864 0.148823 0.000000 132.504097 -0.148823 0.988864 0.000000 -7.766014 0.000000 0.000000 1.000000 0.000000
0.989187 0.146661 0.000000 133.046921 -0.146661 0.989187 0.000000 -7.856553 0.000000 0.000000 1.000000 0.000000
0.988953 0.148228 0.000000 133.535979 -0.148228 0.988953 0.000000 -7.939374 0.000000 0.000000 1.000000 0.000000
0.988812 0.149164 0.000000 134.048555 -0.149164 0.988812 0.000000 -8.022683 0.000000 0.000000 1.000000 0.000000
0.988811 0.149174 0.000000 134.564141 -0.149174 0.988811 0.000000 -8.111292 0.000000 0.000000 1.000000 0.000000
0.988825 0.149081 0.000000 135.045371 -0.149081 0.988825 0.000000 -8.195246 0.000000 0.000000 1.000000 0.000000
0.988910 0.148514 0.000000 135.556503 -0.148514 0.988910 0.000000 -8.289077 0.000000 0.000000 1.000000 0.000000
0.988661 0.150166 0.000000 136.085434 -0.150166 0.988661 0.000000 -8.376666 0.000000 0.000000 1.000000 0.000000
0.988754 0.149549 0.000000 136.571721 -0.149549 0.988754 0.000000 -8.460865 0.000000 0.000000 1.000000 0.000000
0.988846 0.148945 0.000000 137.093315 -0.148945 0.988846 0.000000 -8.546513 0.000000 0.000000 1.000000 0.000000
0.988373 0.152046 0.000000 137.629105 -0.152046 0.988373 0.000000 -8.635609 0.000000 0.000000 1.000000 0.000000
0.988009 0.154394 0.000000 138.259485 -0.154394 0.988009 0.000000 -8.740270 0.000000 0.000000 1.000000 0.000000
0.998961 0.045582 0.000000 138.818586 -0.045582 0.998961 0.000000 -8.405699 0.000000 0.000000 1.000000 0.000000
0.998732 0.050351 0.000000 139.320496 -0.050351 0.998732 0.000000 -8.451632 0.000000 0.000000 1.000000 0.000000
0.998596 0.052974 0.000000 139.860385 -0.052974 0.998596 0.000000 -8.488920 0.000000 0.000000 1.000000 0.000000
0.998417 0.056250 0.000000 140.408170 -0.056250 0.998417 0.000000 -8.532317 0.000000 0.000000 1.000000 0.000000
0.998374 0.057008 0.000000 140.956900 -0.057008 0.998374 0.000000 -8.578291 0.000000 0.000000 1.000000 0.000000
0.998146 0.060869 0.000000 144.846375 -0.060869 0.998146 0.000000 -8.899357 0.000000 0.000000 1.000000 0.000000
0.998337 0.057648 0.000000 145.369781 -0.057648 0.998337 0.000000 -8.950143 0.000000 0.000000 1.000000 0.000000
0.999321 0.036842 0.000000 146.529336 -0.036842 0.999321 0.000000 -9.047697 0.000000 0.000000 1.000000 0.000000
0.999198 0.040042 0.000000 147.670280 -0.040042 0.999198 0.000000 -9.133257 0.000000 0.000000 1.000000 0.000000
0.999153 0.041157 0.000000 148.242713 -0.041157 0.999153 0.000000 -9.176756 0.000000 0.000000 1.000000 0.000000
0.999144 0.041369 0.000000 148.822117 -0.041369 0.999144 0.000000 -9.224639 0.000000 0.000000 1.000000 0.000000
0.999169 0.040754 0.000000 149.398401 -0.040754 0.999169 0.000000 -9.276998 0.000000 0.000000 1.000000 0.000000
0.999289 0.037694 0.000000 149.981471 -0.037694 0.999289 0.000000 -9.330051 0.000000 0.000000 1.000000 0.000000
0.999280 0.037947 0.000000 150.563701 -0.037947 0.999280 0.000000 -9.371899 0.000000 0.000000 1.000000 0.000000
0.999214 0.039637 0.000000 151.146217 -0.039637 0.999214 0.000000 -9.410543 0.000000 0.000000 1.000000 0.000000
0.999237 0.039058 0.000000 151.732961 -0.039058 0.999237 0.000000 -9.460944 0.000000 0.000000 1.000000 0.000000
0.999244 0.038867 0.000000 152.318788 -0.038867 0.999244 0.000000 -9.511266 0.000000 0.000000 1.000000 0.000000
0.999031 0.044006 0.000000 153.253240 -0.044006 0.999031 0.000000 -9.580348 0.000000 0.000000 1.000000 0.000000
0.998975 0.045264 0.000000 153.842152 -0.045264 0.998975 0.000000 -9.636753 0.000000 0.000000 1.000000 0.000000
0.998890 0.047094 0.000000 154.419240 -0.047094 0.998890 0.000000 -9.686889 0.000000 0.000000 1.000000 0.000000
0.998672 0.051517 0.000000 155.008239 -0.051517 0.998672 0.000000 -9.731039 0.000000 0.000000 1.000000 0.000000
0.998399 0.056559 0.000000 155.633889 -0.056559 0.998399 0.000000 -9.779976 0.000000 0.000000 1.000000 0.000000
0.998272 0.058761 0.000000 156.172695 -0.058761 0.998272 0.000000 -9.829886 0.000000 0.000000 1.000000 0.000000
0.998193 0.060092 0.000000 156.792655 -0.060092 0.998193 0.000000 -9.895897 0.000000 0.000000 1.000000 0.000000
0.998144 0.060897 0.000000 157.371471 -0.060897 0.998144 0.000000 -9.949783 0.000000 0.000000 1.000000 0.000000
0.998044 0.062519 0.000000 157.961016 -0.062519 0.998044 0.000000 -9.994362 0.000000 0.000000 1.000000 0.000000
0.997878 0.065106 0.000000 158.543029 -0.065106 0.997878 0.000000 -10.036548 0.000000 0.000000 1.000000 0.000000
0.997925 0.064382 0.000000 159.124423 -0.064382 0.997925 0.000000 -10.089149 0.000000 0.000000 1.000000 0.000000
0.997916 0.064522 0.000000 159.704971 -0.064522 0.997916 0.000000 -10.137633 0.000000 0.000000 1.000000 0.000000
0.997801 0.066288 0.000000 160.285788 -0.066288 0.997801 0.000000 -10.181459 0.000000 0.000000 1.000000 0.000000
0.997801 0.066285 0.000000 160.868128 -0.066285 0.997801 0.000000 -10.231388 0.000000 0.000000 1.000000 0.000000
0.997682 0.068055 0.000000 161.458561 -0.068055 0.997682 0.000000 -10.280096 0.000000 0.000000 1.000000 0.000000
0.997537 0.070145 0.000000 162.043917 -0.070145 0.997537 0.000000 -10.330938 0.000000 0.000000 1.000000 0.000000
0.997283 0.073667 0.000000 163.203467 -0.073667 0.997283 0.000000 -10.435654 0.000000 0.000000 1.000000 0.000000
0.997339 0.072906 0.000000 163.782962 -0.072906 0.997339 0.000000 -10.496355 0.000000 0.000000 1.000000 0.000000
0.997194 0.074862 0.000000 164.324351 -0.074862 0.997194 0.000000 -10.544147 0.000000 0.000000 1.000000 0.000000
0.996898 0.078702 0.000000 164.923373 -0.078702 0.996898 0.000000 -10.594542 0.000000 0.000000 1.000000 0.000000
0.996884 0.078884 0.000000 165.492160 -0.078884 0.996884 0.000000 -10.651435 0.000000 0.000000 1.000000 0.000000
0.996935 0.078240 0.000000 166.620264 -0.078240 0.996935 0.000000 -10.766554 0.000000 0.000000 1.000000 0.000000
0.996886 0.078853 0.000000 167.189358 -0.078853 0.996886 0.000000 -10.829049 0.000000 0.000000 1.000000 0.000000
0.996775 0.080247 0.000000 167.733766 -0.080247 0.996775 0.000000 -10.883802 0.000000 0.000000 1.000000 0.000000
0.996810 0.079815 0.000000 168.307326 -0.079815 0.996810 0.000000 -10.941526 0.000000 0.000000 1.000000 0.000000
0.996716 0.080973 0.000000 168.887458 -0.080973 0.996716 0.000000 -10.996771 0.000000 0.000000 1.000000 0.000000
0.996427 0.084457 0.000000 169.427184 -0.084457 0.996427 0.000000 -11.040106 0.000000 0.000000 1.000000 0.000000
0.996087 0.088375 0.000000 170.202711 -0.088375 0.996087 0.000000 -11.109028 0.000000 0.000000 1.000000 0.000000
0.995830 0.091227 0.000000 170.781789 -0.091227 0.995830 0.000000 -11.161890 0.000000 0.000000 1.000000 0.000000
0.995409 0.095717 0.000000 171.360812 -0.095717 0.995409 0.000000 -11.213905 0.000000 0.000000 1.000000 0.000000
0.995170 0.098162 0.000000 171.978142 -0.098162 0.995170 0.000000 -11.278407 0.000000 0.000000 1.000000 0.000000
0.995298 0.096860 0.000000 172.528602 -0.096860 0.995298 0.000000 -11.348028 0.000000 0.000000 1.000000 0.000000
0.995155 0.098322 0.000000 173.151098 -0.098322 0.995155 0.000000 -11.421787 0.000000 0.000000 1.000000 0.000000
0.995071 0.099164 0.000000 173.734830 -0.099164 0.995071 0.000000 -11.490083 0.000000 0.000000 1.000000 0.000000
0.994831 0.101542 0.000000 174.322087 -0.101542 0.994831 0.000000 -11.551032 0.000000 0.000000 1.000000 0.000000
0.994698 0.102842 0.000000 174.914973 -0.102842 0.994698 0.000000 -11.630227 0.000000 0.000000 1.000000 0.000000
0.994839 0.101461 0.000000 175.494718 -0.101461 0.994839 0.000000 -11.704019 0.000000 0.000000 1.000000 0.000000
0.994836 0.101495 0.000000 176.084843 -0.101495 0.994836 0.000000 -11.779080 0.000000 0.000000 1.000000 0.000000
0.995010 0.099778 0.000000 176.666881 -0.099778 0.995010 0.000000 -11.860925 0.000000 0.000000 1.000000 0.000000
0.995486 0.094911 0.000000 177.255828 -0.094911 0.995486 0.000000 -11.946219 0.000000 0.000000 1.000000 0.000000
0.995816 0.091381 0.000000 177.835697 -0.091381 0.995816 0.000000 -12.025232 0.000000 0.000000 1.000000 0.000000
0.995751 0.092086 0.000000 178.421146 -0.092086 0.995751 0.000000 -12.093635 0.000000 0.000000 1.000000 0.000000
0.995849 0.091020 0.000000 179.004958 -0.091020 0.995849 0.000000 -12.168051 0.000000 0.000000 1.000000 0.000000
0.995733 0.092280 0.000000 179.588673 -0.092280 0.995733 0.000000 -12.233208 0.000000 0.000000 1.000000 0.000000
0.995669 0.092965 0.000000 180.136610 -0.092965 0.995669 0.000000 -12.297003 0.000000 0.000000 1.000000 0.000000
0.995680 0.092850 0.000000 180.764269 -0.092850 0.995680 0.000000 -12.366186 0.000000 0.000000 1.000000 0.000000
0.995679 0.092864 0.000000 181.306408 -0.092864 0.995679 0.000000 -12.428472 0.000000 0.000000 1.000000 0.000000
0.995495 0.094818 0.000000 181.894635 -0.094818 0.995495 0.000000 -12.493943 0.000000 0.000000 1.000000 0.000000
0.995194 0.097928 0.000000 182.486063 -0.097928 0.995194 0.000000 -12.560585 0.000000 0.000000 1.000000 0.000000
0.994633 0.103464 0.000000 183.075282 -0.103464 0.994633 0.000000 -12.627836 0.000000 0.000000 1.000000 0.000000
0.994353 0.106120 0.000000 183.664829 -0.106120 0.994353 0.000000 -12.700714 0.000000 0.000000 1.000000 0.000000
0.994289 0.106716 0.000000 184.249563 -0.106716 0.994289 0.000000 -12.774717 0.000000 0.000000 1.000000 0.000000
0.994200 0.107548 0.000000 184.835904 -0.107548 0.994200 0.000000 -12.850446 0.000000 0.000000 1.000000 0.000000
0.993990 0.109471 0.000000 185.423711 -0.109471 0.993990 0.000000 -12.922531 0.000000 0.000000 1.000000 0.000000
0.993689 0.112171 0.000000 186.015844 -0.112171 0.993689 0.000000 -12.995087 0.000000 0.000000 1.000000 0.000000
0.993693 0.112135 0.000000 186.610832 -0.112135 0.993693 0.000000 -13.077305 0.000000 0.000000 1.000000 0.000000
0.993770 0.111447 0.000000 187.193867 -0.111447 0.993770 0.000000 -13.158593 0.000000 0.000000 1.000000 0.000000
0.993511 0.113738 0.000000 187.783080 -0.113738 0.993511 0.000000 -13.235479 0.000000 0.000000 1.000000 0.000000
0.993257 0.115931 0.000000 188.369254 -0.115931 0.993257 0.000000 -13.312026 0.000000 0.000000 1.000000 0.000000
0.993199 0.116429 0.000000 188.925179 -0.116429 0.993199 0.000000 -13.388918 0.000000 0.000000 1.000000 0.000000
0.992909 0.118876 0.000000 189.512043 -0.118876 0.992909 0.000000 -13.468916 0.000000 0.000000 1.000000 0.000000
0.992715 0.120486 0.000000 190.100732 -0.120486 0.992715 0.000000 -13.553294 0.000000 0.000000 1.000000 0.000000
0.992912 0.118849 0.000000 190.662529 -0.118849 0.992912 0.000000 -13.637075 0.000000 0.000000 1.000000 0.000000
0.992856 0.119316 0.000000 191.243368 -0.119316 0.992856 0.000000 -13.718530 0.000000 0.000000 1.000000 0.000000
0.992862 0.119271 0.000000 191.830895 -0.119271 0.992862 0.000000 -13.807845 0.000000 0.000000 1.000000 0.000000
0.992970 0.118368 0.000000 192.383704 -0.118368 0.992970 0.000000 -13.892889 0.000000 0.000000 1.000000 0.000000
0.992616 0.121302 0.000000 192.960252 -0.121302 0.992616 0.000000 -13.975895 0.000000 0.000000 1.000000 0.000000
0.992412 0.122955 0.000000 193.543560 -0.122955 0.992412 0.000000 -14.057644 0.000000 0.000000 1.000000 0.000000
0.992235 0.124380 0.000000 194.091410 -0.124380 0.992235 0.000000 -14.137814 0.000000 0.000000 1.000000 0.000000
0.991972 0.126461 0.000000 194.674502 -0.126461 0.991972 0.000000 -14.224500 0.000000 0.000000 1.000000 0.000000
0.991691 0.128643 0.000000 195.246590 -0.128643 0.991691 0.000000 -14.315937 0.000000 0.000000 1.000000 0.000000
0.991214 0.132270 0.000000 196.083702 -0.132270 0.991214 0.000000 -14.444021 0.000000 0.000000 1.000000 0.000000
0.990803 0.135315 0.000000 196.652952 -0.135315 0.990803 0.000000 -14.528063 0.000000 0.000000 1.000000 0.000000
0.990712 0.135977 0.000000 197.236626 -0.135977 0.990712 0.000000 -14.616194 0.000000 0.000000 1.000000 0.000000
0.990582 0.136923 0.000000 197.811060 -0.136923 0.990582 0.000000 -14.704934 0.000000 0.000000 1.000000 0.000000
0.990654 0.136397 0.000000 198.386377 -0.136397 0.990654 0.000000 -14.793120 0.000000 0.000000 1.000000 0.000000
0.990980 0.134011 0.000000 198.964609 -0.134011 0.990980 0.000000 -14.884618 0.000000 0.000000 1.000000 0.000000
0.991096 0.133146 0.000000 199.535391 -0.133146 0.991096 0.000000 -14.975196 0.000000 0.000000 1.000000 0.000000
0.991091 0.133183 0.000000 200.127717 -0.133183 0.991091 0.000000 -15.069825 0.000000 0.000000 1.000000 0.000000
0.990972 0.134071 0.000000 200.640672 -0.134071 0.990972 0.000000 -15.148854 0.000000 0.000000 1.000000 0.000000
0.990817 0.135210 0.000000 201.643040 -0.135210 0.990817 0.000000 -15.301218 0.000000 0.000000 1.000000 0.000000
0.990662 0.136342 0.000000 202.219662 -0.136342 0.990662 0.000000 -15.391337 0.000000 0.000000 1.000000 0.000000
0.990390 0.138305 0.000000 202.942663 -0.138305 0.990390 0.000000 -15.509294 0.000000 0.000000 1.000000 0.000000
0.990062 0.140634 0.000000 203.669753 -0.140634 0.990062 0.000000 -15.630252 0.000000 0.000000 1.000000 0.000000
0.989953 0.141397 0.000000 204.651022 -0.141397 0.989953 0.000000 -15.794906 0.000000 0.000000 1.000000 0.000000
0.990027 0.140876 0.000000 205.219424 -0.140876 0.990027 0.000000 -15.891745 0.000000 0.000000 1.000000 0.000000
0.990000 0.141067 0.000000 205.798951 -0.141067 0.990000 0.000000 -15.987810 0.000000 0.000000 1.000000 0.000000
0.989833 0.142233 0.000000 206.365668 -0.142233 0.989833 0.000000 -16.080730 0.000000 0.000000 1.000000 0.000000
0.990117 0.140244 0.000000 206.900136 -0.140244 0.990117 0.000000 -16.175616 0.000000 0.000000 1.000000 0.000000
0.990088 0.140450 0.000000 207.480369 -0.140450 0.990088 0.000000 -16.271111 0.000000 0.000000 1.000000 0.000000
0.989960 0.141348 0.000000 208.046956 -0.141348 0.989960 0.000000 -16.373595 0.000000 0.000000 1.000000 0.000000
0.990136 0.140107 0.000000 208.857711 -0.140107 0.990136 0.000000 -16.515945 0.000000 0.000000 1.000000 0.000000
0.990233 0.139423 0.000000 209.429903 -0.139423 0.990233 0.000000 -16.609638 0.000000 0.000000 1.000000 0.000000
0.990212 0.139568 0.000000 209.999567 -0.139568 0.990212 0.000000 -16.705276 0.000000 0.000000 1.000000 0.000000
0.990636 0.136532 0.000000 210.563724 -0.136532 0.990636 0.000000 -16.804775 0.000000 0.000000 1.000000 0.000000
0.990856 0.134922 0.000000 211.165154 -0.134922 0.990856 0.000000 -16.902421 0.000000 0.000000 1.000000 0.000000
0.990859 0.134899 0.000000 211.696176 -0.134899 0.990859 0.000000 -16.990887 0.000000 0.000000 1.000000 0.000000
0.991050 0.133491 0.000000 212.303534 -0.133491 0.991050 0.000000 -17.095455 0.000000 0.000000 1.000000 0.000000
0.991151 0.132741 0.000000 212.839333 -0.132741 0.991151 0.000000 -17.184356 0.000000 0.000000 1.000000 0.000000
0.991387 0.130962 0.000000 213.440642 -0.130962 0.991387 0.000000 -17.286529 0.000000 0.000000 1.000000 0.000000
0.991379 0.131025 0.000000 214.008038 -0.131025 0.991379 0.000000 -17.372825 0.000000 0.000000 1.000000 0.000000
0.991498 0.130120 0.000000 214.569013 -0.130120 0.991498 0.000000 -17.462324 0.000000 0.000000 1.000000 0.000000
0.991447 0.130509 0.000000 215.137460 -0.130509 0.991447 0.000000 -17.549510 0.000000 0.000000 1.000000 0.000000
0.991511 0.130024 0.000000 215.692957 -0.130024 0.991511 0.000000 -17.638214 0.000000 0.000000 1.000000 0.000000
0.991785 0.127916 0.000000 216.256985 -0.127916 0.991785 0.000000 -17.729122 0.000000 0.000000 1.000000 0.000000
0.992084 0.125575 0.000000 216.827637 -0.125575 0.992084 0.000000 -17.820157 0.000000 0.000000 1.000000 0.000000
0.991940 0.126711 0.000000 217.394589 -0.126711 0.991940 0.000000 -17.900515 0.000000 0.000000 1.000000 0.000000
0.991644 0.129001 0.000000 217.956049 -0.129001 0.991644 0.000000 -17.989476 0.000000 0.000000 1.000000 0.000000
0.992034 0.125971 0.000000 218.519804 -0.125971 0.992034 0.000000 -18.076127 0.000000 0.000000 1.000000 0.000000
0.992307 0.123803 0.000000 219.118984 -0.123803 0.992307 0.000000 -18.167687 0.000000 0.000000 1.000000 0.000000
0.992714 0.120491 0.000000 219.679707 -0.120491 0.992714 0.000000 -18.250812 0.000000 0.000000 1.000000 0.000000
0.992926 0.118734 0.000000 220.243920 -0.118734 0.992926 0.000000 -18.331468 0.000000 0.000000 1.000000 0.000000
0.992903 0.118925 0.000000 220.774706 -0.118925 0.992903 0.000000 -18.406662 0.000000 0.000000 1.000000 0.000000
0.992648 0.121035 0.000000 221.335707 -0.121035 0.992648 0.000000 -18.486149 0.000000 0.000000 1.000000 0.000000
0.992733 0.120339 0.000000 221.936523 -0.120339 0.992733 0.000000 -18.577521 0.000000 0.000000 1.000000 0.000000
0.993058 0.117626 0.000000 222.498694 -0.117626 0.993058 0.000000 -18.661170 0.000000 0.000000 1.000000 0.000000
0.993172 0.116657 0.000000 223.058753 -0.116657 0.993172 0.000000 -18.743146 0.000000 0.000000 1.000000 0.000000
0.993253 0.115965 0.000000 223.596460 -0.115965 0.993253 0.000000 -18.821159 0.000000 0.000000 1.000000 0.000000
0.993808 0.111108 0.000000 224.697267 -0.111108 0.993808 0.000000 -18.989412 0.000000 0.000000 1.000000 0.000000
0.994093 0.108531 0.000000 225.245411 -0.108531 0.994093 0.000000 -19.068106 0.000000 0.000000 1.000000 0.000000
0.994380 0.105872 0.000000 225.782730 -0.105872 0.994380 0.000000 -19.142360 0.000000 0.000000 1.000000 0.000000
0.994449 0.105216 0.000000 226.307596 -0.105216 0.994449 0.000000 -19.211626 0.000000 0.000000 1.000000 0.000000
0.994713 0.102696 0.000000 226.860845 -0.102696 0.994713 0.000000 -19.288365 0.000000 0.000000 1.000000 0.000000
0.994930 0.100570 0.000000 227.405063 -0.100570 0.994930 0.000000 -19.355757 0.000000 0.000000 1.000000 0.000000
0.995050 0.099374 0.000000 227.952719 -0.099374 0.995050 0.000000 -19.423228 0.000000 0.000000 1.000000 0.000000
0.995217 0.097684 0.000000 228.464423 -0.097684 0.995217 0.000000 -19.492293 0.000000 0.000000 1.000000 0.000000
0.995218 0.097681 0.000000 229.011132 -0.097681 0.995218 0.000000 -19.558207 0.000000 0.000000 1.000000 0.000000
0.995180 0.098062 0.000000 229.518163 -0.098062 0.995180 0.000000 -19.620529 0.000000 0.000000 1.000000 0.000000
0.995216 0.097704 0.000000 230.054057 -0.097704 0.995216 0.000000 -19.683207 0.000000 0.000000 1.000000 0.000000
0.995337 0.096463 0.000000 230.589489 -0.096463 0.995337 0.000000 -19.749446 0.000000 0.000000 1.000000 0.000000
0.995539 0.094347 0.000000 231.119283 -0.094347 0.995539 0.000000 -19.820091 0.000000 0.000000 1.000000 0.000000
0.995654 0.093129 0.000000 231.622468 -0.093129 0.995654 0.000000 -19.880877 0.000000 0.000000 1.000000 0.000000
0.995872 0.090769 0.000000 232.158269 -0.090769 0.995872 0.000000 -19.943594 0.000000 0.000000 1.000000 0.000000
0.995962 0.089781 0.000000 232.822022 -0.089781 0.995962 0.000000 -20.023047 0.000000 0.000000 1.000000 0.000000
0.995999 0.089370 0.000000 233.462222 -0.089370 0.995999 0.000000 -20.099113 0.000000 0.000000 1.000000 0.000000
0.996053 0.088766 0.000000 233.994169 -0.088766 0.996053 0.000000 -20.155928 0.000000 0.000000 1.000000 0.000000
0.996236 0.086688 0.000000 234.532181 -0.086688 0.996236 0.000000 -20.217166 0.000000 0.000000 1.000000 0.000000
0.996436 0.084347 0.000000 235.066301 -0.084347 0.996436 0.000000 -20.275965 0.000000 0.000000 1.000000 0.000000
0.996623 0.082108 0.000000 235.599291 -0.082108 0.996623 0.000000 -20.333164 0.000000 0.000000 1.000000 0.000000
0.996856 0.079231 0.000000 236.130493 -0.079231 0.996856 0.000000 -20.396073 0.000000 0.000000 1.000000 0.000000
0.996959 0.077926 0.000000 237.045843 -0.077926 0.996959 0.000000 -20.493823 0.000000 0.000000 1.000000 0.000000
0.996915 0.078484 0.000000 237.583683 -0.078484 0.996915 0.000000 -20.552417 0.000000 0.000000 1.000000 0.000000
0.996745 0.080623 0.000000 238.081164 -0.080623 0.996745 0.000000 -20.604055 0.000000 0.000000 1.000000 0.000000
0.996568 0.082777 0.000000 238.611385 -0.082777 0.996568 0.000000 -20.662435 0.000000 0.000000 1.000000 0.000000
0.996380 0.085011 0.000000 239.140653 -0.085011 0.996380 0.000000 -20.713802 0.000000 0.000000 1.000000 0.000000
0.996430 0.084421 0.000000 239.667215 -0.084421 0.996430 0.000000 -20.776122 0.000000 0.000000 1.000000 0.000000
0.996498 0.083617 0.000000 240.201992 -0.083617 0.996498 0.000000 -20.843338 0.000000 0.000000 1.000000 0.000000
0.996363 0.085207 0.000000 240.732338 -0.085207 0.996363 0.000000 -20.900024 0.000000 0.000000 1.000000 0.000000
0.996163 0.087523 0.000000 241.257138 -0.087523 0.996163 0.000000 -20.959448 0.000000 0.000000 1.000000 0.000000
0.996089 0.088357 0.000000 241.790011 -0.088357 0.996089 0.000000 -21.025551 0.000000 0.000000 1.000000 0.000000
0.995905 0.090401 0.000000 242.315800 -0.090401 0.995905 0.000000 -21.086217 0.000000 0.000000 1.000000 0.000000
0.995857 0.090934 0.000000 242.849187 -0.090934 0.995857 0.000000 -21.153949 0.000000 0.000000 1.000000 0.000000
0.995793 0.091636 0.000000 243.375820 -0.091636 0.995793 0.000000 -21.218691 0.000000 0.000000 1.000000 0.000000
0.995748 0.092122 0.000000 243.899579 -0.092122 0.995748 0.000000 -21.286090 0.000000 0.000000 1.000000 0.000000
0.995635 0.093336 0.000000 244.425103 -0.093336 0.995635 0.000000 -21.350237 0.000000 0.000000 1.000000 0.000000
0.995657 0.093097 0.000000 244.953873 -0.093097 0.995657 0.000000 -21.417443 0.000000 0.000000 1.000000 0.000000
0.995548 0.094251 0.000000 245.516746 -0.094251 0.995548 0.000000 -21.483906 0.000000 0.000000 1.000000 0.000000
0.995418 0.095622 0.000000 246.011324 -0.095622 0.995418 0.000000 -21.544445 0.000000 0.000000 1.000000 0.000000
0.995122 0.098654 0.000000 246.535235 -0.098654 0.995122 0.000000 -21.609092 0.000000 0.000000 1.000000 0.000000
0.994861 0.101254 0.000000 247.066771 -0.101254 0.994861 0.000000 -21.678958 0.000000 0.000000 1.000000 0.000000
0.994924 0.100633 0.000000 247.594592 -0.100633 0.994924 0.000000 -21.754552 0.000000 0.000000 1.000000 0.000000
0.994976 0.100118 0.000000 248.122933 -0.100118 0.994976 0.000000 -21.825526 0.000000 0.000000 1.000000 0.000000
0.994846 0.101398 0.000000 248.647609 -0.101398 0.994846 0.000000 -21.892711 0.000000 0.000000 1.000000 0.000000
0.994678 0.103033 0.000000 249.171462 -0.103033 0.994678 0.000000 -21.963094 0.000000 0.000000 1.000000 0.000000
0.994671 0.103096 0.000000 249.696990 -0.103096 0.994671 0.000000 -22.037935 0.000000 0.000000 1.000000 0.000000
0.994464 0.105082 0.000000 250.222545 -0.105082 0.994464 0.000000 -22.102793 0.000000 0.000000 1.000000 0.000000
0.994096 0.108501 0.000000 250.782723 -0.108501 0.994096 0.000000 -22.177655 0.000000 0.000000 1.000000 0.000000
0.993763 0.111515 0.000000 251.298331 -0.111515 0.993763 0.000000 -22.253890 0.000000 0.000000 1.000000 0.000000
0.993545 0.113437 0.000000 251.784144 -0.113437 0.993545 0.000000 -22.323032 0.000000 0.000000 1.000000 0.000000
0.993213 0.116310 0.000000 252.306302 -0.116310 0.993213 0.000000 -22.392501 0.000000 0.000000 1.000000 0.000000
0.992412 0.122957 0.000000 253.347550 -0.122957 0.992412 0.000000 -22.532224 0.000000 0.000000 1.000000 0.000000
0.991860 0.127333 0.000000 253.870713 -0.127333 0.991860 0.000000 -22.599597 0.000000 0.000000 1.000000 0.000000
0.991625 0.129154 0.000000 254.596858 -0.129154 0.991625 0.000000 -22.711093 0.000000 0.000000 1.000000 0.000000
0.991599 0.129347 0.000000 255.594754 -0.129347 0.991599 0.000000 -22.861884 0.000000 0.000000 1.000000 0.000000
0.991288 0.131713 0.000000 256.111393 -0.131713 0.991288 0.000000 -22.936772 0.000000 0.000000 1.000000 0.000000
0.991029 0.133651 0.000000 256.624950 -0.133651 0.991029 0.000000 -23.017250 0.000000 0.000000 1.000000 0.000000
0.990865 0.134856 0.000000 257.128310 -0.134856 0.990865 0.000000 -23.101698 0.000000 0.000000 1.000000 0.000000
0.990641 0.136492 0.000000 257.646776 -0.136492 0.990641 0.000000 -23.190559 0.000000 0.000000 1.000000 0.000000
0.990479 0.137666 0.000000 258.156222 -0.137666 0.990479 0.000000 -23.278001 0.000000 0.000000 1.000000 0.000000
0.990400 0.138232 0.000000 258.667467 -0.138232 0.990400 0.000000 -23.361607 0.000000 0.000000 1.000000 0.000000
0.990483 0.137634 0.000000 259.179068 -0.137634 0.990483 0.000000 -23.446117 0.000000 0.000000 1.000000 0.000000
0.990914 0.134494 0.000000 259.690731 -0.134494 0.990914 0.000000 -23.534081 0.000000 0.000000 1.000000 0.000000
0.991371 0.131084 0.000000 260.193249 -0.131084 0.991371 0.000000 -23.613962 0.000000 0.000000 1.000000 0.000000
0.991544 0.129772 0.000000 260.662648 -0.129772 0.991544 0.000000 -23.682901 0.000000 0.000000 1.000000 0.000000
0.991506 0.130059 0.000000 261.172956 -0.130059 0.991506 0.000000 -23.752860 0.000000 0.000000 1.000000 0.000000
0.991655 0.128917 0.000000 261.671269 -0.128917 0.991655 0.000000 -23.826647 0.000000 0.000000 1.000000 0.000000
0.991793 0.127853 0.000000 262.164140 -0.127853 0.991793 0.000000 -23.899217 0.000000 0.000000 1.000000 0.000000
0.992070 0.125689 0.000000 262.663796 -0.125689 0.992070 0.000000 -23.971293 0.000000 0.000000 1.000000 0.000000
0.992094 0.125494 0.000000 263.154455 -0.125494 0.992094 0.000000 -24.041994 0.000000 0.000000 1.000000 0.000000
0.991933 0.126766 0.000000 263.654381 -0.126766 0.991933 0.000000 -24.114589 0.000000 0.000000 1.000000 0.000000
0.991739 0.128270 0.000000 264.137661 -0.128270 0.991739 0.000000 -24.183717 0.000000 0.000000 1.000000 0.000000
0.991284 0.131742 0.000000 264.628595 -0.131742 0.991284 0.000000 -24.253631 0.000000 0.000000 1.000000 0.000000
0.991137 0.132841 0.000000 265.110317 -0.132841 0.991137 0.000000 -24.329337 0.000000 0.000000 1.000000 0.000000
0.991493 0.130159 0.000000 265.593043 -0.130159 0.991493 0.000000 -24.411701 0.000000 0.000000 1.000000 0.000000
0.991451 0.130482 0.000000 266.068376 -0.130482 0.991451 0.000000 -24.480708 0.000000 0.000000 1.000000 0.000000
0.991304 0.131595 0.000000 266.502877 -0.131595 0.991304 0.000000 -24.548000 0.000000 0.000000 1.000000 0.000000
0.991263 0.131900 0.000000 266.964068 -0.131900 0.991263 0.000000 -24.620611 0.000000 0.000000 1.000000 0.000000
0.991290 0.131700 0.000000 267.433672 -0.131700 0.991290 0.000000 -24.693692 0.000000 0.000000 1.000000 0.000000
0.991354 0.131216 0.000000 267.883982 -0.131216 0.991354 0.000000 -24.759794 0.000000 0.000000 1.000000 0.000000
0.991486 0.130210 0.000000 268.343032 -0.130210 0.991486 0.000000 -24.826237 0.000000 0.000000 1.000000 0.000000
0.991499 0.130114 0.000000 268.787847 -0.130114 0.991499 0.000000 -24.894803 0.000000 0.000000 1.000000 0.000000
0.991647 0.128984 0.000000 269.224316 -0.128984 0.991647 0.000000 -24.965708 0.000000 0.000000 1.000000 0.000000
0.991962 0.126536 0.000000 269.661726 -0.126536 0.991962 0.000000 -25.029593 0.000000 0.000000 1.000000 0.000000
0.992308 0.123791 0.000000 270.108481 -0.123791 0.992308 0.000000 -25.094831 0.000000 0.000000 1.000000 0.000000
0.992438 0.122749 0.000000 270.676264 -0.122749 0.992438 0.000000 -25.168569 0.000000 0.000000 1.000000 0.000000
0.992234 0.124382 0.000000 271.098209 -0.124382 0.992234 0.000000 -25.222605 0.000000 0.000000 1.000000 0.000000
0.992290 0.123940 0.000000 271.522600 -0.123940 0.992290 0.000000 -25.286805 0.000000 0.000000 1.000000 0.000000
0.992335 0.123576 0.000000 271.943513 -0.123576 0.992335 0.000000 -25.342540 0.000000 0.000000 1.000000 0.000000
0.992571 0.121665 0.000000 272.364168 -0.121665 0.992571 0.000000 -25.403390 0.000000 0.000000 1.000000 0.000000
0.992530 0.121998 0.000000 272.761211 -0.121998 0.992530 0.000000 -25.452268 0.000000 0.000000 1.000000 0.000000
0.992321 0.123689 0.000000 273.164973 -0.123689 0.992321 0.000000 -25.501006 0.000000 0.000000 1.000000 0.000000
0.992174 0.124860 0.000000 273.590224 -0.124860 0.992174 0.000000 -25.558037 0.000000 0.000000 1.000000 0.000000
0.991838 0.127503 0.000000 273.983064 -0.127503 0.991838 0.000000 -25.608006 0.000000 0.000000 1.000000 0.000000
0.991836 0.127520 0.000000 274.373142 -0.127520 0.991836 0.000000 -25.665622 0.000000 0.000000 1.000000 0.000000
0.991962 0.126532 0.000000 274.759480 -0.126532 0.991962 0.000000 -25.723926 0.000000 0.000000 1.000000 0.000000
0.991826 0.127599 0.000000 275.143403 -0.127599 0.991826 0.000000 -25.777629 0.000000 0.000000 1.000000 0.000000
0.991632 0.129100 0.000000 275.524305 -0.129100 0.991632 0.000000 -25.835559 0.000000 0.000000 1.000000 0.000000
0.991634 0.129084 0.000000 275.900427 -0.129084 0.991634 0.000000 -25.894743 0.000000 0.000000 1.000000 0.000000
0.991777 0.127981 0.000000 276.268419 -0.127981 0.991777 0.000000 -25.949538 0.000000 0.000000 1.000000 0.000000
0.991922 0.126849 0.000000 276.637340 -0.126849 0.991922 0.000000 -26.001757 0.000000 0.000000 1.000000 0.000000
0.991893 0.127079 0.000000 277.003858 -0.127079 0.991893 0.000000 -26.049278 0.000000 0.000000 1.000000 0.000000
0.991791 0.127869 0.000000 277.358621 -0.127869 0.991791 0.000000 -26.099054 0.000000 0.000000 1.000000 0.000000
0.991955 0.126589 0.000000 277.714897 -0.126589 0.991955 0.000000 -26.155726 0.000000 0.000000 1.000000 0.000000
0.992067 0.125708 0.000000 278.057835 -0.125708 0.992067 0.000000 -26.210994 0.000000 0.000000 1.000000 0.000000
0.991994 0.126283 0.000000 278.748223 -0.126283 0.991994 0.000000 -26.313520 0.000000 0.000000 1.000000 0.000000
0.992022 0.126062 0.000000 279.080590 -0.126062 0.992022 0.000000 -26.365297 0.000000 0.000000 1.000000 0.000000
0.992112 0.125358 0.000000 279.414032 -0.125358 0.992112 0.000000 -26.416188 0.000000 0.000000 1.000000 0.000000
0.992062 0.125751 0.000000 279.735329 -0.125751 0.992062 0.000000 -26.458649 0.000000 0.000000 1.000000 0.000000
0.991762 0.128090 0.000000 280.057043 -0.128090 0.991762 0.000000 -26.498976 0.000000 0.000000 1.000000 0.000000
0.991444 0.130534 0.000000 280.663361 -0.130534 0.991444 0.000000 -26.585384 0.000000 0.000000 1.000000 0.000000
0.991614 0.129232 0.000000 280.965912 -0.129232 0.991614 0.000000 -26.632791 0.000000 0.000000 1.000000 0.000000
0.991862 0.127315 0.000000 281.255911 -0.127315 0.991862 0.000000 -26.682605 0.000000 0.000000 1.000000 0.000000
0.992091 0.125517 0.000000 281.546778 -0.125517 0.992091 0.000000 -26.733508 0.000000 0.000000 1.000000 0.000000
0.992164 0.124941 0.000000 281.817612 -0.124941 0.992164 0.000000 -26.773650 0.000000 0.000000 1.000000 0.000000
0.991244 0.132045 0.000000 284.493739 -0.132045 0.991244 0.000000 -27.126916 0.000000 0.000000 1.000000 0.000000
0.990914 0.134498 0.000000 284.742014 -0.134498 0.990914 0.000000 -27.165080 0.000000 0.000000 1.000000 0.000000
0.990998 0.133873 0.000000 284.988473 -0.133873 0.990998 0.000000 -27.207204 0.000000 0.000000 1.000000 0.000000
0.991460 0.130412 0.000000 285.299777 -0.130412 0.991460 0.000000 -27.260997 0.000000 0.000000 1.000000 0.000000
0.991638 0.129048 0.000000 285.651598 -0.129048 0.991638 0.000000 -27.310559 0.000000 0.000000 1.000000 0.000000
0.991513 0.130009 0.000000 285.956304 -0.130009 0.991513 0.000000 -27.357056 0.000000 0.000000 1.000000 0.000000
0.991652 0.128942 0.000000 286.184395 -0.128942 0.991652 0.000000 -27.395944 0.000000 0.000000 1.000000 0.000000
0.991861 0.127324 0.000000 286.414140 -0.127324 0.991861 0.000000 -27.433944 0.000000 0.000000 1.000000 0.000000
0.991965 0.126514 0.000000 286.636043 -0.126514 0.991965 0.000000 -27.469323 0.000000 0.000000 1.000000 0.000000
0.991805 0.127763 0.000000 286.859112 -0.127763 0.991805 0.000000 -27.500315 0.000000 0.000000 1.000000 0.000000
0.991606 0.129299 0.000000 287.076240 -0.129299 0.991606 0.000000 -27.528921 0.000000 0.000000 1.000000 0.000000
0.995007 0.099807 0.000000 287.591490 -0.099807 0.995007 0.000000 -26.529836 0.000000 0.000000 1.000000 0.000000
0.995088 0.098998 0.000000 287.801976 -0.098998 0.995088 0.000000 -26.552759 0.000000 0.000000 1.000000 0.000000
0.994893 0.100937 0.000000 288.005146 -0.100937 0.994893 0.000000 -26.575585 0.000000 0.000000 1.000000 0.000000
0.994757 0.102262 0.000000 288.204582 -0.102262 0.994757 0.000000 -26.598245 0.000000 0.000000 1.000000 0.000000
0.994889 0.100974 0.000000 288.414538 -0.100974 0.994889 0.000000 -26.625071 0.000000 0.000000 1.000000 0.000000
0.995006 0.099811 0.000000 288.598385 -0.099811 0.995006 0.000000 -26.651373 0.000000 0.000000 1.000000 0.000000
0.995092 0.098952 0.000000 288.800998 -0.098952 0.995092 0.000000 -26.676588 0.000000 0.000000 1.000000 0.000000
0.995046 0.099419 0.000000 288.977795 -0.099419 0.995046 0.000000 -26.694910 0.000000 0.000000 1.000000 0.000000
0.994817 0.101679 0.000000 289.165400 -0.101679 0.994817 0.000000 -26.712817 0.000000 0.000000 1.000000 0.000000
0.994736 0.102476 0.000000 289.356044 -0.102476 0.994736 0.000000 -26.739189 0.000000 0.000000 1.000000 0.000000
0.994699 0.102832 0.000000 289.531254 -0.102832 0.994699 0.000000 -26.758238 0.000000 0.000000 1.000000 0.000000
0.994362 0.106041 0.000000 289.698824 -0.106041 0.994362 0.000000 -26.775173 0.000000 0.000000 1.000000 0.000000
0.994194 0.107603 0.000000 289.869728 -0.107603 0.994194 0.000000 -26.793116 0.000000 0.000000 1.000000 0.000000
0.994300 0.106620 0.000000 290.029277 -0.106620 0.994300 0.000000 -26.812862 0.000000 0.000000 1.000000 0.000000
0.999462 0.032789 0.000000 290.461518 -0.032789 0.999462 0.000000 -26.299354 0.000000 0.000000 1.000000 0.000000
0.999362 0.035725 0.000000 290.613670 -0.035725 0.999362 0.000000 -26.299323 0.000000 0.000000 1.000000 0.000000
0.999345 0.036196 0.000000 290.769979 -0.036196 0.999345 0.000000 -26.308939 0.000000 0.000000 1.000000 0.000000
0.999316 0.036981 0.000000 290.908606 -0.036981 0.999316 0.000000 -26.314794 0.000000 0.000000 1.000000 0.000000
0.999308 0.037200 0.000000 291.164497 -0.037200 0.999308 0.000000 -26.337402 0.000000 0.000000 1.000000 0.000000
0.999368 0.035557 0.000000 291.291313 -0.035557 0.999368 0.000000 -26.335942 0.000000 0.000000 1.000000 0.000000
0.999293 0.037585 0.000000 291.418627 -0.037585 0.999293 0.000000 -26.341026 0.000000 0.000000 1.000000 0.000000
0.999247 0.038804 0.000000 291.528338 -0.038804 0.999247 0.000000 -26.344805 0.000000 0.000000 1.000000 0.000000
0.999203 0.039909 0.000000 291.613778 -0.039909 0.999203 0.000000 -26.359001 0.000000 0.000000 1.000000 0.000000
0.999265 0.038323 0.000000 291.741695 -0.038323 0.999265 0.000000 -26.369352 0.000000 0.000000 1.000000 0.000000
0.999202 0.039936 0.000000 291.809406 -0.039936 0.999202 0.000000 -26.369036 0.000000 0.000000 1.000000 0.000000
0.999146 0.041316 0.000000 291.877810 -0.041316 0.999146 0.000000 -26.372660 0.000000 0.000000 1.000000 0.000000
0.999111 0.042165 0.000000 291.927103 -0.042165 0.999111 0.000000 -26.375216 0.000000 0.000000 1.000000 0.000000
0.999141 0.041442 0.000000 291.958939 -0.041442 0.999141 0.000000 -26.378544 0.000000 0.000000 1.000000 0.000000
0.999137 0.041544 0.000000 291.987558 -0.041544 0.999137 0.000000 -26.376888 0.000000 0.000000 1.000000 0.000000
0.999135 0.041585 0.000000 292.002073 -0.041585 0.999135 0.000000 -26.377231 0.000000 0.000000 1.000000 0.000000
0.999171 0.040717 0.000000 292.016644 -0.040717 0.999171 0.000000 -26.381186 0.000000 0.000000 1.000000 0.000000
0.999206 0.039845 0.000000 292.027269 -0.039845 0.999206 0.000000 -26.384380 0.000000 0.000000 1.000000 0.000000
0.999211 0.039727 0.000000 292.025938 -0.039727 0.999211 0.000000 -26.384705 0.000000 0.000000 1.000000 0.000000
0.999239 0.039012 0.000000 292.024883 -0.039012 0.999239 0.000000 -26.386316 0.000000 0.000000 1.000000 0.000000
0.999260 0.038469 0.000000 292.024506 -0.038469 0.999260 0.000000 -26.387438 0.000000 0.000000 1.000000 0.000000
0.999267 0.038281 0.000000 292.024346 -0.038281 0.999267 0.000000 -26.387991 0.000000 0.000000 1.000000 0.000000
0.999268 0.038253 0.000000 292.024393 -0.038253 0.999268 0.000000 -26.387956 0.000000 0.000000 1.000000 0.000000
0.999268 0.038264 0.000000 292.024320 -0.038264 0.999268 0.000000 -26.387761 0.000000 0.000000 1.000000 0.000000
0.999263 0.038385 0.000000 292.024187 -0.038385 0.999263 0.000000 -26.387413 0.000000 0.000000 1.000000 0.000000
0.999267 0.038272 0.000000 292.023948 -0.038272 0.999267 0.000000 -26.387631 0.000000 0.000000 1.000000 0.000000
0.999268 0.038247 0.000000 292.023891 -0.038247 0.999268 0.000000 -26.387620 0.000000 0.000000 1.000000 0.000000
0.999271 0.038170 0.000000 292.023730 -0.038170 0.999271 0.000000 -26.387407 0.000000 0.000000 1.000000 0.000000
0.999274 0.038109 0.000000 292.023587 -0.038109 0.999274 0.000000 -26.387430 0.000000 0.000000 1.000000 0.000000
0.999273 0.038117 0.000000 292.023428 -0.038117 0.999273 0.000000 -26.387288 0.000000 0.000000 1.000000 0.000000
0.999273 0.038120 0.000000 292.023551 -0.038120 0.999273 0.000000 -26.387160 0.000000 0.000000 1.000000 0.000000
0.999281 0.037926 0.000000 292.023610 -0.037926 0.999281 0.000000 -26.387596 0.000000 0.000000 1.000000 0.000000
0.999278 0.037990 0.000000 292.023575 -0.037990 0.999278 0.000000 -26.387459 0.000000 0.000000 1.000000 0.000000
0.999279 0.037976 0.000000 292.023292 -0.037976 0.999279 0.000000 -26.387407 0.000000 0.000000 1.000000 0.000000
0.999283 0.037854 0.000000 292.023284 -0.037854 0.999283 0.000000 -26.387638 0.000000 0.000000 1.000000 0.000000
0.999279 0.037963 0.000000 292.023317 -0.037963 0.999279 0.000000 -26.387400 0.000000 0.000000 1.000000 0.000000
0.999280 0.037932 0.000000 292.023373 -0.037932 0.999280 0.000000 -26.387376 0.000000 0.000000 1.000000 0.000000
0.999276 0.038039 0.000000 292.023470 -0.038039 0.999276 0.000000 -26.387317 0.000000 0.000000 1.000000 0.000000
0.999278 0.038006 0.000000 292.023423 -0.038006 0.999278 0.000000 -26.387341 0.000000 0.000000 1.000000 0.000000
0.999283 0.037873 0.000000 292.023502 -0.037873 0.999283 0.000000 -26.387556 0.000000 0.000000 1.000000 0.000000
0.999282 0.037893 0.000000 292.023630 -0.037893 0.999282 0.000000 -26.387513 0.000000 0.000000 1.000000 0.000000
0.999279 0.037980 0.000000 292.023749 -0.037980 0.999279 0.000000 -26.387285 0.000000 0.000000 1.000000 0.000000
0.999286 0.037782 0.000000 292.023837 -0.037782 0.999286 0.000000 -26.387576 0.000000 0.000000 1.000000 0.000000
0.999287 0.037746 0.000000 292.024038 -0.037746 0.999287 0.000000 -26.387532 0.000000 0.000000 1.000000 0.000000
0.999286 0.037792 0.000000 292.024114 -0.037792 0.999286 0.000000 -26.387485 0.000000 0.000000 1.000000 0.000000
0.999286 0.037793 0.000000 292.024121 -0.037793 0.999286 0.000000 -26.387480 0.000000 0.000000 1.000000 0.000000
0.999284 0.037825 0.000000 292.024179 -0.037825 0.999284 0.000000 -26.387461 0.000000 0.000000 1.000000 0.000000
0.999284 0.037840 0.000000 292.024297 -0.037840 0.999284 0.000000 -26.387441 0.000000 0.000000 1.000000 0.000000
0.999282 0.037899 0.000000 292.024212 -0.037899 0.999282 0.000000 -26.387501 0.000000 0.000000 1.000000 0.000000
0.999278 0.037991 0.000000 292.024340 -0.037991 0.999278 0.000000 -26.387385 0.000000 0.000000 1.000000 0.000000
0.999278 0.037991 0.000000 292.024354 -0.037991 0.999278 0.000000 -26.387382 0.000000 0.000000 1.000000 0.000000
0.999276 0.038047 0.000000 292.024465 -0.038047 0.999276 0.000000 -26.387380 0.000000 0.000000 1.000000 0.000000
0.999276 0.038047 0.000000 292.024475 -0.038047 0.999276 0.000000 -26.387378 0.000000 0.000000 1.000000 0.000000
0.999275 0.038070 0.000000 292.024422 -0.038070 0.999275 0.000000 -26.387378 0.000000 0.000000 1.000000 0.000000
0.999274 0.038086 0.000000 292.024472 -0.038086 0.999274 0.000000 -26.387415 0.000000 0.000000 1.000000 0.000000
0.999278 0.037992 0.000000 292.024637 -0.037992 0.999278 0.000000 -26.387492 0.000000 0.000000 1.000000 0.000000
0.999276 0.038041 0.000000 292.024711 -0.038041 0.999276 0.000000 -26.387422 0.000000 0.000000 1.000000 0.000000
0.999271 0.038168 0.000000 292.024380 -0.038168 0.999271 0.000000 -26.387437 0.000000 0.000000 1.000000 0.000000
0.999273 0.038134 0.000000 292.024423 -0.038134 0.999273 0.000000 -26.387476 0.000000 0.000000 1.000000 0.000000
0.999267 0.038281 0.000000 292.024395 -0.038281 0.999267 0.000000 -26.387769 0.000000 0.000000 1.000000 0.000000
0.999248 0.038771 0.000000 292.024457 -0.038771 0.999248 0.000000 -26.386941 0.000000 0.000000 1.000000 0.000000
0.999242 0.038940 0.000000 292.024616 -0.038940 0.999242 0.000000 -26.386837 0.000000 0.000000 1.000000 0.000000
0.999234 0.039128 0.000000 292.024594 -0.039128 0.999234 0.000000 -26.386564 0.000000 0.000000 1.000000 0.000000
0.999226 0.039338 0.000000 292.024508 -0.039338 0.999226 0.000000 -26.386746 0.000000 0.000000 1.000000 0.000000
0.999238 0.039025 0.000000 292.024236 -0.039025 0.999238 0.000000 -26.388594 0.000000 0.000000 1.000000 0.000000
0.999248 0.038781 0.000000 292.023365 -0.038781 0.999248 0.000000 -26.389756 0.000000 0.000000 1.000000 0.000000
0.999266 0.038301 0.000000 292.022563 -0.038301 0.999266 0.000000 -26.391711 0.000000 0.000000 1.000000 0.000000
0.999277 0.038011 0.000000 292.021838 -0.038011 0.999277 0.000000 -26.392915 0.000000 0.000000 1.000000 0.000000
0.999297 0.037490 0.000000 292.020987 -0.037490 0.999297 0.000000 -26.394627 0.000000 0.000000 1.000000 0.000000
0.999325 0.036742 0.000000 292.020252 -0.036742 0.999325 0.000000 -26.396632 0.000000 0.000000 1.000000 0.000000
0.999342 0.036279 0.000000 292.019569 -0.036279 0.999342 0.000000 -26.397960 0.000000 0.000000 1.000000 0.000000
0.999366 0.035603 0.000000 292.018895 -0.035603 0.999366 0.000000 -26.399873 0.000000 0.000000 1.000000 0.000000
0.999379 0.035228 0.000000 292.018291 -0.035228 0.999379 0.000000 -26.401368 0.000000 0.000000 1.000000 0.000000
0.999395 0.034775 0.000000 292.017773 -0.034775 0.999395 0.000000 -26.403180 0.000000 0.000000 1.000000 0.000000
0.999416 0.034161 0.000000 292.017198 -0.034161 0.999416 0.000000 -26.405098 0.000000 0.000000 1.000000 0.000000
0.999437 0.033556 0.000000 292.016596 -0.033556 0.999437 0.000000 -26.407183 0.000000 0.000000 1.000000 0.000000
0.999443 0.033375 0.000000 292.016668 -0.033375 0.999443 0.000000 -26.407979 0.000000 0.000000 1.000000 0.000000
0.999446 0.033282 0.000000 292.016967 -0.033282 0.999446 0.000000 -26.408185 0.000000 0.000000 1.000000 0.000000
0.999450 0.033160 0.000000 292.017177 -0.033160 0.999450 0.000000 -26.408405 0.000000 0.000000 1.000000 0.000000
0.999452 0.033099 0.000000 292.017359 -0.033099 0.999452 0.000000 -26.408554 0.000000 0.000000 1.000000 0.000000
0.999456 0.032974 0.000000 292.017406 -0.032974 0.999456 0.000000 -26.408672 0.000000 0.000000 1.000000 0.000000
0.999459 0.032897 0.000000 292.017467 -0.032897 0.999459 0.000000 -26.408832 0.000000 0.000000 1.000000 0.000000
0.999457 0.032938 0.000000 292.017605 -0.032938 0.999457 0.000000 -26.408752 0.000000 0.000000 1.000000 0.000000
0.999458 0.032933 0.000000 292.017774 -0.032933 0.999458 0.000000 -26.408806 0.000000 0.000000 1.000000 0.000000
0.999459 0.032876 0.000000 292.017688 -0.032876 0.999459 0.000000 -26.408847 0.000000 0.000000 1.000000 0.000000
0.999460 0.032846 0.000000 292.017776 -0.032846 0.999460 0.000000 -26.408940 0.000000 0.000000 1.000000 0.000000
0.999458 0.032931 0.000000 292.017794 -0.032931 0.999458 0.000000 -26.408909 0.000000 0.000000 1.000000 0.000000
0.999458 0.032924 0.000000 292.017867 -0.032924 0.999458 0.000000 -26.408830 0.000000 0.000000 1.000000 0.000000
0.999458 0.032924 0.000000 292.017867 -0.032924 0.999458 0.000000 -26.408829 0.000000 0.000000 1.000000 0.000000
0.999454 0.033035 0.000000 292.018166 -0.033035 0.999454 0.000000 -26.409148 0.000000 0.000000 1.000000 0.000000
0.999456 0.032974 0.000000 292.018291 -0.032974 0.999456 0.000000 -26.409477 0.000000 0.000000 1.000000 0.000000
0.999456 0.032984 0.000000 292.018505 -0.032984 0.999456 0.000000 -26.409428 0.000000 0.000000 1.000000 0.000000
0.999449 0.033189 0.000000 292.018963 -0.033189 0.999449 0.000000 -26.409120 0.000000 0.000000 1.000000 0.000000
0.999448 0.033226 0.000000 292.019365 -0.033226 0.999448 0.000000 -26.409082 0.000000 0.000000 1.000000 0.000000
0.999443 0.033372 0.000000 292.019724 -0.033372 0.999443 0.000000 -26.408987 0.000000 0.000000 1.000000 0.000000
0.999439 0.033492 0.000000 292.020092 -0.033492 0.999439 0.000000 -26.408936 0.000000 0.000000 1.000000 0.000000
0.999437 0.033552 0.000000 292.020377 -0.033552 0.999437 0.000000 -26.408925 0.000000 0.000000 1.000000 0.000000
0.999438 0.033523 0.000000 292.020475 -0.033523 0.999438 0.000000 -26.408991 0.000000 0.000000 1.000000 0.000000
0.999440 0.033448 0.000000 292.020556 -0.033448 0.999440 0.000000 -26.409051 0.000000 0.000000 1.000000 0.000000
0.999441 0.033445 0.000000 292.020549 -0.033445 0.999441 0.000000 -26.409051 0.000000 0.000000 1.000000 0.000000
0.999442 0.033404 0.000000 292.020482 -0.033404 0.999442 0.000000 -26.409094 0.000000 0.000000 1.000000 0.000000
0.999440 0.033466 0.000000 292.020538 -0.033466 0.999440 0.000000 -26.408984 0.000000 0.000000 1.000000 0.000000
0.999440 0.033467 0.000000 292.020548 -0.033467 0.999440 0.000000 -26.408981 0.000000 0.000000 1.000000 0.000000
0.999442 0.033400 0.000000 292.020588 -0.033400 0.999442 0.000000 -26.409119 0.000000 0.000000 1.000000 0.000000
0.999442 0.033405 0.000000 292.020593 -0.033405 0.999442 0.000000 -26.409121 0.000000 0.000000 1.000000 0.000000
0.999441 0.033433 0.000000 292.020595 -0.033433 0.999441 0.000000 -26.409128 0.000000 0.000000 1.000000 0.000000
0.999441 0.033431 0.000000 292.020588 -0.033431 0.999441 0.000000 -26.409135 0.000000 0.000000 1.000000 0.000000
0.999443 0.033378 0.000000 292.020579 -0.033378 0.999443 0.000000 -26.409229 0.000000 0.000000 1.000000 0.000000
0.999440 0.033457 0.000000 292.020679 -0.033457 0.999440 0.000000 -26.409129 0.000000 0.000000 1.000000 0.000000
0.999435 0.033612 0.000000 292.020778 -0.033612 0.999435 0.000000 -26.409036 0.000000 0.000000 1.000000 0.000000
0.999429 0.033803 0.000000 292.020763 -0.033803 0.999429 0.000000 -26.408861 0.000000 0.000000 1.000000 0.000000
0.999427 0.033847 0.000000 292.020990 -0.033847 0.999427 0.000000 -26.408785 0.000000 0.000000 1.000000 0.000000
0.999430 0.033748 0.000000 292.021143 -0.033748 0.999430 0.000000 -26.408798 0.000000 0.000000 1.000000 0.000000
0.999428 0.033821 0.000000 292.021216 -0.033821 0.999428 0.000000 -26.408679 0.000000 0.000000 1.000000 0.000000
0.999421 0.034021 0.000000 292.021361 -0.034021 0.999421 0.000000 -26.408269 0.000000 0.000000 1.000000 0.000000
0.999422 0.033999 0.000000 292.021419 -0.033999 0.999422 0.000000 -26.408260 0.000000 0.000000 1.000000 0.000000
0.999420 0.034055 0.000000 292.021633 -0.034055 0.999420 0.000000 -26.408122 0.000000 0.000000 1.000000 0.000000
0.999421 0.034038 0.000000 292.021804 -0.034038 0.999421 0.000000 -26.408129 0.000000 0.000000 1.000000 0.000000
0.999418 0.034121 0.000000 292.021830 -0.034121 0.999418 0.000000 -26.407871 0.000000 0.000000 1.000000 0.000000
0.999418 0.034121 0.000000 292.021837 -0.034121 0.999418 0.000000 -26.407867 0.000000 0.000000 1.000000 0.000000
0.999418 0.034121 0.000000 292.021837 -0.034121 0.999418 0.000000 -26.407867 0.000000 0.000000 1.000000 0.000000
0.999418 0.034114 0.000000 292.021774 -0.034114 0.999418 0.000000 -26.407877 0.000000 0.000000 1.000000 0.000000
0.999418 0.034117 0.000000 292.021504 -0.034117 0.999418 0.000000 -26.407901 0.000000 0.000000 1.000000 0.000000
0.999425 0.033902 0.000000 292.021344 -0.033902 0.999425 0.000000 -26.408353 0.000000 0.000000 1.000000 0.000000
0.999426 0.033873 0.000000 292.021164 -0.033873 0.999426 0.000000 -26.408512 0.000000 0.000000 1.000000 0.000000
0.999423 0.033974 0.000000 292.020928 -0.033974 0.999423 0.000000 -26.408371 0.000000 0.000000 1.000000 0.000000
0.999425 0.033919 0.000000 292.020706 -0.033919 0.999425 0.000000 -26.408410 0.000000 0.000000 1.000000 0.000000
0.999426 0.033885 0.000000 292.020534 -0.033885 0.999426 0.000000 -26.408575 0.000000 0.000000 1.000000 0.000000
0.999419 0.034074 0.000000 292.020297 -0.034074 0.999419 0.000000 -26.408526 0.000000 0.000000 1.000000 0.000000
0.999429 0.033799 0.000000 292.019932 -0.033799 0.999429 0.000000 -26.409200 0.000000 0.000000 1.000000 0.000000
0.999430 0.033758 0.000000 292.019992 -0.033758 0.999430 0.000000 -26.409248 0.000000 0.000000 1.000000 0.000000
0.999431 0.033726 0.000000 292.019953 -0.033726 0.999431 0.000000 -26.409256 0.000000 0.000000 1.000000 0.000000
0.999431 0.033725 0.000000 292.019957 -0.033725 0.999431 0.000000 -26.409255 0.000000 0.000000 1.000000 0.000000
0.999430 0.033752 0.000000 292.019914 -0.033752 0.999430 0.000000 -26.409238 0.000000 0.000000 1.000000 0.000000
0.999431 0.033732 0.000000 292.019859 -0.033732 0.999431 0.000000 -26.409213 0.000000 0.000000 1.000000 0.000000
0.999431 0.033716 0.000000 292.019618 -0.033716 0.999431 0.000000 -26.409228 0.000000 0.000000 1.000000 0.000000
0.999431 0.033716 0.000000 292.019603 -0.033716 0.999431 0.000000 -26.409227 0.000000 0.000000 1.000000 0.000000
0.999433 0.033678 0.000000 292.019552 -0.033678 0.999433 0.000000 -26.409260 0.000000 0.000000 1.000000 0.000000
0.999433 0.033680 0.000000 292.019552 -0.033680 0.999433 0.000000 -26.409253 0.000000 0.000000 1.000000 0.000000
0.999433 0.033680 0.000000 292.019554 -0.033680 0.999433 0.000000 -26.409253 0.000000 0.000000 1.000000 0.000000
0.999433 0.033680 0.000000 292.019560 -0.033680 0.999433 0.000000 -26.409252 0.000000 0.000000 1.000000 0.000000
0.999433 0.033660 0.000000 292.019519 -0.033660 0.999433 0.000000 -26.409228 0.000000 0.000000 1.000000 0.000000
0.999433 0.033660 0.000000 292.019522 -0.033660 0.999433 0.000000 -26.409227 0.000000 0.000000 1.000000 0.000000
0.999434 0.033646 0.000000 292.019632 -0.033646 0.999434 0.000000 -26.409295 0.000000 0.000000 1.000000 0.000000
0.999431 0.033721 0.000000 292.019606 -0.033721 0.999431 0.000000 -26.409121 0.000000 0.000000 1.000000 0.000000
0.999431 0.033722 0.000000 292.019601 -0.033722 0.999431 0.000000 -26.409121 0.000000 0.000000 1.000000 0.000000
0.999431 0.033722 0.000000 292.019597 -0.033722 0.999431 0.000000 -26.409123 0.000000 0.000000 1.000000 0.000000
0.999430 0.033765 0.000000 292.019655 -0.033765 0.999430 0.000000 -26.409084 0.000000 0.000000 1.000000 0.000000
0.999427 0.033837 0.000000 292.019623 -0.033837 0.999427 0.000000 -26.408930 0.000000 0.000000 1.000000 0.000000
0.999427 0.033854 0.000000 292.019629 -0.033854 0.999427 0.000000 -26.408874 0.000000 0.000000 1.000000 0.000000
0.999425 0.033916 0.000000 292.019624 -0.033916 0.999425 0.000000 -26.408890 0.000000 0.000000 1.000000 0.000000
0.999420 0.034040 0.000000 292.019648 -0.034040 0.999420 0.000000 -26.408666 0.000000 0.000000 1.000000 0.000000
0.999420 0.034041 0.000000 292.019652 -0.034041 0.999420 0.000000 -26.408665 0.000000 0.000000 1.000000 0.000000
0.999417 0.034130 0.000000 292.019764 -0.034130 0.999417 0.000000 -26.408572 0.000000 0.000000 1.000000 0.000000
0.999417 0.034135 0.000000 292.019687 -0.034135 0.999417 0.000000 -26.408380 0.000000 0.000000 1.000000 0.000000
0.999420 0.034040 0.000000 292.019580 -0.034040 0.999420 0.000000 -26.408338 0.000000 0.000000 1.000000 0.000000
0.999417 0.034149 0.000000 292.019595 -0.034149 0.999417 0.000000 -26.408148 0.000000 0.000000 1.000000 0.000000
0.999415 0.034207 0.000000 292.019528 -0.034207 0.999415 0.000000 -26.408065 0.000000 0.000000 1.000000 0.000000
0.999400 0.034639 0.000000 292.019506 -0.034639 0.999400 0.000000 -26.407189 0.000000 0.000000 1.000000 0.000000
0.999400 0.034641 0.000000 292.019500 -0.034641 0.999400 0.000000 -26.407186 0.000000 0.000000 1.000000 0.000000
0.999400 0.034644 0.000000 292.019432 -0.034644 0.999400 0.000000 -26.407250 0.000000 0.000000 1.000000 0.000000
0.999402 0.034582 0.000000 292.019411 -0.034582 0.999402 0.000000 -26.407053 0.000000 0.000000 1.000000 0.000000
0.999402 0.034581 0.000000 292.019396 -0.034581 0.999402 0.000000 -26.407051 0.000000 0.000000 1.000000 0.000000
0.999394 0.034801 0.000000 292.019326 -0.034801 0.999394 0.000000 -26.406869 0.000000 0.000000 1.000000 0.000000
0.999394 0.034803 0.000000 292.019316 -0.034803 0.999394 0.000000 -26.406868 0.000000 0.000000 1.000000 0.000000
0.999390 0.034932 0.000000 292.019284 -0.034932 0.999390 0.000000 -26.406690 0.000000 0.000000 1.000000 0.000000
0.999382 0.035154 0.000000 292.019183 -0.035154 0.999382 0.000000 -26.406399 0.000000 0.000000 1.000000 0.000000
0.999381 0.035186 0.000000 292.019154 -0.035186 0.999381 0.000000 -26.406140 0.000000 0.000000 1.000000 0.000000
0.999375 0.035358 0.000000 292.019072 -0.035358 0.999375 0.000000 -26.406021 0.000000 0.000000 1.000000 0.000000
0.999376 0.035315 0.000000 292.019128 -0.035315 0.999376 0.000000 -26.405999 0.000000 0.000000 1.000000 0.000000
0.999384 0.035098 0.000000 292.019001 -0.035098 0.999384 0.000000 -26.406235 0.000000 0.000000 1.000000 0.000000
0.999390 0.034921 0.000000 292.019033 -0.034921 0.999390 0.000000 -26.406448 0.000000 0.000000 1.000000 0.000000
0.999396 0.034761 0.000000 292.018879 -0.034761 0.999396 0.000000 -26.406825 0.000000 0.000000 1.000000 0.000000
0.999401 0.034616 0.000000 292.018754 -0.034616 0.999401 0.000000 -26.407116 0.000000 0.000000 1.000000 0.000000
0.999398 0.034701 0.000000 292.018503 -0.034701 0.999398 0.000000 -26.407022 0.000000 0.000000 1.000000 0.000000
0.999398 0.034692 0.000000 292.018561 -0.034692 0.999398 0.000000 -26.407100 0.000000 0.000000 1.000000 0.000000
0.999398 0.034700 0.000000 292.018541 -0.034700 0.999398 0.000000 -26.407211 0.000000 0.000000 1.000000 0.000000
0.999396 0.034744 0.000000 292.018614 -0.034744 0.999396 0.000000 -26.407161 0.000000 0.000000 1.000000 0.000000
0.999395 0.034788 0.000000 292.018528 -0.034788 0.999395 0.000000 -26.407143 0.000000 0.000000 1.000000 0.000000
0.999391 0.034889 0.000000 292.018489 -0.034889 0.999391 0.000000 -26.406887 0.000000 0.000000 1.000000 0.000000
0.999391 0.034890 0.000000 292.018492 -0.034890 0.999391 0.000000 -26.406883 0.000000 0.000000 1.000000 0.000000
0.999396 0.034760 0.000000 292.018380 -0.034760 0.999396 0.000000 -26.407311 0.000000 0.000000 1.000000 0.000000
0.999387 0.035020 0.000000 292.018532 -0.035020 0.999387 0.000000 -26.407188 0.000000 0.000000 1.000000 0.000000
0.999378 0.035267 0.000000 292.018704 -0.035267 0.999378 0.000000 -26.407208 0.000000 0.000000 1.000000 0.000000
0.999375 0.035354 0.000000 292.018809 -0.035354 0.999375 0.000000 -26.407339 0.000000 0.000000 1.000000 0.000000
0.999374 0.035390 0.000000 292.018743 -0.035390 0.999374 0.000000 -26.407676 0.000000 0.000000 1.000000 0.000000
0.999371 0.035450 0.000000 292.018657 -0.035450 0.999371 0.000000 -26.407703 0.000000 0.000000 1.000000 0.000000
0.999371 0.035473 0.000000 292.018740 -0.035473 0.999371 0.000000 -26.408261 0.000000 0.000000 1.000000 0.000000
0.999367 0.035575 0.000000 292.018760 -0.035575 0.999367 0.000000 -26.407980 0.000000 0.000000 1.000000 0.000000
0.999364 0.035655 0.000000 292.018718 -0.035655 0.999364 0.000000 -26.407793 0.000000 0.000000 1.000000 0.000000
0.999366 0.035609 0.000000 292.018662 -0.035609 0.999366 0.000000 -26.407845 0.000000 0.000000 1.000000 0.000000
0.999359 0.035796 0.000000 292.018601 -0.035796 0.999359 0.000000 -26.407902 0.000000 0.000000 1.000000 0.000000
0.999361 0.035744 0.000000 292.018690 -0.035744 0.999361 0.000000 -26.407841 0.000000 0.000000 1.000000 0.000000
0.999359 0.035800 0.000000 292.018815 -0.035800 0.999359 0.000000 -26.407654 0.000000 0.000000 1.000000 0.000000
0.999359 0.035793 0.000000 292.018931 -0.035793 0.999359 0.000000 -26.407601 0.000000 0.000000 1.000000 0.000000
0.999360 0.035759 0.000000 292.019077 -0.035759 0.999360 0.000000 -26.407542 0.000000 0.000000 1.000000 0.000000
0.999363 0.035695 0.000000 292.019065 -0.035695 0.999363 0.000000 -26.407559 0.000000 0.000000 1.000000 0.000000
0.999368 0.035559 0.000000 292.019043 -0.035559 0.999368 0.000000 -26.407663 0.000000 0.000000 1.000000 0.000000
0.999368 0.035546 0.000000 292.018924 -0.035546 0.999368 0.000000 -26.407699 0.000000 0.000000 1.000000 0.000000
0.999367 0.035583 0.000000 292.018728 -0.035583 0.999367 0.000000 -26.407780 0.000000 0.000000 1.000000 0.000000
0.999367 0.035572 0.000000 292.018634 -0.035572 0.999367 0.000000 -26.407730 0.000000 0.000000 1.000000 0.000000
0.999370 0.035499 0.000000 292.018488 -0.035499 0.999370 0.000000 -26.407696 0.000000 0.000000 1.000000 0.000000
0.999372 0.035433 0.000000 292.018416 -0.035433 0.999372 0.000000 -26.407708 0.000000 0.000000 1.000000 0.000000
0.999376 0.035335 0.000000 292.018307 -0.035335 0.999376 0.000000 -26.407807 0.000000 0.000000 1.000000 0.000000
0.999377 0.035290 0.000000 292.018184 -0.035290 0.999377 0.000000 -26.407921 0.000000 0.000000 1.000000 0.000000
0.999379 0.035231 0.000000 292.017977 -0.035231 0.999379 0.000000 -26.408163 0.000000 0.000000 1.000000 0.000000
0.999383 0.035120 0.000000 292.017912 -0.035120 0.999383 0.000000 -26.408051 0.000000 0.000000 1.000000 0.000000
0.999392 0.034870 0.000000 292.017883 -0.034870 0.999392 0.000000 -26.408349 0.000000 0.000000 1.000000 0.000000
0.999394 0.034814 0.000000 292.017776 -0.034814 0.999394 0.000000 -26.408481 0.000000 0.000000 1.000000 0.000000
0.999391 0.034905 0.000000 292.017555 -0.034905 0.999391 0.000000 -26.408130 0.000000 0.000000 1.000000 0.000000
0.999388 0.034968 0.000000 292.017199 -0.034968 0.999388 0.000000 -26.408064 0.000000 0.000000 1.000000 0.000000
0.999385 0.035056 0.000000 292.017321 -0.035056 0.999385 0.000000 -26.407972 0.000000 0.000000 1.000000 0.000000
0.999384 0.035108 0.000000 292.017343 -0.035108 0.999384 0.000000 -26.407983 0.000000 0.000000 1.000000 0.000000
0.999389 0.034947 0.000000 292.017229 -0.034947 0.999389 0.000000 -26.408315 0.000000 0.000000 1.000000 0.000000
