0.999999 0.001487 0.000000 0.624452 -0.001487 0.999999 0.000000 -0.001883 0.000000 0.000000 1.000000 0.000000
1.000000 0.000461 0.000000 1.291186 -0.000461 1.000000 0.000000 -0.011077 0.000000 0.000000 1.000000 0.000000
1.000000 0.000743 0.000000 1.915895 -0.000743 1.000000 0.000000 -0.023381 0.000000 0.000000 1.000000 0.000000
0.999999 0.001498 0.000000 2.547906 -0.001498 0.999999 0.000000 -0.025106 0.000000 0.000000 1.000000 0.000000
0.999999 0.001213 0.000000 3.175165 -0.001213 0.999999 0.000000 -0.030694 0.000000 0.000000 1.000000 0.000000
1.000000 0.000382 0.000000 3.801576 -0.000382 1.000000 0.000000 -0.034497 0.000000 0.000000 1.000000 0.000000
1.000000 0.000857 0.000000 4.428563 -0.000857 1.000000 0.000000 -0.032476 0.000000 0.000000 1.000000 0.000000
0.999997 0.002537 0.000000 5.064165 -0.002537 0.999997 0.000000 -0.032420 0.000000 0.000000 1.000000 0.000000
0.999998 0.002168 0.000000 5.684015 -0.002168 0.999998 0.000000 -0.047239 0.000000 0.000000 1.000000 0.000000
0.999993 0.003621 0.000000 6.342933 -0.003621 0.999993 0.000000 -0.054838 0.000000 0.000000 1.000000 0.000000
0.999994 0.003557 0.000000 6.931271 -0.003557 0.999994 0.000000 -0.067386 0.000000 0.000000 1.000000 0.000000
0.999991 0.004321 0.000000 7.553124 -0.004321 0.999991 0.000000 -0.080544 0.000000 0.000000 1.000000 0.000000
0.999985 0.005479 0.000000 8.177762 -0.005479 0.999985 0.000000 -0.096968 0.000000 0.000000 1.000000 0.000000
0.999991 0.004319 0.000000 8.836410 -0.004319 0.999991 0.000000 -0.116178 0.000000 0.000000 1.000000 0.000000
0.999994 0.003496 0.000000 9.462278 -0.003496 0.999994 0.000000 -0.129335 0.000000 0.000000 1.000000 0.000000
0.999995 0.003153 0.000000 10.076505 -0.003153 0.999995 0.000000 -0.145377 0.000000 0.000000 1.000000 0.000000
0.999996 0.002678 0.000000 10.691933 -0.002678 0.999996 0.000000 -0.166264 0.000000 0.000000 1.000000 0.000000
0.999992 0.003917 0.000000 11.308189 -0.003917 0.999992 0.000000 -0.186321 0.000000 0.000000 1.000000 0.000000
0.999998 0.001737 0.000000 11.933267 -0.001737 0.999998 0.000000 -0.204363 0.000000 0.000000 1.000000 0.000000
0.999999 0.001579 0.000000 12.535827 -0.001579 0.999999 0.000000 -0.221778 0.000000 0.000000 1.000000 0.000000
1.000000 0.000010 0.000000 13.169041 -0.000010 1.000000 0.000000 -0.236735 0.000000 0.000000 1.000000 0.000000
0.999998 0.001801 0.000000 13.790794 -0.001801 0.999998 0.000000 -0.248834 0.000000 0.000000 1.000000 0.000000
0.999993 0.003828 0.000000 14.379117 -0.003828 0.999993 0.000000 -0.264438 0.000000 0.000000 1.000000 0.000000
0.999999 0.001577 0.000000 15.007406 -0.001577 0.999999 0.000000 -0.292774 0.000000 0.000000 1.000000 0.000000
1.000000 -0.000505 0.000000 15.625941 0.000505 1.000000 0.000000 -0.312436 0.000000 0.000000 1.000000 0.000000
0.999998 -0.002049 0.000000 16.220932 0.002049 0.999998 0.000000 -0.334283 0.000000 0.000000 1.000000 0.000000
0.999999 -0.001660 0.000000 16.843653 0.001660 0.999999 0.000000 -0.347820 0.000000 0.000000 1.000000 0.000000
1.000000 -0.000710 0.000000 17.472171 0.000710 1.000000 0.000000 -0.369306 0.000000 0.000000 1.000000 0.000000
1.000000 -0.000155 0.000000 18.095646 0.000155 1.000000 0.000000 -0.390592 0.000000 0.000000 1.000000 0.000000
0.999999 0.001702 0.000000 18.693032 -0.001702 0.999999 0.000000 -0.406262 0.000000 0.000000 1.000000 0.000000
0.999979 0.006548 0.000000 19.332348 -0.006548 0.999979 0.000000 -0.429560 0.000000 0.000000 1.000000 0.000000
0.999961 0.008849 0.000000 19.938941 -0.008849 0.999961 0.000000 -0.457689 0.000000 0.000000 1.000000 0.000000
0.999957 0.009314 0.000000 20.573653 -0.009314 0.999957 0.000000 -0.483216 0.000000 0.000000 1.000000 0.000000
0.999965 0.008377 0.000000 21.218686 -0.008377 0.999965 0.000000 -0.510701 0.000000 0.000000 1.000000 0.000000
0.999971 0.007598 0.000000 22.049073 -0.007598 0.999971 0.000000 -0.549294 0.000000 0.000000 1.000000 0.000000
0.999962 0.008732 0.000000 22.693175 -0.008732 0.999962 0.000000 -0.571075 0.000000 0.000000 1.000000 0.000000
0.999950 0.010025 0.000000 23.328800 -0.010025 0.999950 0.000000 -0.590284 0.000000 0.000000 1.000000 0.000000
0.999935 0.011358 0.000000 23.953844 -0.011358 0.999935 0.000000 -0.613966 0.000000 0.000000 1.000000 0.000000
0.999922 0.012480 0.000000 24.574437 -0.012480 0.999922 0.000000 -0.643789 0.000000 0.000000 1.000000 0.000000
0.999938 0.011151 0.000000 25.219116 -0.011151 0.999938 0.000000 -0.674493 0.000000 0.000000 1.000000 0.000000
0.999915 0.013067 0.000000 25.860882 -0.013067 0.999915 0.000000 -0.702154 0.000000 0.000000 1.000000 0.000000
0.999895 0.014470 0.000000 26.508539 -0.014470 0.999895 0.000000 -0.732617 0.000000 0.000000 1.000000 0.000000
0.999863 0.016576 0.000000 27.134277 -0.016576 0.999863 0.000000 -0.762748 0.000000 0.000000 1.000000 0.000000
0.999863 0.016554 0.000000 27.758717 -0.016554 0.999863 0.000000 -0.796039 0.000000 0.000000 1.000000 0.000000
0.999832 0.018315 0.000000 28.393414 -0.018315 0.999832 0.000000 -0.824080 0.000000 0.000000 1.000000 0.000000
0.999864 0.016507 0.000000 29.040367 -0.016507 0.999864 0.000000 -0.853913 0.000000 0.000000 1.000000 0.000000
0.999856 0.016990 0.000000 29.684216 -0.016990 0.999856 0.000000 -0.883567 0.000000 0.000000 1.000000 0.000000
0.999845 0.017618 0.000000 30.319772 -0.017618 0.999845 0.000000 -0.910206 0.000000 0.000000 1.000000 0.000000
0.999869 0.016206 0.000000 30.910717 -0.016206 0.999869 0.000000 -0.944559 0.000000 0.000000 1.000000 0.000000
0.999850 0.017298 0.000000 31.557463 -0.017298 0.999850 0.000000 -0.977613 0.000000 0.000000 1.000000 0.000000
0.999800 0.019994 0.000000 32.193063 -0.019994 0.999800 0.000000 -1.005898 0.000000 0.000000 1.000000 0.000000
0.999811 0.019433 0.000000 32.848887 -0.019433 0.999811 0.000000 -1.043831 0.000000 0.000000 1.000000 0.000000
0.999850 0.017342 0.000000 33.495698 -0.017342 0.999850 0.000000 -1.074311 0.000000 0.000000 1.000000 0.000000
0.999841 0.017830 0.000000 34.133143 -0.017830 0.999841 0.000000 -1.102775 0.000000 0.000000 1.000000 0.000000
0.999816 0.019178 0.000000 34.778113 -0.019178 0.999816 0.000000 -1.131720 0.000000 0.000000 1.000000 0.000000
0.999807 0.019630 0.000000 35.419773 -0.019630 0.999807 0.000000 -1.155364 0.000000 0.000000 1.000000 0.000000
0.999804 0.019822 0.000000 36.070946 -0.019822 0.999804 0.000000 -1.177974 0.000000 0.000000 1.000000 0.000000
0.999764 0.021736 0.000000 36.714064 -0.021736 0.999764 0.000000 -1.206853 0.000000 0.000000 1.000000 0.000000
0.999759 0.021948 0.000000 37.372931 -0.021948 0.999759 0.000000 -1.242174 0.000000 0.000000 1.000000 0.000000
0.999796 0.020179 0.000000 37.987648 -0.020179 0.999796 0.000000 -1.276226 0.000000 0.000000 1.000000 0.000000
0.999743 0.022671 0.000000 38.641559 -0.022671 0.999743 0.000000 -1.297597 0.000000 0.000000 1.000000 0.000000
0.999718 0.023746 0.000000 39.299767 -0.023746 0.999718 0.000000 -1.323360 0.000000 0.000000 1.000000 0.000000
0.999660 0.026081 0.000000 39.964451 -0.026081 0.999660 0.000000 -1.354916 0.000000 0.000000 1.000000 0.000000
0.999758 0.021990 0.000000 40.615607 -0.021990 0.999758 0.000000 -1.389500 0.000000 0.000000 1.000000 0.000000
0.999812 0.019414 0.000000 41.235521 -0.019414 0.999812 0.000000 -1.427965 0.000000 0.000000 1.000000 0.000000
0.999808 0.019570 0.000000 41.832505 -0.019570 0.999808 0.000000 -1.456724 0.000000 0.000000 1.000000 0.000000
0.999791 0.020428 0.000000 42.474082 -0.020428 0.999791 0.000000 -1.486443 0.000000 0.000000 1.000000 0.000000
0.999737 0.022948 0.000000 43.129010 -0.022948 0.999737 0.000000 -1.516604 0.000000 0.000000 1.000000 0.000000
0.999714 0.023935 0.000000 43.794360 -0.023935 0.999714 0.000000 -1.552262 0.000000 0.000000 1.000000 0.000000
0.999736 0.022957 0.000000 44.443687 -0.022957 0.999736 0.000000 -1.587212 0.000000 0.000000 1.000000 0.000000
0.999804 0.019793 0.000000 45.080956 -0.019793 0.999804 0.000000 -1.614984 0.000000 0.000000 1.000000 0.000000
0.999771 0.021394 0.000000 46.096645 -0.021394 0.999771 0.000000 -1.666122 0.000000 0.000000 1.000000 0.000000
0.999824 0.018782 0.000000 46.781382 -0.018782 0.999824 0.000000 -1.696513 0.000000 0.000000 1.000000 0.000000
0.999764 0.021730 0.000000 47.408814 -0.021730 0.999764 0.000000 -1.721350 0.000000 0.000000 1.000000 0.000000
0.999779 0.021005 0.000000 48.053168 -0.021005 0.999779 0.000000 -1.743790 0.000000 0.000000 1.000000 0.000000
0.999782 0.020858 0.000000 48.703040 -0.020858 0.999782 0.000000 -1.769463 0.000000 0.000000 1.000000 0.000000
0.999797 0.020152 0.000000 49.362337 -0.020152 0.999797 0.000000 -1.790839 0.000000 0.000000 1.000000 0.000000
0.999770 0.021434 0.000000 50.021528 -0.021434 0.999770 0.000000 -1.810435 0.000000 0.000000 1.000000 0.000000
0.999796 0.020213 0.000000 50.675919 -0.020213 0.999796 0.000000 -1.834821 0.000000 0.000000 1.000000 0.000000
0.999830 0.018464 0.000000 51.997696 -0.018464 0.999830 0.000000 -1.873280 0.000000 0.000000 1.000000 0.000000
0.999833 0.018282 0.000000 52.645542 -0.018282 0.999833 0.000000 -1.886585 0.000000 0.000000 1.000000 0.000000
0.999894 0.014585 0.000000 53.283923 -0.014585 0.999894 0.000000 -1.902077 0.000000 0.000000 1.000000 0.000000
0.999887 0.015014 0.000000 53.916371 -0.015014 0.999887 0.000000 -1.921040 0.000000 0.000000 1.000000 0.000000
0.999855 0.017031 0.000000 54.540253 -0.017031 0.999855 0.000000 -1.941074 0.000000 0.000000 1.000000 0.000000
0.999816 0.019157 0.000000 55.204448 -0.019157 0.999816 0.000000 -1.968149 0.000000 0.000000 1.000000 0.000000
0.999811 0.019455 0.000000 55.841991 -0.019455 0.999811 0.000000 -1.987059 0.000000 0.000000 1.000000 0.000000
0.999789 0.020562 0.000000 56.454346 -0.020562 0.999789 0.000000 -2.006874 0.000000 0.000000 1.000000 0.000000
0.999799 0.020048 0.000000 57.090510 -0.020048 0.999799 0.000000 -2.032260 0.000000 0.000000 1.000000 0.000000
0.999793 0.020341 0.000000 57.677039 -0.020341 0.999793 0.000000 -2.055476 0.000000 0.000000 1.000000 0.000000
0.999775 0.021194 0.000000 58.296628 -0.021194 0.999775 0.000000 -2.082910 0.000000 0.000000 1.000000 0.000000
0.999748 0.022432 0.000000 58.918604 -0.022432 0.999748 0.000000 -2.110798 0.000000 0.000000 1.000000 0.000000
0.999738 0.022885 0.000000 59.494606 -0.022885 0.999738 0.000000 -2.133248 0.000000 0.000000 1.000000 0.000000
0.999697 0.024628 0.000000 60.114442 -0.024628 0.999697 0.000000 -2.159031 0.000000 0.000000 1.000000 0.000000
0.999735 0.023016 0.000000 60.719146 -0.023016 0.999735 0.000000 -2.193544 0.000000 0.000000 1.000000 0.000000
0.999726 0.023403 0.000000 61.285647 -0.023403 0.999726 0.000000 -2.227335 0.000000 0.000000 1.000000 0.000000
0.999750 0.022340 0.000000 61.884865 -0.022340 0.999750 0.000000 -2.265118 0.000000 0.000000 1.000000 0.000000
0.999749 0.022394 0.000000 62.444649 -0.022394 0.999749 0.000000 -2.291179 0.000000 0.000000 1.000000 0.000000
0.999665 0.025878 0.000000 63.050816 -0.025878 0.999665 0.000000 -2.318225 0.000000 0.000000 1.000000 0.000000
0.999645 0.026642 0.000000 63.648962 -0.026642 0.999645 0.000000 -2.349180 0.000000 0.000000 1.000000 0.000000
0.999635 0.027017 0.000000 64.476883 -0.027017 0.999635 0.000000 -2.397036 0.000000 0.000000 1.000000 0.000000
0.999594 0.028503 0.000000 65.064070 -0.028503 0.999594 0.000000 -2.430658 0.000000 0.000000 1.000000 0.000000
0.999556 0.029781 0.000000 65.653336 -0.029781 0.999556 0.000000 -2.469857 0.000000 0.000000 1.000000 0.000000
0.999591 0.028593 0.000000 66.240525 -0.028593 0.999591 0.000000 -2.503155 0.000000 0.000000 1.000000 0.000000
0.999603 0.028164 0.000000 66.825920 -0.028164 0.999603 0.000000 -2.535033 0.000000 0.000000 1.000000 0.000000
0.999672 0.025602 0.000000 67.413379 -0.025602 0.999672 0.000000 -2.561780 0.000000 0.000000 1.000000 0.000000
0.999719 0.023697 0.000000 68.031904 -0.023697 0.999719 0.000000 -2.593694 0.000000 0.000000 1.000000 0.000000
0.999724 0.023475 0.000000 68.609710 -0.023475 0.999724 0.000000 -2.618705 0.000000 0.000000 1.000000 0.000000
0.999747 0.022475 0.000000 69.190504 -0.022475 0.999747 0.000000 -2.651199 0.000000 0.000000 1.000000 0.000000
0.999677 0.025422 0.000000 70.360128 -0.025422 0.999677 0.000000 -2.714544 0.000000 0.000000 1.000000 0.000000
0.999720 0.023649 0.000000 70.939525 -0.023649 0.999720 0.000000 -2.740963 0.000000 0.000000 1.000000 0.000000
0.999670 0.025672 0.000000 71.524775 -0.025672 0.999670 0.000000 -2.768533 0.000000 0.000000 1.000000 0.000000
0.999668 0.025784 0.000000 72.096227 -0.025784 0.999668 0.000000 -2.806448 0.000000 0.000000 1.000000 0.000000
0.999673 0.025584 0.000000 72.667038 -0.025584 0.999673 0.000000 -2.836251 0.000000 0.000000 1.000000 0.000000
0.999626 0.027343 0.000000 73.238085 -0.027343 0.999626 0.000000 -2.864615 0.000000 0.000000 1.000000 0.000000
0.999653 0.026353 0.000000 73.805109 -0.026353 0.999653 0.000000 -2.899516 0.000000 0.000000 1.000000 0.000000
0.999696 0.024658 0.000000 74.369464 -0.024658 0.999696 0.000000 -2.926340 0.000000 0.000000 1.000000 0.000000
0.999701 0.024466 0.000000 74.932960 -0.024466 0.999701 0.000000 -2.957948 0.000000 0.000000 1.000000 0.000000
0.999649 0.026496 0.000000 75.482478 -0.026496 0.999649 0.000000 -2.984874 0.000000 0.000000 1.000000 0.000000
0.999649 0.026491 0.000000 76.028285 -0.026491 0.999649 0.000000 -3.016940 0.000000 0.000000 1.000000 0.000000
0.999657 0.026190 0.000000 76.570039 -0.026190 0.999657 0.000000 -3.046494 0.000000 0.000000 1.000000 0.000000
0.999655 0.026276 0.000000 77.114597 -0.026276 0.999655 0.000000 -3.082243 0.000000 0.000000 1.000000 0.000000
0.999606 0.028058 0.000000 77.629313 -0.028058 0.999606 0.000000 -3.110438 0.000000 0.000000 1.000000 0.000000
0.999565 0.029502 0.000000 78.174297 -0.029502 0.999565 0.000000 -3.136370 0.000000 0.000000 1.000000 0.000000
0.999484 0.032112 0.000000 78.692743 -0.032112 0.999484 0.000000 -3.163823 0.000000 0.000000 1.000000 0.000000
0.999402 0.034588 0.000000 79.190465 -0.034588 0.999402 0.000000 -3.184976 0.000000 0.000000 1.000000 0.000000
0.999388 0.034985 0.000000 79.713134 -0.034985 0.999388 0.000000 -3.220146 0.000000 0.000000 1.000000 0.000000
0.999401 0.034609 0.000000 80.239227 -0.034609 0.999401 0.000000 -3.254972 0.000000 0.000000 1.000000 0.000000
0.999404 0.034523 0.000000 80.723680 -0.034523 0.999404 0.000000 -3.282320 0.000000 0.000000 1.000000 0.000000
0.999369 0.035529 0.000000 81.248727 -0.035529 0.999369 0.000000 -3.320431 0.000000 0.000000 1.000000 0.000000
0.999270 0.038214 0.000000 81.759725 -0.038214 0.999270 0.000000 -3.361593 0.000000 0.000000 1.000000 0.000000
0.999307 0.037209 0.000000 82.241399 -0.037209 0.999307 0.000000 -3.395371 0.000000 0.000000 1.000000 0.000000
0.999300 0.037411 0.000000 82.760566 -0.037411 0.999300 0.000000 -3.429644 0.000000 0.000000 1.000000 0.000000
0.999247 0.038788 0.000000 83.271606 -0.038788 0.999247 0.000000 -3.460497 0.000000 0.000000 1.000000 0.000000
0.999177 0.040553 0.000000 83.745193 -0.040553 0.999177 0.000000 -3.498000 0.000000 0.000000 1.000000 0.000000
0.999154 0.041117 0.000000 84.250800 -0.041117 0.999154 0.000000 -3.540366 0.000000 0.000000 1.000000 0.000000
0.999145 0.041348 0.000000 84.727126 -0.041348 0.999145 0.000000 -3.578701 0.000000 0.000000 1.000000 0.000000
0.999050 0.043568 0.000000 85.231539 -0.043568 0.999050 0.000000 -3.620406 0.000000 0.000000 1.000000 0.000000
0.999036 0.043898 0.000000 85.881997 -0.043898 0.999036 0.000000 -3.670571 0.000000 0.000000 1.000000 0.000000
0.998885 0.047207 0.000000 86.369784 -0.047207 0.998885 0.000000 -3.697377 0.000000 0.000000 1.000000 0.000000
0.998792 0.049144 0.000000 86.856499 -0.049144 0.998792 0.000000 -3.727776 0.000000 0.000000 1.000000 0.000000
0.998743 0.050121 0.000000 87.337968 -0.050121 0.998743 0.000000 -3.759947 0.000000 0.000000 1.000000 0.000000
0.998777 0.049441 0.000000 87.819295 -0.049441 0.998777 0.000000 -3.796188 0.000000 0.000000 1.000000 0.000000
0.998832 0.048321 0.000000 88.303669 -0.048321 0.998832 0.000000 -3.837547 0.000000 0.000000 1.000000 0.000000
0.998762 0.049753 0.000000 88.779948 -0.049753 0.998762 0.000000 -3.876827 0.000000 0.000000 1.000000 0.000000
0.998574 0.053384 0.000000 89.732976 -0.053384 0.998574 0.000000 -3.955184 0.000000 0.000000 1.000000 0.000000
0.998480 0.055109 0.000000 90.199127 -0.055109 0.998480 0.000000 -3.994469 0.000000 0.000000 1.000000 0.000000
0.998281 0.058604 0.000000 90.672537 -0.058604 0.998281 0.000000 -4.029795 0.000000 0.000000 1.000000 0.000000
0.998146 0.060871 0.000000 91.144334 -0.060871 0.998146 0.000000 -4.076121 0.000000 0.000000 1.000000 0.000000
0.998067 0.062153 0.000000 91.619072 -0.062153 0.998067 0.000000 -4.121482 0.000000 0.000000 1.000000 0.000000
0.997850 0.065545 0.000000 92.078603 -0.065545 0.997850 0.000000 -4.166173 0.000000 0.000000 1.000000 0.000000
0.997733 0.067298 0.000000 92.540573 -0.067298 0.997733 0.000000 -4.218229 0.000000 0.000000 1.000000 0.000000
0.997450 0.071366 0.000000 92.992660 -0.071366 0.997450 0.000000 -4.264272 0.000000 0.000000 1.000000 0.000000
0.997217 0.074553 0.000000 93.443473 -0.074553 0.997217 0.000000 -4.310197 0.000000 0.000000 1.000000 0.000000
0.996995 0.077460 0.000000 93.891647 -0.077460 0.996995 0.000000 -4.354497 0.000000 0.000000 1.000000 0.000000
0.996793 0.080022 0.000000 94.312044 -0.080022 0.996793 0.000000 -4.396732 0.000000 0.000000 1.000000 0.000000
0.996607 0.082306 0.000000 94.749483 -0.082306 0.996607 0.000000 -4.447102 0.000000 0.000000 1.000000 0.000000
0.996312 0.085810 0.000000 95.181110 -0.085810 0.996312 0.000000 -4.498086 0.000000 0.000000 1.000000 0.000000
0.996246 0.086572 0.000000 95.612146 -0.086572 0.996246 0.000000 -4.558460 0.000000 0.000000 1.000000 0.000000
0.995969 0.089699 0.000000 96.037336 -0.089699 0.995969 0.000000 -4.611731 0.000000 0.000000 1.000000 0.000000
0.995793 0.091629 0.000000 96.452199 -0.091629 0.995793 0.000000 -4.654960 0.000000 0.000000 1.000000 0.000000
0.995019 0.099684 0.000000 96.868318 -0.099684 0.995019 0.000000 -4.702515 0.000000 0.000000 1.000000 0.000000
0.994735 0.102478 0.000000 97.276810 -0.102478 0.994735 0.000000 -4.753352 0.000000 0.000000 1.000000 0.000000
0.994389 0.105786 0.000000 97.681931 -0.105786 0.994389 0.000000 -4.813207 0.000000 0.000000 1.000000 0.000000
0.994383 0.105839 0.000000 98.087560 -0.105839 0.994383 0.000000 -4.869833 0.000000 0.000000 1.000000 0.000000
0.994047 0.108953 0.000000 98.475885 -0.108953 0.994047 0.000000 -4.931872 0.000000 0.000000 1.000000 0.000000
0.994163 0.107888 0.000000 98.879380 -0.107888 0.994163 0.000000 -5.003914 0.000000 0.000000 1.000000 0.000000
0.993376 0.114913 0.000000 99.264836 -0.114913 0.993376 0.000000 -5.062645 0.000000 0.000000 1.000000 0.000000
0.992869 0.119213 0.000000 99.663712 -0.119213 0.992869 0.000000 -5.125491 0.000000 0.000000 1.000000 0.000000
0.992884 0.119086 0.000000 100.046208 -0.119086 0.992884 0.000000 -5.193276 0.000000 0.000000 1.000000 0.000000
0.992456 0.122599 0.000000 100.409033 -0.122599 0.992456 0.000000 -5.253528 0.000000 0.000000 1.000000 0.000000
0.991891 0.127088 0.000000 100.808399 -0.127088 0.991891 0.000000 -5.321943 0.000000 0.000000 1.000000 0.000000
0.991257 0.131943 0.000000 101.200855 -0.131943 0.991257 0.000000 -5.382683 0.000000 0.000000 1.000000 0.000000
0.990773 0.135530 0.000000 101.762828 -0.135530 0.990773 0.000000 -5.480400 0.000000 0.000000 1.000000 0.000000
0.990444 0.137917 0.000000 102.172720 -0.137917 0.990444 0.000000 -5.557749 0.000000 0.000000 1.000000 0.000000
0.990162 0.139925 0.000000 102.579805 -0.139925 0.990162 0.000000 -5.635411 0.000000 0.000000 1.000000 0.000000
0.989851 0.142109 0.000000 102.991153 -0.142109 0.989851 0.000000 -5.699497 0.000000 0.000000 1.000000 0.000000
0.989492 0.144590 0.000000 103.406117 -0.144590 0.989492 0.000000 -5.771507 0.000000 0.000000 1.000000 0.000000
0.989407 0.145167 0.000000 103.823841 -0.145167 0.989407 0.000000 -5.844169 0.000000 0.000000 1.000000 0.000000
0.989269 0.146108 0.000000 104.240410 -0.146108 0.989269 0.000000 -5.915212 0.000000 0.000000 1.000000 0.000000
0.988815 0.149146 0.000000 104.649072 -0.149146 0.988815 0.000000 -5.985138 0.000000 0.000000 1.000000 0.000000
0.987725 0.156202 0.000000 105.371521 -0.156202 0.987725 0.000000 -6.116516 0.000000 0.000000 1.000000 0.000000
0.987636 0.156767 0.000000 105.789510 -0.156767 0.987636 0.000000 -6.194637 0.000000 0.000000 1.000000 0.000000
0.987749 0.156052 0.000000 106.224474 -0.156052 0.987749 0.000000 -6.273583 0.000000 0.000000 1.000000 0.000000
0.987842 0.155461 0.000000 106.660100 -0.155461 0.987842 0.000000 -6.347192 0.000000 0.000000 1.000000 0.000000
0.987963 0.154689 0.000000 107.095710 -0.154689 0.987963 0.000000 -6.414625 0.000000 0.000000 1.000000 0.000000
0.987388 0.158316 0.000000 107.531762 -0.158316 0.987388 0.000000 -6.475844 0.000000 0.000000 1.000000 0.000000
0.987577 0.157133 0.000000 107.964466 -0.157133 0.987577 0.000000 -6.548572 0.000000 0.000000 1.000000 0.000000
0.987690 0.156425 0.000000 108.391332 -0.156425 0.987690 0.000000 -6.619905 0.000000 0.000000 1.000000 0.000000
0.987670 0.156550 0.000000 108.821192 -0.156550 0.987670 0.000000 -6.694899 0.000000 0.000000 1.000000 0.000000
0.987485 0.157712 0.000000 109.265757 -0.157712 0.987485 0.000000 -6.774917 0.000000 0.000000 1.000000 0.000000
0.986879 0.161463 0.000000 109.705937 -0.161463 0.986879 0.000000 -6.857800 0.000000 0.000000 1.000000 0.000000
0.986912 0.161258 0.000000 110.522561 -0.161258 0.986912 0.000000 -7.014893 0.000000 0.000000 1.000000 0.000000
0.987040 0.160472 0.000000 110.974729 -0.160472 0.987040 0.000000 -7.105898 0.000000 0.000000 1.000000 0.000000
0.986935 0.161119 0.000000 111.425928 -0.161119 0.986935 0.000000 -7.190960 0.000000 0.000000 1.000000 0.000000
0.986726 0.162391 0.000000 111.866944 -0.162391 0.986726 0.000000 -7.282610 0.000000 0.000000 1.000000 0.000000
0.986358 0.164616 0.000000 112.311740 -0.164616 0.986358 0.000000 -7.376487 0.000000 0.000000 1.000000 0.000000
0.986172 0.165722 0.000000 112.761423 -0.165722 0.986172 0.000000 -7.476949 0.000000 0.000000 1.000000 0.000000
0.985997 0.166764 0.000000 113.221029 -0.166764 0.985997 0.000000 -7.581993 0.000000 0.000000 1.000000 0.000000
0.985373 0.170414 0.000000 113.694890 -0.170414 0.985373 0.000000 -7.685424 0.000000 0.000000 1.000000 0.000000
0.984690 0.174316 0.000000 114.183400 -0.174316 0.984690 0.000000 -7.792489 0.000000 0.000000 1.000000 0.000000
0.984070 0.177784 0.000000 114.615919 -0.177784 0.984070 0.000000 -7.876000 0.000000 0.000000 1.000000 0.000000
0.984081 0.177721 0.000000 115.108947 -0.177721 0.984081 0.000000 -7.976396 0.000000 0.000000 1.000000 0.000000
0.983863 0.178925 0.000000 115.576733 -0.178925 0.983863 0.000000 -8.065421 0.000000 0.000000 1.000000 0.000000
0.983501 0.180902 0.000000 116.044998 -0.180902 0.983501 0.000000 -8.147559 0.000000 0.000000 1.000000 0.000000
0.983888 0.178784 0.000000 116.507376 -0.178784 0.983888 0.000000 -8.249595 0.000000 0.000000 1.000000 0.000000
0.983275 0.182126 0.000000 116.975416 -0.182126 0.983275 0.000000 -8.344762 0.000000 0.000000 1.000000 0.000000
0.982885 0.184218 0.000000 117.436237 -0.184218 0.982885 0.000000 -8.443403 0.000000 0.000000 1.000000 0.000000
0.982187 0.187906 0.000000 117.902080 -0.187906 0.982187 0.000000 -8.539783 0.000000 0.000000 1.000000 0.000000
0.980975 0.194133 0.000000 118.373953 -0.194133 0.980975 0.000000 -8.630814 0.000000 0.000000 1.000000 0.000000
0.980648 0.195779 0.000000 118.828095 -0.195779 0.980648 0.000000 -8.724307 0.000000 0.000000 1.000000 0.000000
0.980597 0.196037 0.000000 119.309749 -0.196037 0.980597 0.000000 -8.823901 0.000000 0.000000 1.000000 0.000000
0.980314 0.197446 0.000000 119.793851 -0.197446 0.980314 0.000000 -8.931770 0.000000 0.000000 1.000000 0.000000
0.980262 0.197705 0.000000 120.588409 -0.197705 0.980262 0.000000 -9.111180 0.000000 0.000000 1.000000 0.000000
0.980302 0.197503 0.000000 121.072699 -0.197503 0.980302 0.000000 -9.220960 0.000000 0.000000 1.000000 0.000000
0.982698 0.185215 0.000000 122.051370 -0.185215 0.982698 0.000000 -9.437603 0.000000 0.000000 1.000000 0.000000
0.982756 0.184908 0.000000 122.551122 -0.184908 0.982756 0.000000 -9.536019 0.000000 0.000000 1.000000 0.000000
0.983021 0.183493 0.000000 123.060492 -0.183493 0.983021 0.000000 -9.636658 0.000000 0.000000 1.000000 0.000000
0.982977 0.183726 0.000000 123.568838 -0.183726 0.982977 0.000000 -9.728868 0.000000 0.000000 1.000000 0.000000
0.983377 0.181575 0.000000 124.066970 -0.181575 0.983377 0.000000 -9.825124 0.000000 0.000000 1.000000 0.000000
0.983249 0.182266 0.000000 124.564416 -0.182266 0.983249 0.000000 -9.923429 0.000000 0.000000 1.000000 0.000000
0.983295 0.182021 0.000000 125.106425 -0.182021 0.983295 0.000000 -10.026006 0.000000 0.000000 1.000000 0.000000
0.982847 0.184423 0.000000 125.598089 -0.184423 0.982847 0.000000 -10.120648 0.000000 0.000000 1.000000 0.000000
0.982582 0.185829 0.000000 126.109099 -0.185829 0.982582 0.000000 -10.227015 0.000000 0.000000 1.000000 0.000000
0.982756 0.184906 0.000000 126.628393 -0.184906 0.982756 0.000000 -10.332702 0.000000 0.000000 1.000000 0.000000
0.983444 0.181210 0.000000 127.108334 -0.181210 0.983444 0.000000 -10.444331 0.000000 0.000000 1.000000 0.000000
0.983405 0.181423 0.000000 127.613107 -0.181423 0.983405 0.000000 -10.551514 0.000000 0.000000 1.000000 0.000000
0.983393 0.181491 0.000000 128.139157 -0.181491 0.983393 0.000000 -10.658114 0.000000 0.000000 1.000000 0.000000
0.982921 0.184026 0.000000 128.627510 -0.184026 0.982921 0.000000 -10.747277 0.000000 0.000000 1.000000 0.000000
0.983533 0.180726 0.000000 129.145876 -0.180726 0.983533 0.000000 -10.843036 0.000000 0.000000 1.000000 0.000000
0.982869 0.184304 0.000000 129.673740 -0.184304 0.982869 0.000000 -10.956702 0.000000 0.000000 1.000000 0.000000
0.982462 0.186463 0.000000 130.294246 -0.186463 0.982462 0.000000 -11.076344 0.000000 0.000000 1.000000 0.000000
0.982242 0.187617 0.000000 130.852570 -0.187617 0.982242 0.000000 -11.184076 0.000000 0.000000 1.000000 0.000000
0.981830 0.189764 0.000000 131.358663 -0.189764 0.981830 0.000000 -11.279704 0.000000 0.000000 1.000000 0.000000
0.981796 0.189937 0.000000 131.887405 -0.189937 0.981796 0.000000 -11.388038 0.000000 0.000000 1.000000 0.000000
0.980863 0.194698 0.000000 132.418370 -0.194698 0.980863 0.000000 -11.497071 0.000000 0.000000 1.000000 0.000000
0.980411 0.196963 0.000000 132.945508 -0.196963 0.980411 0.000000 -11.617990 0.000000 0.000000 1.000000 0.000000
0.979310 0.202365 0.000000 136.716221 -0.202365 0.979310 0.000000 -12.505348 0.000000 0.000000 1.000000 0.000000
0.979541 0.201245 0.000000 137.211968 -0.201245 0.979541 0.000000 -12.617500 0.000000 0.000000 1.000000 0.000000
0.980429 0.196875 0.000000 138.359628 -0.196875 0.980429 0.000000 -12.873178 0.000000 0.000000 1.000000 0.000000
0.979272 0.202552 0.000000 139.457264 -0.202552 0.979272 0.000000 -13.145809 0.000000 0.000000 1.000000 0.000000
0.979062 0.203562 0.000000 140.009251 -0.203562 0.979062 0.000000 -13.284305 0.000000 0.000000 1.000000 0.000000
0.978873 0.204469 0.000000 140.557489 -0.204469 0.978873 0.000000 -13.421234 0.000000 0.000000 1.000000 0.000000
0.978642 0.205573 0.000000 141.107238 -0.205573 0.978642 0.000000 -13.563178 0.000000 0.000000 1.000000 0.000000
0.978762 0.204998 0.000000 141.658490 -0.204998 0.978762 0.000000 -13.721569 0.000000 0.000000 1.000000 0.000000
0.979479 0.201547 0.000000 142.228204 -0.201547 0.979479 0.000000 -13.867078 0.000000 0.000000 1.000000 0.000000
0.978732 0.205145 0.000000 142.785785 -0.205145 0.978732 0.000000 -14.006846 0.000000 0.000000 1.000000 0.000000
0.978600 0.205772 0.000000 143.366902 -0.205772 0.978600 0.000000 -14.146621 0.000000 0.000000 1.000000 0.000000
0.978762 0.204998 0.000000 143.945462 -0.204998 0.978762 0.000000 -14.292838 0.000000 0.000000 1.000000 0.000000
0.978441 0.206525 0.000000 144.864073 -0.206525 0.978441 0.000000 -14.521917 0.000000 0.000000 1.000000 0.000000
0.977389 0.211447 0.000000 145.445961 -0.211447 0.977389 0.000000 -14.666303 0.000000 0.000000 1.000000 0.000000
0.977529 0.210799 0.000000 146.009627 -0.210799 0.977529 0.000000 -14.825322 0.000000 0.000000 1.000000 0.000000
0.976820 0.214064 0.000000 146.589553 -0.214064 0.976820 0.000000 -14.969518 0.000000 0.000000 1.000000 0.000000
0.976266 0.216574 0.000000 147.215897 -0.216574 0.976266 0.000000 -15.121683 0.000000 0.000000 1.000000 0.000000
0.975694 0.219137 0.000000 147.751613 -0.219137 0.975694 0.000000 -15.255525 0.000000 0.000000 1.000000 0.000000
0.975524 0.219894 0.000000 148.370298 -0.219894 0.975524 0.000000 -15.410297 0.000000 0.000000 1.000000 0.000000
0.975554 0.219759 0.000000 148.947995 -0.219759 0.975554 0.000000 -15.569154 0.000000 0.000000 1.000000 0.000000
0.975547 0.219792 0.000000 149.531809 -0.219792 0.975547 0.000000 -15.706031 0.000000 0.000000 1.000000 0.000000
0.975625 0.219445 0.000000 150.105934 -0.219445 0.975625 0.000000 -15.843044 0.000000 0.000000 1.000000 0.000000
0.975703 0.219097 0.000000 150.679817 -0.219097 0.975703 0.000000 -15.992191 0.000000 0.000000 1.000000 0.000000
0.976086 0.217383 0.000000 151.239352 -0.217383 0.976086 0.000000 -16.140121 0.000000 0.000000 1.000000 0.000000
0.976377 0.216075 0.000000 151.792879 -0.216075 0.976377 0.000000 -16.282482 0.000000 0.000000 1.000000 0.000000
0.976312 0.216369 0.000000 152.351360 -0.216369 0.976312 0.000000 -16.428007 0.000000 0.000000 1.000000 0.000000
0.976717 0.214534 0.000000 152.915820 -0.214534 0.976717 0.000000 -16.577154 0.000000 0.000000 1.000000 0.000000
0.975995 0.217795 0.000000 153.491325 -0.217795 0.975995 0.000000 -16.716130 0.000000 0.000000 1.000000 0.000000
0.975417 0.220366 0.000000 154.617866 -0.220366 0.975417 0.000000 -16.999109 0.000000 0.000000 1.000000 0.000000
0.975156 0.221518 0.000000 155.183614 -0.221518 0.975156 0.000000 -17.142525 0.000000 0.000000 1.000000 0.000000
0.975207 0.221293 0.000000 155.714261 -0.221293 0.975207 0.000000 -17.274638 0.000000 0.000000 1.000000 0.000000
0.974859 0.222822 0.000000 156.305426 -0.222822 0.974859 0.000000 -17.411022 0.000000 0.000000 1.000000 0.000000
0.974433 0.224679 0.000000 156.872013 -0.224679 0.974433 0.000000 -17.532401 0.000000 0.000000 1.000000 0.000000
0.974727 0.223399 0.000000 157.982116 -0.223399 0.974727 0.000000 -17.800024 0.000000 0.000000 1.000000 0.000000
0.974856 0.222837 0.000000 158.554135 -0.222837 0.974856 0.000000 -17.927840 0.000000 0.000000 1.000000 0.000000
0.974515 0.224321 0.000000 159.097931 -0.224321 0.974515 0.000000 -18.056997 0.000000 0.000000 1.000000 0.000000
0.974323 0.225157 0.000000 159.687421 -0.225157 0.974323 0.000000 -18.193211 0.000000 0.000000 1.000000 0.000000
0.974722 0.223420 0.000000 160.280741 -0.223420 0.974722 0.000000 -18.329652 0.000000 0.000000 1.000000 0.000000
0.974493 0.224417 0.000000 160.843611 -0.224417 0.974493 0.000000 -18.454077 0.000000 0.000000 1.000000 0.000000
0.973930 0.226847 0.000000 161.642887 -0.226847 0.973930 0.000000 -18.620321 0.000000 0.000000 1.000000 0.000000
0.972844 0.231460 0.000000 162.245089 -0.231460 0.972844 0.000000 -18.740211 0.000000 0.000000 1.000000 0.000000
0.972568 0.232619 0.000000 162.823851 -0.232619 0.972568 0.000000 -18.870164 0.000000 0.000000 1.000000 0.000000
0.971284 0.237921 0.000000 163.452716 -0.237921 0.971284 0.000000 -19.006355 0.000000 0.000000 1.000000 0.000000
0.971320 0.237778 0.000000 164.006363 -0.237778 0.971320 0.000000 -19.137400 0.000000 0.000000 1.000000 0.000000
0.971982 0.235056 0.000000 164.631249 -0.235056 0.971982 0.000000 -19.301974 0.000000 0.000000 1.000000 0.000000
0.971135 0.238533 0.000000 165.218064 -0.238533 0.971135 0.000000 -19.435355 0.000000 0.000000 1.000000 0.000000
0.971741 0.236048 0.000000 165.807612 -0.236048 0.971741 0.000000 -19.568479 0.000000 0.000000 1.000000 0.000000
0.970625 0.240598 0.000000 166.398179 -0.240598 0.970625 0.000000 -19.710242 0.000000 0.000000 1.000000 0.000000
0.971338 0.237701 0.000000 166.970799 -0.237701 0.971338 0.000000 -19.865456 0.000000 0.000000 1.000000 0.000000
0.971645 0.236445 0.000000 167.545945 -0.236445 0.971645 0.000000 -20.010863 0.000000 0.000000 1.000000 0.000000
0.971523 0.236946 0.000000 168.112821 -0.236946 0.971523 0.000000 -20.157359 0.000000 0.000000 1.000000 0.000000
0.972839 0.231481 0.000000 168.685368 -0.231481 0.972839 0.000000 -20.323778 0.000000 0.000000 1.000000 0.000000
0.974025 0.226439 0.000000 169.259059 -0.226439 0.974025 0.000000 -20.493051 0.000000 0.000000 1.000000 0.000000
0.974081 0.226201 0.000000 169.835478 -0.226201 0.974081 0.000000 -20.641356 0.000000 0.000000 1.000000 0.000000
0.973734 0.227688 0.000000 170.411998 -0.227688 0.973734 0.000000 -20.795869 0.000000 0.000000 1.000000 0.000000
0.973605 0.228238 0.000000 170.991988 -0.228238 0.973605 0.000000 -20.945984 0.000000 0.000000 1.000000 0.000000
0.973379 0.229200 0.000000 171.537221 -0.229200 0.973379 0.000000 -21.085791 0.000000 0.000000 1.000000 0.000000
0.973242 0.229783 0.000000 172.154957 -0.229783 0.973242 0.000000 -21.234480 0.000000 0.000000 1.000000 0.000000
0.973645 0.228068 0.000000 172.702320 -0.228068 0.973645 0.000000 -21.367314 0.000000 0.000000 1.000000 0.000000
0.973419 0.229033 0.000000 173.288716 -0.229033 0.973419 0.000000 -21.515114 0.000000 0.000000 1.000000 0.000000
0.973123 0.230285 0.000000 173.885019 -0.230285 0.973123 0.000000 -21.659291 0.000000 0.000000 1.000000 0.000000
0.972342 0.233561 0.000000 174.474199 -0.233561 0.972342 0.000000 -21.806149 0.000000 0.000000 1.000000 0.000000
0.970229 0.242188 0.000000 175.066900 -0.242188 0.970229 0.000000 -21.951121 0.000000 0.000000 1.000000 0.000000
0.969921 0.243420 0.000000 175.646828 -0.243420 0.969921 0.000000 -22.093513 0.000000 0.000000 1.000000 0.000000
0.969819 0.243827 0.000000 176.225946 -0.243827 0.969819 0.000000 -22.244783 0.000000 0.000000 1.000000 0.000000
0.969749 0.244102 0.000000 176.804237 -0.244102 0.969749 0.000000 -22.395995 0.000000 0.000000 1.000000 0.000000
0.969598 0.244704 0.000000 177.386892 -0.244704 0.969598 0.000000 -22.545756 0.000000 0.000000 1.000000 0.000000
0.969103 0.246658 0.000000 177.969864 -0.246658 0.969103 0.000000 -22.691876 0.000000 0.000000 1.000000 0.000000
0.969611 0.244652 0.000000 178.540677 -0.244652 0.969611 0.000000 -22.844683 0.000000 0.000000 1.000000 0.000000
0.969807 0.243875 0.000000 179.138264 -0.243875 0.969807 0.000000 -22.999572 0.000000 0.000000 1.000000 0.000000
0.969335 0.245744 0.000000 179.741381 -0.245744 0.969335 0.000000 -23.142653 0.000000 0.000000 1.000000 0.000000
0.969224 0.246179 0.000000 180.302562 -0.246179 0.969224 0.000000 -23.271724 0.000000 0.000000 1.000000 0.000000
0.969371 0.245603 0.000000 180.873675 -0.245603 0.969371 0.000000 -23.419718 0.000000 0.000000 1.000000 0.000000
0.969300 0.245882 0.000000 181.456995 -0.245882 0.969300 0.000000 -23.572928 0.000000 0.000000 1.000000 0.000000
0.969210 0.246235 0.000000 182.017183 -0.246235 0.969210 0.000000 -23.723524 0.000000 0.000000 1.000000 0.000000
0.969907 0.243477 0.000000 182.607675 -0.243477 0.969907 0.000000 -23.879606 0.000000 0.000000 1.000000 0.000000
0.969550 0.244894 0.000000 183.193846 -0.244894 0.969550 0.000000 -24.030357 0.000000 0.000000 1.000000 0.000000
0.970484 0.241164 0.000000 183.747150 -0.241164 0.970484 0.000000 -24.175695 0.000000 0.000000 1.000000 0.000000
0.970580 0.240778 0.000000 184.319817 -0.240778 0.970580 0.000000 -24.323317 0.000000 0.000000 1.000000 0.000000
0.969692 0.244330 0.000000 184.907746 -0.244330 0.969692 0.000000 -24.463253 0.000000 0.000000 1.000000 0.000000
0.969732 0.244172 0.000000 185.466213 -0.244172 0.969732 0.000000 -24.594412 0.000000 0.000000 1.000000 0.000000
0.969184 0.246338 0.000000 186.062881 -0.246338 0.969184 0.000000 -24.747193 0.000000 0.000000 1.000000 0.000000
0.968835 0.247707 0.000000 186.647769 -0.247707 0.968835 0.000000 -24.898912 0.000000 0.000000 1.000000 0.000000
0.968622 0.248540 0.000000 187.476536 -0.248540 0.968622 0.000000 -25.131341 0.000000 0.000000 1.000000 0.000000
0.968126 0.250465 0.000000 188.050219 -0.250465 0.968126 0.000000 -25.279112 0.000000 0.000000 1.000000 0.000000
0.967783 0.251784 0.000000 188.619736 -0.251784 0.967783 0.000000 -25.433645 0.000000 0.000000 1.000000 0.000000
0.968007 0.250921 0.000000 189.191617 -0.250921 0.968007 0.000000 -25.592817 0.000000 0.000000 1.000000 0.000000
0.967852 0.251522 0.000000 189.769045 -0.251522 0.967852 0.000000 -25.746026 0.000000 0.000000 1.000000 0.000000
0.968449 0.249212 0.000000 190.350859 -0.249212 0.968449 0.000000 -25.893837 0.000000 0.000000 1.000000 0.000000
0.969617 0.244629 0.000000 190.921449 -0.244629 0.969617 0.000000 -26.046871 0.000000 0.000000 1.000000 0.000000
0.969770 0.244019 0.000000 191.521558 -0.244019 0.969770 0.000000 -26.194952 0.000000 0.000000 1.000000 0.000000
0.969972 0.243217 0.000000 192.029327 -0.243217 0.969972 0.000000 -26.332162 0.000000 0.000000 1.000000 0.000000
0.969787 0.243953 0.000000 193.014506 -0.243953 0.969787 0.000000 -26.597163 0.000000 0.000000 1.000000 0.000000
0.969908 0.243471 0.000000 193.595331 -0.243471 0.969908 0.000000 -26.744711 0.000000 0.000000 1.000000 0.000000
0.969797 0.243913 0.000000 194.322380 -0.243913 0.969797 0.000000 -26.937291 0.000000 0.000000 1.000000 0.000000
0.969734 0.244163 0.000000 195.053900 -0.244163 0.969734 0.000000 -27.130755 0.000000 0.000000 1.000000 0.000000
0.969186 0.246331 0.000000 196.016050 -0.246331 0.969186 0.000000 -27.392018 0.000000 0.000000 1.000000 0.000000
0.969399 0.245492 0.000000 196.589523 -0.245492 0.969399 0.000000 -27.545867 0.000000 0.000000 1.000000 0.000000
0.969495 0.245110 0.000000 197.177516 -0.245110 0.969495 0.000000 -27.698554 0.000000 0.000000 1.000000 0.000000
0.969385 0.245544 0.000000 197.741943 -0.245544 0.969385 0.000000 -27.844689 0.000000 0.000000 1.000000 0.000000
0.969243 0.246107 0.000000 198.280987 -0.246107 0.969243 0.000000 -27.978285 0.000000 0.000000 1.000000 0.000000
0.969949 0.243308 0.000000 198.856411 -0.243308 0.969949 0.000000 -28.129477 0.000000 0.000000 1.000000 0.000000
0.969268 0.246008 0.000000 199.419247 -0.246008 0.969268 0.000000 -28.274565 0.000000 0.000000 1.000000 0.000000
0.969145 0.246490 0.000000 200.213879 -0.246490 0.969145 0.000000 -28.500415 0.000000 0.000000 1.000000 0.000000
0.969671 0.244415 0.000000 200.785805 -0.244415 0.969671 0.000000 -28.649535 0.000000 0.000000 1.000000 0.000000
0.969874 0.243607 0.000000 201.350988 -0.243607 0.969874 0.000000 -28.791998 0.000000 0.000000 1.000000 0.000000
0.969905 0.243483 0.000000 201.916613 -0.243483 0.969905 0.000000 -28.937104 0.000000 0.000000 1.000000 0.000000
0.971091 0.238711 0.000000 202.514107 -0.238711 0.971091 0.000000 -29.085130 0.000000 0.000000 1.000000 0.000000
0.971215 0.238206 0.000000 203.048997 -0.238206 0.971215 0.000000 -29.219551 0.000000 0.000000 1.000000 0.000000
0.971201 0.238260 0.000000 203.655958 -0.238260 0.971201 0.000000 -29.376706 0.000000 0.000000 1.000000 0.000000
0.971439 0.237288 0.000000 204.191901 -0.237288 0.971439 0.000000 -29.516006 0.000000 0.000000 1.000000 0.000000
0.971492 0.237074 0.000000 204.793044 -0.237074 0.971492 0.000000 -29.672840 0.000000 0.000000 1.000000 0.000000
0.971594 0.236652 0.000000 205.349874 -0.236652 0.971594 0.000000 -29.815570 0.000000 0.000000 1.000000 0.000000
0.971406 0.237425 0.000000 205.897487 -0.237425 0.971406 0.000000 -29.943357 0.000000 0.000000 1.000000 0.000000
0.972050 0.234774 0.000000 206.450171 -0.234774 0.972050 0.000000 -30.079861 0.000000 0.000000 1.000000 0.000000
0.971818 0.235731 0.000000 207.004469 -0.235731 0.971818 0.000000 -30.213126 0.000000 0.000000 1.000000 0.000000
0.971872 0.235508 0.000000 207.563103 -0.235508 0.971872 0.000000 -30.358367 0.000000 0.000000 1.000000 0.000000
0.972298 0.233743 0.000000 208.115023 -0.233743 0.972298 0.000000 -30.503832 0.000000 0.000000 1.000000 0.000000
0.972644 0.232302 0.000000 208.658657 -0.232302 0.972644 0.000000 -30.643371 0.000000 0.000000 1.000000 0.000000
0.970794 0.239914 0.000000 209.196677 -0.239914 0.970794 0.000000 -30.787104 0.000000 0.000000 1.000000 0.000000
0.970973 0.239189 0.000000 209.738735 -0.239189 0.970973 0.000000 -30.927488 0.000000 0.000000 1.000000 0.000000
0.971617 0.236560 0.000000 210.322858 -0.236560 0.971617 0.000000 -31.086592 0.000000 0.000000 1.000000 0.000000
0.971996 0.234997 0.000000 210.870772 -0.234997 0.971996 0.000000 -31.228333 0.000000 0.000000 1.000000 0.000000
0.972674 0.232175 0.000000 211.423498 -0.232175 0.972674 0.000000 -31.373691 0.000000 0.000000 1.000000 0.000000
0.972776 0.231746 0.000000 211.935225 -0.231746 0.972776 0.000000 -31.507079 0.000000 0.000000 1.000000 0.000000
0.973027 0.230691 0.000000 212.482152 -0.230691 0.973027 0.000000 -31.643825 0.000000 0.000000 1.000000 0.000000
0.972566 0.232625 0.000000 213.066384 -0.232625 0.972566 0.000000 -31.789695 0.000000 0.000000 1.000000 0.000000
0.972979 0.230895 0.000000 213.618591 -0.230895 0.972979 0.000000 -31.925752 0.000000 0.000000 1.000000 0.000000
0.973517 0.228613 0.000000 214.168384 -0.228613 0.973517 0.000000 -32.062161 0.000000 0.000000 1.000000 0.000000
0.973778 0.227498 0.000000 214.687509 -0.227498 0.973778 0.000000 -32.188077 0.000000 0.000000 1.000000 0.000000
0.974587 0.224010 0.000000 215.759776 -0.224010 0.974587 0.000000 -32.449771 0.000000 0.000000 1.000000 0.000000
0.975453 0.220207 0.000000 216.295529 -0.220207 0.975453 0.000000 -32.582407 0.000000 0.000000 1.000000 0.000000
0.975858 0.218405 0.000000 216.825858 -0.218405 0.975858 0.000000 -32.712620 0.000000 0.000000 1.000000 0.000000
0.976100 0.217323 0.000000 217.338356 -0.217323 0.976100 0.000000 -32.831669 0.000000 0.000000 1.000000 0.000000
0.976011 0.217722 0.000000 217.889791 -0.217722 0.976011 0.000000 -32.959347 0.000000 0.000000 1.000000 0.000000
0.976216 0.216802 0.000000 218.422133 -0.216802 0.976216 0.000000 -33.080388 0.000000 0.000000 1.000000 0.000000
0.976544 0.215318 0.000000 218.972536 -0.215318 0.976544 0.000000 -33.197272 0.000000 0.000000 1.000000 0.000000
0.976620 0.214971 0.000000 219.480191 -0.214971 0.976620 0.000000 -33.310164 0.000000 0.000000 1.000000 0.000000
0.976952 0.213461 0.000000 220.018424 -0.213461 0.976952 0.000000 -33.437625 0.000000 0.000000 1.000000 0.000000
0.976716 0.214536 0.000000 220.514127 -0.214536 0.976716 0.000000 -33.552667 0.000000 0.000000 1.000000 0.000000
0.976637 0.214894 0.000000 221.039583 -0.214894 0.976637 0.000000 -33.673755 0.000000 0.000000 1.000000 0.000000
0.976875 0.213811 0.000000 221.569330 -0.213811 0.976875 0.000000 -33.798133 0.000000 0.000000 1.000000 0.000000
0.977073 0.212906 0.000000 222.099287 -0.212906 0.977073 0.000000 -33.919850 0.000000 0.000000 1.000000 0.000000
0.977276 0.211970 0.000000 222.591856 -0.211970 0.977276 0.000000 -34.037611 0.000000 0.000000 1.000000 0.000000
0.977264 0.212026 0.000000 223.126261 -0.212026 0.977264 0.000000 -34.151852 0.000000 0.000000 1.000000 0.000000
0.977585 0.210541 0.000000 223.787094 -0.210541 0.977585 0.000000 -34.307702 0.000000 0.000000 1.000000 0.000000
0.977656 0.210212 0.000000 224.417376 -0.210212 0.977656 0.000000 -34.454058 0.000000 0.000000 1.000000 0.000000
0.977768 0.209688 0.000000 224.948531 -0.209688 0.977768 0.000000 -34.576879 0.000000 0.000000 1.000000 0.000000
0.977814 0.209473 0.000000 225.480181 -0.209473 0.977814 0.000000 -34.689659 0.000000 0.000000 1.000000 0.000000
0.977875 0.209191 0.000000 226.007845 -0.209191 0.977875 0.000000 -34.810789 0.000000 0.000000 1.000000 0.000000
0.978501 0.206240 0.000000 226.531100 -0.206240 0.978501 0.000000 -34.923960 0.000000 0.000000 1.000000 0.000000
0.978935 0.204173 0.000000 227.059880 -0.204173 0.978935 0.000000 -35.031850 0.000000 0.000000 1.000000 0.000000
0.979717 0.200386 0.000000 227.963667 -0.200386 0.979717 0.000000 -35.240117 0.000000 0.000000 1.000000 0.000000
0.979517 0.201359 0.000000 228.496587 -0.201359 0.979517 0.000000 -35.361231 0.000000 0.000000 1.000000 0.000000
0.979789 0.200033 0.000000 228.995242 -0.200033 0.979789 0.000000 -35.468779 0.000000 0.000000 1.000000 0.000000
0.979080 0.203475 0.000000 229.521426 -0.203475 0.979080 0.000000 -35.584488 0.000000 0.000000 1.000000 0.000000
0.978727 0.205167 0.000000 230.041148 -0.205167 0.978727 0.000000 -35.699896 0.000000 0.000000 1.000000 0.000000
0.978435 0.206553 0.000000 230.561675 -0.206553 0.978435 0.000000 -35.806625 0.000000 0.000000 1.000000 0.000000
0.978705 0.205271 0.000000 231.087867 -0.205271 0.978705 0.000000 -35.936523 0.000000 0.000000 1.000000 0.000000
0.978579 0.205872 0.000000 231.608459 -0.205872 0.978579 0.000000 -36.063554 0.000000 0.000000 1.000000 0.000000
0.978047 0.208386 0.000000 232.132576 -0.208386 0.978047 0.000000 -36.176854 0.000000 0.000000 1.000000 0.000000
0.977410 0.211352 0.000000 232.665741 -0.211352 0.977410 0.000000 -36.296025 0.000000 0.000000 1.000000 0.000000
0.977268 0.212009 0.000000 233.183297 -0.212009 0.977268 0.000000 -36.419042 0.000000 0.000000 1.000000 0.000000
0.976606 0.215038 0.000000 233.719451 -0.215038 0.976606 0.000000 -36.533085 0.000000 0.000000 1.000000 0.000000
0.976735 0.214451 0.000000 234.245563 -0.214451 0.976735 0.000000 -36.656118 0.000000 0.000000 1.000000 0.000000
0.976187 0.216931 0.000000 234.764677 -0.216931 0.976187 0.000000 -36.773744 0.000000 0.000000 1.000000 0.000000
0.976353 0.216184 0.000000 235.289363 -0.216184 0.976353 0.000000 -36.903754 0.000000 0.000000 1.000000 0.000000
0.976237 0.216707 0.000000 235.814827 -0.216707 0.976237 0.000000 -37.028961 0.000000 0.000000 1.000000 0.000000
0.976483 0.215592 0.000000 236.370734 -0.215592 0.976483 0.000000 -37.162864 0.000000 0.000000 1.000000 0.000000
0.976362 0.216140 0.000000 236.852250 -0.216140 0.976362 0.000000 -37.277708 0.000000 0.000000 1.000000 0.000000
0.976156 0.217070 0.000000 237.362044 -0.217070 0.976156 0.000000 -37.407151 0.000000 0.000000 1.000000 0.000000
0.975541 0.219819 0.000000 237.893456 -0.219819 0.975541 0.000000 -37.541064 0.000000 0.000000 1.000000 0.000000
0.975298 0.220893 0.000000 238.424382 -0.220893 0.975298 0.000000 -37.680224 0.000000 0.000000 1.000000 0.000000
0.975512 0.219947 0.000000 238.951734 -0.219947 0.975512 0.000000 -37.821996 0.000000 0.000000 1.000000 0.000000
0.975576 0.219662 0.000000 239.486864 -0.219662 0.975576 0.000000 -37.957777 0.000000 0.000000 1.000000 0.000000
0.975403 0.220431 0.000000 240.002018 -0.220431 0.975403 0.000000 -38.092216 0.000000 0.000000 1.000000 0.000000
0.975269 0.221021 0.000000 240.517063 -0.221021 0.975269 0.000000 -38.227258 0.000000 0.000000 1.000000 0.000000
0.975185 0.221391 0.000000 241.033005 -0.221391 0.975185 0.000000 -38.363214 0.000000 0.000000 1.000000 0.000000
0.974341 0.225079 0.000000 241.595046 -0.225079 0.974341 0.000000 -38.504463 0.000000 0.000000 1.000000 0.000000
0.973987 0.226604 0.000000 242.105161 -0.226604 0.973987 0.000000 -38.638792 0.000000 0.000000 1.000000 0.000000
0.973390 0.229153 0.000000 242.585414 -0.229153 0.973390 0.000000 -38.775689 0.000000 0.000000 1.000000 0.000000
0.973002 0.230798 0.000000 243.097317 -0.230798 0.973002 0.000000 -38.909362 0.000000 0.000000 1.000000 0.000000
0.970761 0.240050 0.000000 244.127763 -0.240050 0.970761 0.000000 -39.166098 0.000000 0.000000 1.000000 0.000000
0.970331 0.241780 0.000000 244.649398 -0.241780 0.970331 0.000000 -39.297756 0.000000 0.000000 1.000000 0.000000
0.969883 0.243572 0.000000 245.368519 -0.243572 0.969883 0.000000 -39.479826 0.000000 0.000000 1.000000 0.000000
0.970648 0.240506 0.000000 246.353188 -0.240506 0.970648 0.000000 -39.734530 0.000000 0.000000 1.000000 0.000000
0.970638 0.240543 0.000000 246.873789 -0.240543 0.970638 0.000000 -39.866662 0.000000 0.000000 1.000000 0.000000
0.970111 0.242661 0.000000 247.391820 -0.242661 0.970111 0.000000 -39.994897 0.000000 0.000000 1.000000 0.000000
0.970066 0.242840 0.000000 247.899773 -0.242840 0.970066 0.000000 -40.128210 0.000000 0.000000 1.000000 0.000000
0.969988 0.243153 0.000000 248.412824 -0.243153 0.969988 0.000000 -40.265603 0.000000 0.000000 1.000000 0.000000
0.969754 0.244086 0.000000 248.909783 -0.244086 0.969754 0.000000 -40.403312 0.000000 0.000000 1.000000 0.000000
0.969120 0.246590 0.000000 249.410675 -0.246590 0.969120 0.000000 -40.534331 0.000000 0.000000 1.000000 0.000000
0.969249 0.246081 0.000000 249.917969 -0.246081 0.969249 0.000000 -40.663590 0.000000 0.000000 1.000000 0.000000
0.969765 0.244040 0.000000 250.417423 -0.244040 0.969765 0.000000 -40.805418 0.000000 0.000000 1.000000 0.000000
0.971321 0.237772 0.000000 250.922243 -0.237772 0.971321 0.000000 -40.946452 0.000000 0.000000 1.000000 0.000000
0.971700 0.236220 0.000000 251.385609 -0.236220 0.971700 0.000000 -41.056845 0.000000 0.000000 1.000000 0.000000
0.971898 0.235403 0.000000 251.884219 -0.235403 0.971898 0.000000 -41.170310 0.000000 0.000000 1.000000 0.000000
0.971574 0.236736 0.000000 252.376962 -0.236736 0.971574 0.000000 -41.282441 0.000000 0.000000 1.000000 0.000000
0.971510 0.237000 0.000000 252.884059 -0.237000 0.971510 0.000000 -41.392518 0.000000 0.000000 1.000000 0.000000
0.971487 0.237092 0.000000 253.388521 -0.237092 0.971487 0.000000 -41.502838 0.000000 0.000000 1.000000 0.000000
0.971700 0.236219 0.000000 253.890420 -0.236219 0.971700 0.000000 -41.608747 0.000000 0.000000 1.000000 0.000000
0.971383 0.237517 0.000000 254.399395 -0.237517 0.971383 0.000000 -41.714884 0.000000 0.000000 1.000000 0.000000
0.970808 0.239858 0.000000 254.886434 -0.239858 0.970808 0.000000 -41.816312 0.000000 0.000000 1.000000 0.000000
0.970038 0.242953 0.000000 255.378910 -0.242953 0.970038 0.000000 -41.922249 0.000000 0.000000 1.000000 0.000000
0.969173 0.246379 0.000000 255.857014 -0.246379 0.969173 0.000000 -42.032320 0.000000 0.000000 1.000000 0.000000
0.969184 0.246339 0.000000 256.333533 -0.246339 0.969184 0.000000 -42.143017 0.000000 0.000000 1.000000 0.000000
0.969533 0.244961 0.000000 256.812893 -0.244961 0.969533 0.000000 -42.250684 0.000000 0.000000 1.000000 0.000000
0.969232 0.246147 0.000000 257.251922 -0.246147 0.969232 0.000000 -42.344981 0.000000 0.000000 1.000000 0.000000
0.968678 0.248321 0.000000 257.715190 -0.248321 0.968678 0.000000 -42.457745 0.000000 0.000000 1.000000 0.000000
0.968206 0.250153 0.000000 258.175387 -0.250153 0.968206 0.000000 -42.569633 0.000000 0.000000 1.000000 0.000000
0.968117 0.250497 0.000000 258.616152 -0.250497 0.968117 0.000000 -42.679111 0.000000 0.000000 1.000000 0.000000
0.968031 0.250829 0.000000 259.060147 -0.250829 0.968031 0.000000 -42.787975 0.000000 0.000000 1.000000 0.000000
0.968127 0.250460 0.000000 259.483581 -0.250460 0.968127 0.000000 -42.892833 0.000000 0.000000 1.000000 0.000000
0.968489 0.249055 0.000000 259.907727 -0.249055 0.968489 0.000000 -43.005535 0.000000 0.000000 1.000000 0.000000
0.968220 0.250099 0.000000 260.334925 -0.250099 0.968220 0.000000 -43.112058 0.000000 0.000000 1.000000 0.000000
0.968551 0.248815 0.000000 260.772851 -0.248815 0.968551 0.000000 -43.220393 0.000000 0.000000 1.000000 0.000000
0.969174 0.246377 0.000000 261.335529 -0.246377 0.969174 0.000000 -43.357239 0.000000 0.000000 1.000000 0.000000
0.968981 0.247136 0.000000 261.751502 -0.247136 0.968981 0.000000 -43.459228 0.000000 0.000000 1.000000 0.000000
0.968228 0.250068 0.000000 262.163880 -0.250068 0.968228 0.000000 -43.556796 0.000000 0.000000 1.000000 0.000000
0.968771 0.247955 0.000000 262.566350 -0.247955 0.968771 0.000000 -43.664365 0.000000 0.000000 1.000000 0.000000
0.968402 0.249395 0.000000 262.976108 -0.249395 0.968402 0.000000 -43.762831 0.000000 0.000000 1.000000 0.000000
0.968699 0.248240 0.000000 263.367602 -0.248240 0.968699 0.000000 -43.861012 0.000000 0.000000 1.000000 0.000000
0.968224 0.250086 0.000000 263.772397 -0.250086 0.968224 0.000000 -43.961529 0.000000 0.000000 1.000000 0.000000
0.967747 0.251926 0.000000 264.200526 -0.251926 0.967747 0.000000 -44.074099 0.000000 0.000000 1.000000 0.000000
0.967814 0.251667 0.000000 264.586432 -0.251667 0.967814 0.000000 -44.180933 0.000000 0.000000 1.000000 0.000000
0.967540 0.252717 0.000000 264.974441 -0.252717 0.967540 0.000000 -44.280033 0.000000 0.000000 1.000000 0.000000
0.967754 0.251899 0.000000 265.352328 -0.251899 0.967754 0.000000 -44.388775 0.000000 0.000000 1.000000 0.000000
0.967766 0.251850 0.000000 265.722656 -0.251850 0.967766 0.000000 -44.490648 0.000000 0.000000 1.000000 0.000000
0.967326 0.253534 0.000000 266.094293 -0.253534 0.967326 0.000000 -44.589690 0.000000 0.000000 1.000000 0.000000
0.966978 0.254860 0.000000 266.457803 -0.254860 0.966978 0.000000 -44.693203 0.000000 0.000000 1.000000 0.000000
0.966911 0.255113 0.000000 266.812777 -0.255113 0.966911 0.000000 -44.798774 0.000000 0.000000 1.000000 0.000000
0.966881 0.255226 0.000000 267.172213 -0.255226 0.966881 0.000000 -44.896099 0.000000 0.000000 1.000000 0.000000
0.967158 0.254177 0.000000 267.523972 -0.254177 0.967158 0.000000 -44.997090 0.000000 0.000000 1.000000 0.000000
0.966822 0.255453 0.000000 267.867779 -0.255453 0.966822 0.000000 -45.092374 0.000000 0.000000 1.000000 0.000000
0.966567 0.256413 0.000000 268.208443 -0.256413 0.966567 0.000000 -45.193384 0.000000 0.000000 1.000000 0.000000
0.966614 0.256238 0.000000 268.539210 -0.256238 0.966614 0.000000 -45.292188 0.000000 0.000000 1.000000 0.000000
0.966749 0.255727 0.000000 269.196136 -0.255727 0.966749 0.000000 -45.491589 0.000000 0.000000 1.000000 0.000000
0.966529 0.256556 0.000000 269.511980 -0.256556 0.966529 0.000000 -45.582074 0.000000 0.000000 1.000000 0.000000
0.966594 0.256312 0.000000 269.837226 -0.256312 0.966594 0.000000 -45.683033 0.000000 0.000000 1.000000 0.000000
0.966551 0.256474 0.000000 270.147030 -0.256474 0.966551 0.000000 -45.775965 0.000000 0.000000 1.000000 0.000000
0.966545 0.256496 0.000000 270.458540 -0.256496 0.966545 0.000000 -45.862902 0.000000 0.000000 1.000000 0.000000
0.965703 0.259650 0.000000 271.049827 -0.259650 0.965703 0.000000 -46.025004 0.000000 0.000000 1.000000 0.000000
0.965639 0.259887 0.000000 271.345762 -0.259887 0.965639 0.000000 -46.107981 0.000000 0.000000 1.000000 0.000000
0.965956 0.258708 0.000000 271.620546 -0.258708 0.965956 0.000000 -46.191241 0.000000 0.000000 1.000000 0.000000
0.966362 0.257186 0.000000 271.896372 -0.257186 0.966362 0.000000 -46.279654 0.000000 0.000000 1.000000 0.000000
0.966643 0.256126 0.000000 272.154519 -0.256126 0.966643 0.000000 -46.354346 0.000000 0.000000 1.000000 0.000000
0.965022 0.262170 0.000000 267.387115 -0.262170 0.965022 0.000000 -45.154988 0.000000 0.000000 1.000000 0.000000
0.964021 0.265824 0.000000 267.621249 -0.265824 0.964021 0.000000 -45.217964 0.000000 0.000000 1.000000 0.000000
0.963652 0.267162 0.000000 267.850843 -0.267162 0.963652 0.000000 -45.282363 0.000000 0.000000 1.000000 0.000000
0.964251 0.264991 0.000000 268.133470 -0.264991 0.964251 0.000000 -45.372759 0.000000 0.000000 1.000000 0.000000
0.965358 0.260927 0.000000 268.463886 -0.260927 0.965358 0.000000 -45.482964 0.000000 0.000000 1.000000 0.000000
0.965094 0.261905 0.000000 268.738742 -0.261905 0.965094 0.000000 -45.562883 0.000000 0.000000 1.000000 0.000000
0.964597 0.263730 0.000000 268.947404 -0.263730 0.964597 0.000000 -45.627519 0.000000 0.000000 1.000000 0.000000
0.964775 0.263076 0.000000 269.157693 -0.263076 0.964775 0.000000 -45.693964 0.000000 0.000000 1.000000 0.000000
0.964690 0.263387 0.000000 269.364559 -0.263387 0.964690 0.000000 -45.758384 0.000000 0.000000 1.000000 0.000000
0.964634 0.263593 0.000000 269.574530 -0.263593 0.964634 0.000000 -45.824859 0.000000 0.000000 1.000000 0.000000
0.963972 0.266003 0.000000 269.775271 -0.266003 0.963972 0.000000 -45.881563 0.000000 0.000000 1.000000 0.000000
0.963503 0.267699 0.000000 269.981787 -0.267699 0.963503 0.000000 -45.941174 0.000000 0.000000 1.000000 0.000000
0.964148 0.265367 0.000000 270.180807 -0.265367 0.964148 0.000000 -46.008561 0.000000 0.000000 1.000000 0.000000
0.963747 0.266819 0.000000 270.379171 -0.266819 0.963747 0.000000 -46.074391 0.000000 0.000000 1.000000 0.000000
0.962959 0.269648 0.000000 270.569021 -0.269648 0.962959 0.000000 -46.130299 0.000000 0.000000 1.000000 0.000000
0.962635 0.270802 0.000000 270.773384 -0.270802 0.962635 0.000000 -46.197106 0.000000 0.000000 1.000000 0.000000
0.962653 0.270740 0.000000 270.947043 -0.270740 0.962653 0.000000 -46.250546 0.000000 0.000000 1.000000 0.000000
0.962906 0.269836 0.000000 271.135121 -0.269836 0.962906 0.000000 -46.315973 0.000000 0.000000 1.000000 0.000000
0.962910 0.269821 0.000000 271.293242 -0.269821 0.962910 0.000000 -46.363994 0.000000 0.000000 1.000000 0.000000
0.962554 0.271091 0.000000 271.471783 -0.271091 0.962554 0.000000 -46.412976 0.000000 0.000000 1.000000 0.000000
0.961946 0.273239 0.000000 271.639985 -0.273239 0.961946 0.000000 -46.458852 0.000000 0.000000 1.000000 0.000000
0.962146 0.272536 0.000000 271.801383 -0.272536 0.962146 0.000000 -46.513596 0.000000 0.000000 1.000000 0.000000
0.961449 0.274983 0.000000 271.955142 -0.274983 0.961449 0.000000 -46.556009 0.000000 0.000000 1.000000 0.000000
0.960082 0.279719 0.000000 272.121945 -0.279719 0.960082 0.000000 -46.597199 0.000000 0.000000 1.000000 0.000000
0.959729 0.280927 0.000000 272.272048 -0.280927 0.959729 0.000000 -46.634137 0.000000 0.000000 1.000000 0.000000
0.960987 0.276595 0.000000 272.507208 -0.276595 0.960987 0.000000 -46.703513 0.000000 0.000000 1.000000 0.000000
0.960708 0.277563 0.000000 272.651061 -0.277563 0.960708 0.000000 -46.742748 0.000000 0.000000 1.000000 0.000000
0.959943 0.280197 0.000000 272.791892 -0.280197 0.959943 0.000000 -46.777198 0.000000 0.000000 1.000000 0.000000
0.960183 0.279370 0.000000 272.923103 -0.279370 0.960183 0.000000 -46.812696 0.000000 0.000000 1.000000 0.000000
0.960048 0.279836 0.000000 273.166869 -0.279836 0.960048 0.000000 -46.893038 0.000000 0.000000 1.000000 0.000000
0.961174 0.275943 0.000000 273.283953 -0.275943 0.961174 0.000000 -46.927884 0.000000 0.000000 1.000000 0.000000
0.960198 0.279321 0.000000 273.390459 -0.279321 0.960198 0.000000 -46.948576 0.000000 0.000000 1.000000 0.000000
0.960461 0.278416 0.000000 273.489279 -0.278416 0.960461 0.000000 -46.974878 0.000000 0.000000 1.000000 0.000000
0.959714 0.280978 0.000000 273.571647 -0.280978 0.959714 0.000000 -46.998603 0.000000 0.000000 1.000000 0.000000
0.960885 0.276947 0.000000 273.694701 -0.276947 0.960885 0.000000 -47.043509 0.000000 0.000000 1.000000 0.000000
0.960965 0.276669 0.000000 273.759864 -0.276669 0.960965 0.000000 -47.060854 0.000000 0.000000 1.000000 0.000000
0.960300 0.278969 0.000000 273.826163 -0.278969 0.960300 0.000000 -47.072974 0.000000 0.000000 1.000000 0.000000
0.960128 0.279562 0.000000 273.875234 -0.279562 0.960128 0.000000 -47.091381 0.000000 0.000000 1.000000 0.000000
0.959688 0.281069 0.000000 273.910761 -0.281069 0.959688 0.000000 -47.100019 0.000000 0.000000 1.000000 0.000000
0.959464 0.281830 0.000000 273.942608 -0.281830 0.959464 0.000000 -47.111062 0.000000 0.000000 1.000000 0.000000
0.959199 0.282732 0.000000 273.957559 -0.282732 0.959199 0.000000 -47.112565 0.000000 0.000000 1.000000 0.000000
0.959250 0.282560 0.000000 273.969022 -0.282560 0.959250 0.000000 -47.114860 0.000000 0.000000 1.000000 0.000000
0.959484 0.281762 0.000000 273.972384 -0.281762 0.959484 0.000000 -47.119978 0.000000 0.000000 1.000000 0.000000
0.959669 0.281133 0.000000 273.963359 -0.281133 0.959669 0.000000 -47.119417 0.000000 0.000000 1.000000 0.000000
0.959622 0.281292 0.000000 273.957620 -0.281292 0.959622 0.000000 -47.119206 0.000000 0.000000 1.000000 0.000000
0.959810 0.280650 0.000000 273.955401 -0.280650 0.959810 0.000000 -47.112894 0.000000 0.000000 1.000000 0.000000
0.959898 0.280349 0.000000 273.955088 -0.280349 0.959898 0.000000 -47.107924 0.000000 0.000000 1.000000 0.000000
0.959882 0.280403 0.000000 273.955624 -0.280403 0.959882 0.000000 -47.102369 0.000000 0.000000 1.000000 0.000000
0.959835 0.280565 0.000000 273.954840 -0.280565 0.959835 0.000000 -47.097719 0.000000 0.000000 1.000000 0.000000
0.959795 0.280702 0.000000 273.955278 -0.280702 0.959795 0.000000 -47.090730 0.000000 0.000000 1.000000 0.000000
0.959742 0.280885 0.000000 273.957008 -0.280885 0.959742 0.000000 -47.086829 0.000000 0.000000 1.000000 0.000000
0.959739 0.280894 0.000000 273.957666 -0.280894 0.959739 0.000000 -47.083862 0.000000 0.000000 1.000000 0.000000
0.959709 0.280997 0.000000 273.957546 -0.280997 0.959709 0.000000 -47.079517 0.000000 0.000000 1.000000 0.000000
0.959687 0.281070 0.000000 273.958749 -0.281070 0.959687 0.000000 -47.077629 0.000000 0.000000 1.000000 0.000000
0.959657 0.281173 0.000000 273.959048 -0.281173 0.959657 0.000000 -47.074695 0.000000 0.000000 1.000000 0.000000
0.959597 0.281378 0.000000 273.960716 -0.281378 0.959597 0.000000 -47.072271 0.000000 0.000000 1.000000 0.000000
0.959553 0.281529 0.000000 273.960874 -0.281529 0.959553 0.000000 -47.070370 0.000000 0.000000 1.000000 0.000000
0.959565 0.281487 0.000000 273.960491 -0.281487 0.959565 0.000000 -47.070285 0.000000 0.000000 1.000000 0.000000
0.959528 0.281612 0.000000 273.961627 -0.281612 0.959528 0.000000 -47.069136 0.000000 0.000000 1.000000 0.000000
0.959535 0.281590 0.000000 273.961194 -0.281590 0.959535 0.000000 -47.069295 0.000000 0.000000 1.000000 0.000000
0.959556 0.281519 0.000000 273.961243 -0.281519 0.959556 0.000000 -47.070617 0.000000 0.000000 1.000000 0.000000
0.959532 0.281601 0.000000 273.961520 -0.281601 0.959532 0.000000 -47.071250 0.000000 0.000000 1.000000 0.000000
0.959547 0.281550 0.000000 273.961765 -0.281550 0.959547 0.000000 -47.072996 0.000000 0.000000 1.000000 0.000000
0.959530 0.281606 0.000000 273.962322 -0.281606 0.959530 0.000000 -47.074682 0.000000 0.000000 1.000000 0.000000
0.959548 0.281546 0.000000 273.962570 -0.281546 0.959548 0.000000 -47.077056 0.000000 0.000000 1.000000 0.000000
0.959581 0.281433 0.000000 273.962234 -0.281433 0.959581 0.000000 -47.080063 0.000000 0.000000 1.000000 0.000000
0.959576 0.281450 0.000000 273.961890 -0.281450 0.959576 0.000000 -47.083073 0.000000 0.000000 1.000000 0.000000
0.959560 0.281503 0.000000 273.961026 -0.281503 0.959560 0.000000 -47.086368 0.000000 0.000000 1.000000 0.000000
0.959602 0.281361 0.000000 273.959189 -0.281361 0.959602 0.000000 -47.088931 0.000000 0.000000 1.000000 0.000000
0.959605 0.281350 0.000000 273.958064 -0.281350 0.959605 0.000000 -47.091020 0.000000 0.000000 1.000000 0.000000
0.959592 0.281395 0.000000 273.956434 -0.281395 0.959592 0.000000 -47.092327 0.000000 0.000000 1.000000 0.000000
0.959588 0.281409 0.000000 273.955832 -0.281409 0.959588 0.000000 -47.093385 0.000000 0.000000 1.000000 0.000000
0.959576 0.281449 0.000000 273.954297 -0.281449 0.959576 0.000000 -47.094026 0.000000 0.000000 1.000000 0.000000
0.959573 0.281459 0.000000 273.952386 -0.281459 0.959573 0.000000 -47.096396 0.000000 0.000000 1.000000 0.000000
0.959567 0.281482 0.000000 273.951124 -0.281482 0.959567 0.000000 -47.097502 0.000000 0.000000 1.000000 0.000000
0.959552 0.281532 0.000000 273.951442 -0.281532 0.959552 0.000000 -47.099108 0.000000 0.000000 1.000000 0.000000
0.959555 0.281523 0.000000 273.951379 -0.281523 0.959555 0.000000 -47.100134 0.000000 0.000000 1.000000 0.000000
0.959551 0.281536 0.000000 273.951792 -0.281536 0.959551 0.000000 -47.102271 0.000000 0.000000 1.000000 0.000000
0.959556 0.281518 0.000000 273.952175 -0.281518 0.959556 0.000000 -47.102978 0.000000 0.000000 1.000000 0.000000
0.959555 0.281521 0.000000 273.952499 -0.281521 0.959555 0.000000 -47.103667 0.000000 0.000000 1.000000 0.000000
0.959566 0.281485 0.000000 273.952858 -0.281485 0.959566 0.000000 -47.103086 0.000000 0.000000 1.000000 0.000000
0.959587 0.281411 0.000000 273.954001 -0.281411 0.959587 0.000000 -47.103200 0.000000 0.000000 1.000000 0.000000
0.959555 0.281521 0.000000 273.955543 -0.281521 0.959555 0.000000 -47.101512 0.000000 0.000000 1.000000 0.000000
0.959544 0.281559 0.000000 273.956316 -0.281559 0.959544 0.000000 -47.101042 0.000000 0.000000 1.000000 0.000000
0.959549 0.281541 0.000000 273.957449 -0.281541 0.959549 0.000000 -47.101236 0.000000 0.000000 1.000000 0.000000
0.959493 0.281731 0.000000 273.959366 -0.281731 0.959493 0.000000 -47.101660 0.000000 0.000000 1.000000 0.000000
0.959481 0.281772 0.000000 273.961671 -0.281772 0.959481 0.000000 -47.102161 0.000000 0.000000 1.000000 0.000000
0.959439 0.281916 0.000000 273.964482 -0.281916 0.959439 0.000000 -47.102233 0.000000 0.000000 1.000000 0.000000
0.959411 0.282011 0.000000 273.966833 -0.282011 0.959411 0.000000 -47.102070 0.000000 0.000000 1.000000 0.000000
0.959308 0.282360 0.000000 273.968313 -0.282360 0.959308 0.000000 -47.102638 0.000000 0.000000 1.000000 0.000000
0.959384 0.282102 0.000000 273.968462 -0.282102 0.959384 0.000000 -47.104795 0.000000 0.000000 1.000000 0.000000
0.959468 0.281817 0.000000 273.969315 -0.281817 0.959468 0.000000 -47.105857 0.000000 0.000000 1.000000 0.000000
0.959574 0.281455 0.000000 273.969292 -0.281455 0.959574 0.000000 -47.106346 0.000000 0.000000 1.000000 0.000000
0.959647 0.281208 0.000000 273.969126 -0.281208 0.959647 0.000000 -47.106991 0.000000 0.000000 1.000000 0.000000
0.959771 0.280783 0.000000 273.969026 -0.280783 0.959771 0.000000 -47.107949 0.000000 0.000000 1.000000 0.000000
0.959940 0.280206 0.000000 273.968604 -0.280206 0.959940 0.000000 -47.110049 0.000000 0.000000 1.000000 0.000000
0.960032 0.279889 0.000000 273.967861 -0.279889 0.960032 0.000000 -47.111954 0.000000 0.000000 1.000000 0.000000
0.960154 0.279473 0.000000 273.966617 -0.279473 0.960154 0.000000 -47.114577 0.000000 0.000000 1.000000 0.000000
0.960216 0.279259 0.000000 273.965549 -0.279259 0.960216 0.000000 -47.117124 0.000000 0.000000 1.000000 0.000000
0.960283 0.279030 0.000000 273.964273 -0.279030 0.960283 0.000000 -47.120254 0.000000 0.000000 1.000000 0.000000
0.960387 0.278670 0.000000 273.963257 -0.278670 0.960387 0.000000 -47.123720 0.000000 0.000000 1.000000 0.000000
0.960607 0.277910 0.000000 273.962161 -0.277910 0.960607 0.000000 -47.128751 0.000000 0.000000 1.000000 0.000000
0.960542 0.278136 0.000000 273.964191 -0.278136 0.960542 0.000000 -47.129578 0.000000 0.000000 1.000000 0.000000
0.960500 0.278281 0.000000 273.965274 -0.278281 0.960500 0.000000 -47.131164 0.000000 0.000000 1.000000 0.000000
0.960466 0.278397 0.000000 273.966452 -0.278397 0.960466 0.000000 -47.131296 0.000000 0.000000 1.000000 0.000000
0.960434 0.278507 0.000000 273.967056 -0.278507 0.960434 0.000000 -47.130757 0.000000 0.000000 1.000000 0.000000
0.960441 0.278482 0.000000 273.967786 -0.278482 0.960441 0.000000 -47.130683 0.000000 0.000000 1.000000 0.000000
0.960418 0.278561 0.000000 273.967717 -0.278561 0.960418 0.000000 -47.129648 0.000000 0.000000 1.000000 0.000000
0.960376 0.278708 0.000000 273.967461 -0.278708 0.960376 0.000000 -47.128206 0.000000 0.000000 1.000000 0.000000
0.960371 0.278725 0.000000 273.967417 -0.278725 0.960371 0.000000 -47.127923 0.000000 0.000000 1.000000 0.000000
0.960366 0.278743 0.000000 273.967361 -0.278743 0.960366 0.000000 -47.126979 0.000000 0.000000 1.000000 0.000000
0.960357 0.278775 0.000000 273.967930 -0.278775 0.960357 0.000000 -47.126364 0.000000 0.000000 1.000000 0.000000
0.960331 0.278862 0.000000 273.968090 -0.278862 0.960331 0.000000 -47.125791 0.000000 0.000000 1.000000 0.000000
0.960319 0.278902 0.000000 273.968330 -0.278902 0.960319 0.000000 -47.125128 0.000000 0.000000 1.000000 0.000000
0.960299 0.278972 0.000000 273.968713 -0.278972 0.960299 0.000000 -47.124157 0.000000 0.000000 1.000000 0.000000
0.960295 0.278988 0.000000 273.968628 -0.278988 0.960295 0.000000 -47.124069 0.000000 0.000000 1.000000 0.000000
0.960291 0.279001 0.000000 273.968392 -0.279001 0.960291 0.000000 -47.124032 0.000000 0.000000 1.000000 0.000000
0.960256 0.279121 0.000000 273.968465 -0.279121 0.960256 0.000000 -47.123941 0.000000 0.000000 1.000000 0.000000
0.960213 0.279269 0.000000 273.968723 -0.279269 0.960213 0.000000 -47.123988 0.000000 0.000000 1.000000 0.000000
0.960178 0.279390 0.000000 273.968994 -0.279390 0.960178 0.000000 -47.123993 0.000000 0.000000 1.000000 0.000000
0.960133 0.279544 0.000000 273.968998 -0.279544 0.960133 0.000000 -47.124327 0.000000 0.000000 1.000000 0.000000
0.960109 0.279625 0.000000 273.969332 -0.279625 0.960109 0.000000 -47.124428 0.000000 0.000000 1.000000 0.000000
0.960095 0.279673 0.000000 273.969679 -0.279673 0.960095 0.000000 -47.124732 0.000000 0.000000 1.000000 0.000000
0.960104 0.279645 0.000000 273.969746 -0.279645 0.960104 0.000000 -47.125181 0.000000 0.000000 1.000000 0.000000
0.960108 0.279628 0.000000 273.969642 -0.279628 0.960108 0.000000 -47.125407 0.000000 0.000000 1.000000 0.000000
0.960111 0.279618 0.000000 273.969453 -0.279618 0.960111 0.000000 -47.125519 0.000000 0.000000 1.000000 0.000000
0.960112 0.279615 0.000000 273.969059 -0.279615 0.960112 0.000000 -47.125795 0.000000 0.000000 1.000000 0.000000
0.960098 0.279663 0.000000 273.968753 -0.279663 0.960098 0.000000 -47.126140 0.000000 0.000000 1.000000 0.000000
0.960106 0.279635 0.000000 273.968517 -0.279635 0.960106 0.000000 -47.126431 0.000000 0.000000 1.000000 0.000000
0.960114 0.279608 0.000000 273.968512 -0.279608 0.960114 0.000000 -47.126552 0.000000 0.000000 1.000000 0.000000
0.960107 0.279634 0.000000 273.968516 -0.279634 0.960107 0.000000 -47.126559 0.000000 0.000000 1.000000 0.000000
0.960105 0.279641 0.000000 273.968556 -0.279641 0.960105 0.000000 -47.126443 0.000000 0.000000 1.000000 0.000000
0.960110 0.279622 0.000000 273.968756 -0.279622 0.960110 0.000000 -47.126007 0.000000 0.000000 1.000000 0.000000
0.960122 0.279582 0.000000 273.969167 -0.279582 0.960122 0.000000 -47.125568 0.000000 0.000000 1.000000 0.000000
0.960101 0.279653 0.000000 273.969672 -0.279653 0.960101 0.000000 -47.125065 0.000000 0.000000 1.000000 0.000000
0.960038 0.279870 0.000000 273.970468 -0.279870 0.960038 0.000000 -47.124491 0.000000 0.000000 1.000000 0.000000
0.960011 0.279962 0.000000 273.970975 -0.279962 0.960011 0.000000 -47.124102 0.000000 0.000000 1.000000 0.000000
0.960007 0.279974 0.000000 273.972145 -0.279974 0.960007 0.000000 -47.123736 0.000000 0.000000 1.000000 0.000000
0.960015 0.279950 0.000000 273.972410 -0.279950 0.960015 0.000000 -47.123687 0.000000 0.000000 1.000000 0.000000
0.959959 0.280142 0.000000 273.972657 -0.280142 0.959959 0.000000 -47.123326 0.000000 0.000000 1.000000 0.000000
0.959944 0.280193 0.000000 273.972849 -0.280193 0.959944 0.000000 -47.123005 0.000000 0.000000 1.000000 0.000000
0.959948 0.280177 0.000000 273.973529 -0.280177 0.959948 0.000000 -47.122675 0.000000 0.000000 1.000000 0.000000
0.959941 0.280204 0.000000 273.975012 -0.280204 0.959941 0.000000 -47.121944 0.000000 0.000000 1.000000 0.000000
0.959949 0.280176 0.000000 273.976555 -0.280176 0.959949 0.000000 -47.121396 0.000000 0.000000 1.000000 0.000000
0.959942 0.280197 0.000000 273.977943 -0.280197 0.959942 0.000000 -47.120679 0.000000 0.000000 1.000000 0.000000
0.959949 0.280176 0.000000 273.978712 -0.280176 0.959949 0.000000 -47.120238 0.000000 0.000000 1.000000 0.000000
0.959957 0.280147 0.000000 273.979962 -0.280147 0.959957 0.000000 -47.119454 0.000000 0.000000 1.000000 0.000000
0.959965 0.280120 0.000000 273.980940 -0.280120 0.959965 0.000000 -47.118825 0.000000 0.000000 1.000000 0.000000
0.959972 0.280094 0.000000 273.981327 -0.280094 0.959972 0.000000 -47.118495 0.000000 0.000000 1.000000 0.000000
0.959991 0.280030 0.000000 273.981910 -0.280030 0.959991 0.000000 -47.118141 0.000000 0.000000 1.000000 0.000000
0.959984 0.280054 0.000000 273.981809 -0.280054 0.959984 0.000000 -47.118106 0.000000 0.000000 1.000000 0.000000
0.959969 0.280108 0.000000 273.981931 -0.280108 0.959969 0.000000 -47.117860 0.000000 0.000000 1.000000 0.000000
0.959985 0.280053 0.000000 273.982249 -0.280053 0.959985 0.000000 -47.117635 0.000000 0.000000 1.000000 0.000000
0.959987 0.280046 0.000000 273.982919 -0.280046 0.959987 0.000000 -47.117250 0.000000 0.000000 1.000000 0.000000
0.959896 0.280356 0.000000 273.983394 -0.280356 0.959896 0.000000 -47.116468 0.000000 0.000000 1.000000 0.000000
0.959935 0.280224 0.000000 273.984231 -0.280224 0.959935 0.000000 -47.116220 0.000000 0.000000 1.000000 0.000000
0.959944 0.280190 0.000000 273.985235 -0.280190 0.959944 0.000000 -47.115828 0.000000 0.000000 1.000000 0.000000
0.959953 0.280163 0.000000 273.985700 -0.280163 0.959953 0.000000 -47.115558 0.000000 0.000000 1.000000 0.000000
0.959956 0.280152 0.000000 273.986377 -0.280152 0.959956 0.000000 -47.115145 0.000000 0.000000 1.000000 0.000000
0.959960 0.280139 0.000000 273.986538 -0.280139 0.959960 0.000000 -47.114928 0.000000 0.000000 1.000000 0.000000
0.959972 0.280097 0.000000 273.986532 -0.280097 0.959972 0.000000 -47.114744 0.000000 0.000000 1.000000 0.000000
0.959980 0.280069 0.000000 273.986451 -0.280069 0.959980 0.000000 -47.114594 0.000000 0.000000 1.000000 0.000000
0.959994 0.280020 0.000000 273.986575 -0.280020 0.959994 0.000000 -47.114426 0.000000 0.000000 1.000000 0.000000
0.960007 0.279977 0.000000 273.986641 -0.279977 0.960007 0.000000 -47.114268 0.000000 0.000000 1.000000 0.000000
0.960014 0.279951 0.000000 273.986833 -0.279951 0.960014 0.000000 -47.113996 0.000000 0.000000 1.000000 0.000000
0.960024 0.279916 0.000000 273.987341 -0.279916 0.960024 0.000000 -47.113491 0.000000 0.000000 1.000000 0.000000
0.960033 0.279886 0.000000 273.987797 -0.279886 0.960033 0.000000 -47.113084 0.000000 0.000000 1.000000 0.000000
0.960044 0.279848 0.000000 273.988371 -0.279848 0.960044 0.000000 -47.112642 0.000000 0.000000 1.000000 0.000000
0.960049 0.279830 0.000000 273.988541 -0.279830 0.960049 0.000000 -47.112617 0.000000 0.000000 1.000000 0.000000
0.960040 0.279864 0.000000 273.988746 -0.279864 0.960040 0.000000 -47.112514 0.000000 0.000000 1.000000 0.000000
0.960034 0.279883 0.000000 273.988782 -0.279883 0.960034 0.000000 -47.112472 0.000000 0.000000 1.000000 0.000000
0.960034 0.279884 0.000000 273.988917 -0.279884 0.960034 0.000000 -47.112430 0.000000 0.000000 1.000000 0.000000
0.960022 0.279924 0.000000 273.988993 -0.279924 0.960022 0.000000 -47.112407 0.000000 0.000000 1.000000 0.000000
0.960006 0.279979 0.000000 273.989299 -0.279979 0.960006 0.000000 -47.112227 0.000000 0.000000 1.000000 0.000000
0.959992 0.280027 0.000000 273.989696 -0.280027 0.959992 0.000000 -47.111918 0.000000 0.000000 1.000000 0.000000
0.959982 0.280063 0.000000 273.989833 -0.280063 0.959982 0.000000 -47.111849 0.000000 0.000000 1.000000 0.000000
0.959952 0.280163 0.000000 273.989926 -0.280163 0.959952 0.000000 -47.111684 0.000000 0.000000 1.000000 0.000000
0.959934 0.280225 0.000000 273.990134 -0.280225 0.959934 0.000000 -47.111471 0.000000 0.000000 1.000000 0.000000
0.959910 0.280308 0.000000 273.990273 -0.280308 0.959910 0.000000 -47.111409 0.000000 0.000000 1.000000 0.000000
0.959903 0.280332 0.000000 273.990383 -0.280332 0.959903 0.000000 -47.111211 0.000000 0.000000 1.000000 0.000000
0.959926 0.280255 0.000000 273.990325 -0.280255 0.959926 0.000000 -47.111119 0.000000 0.000000 1.000000 0.000000
0.959938 0.280213 0.000000 273.990213 -0.280213 0.959938 0.000000 -47.111150 0.000000 0.000000 1.000000 0.000000
0.959921 0.280271 0.000000 273.990122 -0.280271 0.959921 0.000000 -47.111096 0.000000 0.000000 1.000000 0.000000
0.959880 0.280411 0.000000 273.989730 -0.280411 0.959880 0.000000 -47.111024 0.000000 0.000000 1.000000 0.000000
0.959820 0.280616 0.000000 273.989390 -0.280616 0.959820 0.000000 -47.110379 0.000000 0.000000 1.000000 0.000000
0.959825 0.280600 0.000000 273.988965 -0.280600 0.959825 0.000000 -47.110599 0.000000 0.000000 1.000000 0.000000
0.959837 0.280559 0.000000 273.988734 -0.280559 0.959837 0.000000 -47.110630 0.000000 0.000000 1.000000 0.000000
0.959850 0.280515 0.000000 273.988524 -0.280515 0.959850 0.000000 -47.110556 0.000000 0.000000 1.000000 0.000000
0.959852 0.280506 0.000000 273.987981 -0.280506 0.959852 0.000000 -47.110881 0.000000 0.000000 1.000000 0.000000
0.959837 0.280557 0.000000 273.987431 -0.280557 0.959837 0.000000 -47.111083 0.000000 0.000000 1.000000 0.000000
0.959837 0.280557 0.000000 273.987071 -0.280557 0.959837 0.000000 -47.111627 0.000000 0.000000 1.000000 0.000000
0.959809 0.280653 0.000000 273.986875 -0.280653 0.959809 0.000000 -47.111775 0.000000 0.000000 1.000000 0.000000
0.959801 0.280683 0.000000 273.986893 -0.280683 0.959801 0.000000 -47.111511 0.000000 0.000000 1.000000 0.000000
0.959799 0.280688 0.000000 273.986633 -0.280688 0.959799 0.000000 -47.111348 0.000000 0.000000 1.000000 0.000000
0.959805 0.280666 0.000000 273.986141 -0.280666 0.959805 0.000000 -47.111240 0.000000 0.000000 1.000000 0.000000
0.959841 0.280545 0.000000 273.985388 -0.280545 0.959841 0.000000 -47.111823 0.000000 0.000000 1.000000 0.000000
0.959908 0.280316 0.000000 273.984723 -0.280316 0.959908 0.000000 -47.111540 0.000000 0.000000 1.000000 0.000000
0.959957 0.280147 0.000000 273.984072 -0.280147 0.959957 0.000000 -47.111856 0.000000 0.000000 1.000000 0.000000
0.959996 0.280015 0.000000 273.982364 -0.280015 0.959996 0.000000 -47.111907 0.000000 0.000000 1.000000 0.000000
0.960024 0.279918 0.000000 273.981444 -0.279918 0.960024 0.000000 -47.111633 0.000000 0.000000 1.000000 0.000000
0.960000 0.279999 0.000000 273.981211 -0.279999 0.960000 0.000000 -47.110410 0.000000 0.000000 1.000000 0.000000
0.959997 0.280012 0.000000 273.981582 -0.280012 0.959997 0.000000 -47.109494 0.000000 0.000000 1.000000 0.000000
0.959988 0.280042 0.000000 273.981933 -0.280042 0.959988 0.000000 -47.109047 0.000000 0.000000 1.000000 0.000000
0.959970 0.280101 0.000000 273.982894 -0.280101 0.959970 0.000000 -47.108514 0.000000 0.000000 1.000000 0.000000
0.959952 0.280164 0.000000 273.984027 -0.280164 0.959952 0.000000 -47.108131 0.000000 0.000000 1.000000 0.000000
0.959921 0.280269 0.000000 273.985284 -0.280269 0.959921 0.000000 -47.107962 0.000000 0.000000 1.000000 0.000000
0.959918 0.280279 0.000000 273.986321 -0.280279 0.959918 0.000000 -47.108061 0.000000 0.000000 1.000000 0.000000
0.959930 0.280241 0.000000 273.987392 -0.280241 0.959930 0.000000 -47.108348 0.000000 0.000000 1.000000 0.000000
0.959857 0.280491 0.000000 273.988681 -0.280491 0.959857 0.000000 -47.108246 0.000000 0.000000 1.000000 0.000000
0.959803 0.280675 0.000000 273.989008 -0.280675 0.959803 0.000000 -47.108137 0.000000 0.000000 1.000000 0.000000
0.959784 0.280740 0.000000 273.989368 -0.280740 0.959784 0.000000 -47.107729 0.000000 0.000000 1.000000 0.000000
0.959774 0.280773 0.000000 273.989908 -0.280773 0.959774 0.000000 -47.108056 0.000000 0.000000 1.000000 0.000000
0.959751 0.280851 0.000000 273.989692 -0.280851 0.959751 0.000000 -47.108336 0.000000 0.000000 1.000000 0.000000
0.959746 0.280869 0.000000 273.989583 -0.280869 0.959746 0.000000 -47.108091 0.000000 0.000000 1.000000 0.000000
0.959728 0.280932 0.000000 273.988618 -0.280932 0.959728 0.000000 -47.107127 0.000000 0.000000 1.000000 0.000000
0.959723 0.280949 0.000000 273.988143 -0.280949 0.959723 0.000000 -47.106474 0.000000 0.000000 1.000000 0.000000
0.959729 0.280928 0.000000 273.987334 -0.280928 0.959729 0.000000 -47.106191 0.000000 0.000000 1.000000 0.000000
0.959696 0.281041 0.000000 273.986838 -0.281041 0.959696 0.000000 -47.105676 0.000000 0.000000 1.000000 0.000000
0.959713 0.280981 0.000000 273.987016 -0.280981 0.959713 0.000000 -47.104963 0.000000 0.000000 1.000000 0.000000
0.959711 0.280990 0.000000 273.986487 -0.280990 0.959711 0.000000 -47.104435 0.000000 0.000000 1.000000 0.000000
0.959721 0.280955 0.000000 273.986255 -0.280955 0.959721 0.000000 -47.104397 0.000000 0.000000 1.000000 0.000000
0.959739 0.280893 0.000000 273.986236 -0.280893 0.959739 0.000000 -47.104416 0.000000 0.000000 1.000000 0.000000
0.959769 0.280792 0.000000 273.985983 -0.280792 0.959769 0.000000 -47.104683 0.000000 0.000000 1.000000 0.000000
0.959792 0.280711 0.000000 273.985265 -0.280711 0.959792 0.000000 -47.105150 0.000000 0.000000 1.000000 0.000000
0.959788 0.280727 0.000000 273.984819 -0.280727 0.959788 0.000000 -47.105651 0.000000 0.000000 1.000000 0.000000
0.959774 0.280775 0.000000 273.984231 -0.280775 0.959774 0.000000 -47.106172 0.000000 0.000000 1.000000 0.000000
0.959771 0.280783 0.000000 273.983299 -0.280783 0.959771 0.000000 -47.106513 0.000000 0.000000 1.000000 0.000000
0.959788 0.280726 0.000000 273.982693 -0.280726 0.959788 0.000000 -47.106428 0.000000 0.000000 1.000000 0.000000
0.959805 0.280668 0.000000 273.982568 -0.280668 0.959805 0.000000 -47.106273 0.000000 0.000000 1.000000 0.000000
0.959816 0.280629 0.000000 273.981932 -0.280629 0.959816 0.000000 -47.106192 0.000000 0.000000 1.000000 0.000000
0.959821 0.280614 0.000000 273.981560 -0.280614 0.959821 0.000000 -47.106192 0.000000 0.000000 1.000000 0.000000
0.959834 0.280567 0.000000 273.981749 -0.280567 0.959834 0.000000 -47.106046 0.000000 0.000000 1.000000 0.000000
0.959867 0.280456 0.000000 273.982897 -0.280456 0.959867 0.000000 -47.106121 0.000000 0.000000 1.000000 0.000000
0.959891 0.280373 0.000000 273.983778 -0.280373 0.959891 0.000000 -47.107117 0.000000 0.000000 1.000000 0.000000
0.959884 0.280399 0.000000 273.985952 -0.280399 0.959884 0.000000 -47.109283 0.000000 0.000000 1.000000 0.000000
0.959841 0.280543 0.000000 273.987993 -0.280543 0.959841 0.000000 -47.110264 0.000000 0.000000 1.000000 0.000000
0.959810 0.280651 0.000000 273.990352 -0.280651 0.959810 0.000000 -47.110793 0.000000 0.000000 1.000000 0.000000
0.959779 0.280755 0.000000 273.992318 -0.280755 0.959779 0.000000 -47.111201 0.000000 0.000000 1.000000 0.000000
0.959764 0.280806 0.000000 273.994474 -0.280806 0.959764 0.000000 -47.111301 0.000000 0.000000 1.000000 0.000000
