0.999998 0.002102 0.000000 0.814384 -0.002102 0.999998 0.000000 -0.017893 0.000000 0.000000 1.000000 0.000000
1.000000 0.000596 0.000000 1.394107 -0.000596 1.000000 0.000000 -0.028239 0.000000 0.000000 1.000000 0.000000
0.999998 0.002175 0.000000 2.011469 -0.002175 0.999998 0.000000 -0.034914 0.000000 0.000000 1.000000 0.000000
1.000000 0.000769 0.000000 2.924904 -0.000769 1.000000 0.000000 -0.054183 0.000000 0.000000 1.000000 0.000000
0.999999 -0.001344 0.000000 3.537113 0.001344 0.999999 0.000000 -0.068778 0.000000 0.000000 1.000000 0.000000
0.999999 -0.001244 0.000000 4.184515 0.001244 0.999999 0.000000 -0.071089 0.000000 0.000000 1.000000 0.000000
0.999994 -0.003560 0.000000 4.813507 0.003560 0.999994 0.000000 -0.081860 0.000000 0.000000 1.000000 0.000000
0.999978 -0.006596 0.000000 6.060766 0.006596 0.999978 0.000000 -0.090997 0.000000 0.000000 1.000000 0.000000
0.999984 -0.005720 0.000000 6.651934 0.005720 0.999984 0.000000 -0.094317 0.000000 0.000000 1.000000 0.000000
0.999990 -0.004396 0.000000 7.295132 0.004396 0.999990 0.000000 -0.110606 0.000000 0.000000 1.000000 0.000000
0.999996 -0.002976 0.000000 7.935808 0.002976 0.999996 0.000000 -0.119778 0.000000 0.000000 1.000000 0.000000
0.999992 -0.004031 0.000000 8.611242 0.004031 0.999992 0.000000 -0.135441 0.000000 0.000000 1.000000 0.000000
0.999991 -0.004258 0.000000 9.238532 0.004258 0.999991 0.000000 -0.155722 0.000000 0.000000 1.000000 0.000000
0.999991 -0.004191 0.000000 9.868258 0.004191 0.999991 0.000000 -0.151663 0.000000 0.000000 1.000000 0.000000
0.999987 -0.005032 0.000000 10.491542 0.005032 0.999987 0.000000 -0.155176 0.000000 0.000000 1.000000 0.000000
0.999982 -0.005977 0.000000 11.109712 0.005977 0.999982 0.000000 -0.166367 0.000000 0.000000 1.000000 0.000000
0.999985 -0.005526 0.000000 11.727158 0.005526 0.999985 0.000000 -0.171936 0.000000 0.000000 1.000000 0.000000
0.999991 -0.004284 0.000000 12.350811 0.004284 0.999991 0.000000 -0.180971 0.000000 0.000000 1.000000 0.000000
0.999987 -0.005113 0.000000 12.960431 0.005113 0.999987 0.000000 -0.203329 0.000000 0.000000 1.000000 0.000000
0.999990 -0.004410 0.000000 13.605775 0.004410 0.999990 0.000000 -0.220399 0.000000 0.000000 1.000000 0.000000
0.999985 -0.005390 0.000000 14.195328 0.005390 0.999985 0.000000 -0.227744 0.000000 0.000000 1.000000 0.000000
0.999985 -0.005515 0.000000 14.813721 0.005515 0.999985 0.000000 -0.238123 0.000000 0.000000 1.000000 0.000000
0.999987 -0.005048 0.000000 15.432842 0.005048 0.999987 0.000000 -0.255328 0.000000 0.000000 1.000000 0.000000
0.999977 -0.006812 0.000000 16.083477 0.006812 0.999977 0.000000 -0.269252 0.000000 0.000000 1.000000 0.000000
0.999968 -0.007981 0.000000 16.706893 0.007981 0.999968 0.000000 -0.280872 0.000000 0.000000 1.000000 0.000000
0.999961 -0.008827 0.000000 17.330083 0.008827 0.999961 0.000000 -0.293777 0.000000 0.000000 1.000000 0.000000
0.999954 -0.009643 0.000000 17.959192 0.009643 0.999954 0.000000 -0.304417 0.000000 0.000000 1.000000 0.000000
0.999963 -0.008548 0.000000 18.588391 0.008548 0.999963 0.000000 -0.316630 0.000000 0.000000 1.000000 0.000000
0.999943 -0.010686 0.000000 19.212693 0.010686 0.999943 0.000000 -0.322587 0.000000 0.000000 1.000000 0.000000
0.999943 -0.010695 0.000000 19.810932 0.010695 0.999943 0.000000 -0.332058 0.000000 0.000000 1.000000 0.000000
0.999931 -0.011731 0.000000 20.428360 0.011731 0.999931 0.000000 -0.340002 0.000000 0.000000 1.000000 0.000000
0.999949 -0.010121 0.000000 21.059276 0.010121 0.999949 0.000000 -0.353007 0.000000 0.000000 1.000000 0.000000
0.999964 -0.008438 0.000000 21.645844 0.008438 0.999964 0.000000 -0.367698 0.000000 0.000000 1.000000 0.000000
0.999940 -0.010958 0.000000 22.275115 0.010958 0.999940 0.000000 -0.390484 0.000000 0.000000 1.000000 0.000000
0.999910 -0.013383 0.000000 22.887904 0.013383 0.999910 0.000000 -0.405461 0.000000 0.000000 1.000000 0.000000
0.999885 -0.015154 0.000000 23.489230 0.015154 0.999885 0.000000 -0.418293 0.000000 0.000000 1.000000 0.000000
0.999891 -0.014778 0.000000 24.117817 0.014778 0.999891 0.000000 -0.425966 0.000000 0.000000 1.000000 0.000000
0.999905 -0.013789 0.000000 24.762071 0.013789 0.999905 0.000000 -0.430787 0.000000 0.000000 1.000000 0.000000
0.999910 -0.013442 0.000000 25.386239 0.013442 0.999910 0.000000 -0.440229 0.000000 0.000000 1.000000 0.000000
0.999928 -0.011973 0.000000 25.985126 0.011973 0.999928 0.000000 -0.445073 0.000000 0.000000 1.000000 0.000000
0.999966 -0.008195 0.000000 26.632045 0.008195 0.999966 0.000000 -0.456306 0.000000 0.000000 1.000000 0.000000
0.999973 -0.007354 0.000000 27.227608 0.007354 0.999973 0.000000 -0.463971 0.000000 0.000000 1.000000 0.000000
0.999965 -0.008356 0.000000 27.847318 0.008356 0.999965 0.000000 -0.481796 0.000000 0.000000 1.000000 0.000000
0.999947 -0.010300 0.000000 28.476215 0.010300 0.999947 0.000000 -0.506286 0.000000 0.000000 1.000000 0.000000
0.999928 -0.012023 0.000000 29.299539 0.012023 0.999928 0.000000 -0.533673 0.000000 0.000000 1.000000 0.000000
0.999936 -0.011310 0.000000 29.935614 0.011310 0.999936 0.000000 -0.536138 0.000000 0.000000 1.000000 0.000000
0.999946 -0.010353 0.000000 30.573000 0.010353 0.999946 0.000000 -0.540779 0.000000 0.000000 1.000000 0.000000
0.999956 -0.009367 0.000000 31.210340 0.009367 0.999956 0.000000 -0.545265 0.000000 0.000000 1.000000 0.000000
0.999964 -0.008512 0.000000 31.838064 0.008512 0.999964 0.000000 -0.557875 0.000000 0.000000 1.000000 0.000000
0.999953 -0.009662 0.000000 32.482109 0.009662 0.999953 0.000000 -0.567046 0.000000 0.000000 1.000000 0.000000
0.999971 -0.007593 0.000000 33.122739 0.007593 0.999971 0.000000 -0.573144 0.000000 0.000000 1.000000 0.000000
0.999981 -0.006105 0.000000 33.779288 0.006105 0.999981 0.000000 -0.585611 0.000000 0.000000 1.000000 0.000000
0.999992 -0.003906 0.000000 34.397274 0.003906 0.999992 0.000000 -0.595526 0.000000 0.000000 1.000000 0.000000
0.999992 -0.003910 0.000000 35.029674 0.003910 0.999992 0.000000 -0.613968 0.000000 0.000000 1.000000 0.000000
0.999998 -0.002067 0.000000 35.665833 0.002067 0.999998 0.000000 -0.630998 0.000000 0.000000 1.000000 0.000000
0.999993 -0.003648 0.000000 36.286778 0.003648 0.999993 0.000000 -0.657184 0.000000 0.000000 1.000000 0.000000
0.999996 -0.002927 0.000000 36.922645 0.002927 0.999996 0.000000 -0.672117 0.000000 0.000000 1.000000 0.000000
0.999998 -0.002068 0.000000 37.559758 0.002068 0.999998 0.000000 -0.678636 0.000000 0.000000 1.000000 0.000000
0.999995 -0.003058 0.000000 38.156788 0.003058 0.999995 0.000000 -0.686635 0.000000 0.000000 1.000000 0.000000
0.999999 -0.001565 0.000000 38.803925 0.001565 0.999999 0.000000 -0.694558 0.000000 0.000000 1.000000 0.000000
0.999999 0.001154 0.000000 39.423970 -0.001154 0.999999 0.000000 -0.696405 0.000000 0.000000 1.000000 0.000000
1.000000 0.000805 0.000000 40.073500 -0.000805 1.000000 0.000000 -0.710408 0.000000 0.000000 1.000000 0.000000
1.000000 -0.000752 0.000000 40.710535 0.000752 1.000000 0.000000 -0.724194 0.000000 0.000000 1.000000 0.000000
1.000000 -0.000015 0.000000 41.321143 0.000015 1.000000 0.000000 -0.737283 0.000000 0.000000 1.000000 0.000000
0.999999 0.001525 0.000000 41.940813 -0.001525 0.999999 0.000000 -0.762482 0.000000 0.000000 1.000000 0.000000
0.999997 0.002366 0.000000 42.589517 -0.002366 0.999997 0.000000 -0.783166 0.000000 0.000000 1.000000 0.000000
0.999996 0.002960 0.000000 43.236059 -0.002960 0.999996 0.000000 -0.788532 0.000000 0.000000 1.000000 0.000000
0.999988 0.004895 0.000000 43.869219 -0.004895 0.999988 0.000000 -0.796612 0.000000 0.000000 1.000000 0.000000
0.999987 0.005103 0.000000 44.530957 -0.005103 0.999987 0.000000 -0.801534 0.000000 0.000000 1.000000 0.000000
0.999994 0.003574 0.000000 45.146434 -0.003574 0.999994 0.000000 -0.807004 0.000000 0.000000 1.000000 0.000000
0.999982 0.006034 0.000000 45.796822 -0.006034 0.999982 0.000000 -0.800342 0.000000 0.000000 1.000000 0.000000
0.999979 0.006533 0.000000 46.457424 -0.006533 0.999979 0.000000 -0.806815 0.000000 0.000000 1.000000 0.000000
0.999965 0.008419 0.000000 47.121102 -0.008419 0.999965 0.000000 -0.825685 0.000000 0.000000 1.000000 0.000000
0.999991 0.004288 0.000000 47.768373 -0.004288 0.999991 0.000000 -0.843724 0.000000 0.000000 1.000000 0.000000
0.999999 0.001640 0.000000 48.400139 -0.001640 0.999999 0.000000 -0.856471 0.000000 0.000000 1.000000 0.000000
0.999999 0.001643 0.000000 49.000629 -0.001643 0.999999 0.000000 -0.862440 0.000000 0.000000 1.000000 0.000000
0.999997 0.002501 0.000000 49.639989 -0.002501 0.999997 0.000000 -0.860488 0.000000 0.000000 1.000000 0.000000
0.999987 0.005097 0.000000 50.284343 -0.005097 0.999987 0.000000 -0.851117 0.000000 0.000000 1.000000 0.000000
0.999984 0.005693 0.000000 50.949220 -0.005693 0.999984 0.000000 -0.853465 0.000000 0.000000 1.000000 0.000000
0.999991 0.004166 0.000000 51.614641 -0.004166 0.999991 0.000000 -0.857279 0.000000 0.000000 1.000000 0.000000
1.000000 0.000850 0.000000 52.263074 -0.000850 1.000000 0.000000 -0.859933 0.000000 0.000000 1.000000 0.000000
0.999997 0.002371 0.000000 53.317460 -0.002371 0.999997 0.000000 -0.884162 0.000000 0.000000 1.000000 0.000000
1.000000 -0.000033 0.000000 54.006992 0.000033 1.000000 0.000000 -0.898130 0.000000 0.000000 1.000000 0.000000
0.999996 0.002894 0.000000 54.636401 -0.002894 0.999996 0.000000 -0.909789 0.000000 0.000000 1.000000 0.000000
0.999997 0.002241 0.000000 55.289572 -0.002241 0.999997 0.000000 -0.924501 0.000000 0.000000 1.000000 0.000000
0.999998 0.001985 0.000000 55.955613 -0.001985 0.999998 0.000000 -0.938658 0.000000 0.000000 1.000000 0.000000
0.999999 0.001293 0.000000 56.613617 -0.001293 0.999999 0.000000 -0.950404 0.000000 0.000000 1.000000 0.000000
0.999997 0.002266 0.000000 57.277335 -0.002266 0.999997 0.000000 -0.965592 0.000000 0.000000 1.000000 0.000000
0.999999 0.001111 0.000000 57.929269 -0.001111 0.999999 0.000000 -0.984178 0.000000 0.000000 1.000000 0.000000
1.000000 -0.000358 0.000000 59.269403 0.000358 1.000000 0.000000 -0.996729 0.000000 0.000000 1.000000 0.000000
1.000000 -0.000034 0.000000 59.923121 0.000034 1.000000 0.000000 -0.988458 0.000000 0.000000 1.000000 0.000000
0.999996 -0.002804 0.000000 60.579052 0.002804 0.999996 0.000000 -0.990002 0.000000 0.000000 1.000000 0.000000
0.999999 -0.001606 0.000000 61.223766 0.001606 0.999999 0.000000 -0.987240 0.000000 0.000000 1.000000 0.000000
0.999999 0.001293 0.000000 61.852015 -0.001293 0.999999 0.000000 -0.985536 0.000000 0.000000 1.000000 0.000000
0.999994 0.003601 0.000000 62.525208 -0.003601 0.999994 0.000000 -0.987580 0.000000 0.000000 1.000000 0.000000
0.999992 0.003873 0.000000 63.163981 -0.003873 0.999992 0.000000 -0.993580 0.000000 0.000000 1.000000 0.000000
0.999991 0.004267 0.000000 63.757592 -0.004267 0.999991 0.000000 -1.002814 0.000000 0.000000 1.000000 0.000000
0.999994 0.003362 0.000000 64.384239 -0.003362 0.999994 0.000000 -1.015975 0.000000 0.000000 1.000000 0.000000
0.999995 0.003247 0.000000 64.983169 -0.003247 0.999995 0.000000 -1.030765 0.000000 0.000000 1.000000 0.000000
0.999993 0.003827 0.000000 65.611291 -0.003827 0.999993 0.000000 -1.053784 0.000000 0.000000 1.000000 0.000000
0.999989 0.004646 0.000000 66.234088 -0.004646 0.999989 0.000000 -1.075520 0.000000 0.000000 1.000000 0.000000
0.999988 0.004890 0.000000 66.817542 -0.004890 0.999988 0.000000 -1.090041 0.000000 0.000000 1.000000 0.000000
0.999983 0.005861 0.000000 67.434117 -0.005861 0.999983 0.000000 -1.101419 0.000000 0.000000 1.000000 0.000000
0.999993 0.003716 0.000000 68.032277 -0.003716 0.999993 0.000000 -1.120437 0.000000 0.000000 1.000000 0.000000
0.999993 0.003700 0.000000 68.583203 -0.003700 0.999993 0.000000 -1.138003 0.000000 0.000000 1.000000 0.000000
0.999997 0.002267 0.000000 69.158915 -0.002267 0.999997 0.000000 -1.159027 0.000000 0.000000 1.000000 0.000000
0.999998 0.002141 0.000000 69.717073 -0.002141 0.999998 0.000000 -1.174051 0.000000 0.000000 1.000000 0.000000
0.999985 0.005562 0.000000 70.320222 -0.005562 0.999985 0.000000 -1.185905 0.000000 0.000000 1.000000 0.000000
0.999982 0.006029 0.000000 70.916042 -0.006029 0.999982 0.000000 -1.204311 0.000000 0.000000 1.000000 0.000000
0.999983 0.005853 0.000000 71.759829 -0.005853 0.999983 0.000000 -1.232844 0.000000 0.000000 1.000000 0.000000
0.999979 0.006527 0.000000 72.365088 -0.006527 0.999979 0.000000 -1.253004 0.000000 0.000000 1.000000 0.000000
0.999975 0.007098 0.000000 72.964040 -0.007098 0.999975 0.000000 -1.274084 0.000000 0.000000 1.000000 0.000000
0.999984 0.005595 0.000000 73.550707 -0.005595 0.999984 0.000000 -1.286854 0.000000 0.000000 1.000000 0.000000
0.999987 0.005024 0.000000 74.141878 -0.005024 0.999987 0.000000 -1.301476 0.000000 0.000000 1.000000 0.000000
0.999996 0.002848 0.000000 74.734095 -0.002848 0.999996 0.000000 -1.315066 0.000000 0.000000 1.000000 0.000000
0.999998 0.001760 0.000000 75.366274 -0.001760 0.999998 0.000000 -1.329828 0.000000 0.000000 1.000000 0.000000
0.999997 0.002422 0.000000 75.961434 -0.002422 0.999997 0.000000 -1.344825 0.000000 0.000000 1.000000 0.000000
0.999997 0.002239 0.000000 76.561606 -0.002239 0.999997 0.000000 -1.367541 0.000000 0.000000 1.000000 0.000000
0.999984 0.005624 0.000000 77.757297 -0.005624 0.999984 0.000000 -1.409890 0.000000 0.000000 1.000000 0.000000
0.999991 0.004182 0.000000 78.349690 -0.004182 0.999991 0.000000 -1.430849 0.000000 0.000000 1.000000 0.000000
0.999980 0.006323 0.000000 78.940491 -0.006323 0.999980 0.000000 -1.457623 0.000000 0.000000 1.000000 0.000000
0.999980 0.006339 0.000000 79.520718 -0.006339 0.999980 0.000000 -1.484252 0.000000 0.000000 1.000000 0.000000
0.999982 0.005993 0.000000 80.102404 -0.005993 0.999982 0.000000 -1.506708 0.000000 0.000000 1.000000 0.000000
0.999970 0.007776 0.000000 80.674437 -0.007776 0.999970 0.000000 -1.524863 0.000000 0.000000 1.000000 0.000000
0.999976 0.006878 0.000000 81.247671 -0.006878 0.999976 0.000000 -1.546540 0.000000 0.000000 1.000000 0.000000
0.999984 0.005582 0.000000 81.812915 -0.005582 0.999984 0.000000 -1.559372 0.000000 0.000000 1.000000 0.000000
0.999984 0.005743 0.000000 82.367153 -0.005743 0.999984 0.000000 -1.571324 0.000000 0.000000 1.000000 0.000000
0.999970 0.007773 0.000000 82.905044 -0.007773 0.999970 0.000000 -1.583158 0.000000 0.000000 1.000000 0.000000
0.999969 0.007920 0.000000 83.448849 -0.007920 0.999969 0.000000 -1.595368 0.000000 0.000000 1.000000 0.000000
0.999970 0.007745 0.000000 83.977993 -0.007745 0.999970 0.000000 -1.606351 0.000000 0.000000 1.000000 0.000000
0.999971 0.007613 0.000000 84.505965 -0.007613 0.999971 0.000000 -1.625240 0.000000 0.000000 1.000000 0.000000
0.999958 0.009212 0.000000 85.016878 -0.009212 0.999958 0.000000 -1.645734 0.000000 0.000000 1.000000 0.000000
0.999942 0.010740 0.000000 85.561390 -0.010740 0.999942 0.000000 -1.668146 0.000000 0.000000 1.000000 0.000000
0.999913 0.013210 0.000000 86.087579 -0.013210 0.999913 0.000000 -1.698718 0.000000 0.000000 1.000000 0.000000
0.999883 0.015272 0.000000 86.597939 -0.015272 0.999883 0.000000 -1.718130 0.000000 0.000000 1.000000 0.000000
0.999886 0.015083 0.000000 87.124316 -0.015083 0.999886 0.000000 -1.746067 0.000000 0.000000 1.000000 0.000000
0.999896 0.014406 0.000000 87.649521 -0.014406 0.999896 0.000000 -1.775333 0.000000 0.000000 1.000000 0.000000
0.999895 0.014489 0.000000 88.120533 -0.014489 0.999895 0.000000 -1.803654 0.000000 0.000000 1.000000 0.000000
0.999879 0.015528 0.000000 88.645280 -0.015528 0.999879 0.000000 -1.836641 0.000000 0.000000 1.000000 0.000000
0.999830 0.018424 0.000000 89.167258 -0.018424 0.999830 0.000000 -1.867347 0.000000 0.000000 1.000000 0.000000
0.999837 0.018027 0.000000 89.655394 -0.018027 0.999837 0.000000 -1.889100 0.000000 0.000000 1.000000 0.000000
0.999828 0.018549 0.000000 90.182949 -0.018549 0.999828 0.000000 -1.908726 0.000000 0.000000 1.000000 0.000000
0.999801 0.019962 0.000000 90.703665 -0.019962 0.999801 0.000000 -1.919054 0.000000 0.000000 1.000000 0.000000
0.999754 0.022189 0.000000 91.191369 -0.022189 0.999754 0.000000 -1.942013 0.000000 0.000000 1.000000 0.000000
0.999730 0.023228 0.000000 91.696467 -0.023228 0.999730 0.000000 -1.970400 0.000000 0.000000 1.000000 0.000000
0.999720 0.023669 0.000000 92.184521 -0.023669 0.999720 0.000000 -1.999448 0.000000 0.000000 1.000000 0.000000
0.999668 0.025748 0.000000 92.715800 -0.025748 0.999668 0.000000 -2.025566 0.000000 0.000000 1.000000 0.000000
0.999655 0.026268 0.000000 93.380677 -0.026268 0.999655 0.000000 -2.057302 0.000000 0.000000 1.000000 0.000000
0.999551 0.029978 0.000000 93.864850 -0.029978 0.999551 0.000000 -2.066717 0.000000 0.000000 1.000000 0.000000
0.999494 0.031814 0.000000 94.331851 -0.031814 0.999494 0.000000 -2.085488 0.000000 0.000000 1.000000 0.000000
0.999461 0.032836 0.000000 94.820608 -0.032836 0.999461 0.000000 -2.103061 0.000000 0.000000 1.000000 0.000000
0.999463 0.032761 0.000000 95.309947 -0.032761 0.999463 0.000000 -2.130646 0.000000 0.000000 1.000000 0.000000
0.999481 0.032219 0.000000 95.772813 -0.032219 0.999481 0.000000 -2.159063 0.000000 0.000000 1.000000 0.000000
0.999432 0.033700 0.000000 96.233349 -0.033700 0.999432 0.000000 -2.180917 0.000000 0.000000 1.000000 0.000000
0.999293 0.037606 0.000000 97.187605 -0.037606 0.999293 0.000000 -2.232614 0.000000 0.000000 1.000000 0.000000
0.999224 0.039379 0.000000 97.662021 -0.039379 0.999224 0.000000 -2.256863 0.000000 0.000000 1.000000 0.000000
0.999083 0.042806 0.000000 98.139368 -0.042806 0.999083 0.000000 -2.285408 0.000000 0.000000 1.000000 0.000000
0.998984 0.045065 0.000000 98.613022 -0.045065 0.998984 0.000000 -2.323381 0.000000 0.000000 1.000000 0.000000
0.998925 0.046354 0.000000 99.098637 -0.046354 0.998925 0.000000 -2.360785 0.000000 0.000000 1.000000 0.000000
0.998755 0.049877 0.000000 99.561509 -0.049877 0.998755 0.000000 -2.394136 0.000000 0.000000 1.000000 0.000000
0.998647 0.052008 0.000000 100.031372 -0.052008 0.998647 0.000000 -2.440612 0.000000 0.000000 1.000000 0.000000
0.998424 0.056119 0.000000 100.486342 -0.056119 0.998424 0.000000 -2.478631 0.000000 0.000000 1.000000 0.000000
0.998243 0.059258 0.000000 100.954015 -0.059258 0.998243 0.000000 -2.523296 0.000000 0.000000 1.000000 0.000000
0.998072 0.062069 0.000000 101.408067 -0.062069 0.998072 0.000000 -2.567205 0.000000 0.000000 1.000000 0.000000
0.997917 0.064512 0.000000 101.835700 -0.064512 0.997917 0.000000 -2.609175 0.000000 0.000000 1.000000 0.000000
0.997799 0.066310 0.000000 102.286031 -0.066310 0.997799 0.000000 -2.653665 0.000000 0.000000 1.000000 0.000000
0.997549 0.069967 0.000000 102.730269 -0.069967 0.997549 0.000000 -2.699097 0.000000 0.000000 1.000000 0.000000
0.997477 0.070997 0.000000 103.161727 -0.070997 0.997477 0.000000 -2.755648 0.000000 0.000000 1.000000 0.000000
0.997203 0.074747 0.000000 103.585465 -0.074747 0.997203 0.000000 -2.805994 0.000000 0.000000 1.000000 0.000000
0.997037 0.076927 0.000000 104.008437 -0.076927 0.997037 0.000000 -2.848989 0.000000 0.000000 1.000000 0.000000
0.996385 0.084953 0.000000 104.429215 -0.084953 0.996385 0.000000 -2.882878 0.000000 0.000000 1.000000 0.000000
0.996132 0.087866 0.000000 104.848387 -0.087866 0.996132 0.000000 -2.925052 0.000000 0.000000 1.000000 0.000000
0.995800 0.091553 0.000000 105.258084 -0.091553 0.995800 0.000000 -2.979898 0.000000 0.000000 1.000000 0.000000
0.995742 0.092185 0.000000 105.671001 -0.092185 0.995742 0.000000 -3.021942 0.000000 0.000000 1.000000 0.000000
0.995362 0.096203 0.000000 106.070717 -0.096203 0.995362 0.000000 -3.087400 0.000000 0.000000 1.000000 0.000000
0.995370 0.096113 0.000000 106.470121 -0.096113 0.995370 0.000000 -3.141743 0.000000 0.000000 1.000000 0.000000
0.994665 0.103160 0.000000 106.864690 -0.103160 0.994665 0.000000 -3.180715 0.000000 0.000000 1.000000 0.000000
0.994228 0.107287 0.000000 107.276004 -0.107287 0.994228 0.000000 -3.231757 0.000000 0.000000 1.000000 0.000000
0.994244 0.107141 0.000000 107.658623 -0.107141 0.994244 0.000000 -3.285636 0.000000 0.000000 1.000000 0.000000
0.993861 0.110639 0.000000 108.037517 -0.110639 0.993861 0.000000 -3.328739 0.000000 0.000000 1.000000 0.000000
0.993445 0.114307 0.000000 108.456900 -0.114307 0.993445 0.000000 -3.384993 0.000000 0.000000 1.000000 0.000000
0.992922 0.118770 0.000000 108.852774 -0.118770 0.992922 0.000000 -3.437412 0.000000 0.000000 1.000000 0.000000
0.992533 0.121976 0.000000 109.430139 -0.121976 0.992533 0.000000 -3.528059 0.000000 0.000000 1.000000 0.000000
0.992306 0.123807 0.000000 109.849646 -0.123807 0.992306 0.000000 -3.584991 0.000000 0.000000 1.000000 0.000000
0.992057 0.125790 0.000000 110.262421 -0.125790 0.992057 0.000000 -3.656292 0.000000 0.000000 1.000000 0.000000
0.991804 0.127766 0.000000 110.686105 -0.127766 0.991804 0.000000 -3.711183 0.000000 0.000000 1.000000 0.000000
0.991488 0.130196 0.000000 111.111921 -0.130196 0.991488 0.000000 -3.773694 0.000000 0.000000 1.000000 0.000000
0.991429 0.130643 0.000000 111.522832 -0.130643 0.991429 0.000000 -3.834753 0.000000 0.000000 1.000000 0.000000
0.991331 0.131390 0.000000 111.936574 -0.131390 0.991331 0.000000 -3.905648 0.000000 0.000000 1.000000 0.000000
0.990986 0.133966 0.000000 112.356324 -0.133966 0.990986 0.000000 -3.967436 0.000000 0.000000 1.000000 0.000000
0.990112 0.140281 0.000000 113.083785 -0.140281 0.990112 0.000000 -4.085716 0.000000 0.000000 1.000000 0.000000
0.990099 0.140372 0.000000 113.498676 -0.140372 0.990099 0.000000 -4.157588 0.000000 0.000000 1.000000 0.000000
0.990267 0.139181 0.000000 113.929017 -0.139181 0.990267 0.000000 -4.234850 0.000000 0.000000 1.000000 0.000000
0.990366 0.138472 0.000000 114.352362 -0.138472 0.990366 0.000000 -4.309020 0.000000 0.000000 1.000000 0.000000
0.990507 0.137463 0.000000 114.799384 -0.137463 0.990507 0.000000 -4.371434 0.000000 0.000000 1.000000 0.000000
0.989939 0.141496 0.000000 115.237582 -0.141496 0.989939 0.000000 -4.431629 0.000000 0.000000 1.000000 0.000000
0.990049 0.140725 0.000000 115.671141 -0.140725 0.990049 0.000000 -4.506695 0.000000 0.000000 1.000000 0.000000
0.990075 0.140538 0.000000 116.109657 -0.140538 0.990075 0.000000 -4.583548 0.000000 0.000000 1.000000 0.000000
0.990017 0.140950 0.000000 116.547576 -0.140950 0.990017 0.000000 -4.657469 0.000000 0.000000 1.000000 0.000000
0.989793 0.142515 0.000000 116.993106 -0.142515 0.989793 0.000000 -4.739956 0.000000 0.000000 1.000000 0.000000
0.989159 0.146848 0.000000 117.431816 -0.146848 0.989159 0.000000 -4.819761 0.000000 0.000000 1.000000 0.000000
0.989122 0.147100 0.000000 118.255213 -0.147100 0.989122 0.000000 -4.968293 0.000000 0.000000 1.000000 0.000000
0.989169 0.146783 0.000000 118.711622 -0.146783 0.989169 0.000000 -5.053623 0.000000 0.000000 1.000000 0.000000
0.989025 0.147745 0.000000 119.163028 -0.147745 0.989025 0.000000 -5.133118 0.000000 0.000000 1.000000 0.000000
0.988764 0.149487 0.000000 119.611743 -0.149487 0.988764 0.000000 -5.221336 0.000000 0.000000 1.000000 0.000000
0.988427 0.151696 0.000000 120.061721 -0.151696 0.988427 0.000000 -5.319025 0.000000 0.000000 1.000000 0.000000
0.988279 0.152657 0.000000 120.524145 -0.152657 0.988279 0.000000 -5.411330 0.000000 0.000000 1.000000 0.000000
0.988154 0.153464 0.000000 120.987086 -0.153464 0.988154 0.000000 -5.508529 0.000000 0.000000 1.000000 0.000000
0.987628 0.156815 0.000000 121.457593 -0.156815 0.987628 0.000000 -5.595801 0.000000 0.000000 1.000000 0.000000
0.987072 0.160280 0.000000 121.955954 -0.160280 0.987072 0.000000 -5.692261 0.000000 0.000000 1.000000 0.000000
0.986607 0.163113 0.000000 122.407163 -0.163113 0.986607 0.000000 -5.776477 0.000000 0.000000 1.000000 0.000000
0.986702 0.162541 0.000000 122.921025 -0.162541 0.986702 0.000000 -5.881727 0.000000 0.000000 1.000000 0.000000
0.986584 0.163254 0.000000 123.404994 -0.163254 0.986584 0.000000 -5.966653 0.000000 0.000000 1.000000 0.000000
0.986250 0.165260 0.000000 123.887609 -0.165260 0.986250 0.000000 -6.052619 0.000000 0.000000 1.000000 0.000000
0.986572 0.163330 0.000000 124.351545 -0.163330 0.986572 0.000000 -6.153882 0.000000 0.000000 1.000000 0.000000
0.986036 0.166531 0.000000 124.826346 -0.166531 0.986036 0.000000 -6.238460 0.000000 0.000000 1.000000 0.000000
0.985729 0.168339 0.000000 125.302784 -0.168339 0.985729 0.000000 -6.334551 0.000000 0.000000 1.000000 0.000000
0.985126 0.171832 0.000000 125.771046 -0.171832 0.985126 0.000000 -6.436384 0.000000 0.000000 1.000000 0.000000
0.984148 0.177350 0.000000 126.240995 -0.177350 0.984148 0.000000 -6.538850 0.000000 0.000000 1.000000 0.000000
0.983993 0.178208 0.000000 126.689862 -0.178208 0.983993 0.000000 -6.645927 0.000000 0.000000 1.000000 0.000000
0.983989 0.178229 0.000000 127.180071 -0.178229 0.983989 0.000000 -6.743045 0.000000 0.000000 1.000000 0.000000
0.983733 0.179637 0.000000 127.669480 -0.179637 0.983733 0.000000 -6.847692 0.000000 0.000000 1.000000 0.000000
0.983694 0.179853 0.000000 128.471442 -0.179853 0.983694 0.000000 -7.007548 0.000000 0.000000 1.000000 0.000000
0.983599 0.180368 0.000000 128.974125 -0.180368 0.983599 0.000000 -7.116178 0.000000 0.000000 1.000000 0.000000
0.985435 0.170051 0.000000 129.964066 -0.170051 0.985435 0.000000 -7.332891 0.000000 0.000000 1.000000 0.000000
0.985182 0.171510 0.000000 130.468952 -0.171510 0.985182 0.000000 -7.438329 0.000000 0.000000 1.000000 0.000000
0.985097 0.171999 0.000000 130.959669 -0.171999 0.985097 0.000000 -7.548661 0.000000 0.000000 1.000000 0.000000
0.984792 0.173738 0.000000 131.469696 -0.173738 0.984792 0.000000 -7.647344 0.000000 0.000000 1.000000 0.000000
0.984988 0.172625 0.000000 131.966142 -0.172625 0.984988 0.000000 -7.749371 0.000000 0.000000 1.000000 0.000000
0.984731 0.174082 0.000000 132.463172 -0.174082 0.984731 0.000000 -7.845320 0.000000 0.000000 1.000000 0.000000
0.984686 0.174336 0.000000 132.983854 -0.174336 0.984686 0.000000 -7.946500 0.000000 0.000000 1.000000 0.000000
0.984251 0.176774 0.000000 133.468227 -0.176774 0.984251 0.000000 -8.040472 0.000000 0.000000 1.000000 0.000000
0.984000 0.178169 0.000000 133.974319 -0.178169 0.984000 0.000000 -8.143030 0.000000 0.000000 1.000000 0.000000
0.984217 0.176964 0.000000 134.491835 -0.176964 0.984217 0.000000 -8.241195 0.000000 0.000000 1.000000 0.000000
0.984870 0.173296 0.000000 134.969046 -0.173296 0.984870 0.000000 -8.341580 0.000000 0.000000 1.000000 0.000000
0.984823 0.173562 0.000000 135.478656 -0.173562 0.984823 0.000000 -8.440166 0.000000 0.000000 1.000000 0.000000
0.984805 0.173666 0.000000 136.005196 -0.173666 0.984805 0.000000 -8.541959 0.000000 0.000000 1.000000 0.000000
0.984348 0.176234 0.000000 136.484512 -0.176234 0.984348 0.000000 -8.621986 0.000000 0.000000 1.000000 0.000000
0.984969 0.172733 0.000000 136.997063 -0.172733 0.984969 0.000000 -8.709374 0.000000 0.000000 1.000000 0.000000
0.984383 0.176038 0.000000 137.527045 -0.176038 0.984383 0.000000 -8.813377 0.000000 0.000000 1.000000 0.000000
0.984029 0.178008 0.000000 138.150604 -0.178008 0.984029 0.000000 -8.923840 0.000000 0.000000 1.000000 0.000000
0.983829 0.179113 0.000000 138.703770 -0.179113 0.983829 0.000000 -9.030211 0.000000 0.000000 1.000000 0.000000
0.983416 0.181365 0.000000 139.192329 -0.181365 0.983416 0.000000 -9.126079 0.000000 0.000000 1.000000 0.000000
0.983384 0.181535 0.000000 139.706196 -0.181535 0.983384 0.000000 -9.238504 0.000000 0.000000 1.000000 0.000000
0.982470 0.186422 0.000000 140.224720 -0.186422 0.982470 0.000000 -9.356369 0.000000 0.000000 1.000000 0.000000
0.981971 0.189030 0.000000 140.743403 -0.189030 0.981971 0.000000 -9.477671 0.000000 0.000000 1.000000 0.000000
0.980739 0.195324 0.000000 144.539546 -0.195324 0.980739 0.000000 -10.333961 0.000000 0.000000 1.000000 0.000000
0.980862 0.194705 0.000000 145.058453 -0.194705 0.980862 0.000000 -10.436200 0.000000 0.000000 1.000000 0.000000
0.981576 0.191073 0.000000 146.211557 -0.191073 0.981576 0.000000 -10.679091 0.000000 0.000000 1.000000 0.000000
0.980372 0.197155 0.000000 147.335024 -0.197155 0.980372 0.000000 -10.936447 0.000000 0.000000 1.000000 0.000000
0.980109 0.198460 0.000000 147.898091 -0.198460 0.980109 0.000000 -11.071908 0.000000 0.000000 1.000000 0.000000
0.979997 0.199013 0.000000 148.461382 -0.199013 0.979997 0.000000 -11.202442 0.000000 0.000000 1.000000 0.000000
0.979916 0.199410 0.000000 149.018271 -0.199410 0.979916 0.000000 -11.341955 0.000000 0.000000 1.000000 0.000000
0.980223 0.197896 0.000000 149.572115 -0.197896 0.980223 0.000000 -11.496609 0.000000 0.000000 1.000000 0.000000
0.981006 0.193975 0.000000 150.137888 -0.193975 0.981006 0.000000 -11.635087 0.000000 0.000000 1.000000 0.000000
0.980361 0.197213 0.000000 150.707627 -0.197213 0.980361 0.000000 -11.780112 0.000000 0.000000 1.000000 0.000000
0.980269 0.197670 0.000000 151.292339 -0.197670 0.980269 0.000000 -11.919818 0.000000 0.000000 1.000000 0.000000
0.980424 0.196896 0.000000 151.869550 -0.196896 0.980424 0.000000 -12.069996 0.000000 0.000000 1.000000 0.000000
0.980257 0.197728 0.000000 152.785191 -0.197728 0.980257 0.000000 -12.291748 0.000000 0.000000 1.000000 0.000000
0.979581 0.201049 0.000000 153.361803 -0.201049 0.979581 0.000000 -12.427334 0.000000 0.000000 1.000000 0.000000
0.980054 0.198729 0.000000 153.921545 -0.198729 0.980054 0.000000 -12.576057 0.000000 0.000000 1.000000 0.000000
0.979671 0.200613 0.000000 154.487821 -0.200613 0.979671 0.000000 -12.715061 0.000000 0.000000 1.000000 0.000000
0.979432 0.201773 0.000000 155.088398 -0.201773 0.979432 0.000000 -12.865608 0.000000 0.000000 1.000000 0.000000
0.979098 0.203387 0.000000 155.620977 -0.203387 0.979098 0.000000 -12.995052 0.000000 0.000000 1.000000 0.000000
0.979138 0.203196 0.000000 156.239585 -0.203196 0.979138 0.000000 -13.152940 0.000000 0.000000 1.000000 0.000000
0.979388 0.201988 0.000000 156.810934 -0.201988 0.979388 0.000000 -13.304321 0.000000 0.000000 1.000000 0.000000
0.979501 0.201438 0.000000 157.394532 -0.201438 0.979501 0.000000 -13.441539 0.000000 0.000000 1.000000 0.000000
0.979669 0.200618 0.000000 157.967116 -0.200618 0.979669 0.000000 -13.571637 0.000000 0.000000 1.000000 0.000000
0.979723 0.200357 0.000000 158.531976 -0.200357 0.979723 0.000000 -13.708308 0.000000 0.000000 1.000000 0.000000
0.979991 0.199043 0.000000 159.096335 -0.199043 0.979991 0.000000 -13.842401 0.000000 0.000000 1.000000 0.000000
0.980185 0.198084 0.000000 159.671642 -0.198084 0.980185 0.000000 -13.971631 0.000000 0.000000 1.000000 0.000000
0.980083 0.198589 0.000000 160.235322 -0.198589 0.980083 0.000000 -14.092717 0.000000 0.000000 1.000000 0.000000
0.980370 0.197165 0.000000 160.812877 -0.197165 0.980370 0.000000 -14.224411 0.000000 0.000000 1.000000 0.000000
0.979739 0.200281 0.000000 161.386017 -0.200281 0.979739 0.000000 -14.341869 0.000000 0.000000 1.000000 0.000000
0.979356 0.202144 0.000000 162.527886 -0.202144 0.979356 0.000000 -14.603998 0.000000 0.000000 1.000000 0.000000
0.979203 0.202882 0.000000 163.096823 -0.202882 0.979203 0.000000 -14.735135 0.000000 0.000000 1.000000 0.000000
0.979428 0.201793 0.000000 163.636326 -0.201793 0.979428 0.000000 -14.856658 0.000000 0.000000 1.000000 0.000000
0.979278 0.202522 0.000000 164.235110 -0.202522 0.979278 0.000000 -14.995012 0.000000 0.000000 1.000000 0.000000
0.979003 0.203845 0.000000 164.808499 -0.203845 0.979003 0.000000 -15.116260 0.000000 0.000000 1.000000 0.000000
0.979273 0.202543 0.000000 165.931388 -0.202543 0.979273 0.000000 -15.372222 0.000000 0.000000 1.000000 0.000000
0.979424 0.201812 0.000000 166.509992 -0.201812 0.979424 0.000000 -15.496958 0.000000 0.000000 1.000000 0.000000
0.979143 0.203173 0.000000 167.062199 -0.203173 0.979143 0.000000 -15.631819 0.000000 0.000000 1.000000 0.000000
0.978937 0.204161 0.000000 167.638459 -0.204161 0.978937 0.000000 -15.757742 0.000000 0.000000 1.000000 0.000000
0.979247 0.202671 0.000000 168.214783 -0.202671 0.979247 0.000000 -15.886681 0.000000 0.000000 1.000000 0.000000
0.979045 0.203644 0.000000 168.764031 -0.203644 0.979045 0.000000 -15.993438 0.000000 0.000000 1.000000 0.000000
0.978582 0.205856 0.000000 169.525750 -0.205856 0.978582 0.000000 -16.155758 0.000000 0.000000 1.000000 0.000000
0.977683 0.210086 0.000000 170.104730 -0.210086 0.977683 0.000000 -16.273905 0.000000 0.000000 1.000000 0.000000
0.977532 0.210785 0.000000 170.675194 -0.210785 0.977532 0.000000 -16.403644 0.000000 0.000000 1.000000 0.000000
0.976555 0.215270 0.000000 171.287631 -0.215270 0.976555 0.000000 -16.535690 0.000000 0.000000 1.000000 0.000000
0.976720 0.214517 0.000000 171.830897 -0.214517 0.976720 0.000000 -16.663810 0.000000 0.000000 1.000000 0.000000
0.977375 0.211512 0.000000 172.441145 -0.211512 0.977375 0.000000 -16.823461 0.000000 0.000000 1.000000 0.000000
0.976596 0.215084 0.000000 173.012402 -0.215084 0.976596 0.000000 -16.963492 0.000000 0.000000 1.000000 0.000000
0.977190 0.212365 0.000000 173.592503 -0.212365 0.977190 0.000000 -17.101363 0.000000 0.000000 1.000000 0.000000
0.976288 0.216476 0.000000 174.183613 -0.216476 0.976288 0.000000 -17.233983 0.000000 0.000000 1.000000 0.000000
0.976952 0.213459 0.000000 174.750719 -0.213459 0.976952 0.000000 -17.378043 0.000000 0.000000 1.000000 0.000000
0.977207 0.212290 0.000000 175.328581 -0.212290 0.977207 0.000000 -17.517896 0.000000 0.000000 1.000000 0.000000
0.977068 0.212926 0.000000 175.901384 -0.212926 0.977068 0.000000 -17.661144 0.000000 0.000000 1.000000 0.000000
0.978142 0.207938 0.000000 176.480885 -0.207938 0.978142 0.000000 -17.800146 0.000000 0.000000 1.000000 0.000000
0.978871 0.204479 0.000000 177.058014 -0.204479 0.978871 0.000000 -17.931212 0.000000 0.000000 1.000000 0.000000
0.978625 0.205653 0.000000 177.629643 -0.205653 0.978625 0.000000 -18.041234 0.000000 0.000000 1.000000 0.000000
0.978084 0.208213 0.000000 178.209113 -0.208213 0.978084 0.000000 -18.172877 0.000000 0.000000 1.000000 0.000000
0.977799 0.209546 0.000000 178.785508 -0.209546 0.977799 0.000000 -18.308553 0.000000 0.000000 1.000000 0.000000
0.977536 0.210768 0.000000 179.323646 -0.210768 0.977536 0.000000 -18.436198 0.000000 0.000000 1.000000 0.000000
0.977583 0.210550 0.000000 179.938825 -0.210550 0.977583 0.000000 -18.580271 0.000000 0.000000 1.000000 0.000000
0.978104 0.208115 0.000000 180.472697 -0.208115 0.978104 0.000000 -18.707327 0.000000 0.000000 1.000000 0.000000
0.978000 0.208604 0.000000 181.058660 -0.208604 0.978000 0.000000 -18.845862 0.000000 0.000000 1.000000 0.000000
0.977867 0.209226 0.000000 181.650868 -0.209226 0.977867 0.000000 -18.977311 0.000000 0.000000 1.000000 0.000000
0.977339 0.211679 0.000000 182.244474 -0.211679 0.977339 0.000000 -19.121064 0.000000 0.000000 1.000000 0.000000
0.975811 0.218614 0.000000 182.826053 -0.218614 0.975811 0.000000 -19.258061 0.000000 0.000000 1.000000 0.000000
0.975971 0.217902 0.000000 183.403281 -0.217902 0.975971 0.000000 -19.399015 0.000000 0.000000 1.000000 0.000000
0.976152 0.217089 0.000000 183.982027 -0.217089 0.976152 0.000000 -19.542094 0.000000 0.000000 1.000000 0.000000
0.976367 0.216121 0.000000 184.571257 -0.216121 0.976367 0.000000 -19.676355 0.000000 0.000000 1.000000 0.000000
0.976376 0.216077 0.000000 185.159916 -0.216077 0.976376 0.000000 -19.816645 0.000000 0.000000 1.000000 0.000000
0.975984 0.217841 0.000000 185.748104 -0.217841 0.975984 0.000000 -19.962936 0.000000 0.000000 1.000000 0.000000
0.976390 0.216016 0.000000 186.329666 -0.216016 0.976390 0.000000 -20.102962 0.000000 0.000000 1.000000 0.000000
0.976481 0.215604 0.000000 186.940325 -0.215604 0.976481 0.000000 -20.239871 0.000000 0.000000 1.000000 0.000000
0.976004 0.217751 0.000000 187.554601 -0.217751 0.976004 0.000000 -20.364100 0.000000 0.000000 1.000000 0.000000
0.975868 0.218360 0.000000 188.117791 -0.218360 0.975868 0.000000 -20.489321 0.000000 0.000000 1.000000 0.000000
0.976022 0.217673 0.000000 188.682848 -0.217673 0.976022 0.000000 -20.630284 0.000000 0.000000 1.000000 0.000000
0.976037 0.217606 0.000000 189.275771 -0.217606 0.976037 0.000000 -20.755422 0.000000 0.000000 1.000000 0.000000
0.975969 0.217908 0.000000 189.843908 -0.217908 0.975969 0.000000 -20.892355 0.000000 0.000000 1.000000 0.000000
0.976534 0.215363 0.000000 190.432578 -0.215363 0.976534 0.000000 -21.037097 0.000000 0.000000 1.000000 0.000000
0.976163 0.217037 0.000000 191.028109 -0.217037 0.976163 0.000000 -21.183310 0.000000 0.000000 1.000000 0.000000
0.976910 0.213652 0.000000 191.580120 -0.213652 0.976910 0.000000 -21.321943 0.000000 0.000000 1.000000 0.000000
0.976911 0.213645 0.000000 192.158603 -0.213645 0.976911 0.000000 -21.462060 0.000000 0.000000 1.000000 0.000000
0.976108 0.217285 0.000000 192.737934 -0.217285 0.976108 0.000000 -21.587372 0.000000 0.000000 1.000000 0.000000
0.976179 0.216965 0.000000 193.290774 -0.216965 0.976179 0.000000 -21.692921 0.000000 0.000000 1.000000 0.000000
0.975749 0.218895 0.000000 193.876701 -0.218895 0.975749 0.000000 -21.817864 0.000000 0.000000 1.000000 0.000000
0.975543 0.219808 0.000000 194.456172 -0.219808 0.975543 0.000000 -21.947298 0.000000 0.000000 1.000000 0.000000
0.975441 0.220261 0.000000 195.282646 -0.220261 0.975441 0.000000 -22.161758 0.000000 0.000000 1.000000 0.000000
0.975069 0.221901 0.000000 195.853886 -0.221901 0.975069 0.000000 -22.292404 0.000000 0.000000 1.000000 0.000000
0.975015 0.222140 0.000000 196.426572 -0.222140 0.975015 0.000000 -22.423820 0.000000 0.000000 1.000000 0.000000
0.975324 0.220778 0.000000 196.993462 -0.220778 0.975324 0.000000 -22.572708 0.000000 0.000000 1.000000 0.000000
0.975208 0.221289 0.000000 197.565982 -0.221289 0.975208 0.000000 -22.717483 0.000000 0.000000 1.000000 0.000000
0.975632 0.219413 0.000000 198.143169 -0.219413 0.975632 0.000000 -22.847947 0.000000 0.000000 1.000000 0.000000
0.976356 0.216169 0.000000 198.712899 -0.216169 0.976356 0.000000 -22.990602 0.000000 0.000000 1.000000 0.000000
0.976188 0.216925 0.000000 199.294680 -0.216925 0.976188 0.000000 -23.131973 0.000000 0.000000 1.000000 0.000000
0.976142 0.217133 0.000000 199.781334 -0.217133 0.976142 0.000000 -23.254435 0.000000 0.000000 1.000000 0.000000
0.975853 0.218429 0.000000 200.777980 -0.218429 0.975853 0.000000 -23.505230 0.000000 0.000000 1.000000 0.000000
0.975819 0.218579 0.000000 201.364907 -0.218579 0.975819 0.000000 -23.650964 0.000000 0.000000 1.000000 0.000000
0.975801 0.218659 0.000000 202.099023 -0.218659 0.975801 0.000000 -23.831787 0.000000 0.000000 1.000000 0.000000
0.975699 0.219117 0.000000 202.822559 -0.219117 0.975699 0.000000 -24.001578 0.000000 0.000000 1.000000 0.000000
0.975305 0.220860 0.000000 203.787203 -0.220860 0.975305 0.000000 -24.226933 0.000000 0.000000 1.000000 0.000000
0.975507 0.219970 0.000000 204.356613 -0.219970 0.975507 0.000000 -24.358664 0.000000 0.000000 1.000000 0.000000
0.975536 0.219840 0.000000 204.943209 -0.219840 0.975536 0.000000 -24.510422 0.000000 0.000000 1.000000 0.000000
0.975410 0.220398 0.000000 205.500952 -0.220398 0.975410 0.000000 -24.657344 0.000000 0.000000 1.000000 0.000000
0.975302 0.220876 0.000000 206.025873 -0.220876 0.975302 0.000000 -24.789431 0.000000 0.000000 1.000000 0.000000
0.975804 0.218647 0.000000 206.589336 -0.218647 0.975804 0.000000 -24.930100 0.000000 0.000000 1.000000 0.000000
0.975124 0.221662 0.000000 207.151278 -0.221662 0.975124 0.000000 -25.069033 0.000000 0.000000 1.000000 0.000000
0.975027 0.222088 0.000000 207.968810 -0.222088 0.975027 0.000000 -25.286338 0.000000 0.000000 1.000000 0.000000
0.975461 0.220172 0.000000 208.544180 -0.220172 0.975461 0.000000 -25.426939 0.000000 0.000000 1.000000 0.000000
0.975544 0.219804 0.000000 209.116772 -0.219804 0.975544 0.000000 -25.563212 0.000000 0.000000 1.000000 0.000000
0.975476 0.220105 0.000000 209.675010 -0.220105 0.975476 0.000000 -25.700948 0.000000 0.000000 1.000000 0.000000
0.976292 0.216458 0.000000 210.263365 -0.216458 0.976292 0.000000 -25.836730 0.000000 0.000000 1.000000 0.000000
0.976229 0.216741 0.000000 210.789967 -0.216741 0.976229 0.000000 -25.962602 0.000000 0.000000 1.000000 0.000000
0.976076 0.217428 0.000000 211.390768 -0.217428 0.976076 0.000000 -26.093812 0.000000 0.000000 1.000000 0.000000
0.976178 0.216972 0.000000 211.894503 -0.216972 0.976178 0.000000 -26.202047 0.000000 0.000000 1.000000 0.000000
0.976169 0.217013 0.000000 212.476301 -0.217013 0.976169 0.000000 -26.342362 0.000000 0.000000 1.000000 0.000000
0.976261 0.216597 0.000000 213.015566 -0.216597 0.976261 0.000000 -26.478176 0.000000 0.000000 1.000000 0.000000
0.976100 0.217324 0.000000 213.563849 -0.217324 0.976100 0.000000 -26.599376 0.000000 0.000000 1.000000 0.000000
0.976643 0.214868 0.000000 214.110116 -0.214868 0.976643 0.000000 -26.725540 0.000000 0.000000 1.000000 0.000000
0.976364 0.216133 0.000000 214.657242 -0.216133 0.976364 0.000000 -26.852543 0.000000 0.000000 1.000000 0.000000
0.976385 0.216038 0.000000 215.217866 -0.216038 0.976385 0.000000 -26.979679 0.000000 0.000000 1.000000 0.000000
0.976781 0.214240 0.000000 215.780151 -0.214240 0.976781 0.000000 -27.119006 0.000000 0.000000 1.000000 0.000000
0.977041 0.213053 0.000000 216.333365 -0.213053 0.977041 0.000000 -27.252170 0.000000 0.000000 1.000000 0.000000
0.975547 0.219792 0.000000 216.877816 -0.219792 0.975547 0.000000 -27.394357 0.000000 0.000000 1.000000 0.000000
0.975924 0.218110 0.000000 217.422517 -0.218110 0.975924 0.000000 -27.533176 0.000000 0.000000 1.000000 0.000000
0.976656 0.214808 0.000000 217.993638 -0.214808 0.976656 0.000000 -27.669672 0.000000 0.000000 1.000000 0.000000
0.977152 0.212541 0.000000 218.547737 -0.212541 0.977152 0.000000 -27.797007 0.000000 0.000000 1.000000 0.000000
0.977954 0.208820 0.000000 219.098957 -0.208820 0.977954 0.000000 -27.922779 0.000000 0.000000 1.000000 0.000000
0.978014 0.208541 0.000000 219.612080 -0.208541 0.978014 0.000000 -28.034377 0.000000 0.000000 1.000000 0.000000
0.978162 0.207845 0.000000 220.169396 -0.207845 0.978162 0.000000 -28.145786 0.000000 0.000000 1.000000 0.000000
0.977831 0.209397 0.000000 220.767632 -0.209397 0.977831 0.000000 -28.264548 0.000000 0.000000 1.000000 0.000000
0.978239 0.207482 0.000000 221.321583 -0.207482 0.978239 0.000000 -28.378291 0.000000 0.000000 1.000000 0.000000
0.978768 0.204970 0.000000 221.875914 -0.204970 0.978768 0.000000 -28.481771 0.000000 0.000000 1.000000 0.000000
0.979002 0.203852 0.000000 222.398066 -0.203852 0.979002 0.000000 -28.598921 0.000000 0.000000 1.000000 0.000000
0.979753 0.200208 0.000000 223.466616 -0.200208 0.979753 0.000000 -28.841126 0.000000 0.000000 1.000000 0.000000
0.980424 0.196896 0.000000 224.004125 -0.196896 0.980424 0.000000 -28.967429 0.000000 0.000000 1.000000 0.000000
0.980681 0.195614 0.000000 224.544166 -0.195614 0.980681 0.000000 -29.090431 0.000000 0.000000 1.000000 0.000000
0.980804 0.194994 0.000000 225.049251 -0.194994 0.980804 0.000000 -29.206788 0.000000 0.000000 1.000000 0.000000
0.980728 0.195377 0.000000 225.594300 -0.195377 0.980728 0.000000 -29.328852 0.000000 0.000000 1.000000 0.000000
0.980921 0.194407 0.000000 226.134232 -0.194407 0.980921 0.000000 -29.440621 0.000000 0.000000 1.000000 0.000000
0.981264 0.192669 0.000000 226.680949 -0.192669 0.981264 0.000000 -29.557401 0.000000 0.000000 1.000000 0.000000
0.981505 0.191435 0.000000 227.184546 -0.191435 0.981505 0.000000 -29.657433 0.000000 0.000000 1.000000 0.000000
0.981882 0.189494 0.000000 227.724370 -0.189494 0.981882 0.000000 -29.767233 0.000000 0.000000 1.000000 0.000000
0.981742 0.190220 0.000000 228.228798 -0.190220 0.981742 0.000000 -29.873348 0.000000 0.000000 1.000000 0.000000
0.981770 0.190071 0.000000 228.747533 -0.190071 0.981770 0.000000 -29.986044 0.000000 0.000000 1.000000 0.000000
0.982076 0.188484 0.000000 229.279789 -0.188484 0.982076 0.000000 -30.102218 0.000000 0.000000 1.000000 0.000000
0.982341 0.187101 0.000000 229.827633 -0.187101 0.982341 0.000000 -30.218421 0.000000 0.000000 1.000000 0.000000
0.982634 0.185553 0.000000 230.332490 -0.185553 0.982634 0.000000 -30.334633 0.000000 0.000000 1.000000 0.000000
0.982698 0.185217 0.000000 230.869706 -0.185217 0.982698 0.000000 -30.444451 0.000000 0.000000 1.000000 0.000000
0.982950 0.183873 0.000000 231.539889 -0.183873 0.982950 0.000000 -30.597366 0.000000 0.000000 1.000000 0.000000
0.983068 0.183243 0.000000 232.183133 -0.183243 0.983068 0.000000 -30.733301 0.000000 0.000000 1.000000 0.000000
0.983199 0.182535 0.000000 232.717115 -0.182535 0.983199 0.000000 -30.832534 0.000000 0.000000 1.000000 0.000000
0.983249 0.182267 0.000000 233.248146 -0.182267 0.983249 0.000000 -30.927031 0.000000 0.000000 1.000000 0.000000
0.983293 0.182031 0.000000 233.774512 -0.182031 0.983293 0.000000 -31.032193 0.000000 0.000000 1.000000 0.000000
0.983779 0.179383 0.000000 234.307354 -0.179383 0.983779 0.000000 -31.128252 0.000000 0.000000 1.000000 0.000000
0.984095 0.177645 0.000000 234.838040 -0.177645 0.984095 0.000000 -31.231243 0.000000 0.000000 1.000000 0.000000
0.984687 0.174330 0.000000 235.746839 -0.174330 0.984687 0.000000 -31.419075 0.000000 0.000000 1.000000 0.000000
0.984412 0.175878 0.000000 236.277415 -0.175878 0.984412 0.000000 -31.522668 0.000000 0.000000 1.000000 0.000000
0.984633 0.174637 0.000000 236.784116 -0.174637 0.984633 0.000000 -31.628231 0.000000 0.000000 1.000000 0.000000
0.984094 0.177647 0.000000 237.305097 -0.177647 0.984094 0.000000 -31.731422 0.000000 0.000000 1.000000 0.000000
0.983865 0.178910 0.000000 237.832023 -0.178910 0.983865 0.000000 -31.839776 0.000000 0.000000 1.000000 0.000000
0.983740 0.179597 0.000000 238.354440 -0.179597 0.983740 0.000000 -31.942344 0.000000 0.000000 1.000000 0.000000
0.984113 0.177542 0.000000 238.886708 -0.177542 0.984113 0.000000 -32.064765 0.000000 0.000000 1.000000 0.000000
0.984099 0.177618 0.000000 239.408104 -0.177618 0.984099 0.000000 -32.182313 0.000000 0.000000 1.000000 0.000000
0.983812 0.179202 0.000000 239.935947 -0.179202 0.983812 0.000000 -32.285339 0.000000 0.000000 1.000000 0.000000
0.983444 0.181211 0.000000 240.467487 -0.181211 0.983444 0.000000 -32.387255 0.000000 0.000000 1.000000 0.000000
0.983529 0.180748 0.000000 240.993325 -0.180748 0.983529 0.000000 -32.501538 0.000000 0.000000 1.000000 0.000000
0.983150 0.182802 0.000000 241.529626 -0.182802 0.983150 0.000000 -32.610640 0.000000 0.000000 1.000000 0.000000
0.983391 0.181502 0.000000 242.061900 -0.181502 0.983391 0.000000 -32.721575 0.000000 0.000000 1.000000 0.000000
0.982986 0.183681 0.000000 242.579373 -0.183681 0.982986 0.000000 -32.828377 0.000000 0.000000 1.000000 0.000000
0.983125 0.182934 0.000000 243.101463 -0.182934 0.983125 0.000000 -32.943465 0.000000 0.000000 1.000000 0.000000
0.983015 0.183528 0.000000 243.615146 -0.183528 0.983015 0.000000 -33.055441 0.000000 0.000000 1.000000 0.000000
0.983238 0.182327 0.000000 244.176532 -0.182327 0.983238 0.000000 -33.183728 0.000000 0.000000 1.000000 0.000000
0.983180 0.182641 0.000000 244.655790 -0.182641 0.983180 0.000000 -33.298375 0.000000 0.000000 1.000000 0.000000
0.983088 0.183136 0.000000 245.176871 -0.183136 0.983088 0.000000 -33.422582 0.000000 0.000000 1.000000 0.000000
0.982616 0.185651 0.000000 245.714752 -0.185651 0.982616 0.000000 -33.549297 0.000000 0.000000 1.000000 0.000000
0.982424 0.186663 0.000000 246.250282 -0.186663 0.982424 0.000000 -33.672482 0.000000 0.000000 1.000000 0.000000
0.982516 0.186180 0.000000 246.778189 -0.186180 0.982516 0.000000 -33.795844 0.000000 0.000000 1.000000 0.000000
0.982472 0.186413 0.000000 247.304061 -0.186413 0.982472 0.000000 -33.904723 0.000000 0.000000 1.000000 0.000000
0.982308 0.187271 0.000000 247.829212 -0.187271 0.982308 0.000000 -34.022851 0.000000 0.000000 1.000000 0.000000
0.982181 0.187937 0.000000 248.354947 -0.187937 0.982181 0.000000 -34.138840 0.000000 0.000000 1.000000 0.000000
0.982083 0.188451 0.000000 248.881572 -0.188451 0.982083 0.000000 -34.248378 0.000000 0.000000 1.000000 0.000000
0.981371 0.192123 0.000000 249.437575 -0.192123 0.981371 0.000000 -34.359294 0.000000 0.000000 1.000000 0.000000
0.981149 0.193252 0.000000 249.932330 -0.193252 0.981149 0.000000 -34.471996 0.000000 0.000000 1.000000 0.000000
0.980690 0.195567 0.000000 250.414101 -0.195567 0.980690 0.000000 -34.589146 0.000000 0.000000 1.000000 0.000000
0.980420 0.196917 0.000000 250.922720 -0.196917 0.980420 0.000000 -34.703237 0.000000 0.000000 1.000000 0.000000
0.978745 0.205083 0.000000 251.956895 -0.205083 0.978745 0.000000 -34.921962 0.000000 0.000000 1.000000 0.000000
0.978601 0.205766 0.000000 252.473119 -0.205766 0.978601 0.000000 -35.033429 0.000000 0.000000 1.000000 0.000000
0.978259 0.207385 0.000000 253.184540 -0.207385 0.978259 0.000000 -35.197070 0.000000 0.000000 1.000000 0.000000
0.978925 0.204221 0.000000 254.165359 -0.204221 0.978925 0.000000 -35.428822 0.000000 0.000000 1.000000 0.000000
0.978887 0.204403 0.000000 254.684112 -0.204403 0.978887 0.000000 -35.554155 0.000000 0.000000 1.000000 0.000000
0.978332 0.207040 0.000000 255.206086 -0.207040 0.978332 0.000000 -35.664464 0.000000 0.000000 1.000000 0.000000
0.978141 0.207942 0.000000 255.710235 -0.207942 0.978141 0.000000 -35.781983 0.000000 0.000000 1.000000 0.000000
0.977910 0.209025 0.000000 256.239080 -0.209025 0.977910 0.000000 -35.896733 0.000000 0.000000 1.000000 0.000000
0.977649 0.210243 0.000000 256.756572 -0.210243 0.977649 0.000000 -36.025778 0.000000 0.000000 1.000000 0.000000
0.977124 0.212668 0.000000 257.268454 -0.212668 0.977124 0.000000 -36.153791 0.000000 0.000000 1.000000 0.000000
0.977173 0.212447 0.000000 257.775092 -0.212447 0.977173 0.000000 -36.268409 0.000000 0.000000 1.000000 0.000000
0.977444 0.211193 0.000000 258.273933 -0.211193 0.977444 0.000000 -36.382887 0.000000 0.000000 1.000000 0.000000
0.978542 0.206047 0.000000 258.772435 -0.206047 0.978542 0.000000 -36.497800 0.000000 0.000000 1.000000 0.000000
0.978480 0.206344 0.000000 259.249617 -0.206344 0.978480 0.000000 -36.585024 0.000000 0.000000 1.000000 0.000000
0.978259 0.207388 0.000000 259.763750 -0.207388 0.978259 0.000000 -36.668713 0.000000 0.000000 1.000000 0.000000
0.977819 0.209452 0.000000 260.262990 -0.209452 0.977819 0.000000 -36.753809 0.000000 0.000000 1.000000 0.000000
0.977698 0.210016 0.000000 260.764028 -0.210016 0.977698 0.000000 -36.846709 0.000000 0.000000 1.000000 0.000000
0.977739 0.209826 0.000000 261.287582 -0.209826 0.977739 0.000000 -36.962542 0.000000 0.000000 1.000000 0.000000
0.977949 0.208845 0.000000 261.787351 -0.208845 0.977949 0.000000 -37.066983 0.000000 0.000000 1.000000 0.000000
0.977691 0.210046 0.000000 262.288571 -0.210046 0.977691 0.000000 -37.184354 0.000000 0.000000 1.000000 0.000000
0.977246 0.212110 0.000000 262.780441 -0.212110 0.977246 0.000000 -37.299278 0.000000 0.000000 1.000000 0.000000
0.976632 0.214920 0.000000 263.270027 -0.214920 0.976632 0.000000 -37.411618 0.000000 0.000000 1.000000 0.000000
0.975986 0.217834 0.000000 263.735632 -0.217834 0.975986 0.000000 -37.521233 0.000000 0.000000 1.000000 0.000000
0.976145 0.217120 0.000000 264.216199 -0.217120 0.976145 0.000000 -37.630226 0.000000 0.000000 1.000000 0.000000
0.976580 0.215154 0.000000 264.682305 -0.215154 0.976580 0.000000 -37.732871 0.000000 0.000000 1.000000 0.000000
0.976397 0.215983 0.000000 265.114303 -0.215983 0.976397 0.000000 -37.824844 0.000000 0.000000 1.000000 0.000000
0.976001 0.217765 0.000000 265.576066 -0.217765 0.976001 0.000000 -37.933634 0.000000 0.000000 1.000000 0.000000
0.975605 0.219533 0.000000 266.034736 -0.219533 0.975605 0.000000 -38.043832 0.000000 0.000000 1.000000 0.000000
0.975570 0.219690 0.000000 266.470362 -0.219690 0.975570 0.000000 -38.143748 0.000000 0.000000 1.000000 0.000000
0.975555 0.219756 0.000000 266.921100 -0.219756 0.975555 0.000000 -38.243308 0.000000 0.000000 1.000000 0.000000
0.975652 0.219326 0.000000 267.345805 -0.219326 0.975652 0.000000 -38.336844 0.000000 0.000000 1.000000 0.000000
0.975929 0.218088 0.000000 267.778813 -0.218088 0.975929 0.000000 -38.443630 0.000000 0.000000 1.000000 0.000000
0.975707 0.219080 0.000000 268.214780 -0.219080 0.975707 0.000000 -38.557217 0.000000 0.000000 1.000000 0.000000
0.975911 0.218170 0.000000 268.677892 -0.218170 0.975911 0.000000 -38.674770 0.000000 0.000000 1.000000 0.000000
0.976415 0.215902 0.000000 269.241316 -0.215902 0.976415 0.000000 -38.807603 0.000000 0.000000 1.000000 0.000000
0.976357 0.216164 0.000000 269.658649 -0.216164 0.976357 0.000000 -38.894658 0.000000 0.000000 1.000000 0.000000
0.975797 0.218678 0.000000 270.084963 -0.218678 0.975797 0.000000 -38.976685 0.000000 0.000000 1.000000 0.000000
0.976321 0.216327 0.000000 270.490027 -0.216327 0.976321 0.000000 -39.068474 0.000000 0.000000 1.000000 0.000000
0.976000 0.217770 0.000000 270.903054 -0.217770 0.976000 0.000000 -39.159494 0.000000 0.000000 1.000000 0.000000
0.976418 0.215891 0.000000 271.304299 -0.215891 0.976418 0.000000 -39.244300 0.000000 0.000000 1.000000 0.000000
0.976046 0.217565 0.000000 271.713389 -0.217565 0.976046 0.000000 -39.343827 0.000000 0.000000 1.000000 0.000000
0.975690 0.219157 0.000000 272.131798 -0.219157 0.975690 0.000000 -39.444809 0.000000 0.000000 1.000000 0.000000
0.975822 0.218566 0.000000 272.516023 -0.218566 0.975822 0.000000 -39.542404 0.000000 0.000000 1.000000 0.000000
0.975678 0.219210 0.000000 272.900998 -0.219210 0.975678 0.000000 -39.630663 0.000000 0.000000 1.000000 0.000000
0.975979 0.217863 0.000000 273.278015 -0.217863 0.975979 0.000000 -39.737739 0.000000 0.000000 1.000000 0.000000
0.976070 0.217455 0.000000 273.647913 -0.217455 0.976070 0.000000 -39.833618 0.000000 0.000000 1.000000 0.000000
0.975793 0.218698 0.000000 274.018739 -0.218698 0.975793 0.000000 -39.924180 0.000000 0.000000 1.000000 0.000000
0.975622 0.219460 0.000000 274.391682 -0.219460 0.975622 0.000000 -40.018418 0.000000 0.000000 1.000000 0.000000
0.975690 0.219156 0.000000 274.744317 -0.219156 0.975690 0.000000 -40.116451 0.000000 0.000000 1.000000 0.000000
0.975720 0.219022 0.000000 275.105435 -0.219022 0.975720 0.000000 -40.199523 0.000000 0.000000 1.000000 0.000000
0.976037 0.217604 0.000000 275.466609 -0.217604 0.976037 0.000000 -40.283567 0.000000 0.000000 1.000000 0.000000
0.975816 0.218593 0.000000 275.819772 -0.218593 0.975816 0.000000 -40.358365 0.000000 0.000000 1.000000 0.000000
0.975638 0.219388 0.000000 276.170604 -0.219388 0.975638 0.000000 -40.442332 0.000000 0.000000 1.000000 0.000000
0.975676 0.219215 0.000000 276.508411 -0.219215 0.975676 0.000000 -40.519737 0.000000 0.000000 1.000000 0.000000
0.975786 0.218728 0.000000 277.183988 -0.218728 0.975786 0.000000 -40.687446 0.000000 0.000000 1.000000 0.000000
0.975618 0.219478 0.000000 277.509299 -0.219478 0.975618 0.000000 -40.763087 0.000000 0.000000 1.000000 0.000000
0.975673 0.219232 0.000000 277.842995 -0.219232 0.975673 0.000000 -40.844482 0.000000 0.000000 1.000000 0.000000
0.975604 0.219539 0.000000 278.156035 -0.219539 0.975604 0.000000 -40.924660 0.000000 0.000000 1.000000 0.000000
0.975607 0.219526 0.000000 278.474719 -0.219526 0.975607 0.000000 -41.004427 0.000000 0.000000 1.000000 0.000000
0.974985 0.222269 0.000000 279.079734 -0.222269 0.974985 0.000000 -41.158818 0.000000 0.000000 1.000000 0.000000
0.974979 0.222299 0.000000 279.376878 -0.222299 0.974979 0.000000 -41.233204 0.000000 0.000000 1.000000 0.000000
0.975284 0.220954 0.000000 279.654942 -0.220954 0.975284 0.000000 -41.308729 0.000000 0.000000 1.000000 0.000000
0.975661 0.219283 0.000000 279.939058 -0.219283 0.975661 0.000000 -41.391696 0.000000 0.000000 1.000000 0.000000
0.975874 0.218336 0.000000 280.188060 -0.218336 0.975874 0.000000 -41.454284 0.000000 0.000000 1.000000 0.000000
0.975019 0.222122 0.000000 282.806968 -0.222122 0.975019 0.000000 -42.073323 0.000000 0.000000 1.000000 0.000000
0.974177 0.225787 0.000000 283.036460 -0.225787 0.974177 0.000000 -42.132457 0.000000 0.000000 1.000000 0.000000
0.973951 0.226758 0.000000 283.265953 -0.226758 0.973951 0.000000 -42.180863 0.000000 0.000000 1.000000 0.000000
0.974525 0.224279 0.000000 283.566404 -0.224279 0.974525 0.000000 -42.248351 0.000000 0.000000 1.000000 0.000000
0.975500 0.220001 0.000000 283.904295 -0.220001 0.975500 0.000000 -42.347717 0.000000 0.000000 1.000000 0.000000
0.975246 0.221121 0.000000 284.196295 -0.221121 0.975246 0.000000 -42.424647 0.000000 0.000000 1.000000 0.000000
0.974790 0.223126 0.000000 284.415566 -0.223126 0.974790 0.000000 -42.498151 0.000000 0.000000 1.000000 0.000000
0.974888 0.222696 0.000000 284.641114 -0.222696 0.974888 0.000000 -42.559063 0.000000 0.000000 1.000000 0.000000
0.974781 0.223162 0.000000 284.858087 -0.223162 0.974781 0.000000 -42.612007 0.000000 0.000000 1.000000 0.000000
0.974841 0.222900 0.000000 285.079592 -0.222900 0.974841 0.000000 -42.667895 0.000000 0.000000 1.000000 0.000000
0.974425 0.224713 0.000000 285.286157 -0.224713 0.974425 0.000000 -42.715517 0.000000 0.000000 1.000000 0.000000
0.974123 0.226018 0.000000 285.499944 -0.226018 0.974123 0.000000 -42.762467 0.000000 0.000000 1.000000 0.000000
0.974789 0.223129 0.000000 285.706857 -0.223129 0.974789 0.000000 -42.813772 0.000000 0.000000 1.000000 0.000000
0.974572 0.224076 0.000000 285.906791 -0.224076 0.974572 0.000000 -42.870626 0.000000 0.000000 1.000000 0.000000
0.974046 0.226352 0.000000 286.104114 -0.226352 0.974046 0.000000 -42.913714 0.000000 0.000000 1.000000 0.000000
0.973843 0.227223 0.000000 286.311108 -0.227223 0.973843 0.000000 -42.959593 0.000000 0.000000 1.000000 0.000000
0.973936 0.226822 0.000000 286.491255 -0.226822 0.973936 0.000000 -42.999977 0.000000 0.000000 1.000000 0.000000
0.974242 0.225506 0.000000 286.683156 -0.225506 0.974242 0.000000 -43.059965 0.000000 0.000000 1.000000 0.000000
0.974304 0.225238 0.000000 286.843122 -0.225238 0.974304 0.000000 -43.102588 0.000000 0.000000 1.000000 0.000000
0.973969 0.226682 0.000000 287.020251 -0.226682 0.973969 0.000000 -43.140105 0.000000 0.000000 1.000000 0.000000
0.973484 0.228754 0.000000 287.209902 -0.228754 0.973484 0.000000 -43.181298 0.000000 0.000000 1.000000 0.000000
0.973733 0.227692 0.000000 287.388782 -0.227692 0.973733 0.000000 -43.222874 0.000000 0.000000 1.000000 0.000000
0.973331 0.229405 0.000000 287.563960 -0.229405 0.973331 0.000000 -43.257678 0.000000 0.000000 1.000000 0.000000
0.972395 0.233343 0.000000 287.735222 -0.233343 0.972395 0.000000 -43.288065 0.000000 0.000000 1.000000 0.000000
0.972235 0.234005 0.000000 287.888391 -0.234005 0.972235 0.000000 -43.318139 0.000000 0.000000 1.000000 0.000000
0.973346 0.229341 0.000000 288.130020 -0.229341 0.973346 0.000000 -43.375908 0.000000 0.000000 1.000000 0.000000
0.973231 0.229829 0.000000 288.280842 -0.229829 0.973231 0.000000 -43.406684 0.000000 0.000000 1.000000 0.000000
0.972607 0.232455 0.000000 288.433759 -0.232455 0.972607 0.000000 -43.436460 0.000000 0.000000 1.000000 0.000000
0.972740 0.231899 0.000000 288.571237 -0.231899 0.972740 0.000000 -43.462410 0.000000 0.000000 1.000000 0.000000
0.972506 0.232880 0.000000 288.819652 -0.232880 0.972506 0.000000 -43.522250 0.000000 0.000000 1.000000 0.000000
0.973401 0.229107 0.000000 288.946467 -0.229107 0.973401 0.000000 -43.546964 0.000000 0.000000 1.000000 0.000000
0.972545 0.232713 0.000000 289.055126 -0.232713 0.972545 0.000000 -43.563165 0.000000 0.000000 1.000000 0.000000
0.972686 0.232124 0.000000 289.157564 -0.232124 0.972686 0.000000 -43.589182 0.000000 0.000000 1.000000 0.000000
0.971964 0.235130 0.000000 289.238421 -0.235130 0.971964 0.000000 -43.607016 0.000000 0.000000 1.000000 0.000000
0.972834 0.231503 0.000000 289.356689 -0.231503 0.972834 0.000000 -43.650846 0.000000 0.000000 1.000000 0.000000
0.972899 0.231229 0.000000 289.425849 -0.231229 0.972899 0.000000 -43.660883 0.000000 0.000000 1.000000 0.000000
0.972357 0.233500 0.000000 289.484515 -0.233500 0.972357 0.000000 -43.664390 0.000000 0.000000 1.000000 0.000000
0.972205 0.234133 0.000000 289.534786 -0.234133 0.972205 0.000000 -43.663823 0.000000 0.000000 1.000000 0.000000
0.971880 0.235476 0.000000 289.554476 -0.235476 0.971880 0.000000 -43.656565 0.000000 0.000000 1.000000 0.000000
0.971853 0.235588 0.000000 289.575878 -0.235588 0.971853 0.000000 -43.652358 0.000000 0.000000 1.000000 0.000000
0.971725 0.236114 0.000000 289.586073 -0.236114 0.971725 0.000000 -43.655897 0.000000 0.000000 1.000000 0.000000
0.971786 0.235866 0.000000 289.595786 -0.235866 0.971786 0.000000 -43.656285 0.000000 0.000000 1.000000 0.000000
0.971954 0.235171 0.000000 289.604541 -0.235171 0.971954 0.000000 -43.663483 0.000000 0.000000 1.000000 0.000000
0.972089 0.234610 0.000000 289.603711 -0.234610 0.972089 0.000000 -43.665877 0.000000 0.000000 1.000000 0.000000
0.972028 0.234865 0.000000 289.601745 -0.234865 0.972028 0.000000 -43.665822 0.000000 0.000000 1.000000 0.000000
0.972105 0.234547 0.000000 289.603326 -0.234547 0.972105 0.000000 -43.665746 0.000000 0.000000 1.000000 0.000000
0.972120 0.234484 0.000000 289.603874 -0.234484 0.972120 0.000000 -43.664874 0.000000 0.000000 1.000000 0.000000
0.972095 0.234587 0.000000 289.605478 -0.234587 0.972095 0.000000 -43.665271 0.000000 0.000000 1.000000 0.000000
0.972066 0.234709 0.000000 289.606227 -0.234709 0.972066 0.000000 -43.665910 0.000000 0.000000 1.000000 0.000000
0.972021 0.234895 0.000000 289.606513 -0.234895 0.972021 0.000000 -43.664597 0.000000 0.000000 1.000000 0.000000
0.971989 0.235026 0.000000 289.606543 -0.235026 0.971989 0.000000 -43.664508 0.000000 0.000000 1.000000 0.000000
0.971997 0.234994 0.000000 289.606727 -0.234994 0.971997 0.000000 -43.663836 0.000000 0.000000 1.000000 0.000000
0.971999 0.234984 0.000000 289.607312 -0.234984 0.971999 0.000000 -43.661399 0.000000 0.000000 1.000000 0.000000
0.971987 0.235036 0.000000 289.607671 -0.235036 0.971987 0.000000 -43.658325 0.000000 0.000000 1.000000 0.000000
0.971994 0.235006 0.000000 289.607954 -0.235006 0.971994 0.000000 -43.658275 0.000000 0.000000 1.000000 0.000000
0.971987 0.235033 0.000000 289.608978 -0.235033 0.971987 0.000000 -43.658290 0.000000 0.000000 1.000000 0.000000
0.971983 0.235052 0.000000 289.609378 -0.235052 0.971983 0.000000 -43.658046 0.000000 0.000000 1.000000 0.000000
0.972008 0.234946 0.000000 289.609780 -0.234946 0.972008 0.000000 -43.659305 0.000000 0.000000 1.000000 0.000000
0.971993 0.235011 0.000000 289.609799 -0.235011 0.971993 0.000000 -43.659722 0.000000 0.000000 1.000000 0.000000
0.971981 0.235060 0.000000 289.609857 -0.235060 0.971981 0.000000 -43.659155 0.000000 0.000000 1.000000 0.000000
0.971994 0.235007 0.000000 289.610552 -0.235007 0.971994 0.000000 -43.659720 0.000000 0.000000 1.000000 0.000000
0.971982 0.235056 0.000000 289.610539 -0.235056 0.971982 0.000000 -43.659688 0.000000 0.000000 1.000000 0.000000
0.971971 0.235099 0.000000 289.609894 -0.235099 0.971971 0.000000 -43.659536 0.000000 0.000000 1.000000 0.000000
0.971952 0.235177 0.000000 289.609340 -0.235177 0.971952 0.000000 -43.660492 0.000000 0.000000 1.000000 0.000000
0.971969 0.235109 0.000000 289.609165 -0.235109 0.971969 0.000000 -43.661262 0.000000 0.000000 1.000000 0.000000
0.971997 0.234993 0.000000 289.609244 -0.234993 0.971997 0.000000 -43.663496 0.000000 0.000000 1.000000 0.000000
0.971989 0.235026 0.000000 289.609176 -0.235026 0.971989 0.000000 -43.664984 0.000000 0.000000 1.000000 0.000000
0.971980 0.235062 0.000000 289.609198 -0.235062 0.971980 0.000000 -43.666576 0.000000 0.000000 1.000000 0.000000
0.972011 0.234936 0.000000 289.608027 -0.234936 0.972011 0.000000 -43.668127 0.000000 0.000000 1.000000 0.000000
0.972010 0.234938 0.000000 289.608089 -0.234938 0.972010 0.000000 -43.668766 0.000000 0.000000 1.000000 0.000000
0.971990 0.235022 0.000000 289.609556 -0.235022 0.971990 0.000000 -43.667639 0.000000 0.000000 1.000000 0.000000
0.971975 0.235086 0.000000 289.610337 -0.235086 0.971975 0.000000 -43.665755 0.000000 0.000000 1.000000 0.000000
0.971959 0.235151 0.000000 289.610663 -0.235151 0.971959 0.000000 -43.664771 0.000000 0.000000 1.000000 0.000000
0.971947 0.235200 0.000000 289.610558 -0.235200 0.971947 0.000000 -43.664843 0.000000 0.000000 1.000000 0.000000
0.971936 0.235244 0.000000 289.610722 -0.235244 0.971936 0.000000 -43.665044 0.000000 0.000000 1.000000 0.000000
0.971926 0.235288 0.000000 289.611401 -0.235288 0.971926 0.000000 -43.664961 0.000000 0.000000 1.000000 0.000000
0.971932 0.235263 0.000000 289.612207 -0.235263 0.971932 0.000000 -43.664295 0.000000 0.000000 1.000000 0.000000
0.971926 0.235285 0.000000 289.612946 -0.235285 0.971926 0.000000 -43.663642 0.000000 0.000000 1.000000 0.000000
0.971931 0.235268 0.000000 289.613268 -0.235268 0.971931 0.000000 -43.663630 0.000000 0.000000 1.000000 0.000000
0.971927 0.235283 0.000000 289.613319 -0.235283 0.971927 0.000000 -43.663671 0.000000 0.000000 1.000000 0.000000
0.971942 0.235219 0.000000 289.613400 -0.235219 0.971942 0.000000 -43.663736 0.000000 0.000000 1.000000 0.000000
0.971950 0.235187 0.000000 289.613929 -0.235187 0.971950 0.000000 -43.663854 0.000000 0.000000 1.000000 0.000000
0.971915 0.235330 0.000000 289.615891 -0.235330 0.971915 0.000000 -43.662836 0.000000 0.000000 1.000000 0.000000
0.971889 0.235440 0.000000 289.617095 -0.235440 0.971889 0.000000 -43.661042 0.000000 0.000000 1.000000 0.000000
0.971883 0.235464 0.000000 289.617464 -0.235464 0.971883 0.000000 -43.659100 0.000000 0.000000 1.000000 0.000000
0.971828 0.235693 0.000000 289.617493 -0.235693 0.971828 0.000000 -43.657426 0.000000 0.000000 1.000000 0.000000
0.971809 0.235769 0.000000 289.618063 -0.235769 0.971809 0.000000 -43.656671 0.000000 0.000000 1.000000 0.000000
0.971784 0.235872 0.000000 289.618128 -0.235872 0.971784 0.000000 -43.656700 0.000000 0.000000 1.000000 0.000000
0.971767 0.235944 0.000000 289.617715 -0.235944 0.971767 0.000000 -43.656374 0.000000 0.000000 1.000000 0.000000
0.971698 0.236227 0.000000 289.616958 -0.236227 0.971698 0.000000 -43.655524 0.000000 0.000000 1.000000 0.000000
0.971766 0.235945 0.000000 289.616294 -0.235945 0.971766 0.000000 -43.656226 0.000000 0.000000 1.000000 0.000000
0.971837 0.235656 0.000000 289.615434 -0.235656 0.971837 0.000000 -43.655776 0.000000 0.000000 1.000000 0.000000
0.971901 0.235390 0.000000 289.615099 -0.235390 0.971901 0.000000 -43.654351 0.000000 0.000000 1.000000 0.000000
0.971935 0.235248 0.000000 289.614626 -0.235248 0.971935 0.000000 -43.654884 0.000000 0.000000 1.000000 0.000000
0.972002 0.234974 0.000000 289.614085 -0.234974 0.972002 0.000000 -43.656876 0.000000 0.000000 1.000000 0.000000
0.972107 0.234538 0.000000 289.612775 -0.234538 0.972107 0.000000 -43.659968 0.000000 0.000000 1.000000 0.000000
0.972147 0.234373 0.000000 289.612230 -0.234373 0.972147 0.000000 -43.664327 0.000000 0.000000 1.000000 0.000000
0.972219 0.234074 0.000000 289.611222 -0.234074 0.972219 0.000000 -43.667573 0.000000 0.000000 1.000000 0.000000
0.972236 0.234002 0.000000 289.610926 -0.234002 0.972236 0.000000 -43.670608 0.000000 0.000000 1.000000 0.000000
0.972280 0.233818 0.000000 289.609085 -0.233818 0.972280 0.000000 -43.674331 0.000000 0.000000 1.000000 0.000000
0.972359 0.233491 0.000000 289.609755 -0.233491 0.972359 0.000000 -43.677511 0.000000 0.000000 1.000000 0.000000
0.972514 0.232846 0.000000 289.608797 -0.232846 0.972514 0.000000 -43.680829 0.000000 0.000000 1.000000 0.000000
0.972439 0.233156 0.000000 289.610434 -0.233156 0.972439 0.000000 -43.680794 0.000000 0.000000 1.000000 0.000000
0.972403 0.233308 0.000000 289.611995 -0.233308 0.972403 0.000000 -43.680782 0.000000 0.000000 1.000000 0.000000
0.972390 0.233360 0.000000 289.613364 -0.233360 0.972390 0.000000 -43.679932 0.000000 0.000000 1.000000 0.000000
0.972382 0.233394 0.000000 289.613755 -0.233394 0.972382 0.000000 -43.679557 0.000000 0.000000 1.000000 0.000000
0.972402 0.233310 0.000000 289.613475 -0.233310 0.972402 0.000000 -43.679752 0.000000 0.000000 1.000000 0.000000
0.972395 0.233340 0.000000 289.613302 -0.233340 0.972395 0.000000 -43.679643 0.000000 0.000000 1.000000 0.000000
0.972381 0.233398 0.000000 289.612864 -0.233398 0.972381 0.000000 -43.680302 0.000000 0.000000 1.000000 0.000000
0.972385 0.233382 0.000000 289.612821 -0.233382 0.972385 0.000000 -43.680436 0.000000 0.000000 1.000000 0.000000
0.972388 0.233370 0.000000 289.612604 -0.233370 0.972388 0.000000 -43.680164 0.000000 0.000000 1.000000 0.000000
0.972383 0.233392 0.000000 289.612792 -0.233392 0.972383 0.000000 -43.680010 0.000000 0.000000 1.000000 0.000000
0.972372 0.233436 0.000000 289.612653 -0.233436 0.972372 0.000000 -43.680120 0.000000 0.000000 1.000000 0.000000
0.972372 0.233436 0.000000 289.612657 -0.233436 0.972372 0.000000 -43.680116 0.000000 0.000000 1.000000 0.000000
0.972380 0.233404 0.000000 289.612718 -0.233404 0.972380 0.000000 -43.680253 0.000000 0.000000 1.000000 0.000000
0.972384 0.233387 0.000000 289.613236 -0.233387 0.972384 0.000000 -43.680162 0.000000 0.000000 1.000000 0.000000
0.972385 0.233384 0.000000 289.613411 -0.233384 0.972385 0.000000 -43.680214 0.000000 0.000000 1.000000 0.000000
0.972355 0.233506 0.000000 289.613814 -0.233506 0.972355 0.000000 -43.680016 0.000000 0.000000 1.000000 0.000000
0.972318 0.233663 0.000000 289.614505 -0.233663 0.972318 0.000000 -43.679598 0.000000 0.000000 1.000000 0.000000
0.972291 0.233774 0.000000 289.614851 -0.233774 0.972291 0.000000 -43.679565 0.000000 0.000000 1.000000 0.000000
0.972266 0.233879 0.000000 289.615157 -0.233879 0.972266 0.000000 -43.679558 0.000000 0.000000 1.000000 0.000000
0.972250 0.233944 0.000000 289.615589 -0.233944 0.972250 0.000000 -43.679468 0.000000 0.000000 1.000000 0.000000
0.972254 0.233927 0.000000 289.615593 -0.233927 0.972254 0.000000 -43.679604 0.000000 0.000000 1.000000 0.000000
0.972272 0.233854 0.000000 289.615676 -0.233854 0.972272 0.000000 -43.679680 0.000000 0.000000 1.000000 0.000000
0.972273 0.233850 0.000000 289.615677 -0.233850 0.972273 0.000000 -43.679680 0.000000 0.000000 1.000000 0.000000
0.972278 0.233830 0.000000 289.615688 -0.233830 0.972278 0.000000 -43.679505 0.000000 0.000000 1.000000 0.000000
0.972283 0.233807 0.000000 289.615342 -0.233807 0.972283 0.000000 -43.679620 0.000000 0.000000 1.000000 0.000000
0.972277 0.233833 0.000000 289.615644 -0.233833 0.972277 0.000000 -43.679395 0.000000 0.000000 1.000000 0.000000
0.972287 0.233790 0.000000 289.615617 -0.233790 0.972287 0.000000 -43.679447 0.000000 0.000000 1.000000 0.000000
0.972296 0.233753 0.000000 289.616269 -0.233753 0.972296 0.000000 -43.679177 0.000000 0.000000 1.000000 0.000000
0.972290 0.233779 0.000000 289.616498 -0.233779 0.972290 0.000000 -43.679108 0.000000 0.000000 1.000000 0.000000
0.972283 0.233806 0.000000 289.616336 -0.233806 0.972283 0.000000 -43.679216 0.000000 0.000000 1.000000 0.000000
0.972283 0.233808 0.000000 289.616557 -0.233808 0.972283 0.000000 -43.679080 0.000000 0.000000 1.000000 0.000000
0.972272 0.233853 0.000000 289.616710 -0.233853 0.972272 0.000000 -43.679013 0.000000 0.000000 1.000000 0.000000
0.972236 0.234002 0.000000 289.616828 -0.234002 0.972236 0.000000 -43.678943 0.000000 0.000000 1.000000 0.000000
0.972191 0.234188 0.000000 289.616848 -0.234188 0.972191 0.000000 -43.678770 0.000000 0.000000 1.000000 0.000000
0.972181 0.234231 0.000000 289.617022 -0.234231 0.972181 0.000000 -43.678623 0.000000 0.000000 1.000000 0.000000
0.972195 0.234172 0.000000 289.617493 -0.234172 0.972195 0.000000 -43.678250 0.000000 0.000000 1.000000 0.000000
0.972217 0.234083 0.000000 289.617457 -0.234083 0.972217 0.000000 -43.678322 0.000000 0.000000 1.000000 0.000000
0.972186 0.234211 0.000000 289.617458 -0.234211 0.972186 0.000000 -43.678207 0.000000 0.000000 1.000000 0.000000
0.972181 0.234232 0.000000 289.617632 -0.234232 0.972181 0.000000 -43.678006 0.000000 0.000000 1.000000 0.000000
0.972177 0.234247 0.000000 289.617800 -0.234247 0.972177 0.000000 -43.677922 0.000000 0.000000 1.000000 0.000000
0.972176 0.234251 0.000000 289.618040 -0.234251 0.972176 0.000000 -43.677899 0.000000 0.000000 1.000000 0.000000
0.972173 0.234263 0.000000 289.618323 -0.234263 0.972173 0.000000 -43.677785 0.000000 0.000000 1.000000 0.000000
0.972169 0.234281 0.000000 289.619164 -0.234281 0.972169 0.000000 -43.677199 0.000000 0.000000 1.000000 0.000000
0.972168 0.234283 0.000000 289.619379 -0.234283 0.972168 0.000000 -43.677027 0.000000 0.000000 1.000000 0.000000
0.972170 0.234278 0.000000 289.620381 -0.234278 0.972170 0.000000 -43.676243 0.000000 0.000000 1.000000 0.000000
0.972167 0.234290 0.000000 289.621127 -0.234290 0.972167 0.000000 -43.675768 0.000000 0.000000 1.000000 0.000000
0.972168 0.234283 0.000000 289.621295 -0.234283 0.972168 0.000000 -43.675621 0.000000 0.000000 1.000000 0.000000
0.972178 0.234245 0.000000 289.621562 -0.234245 0.972178 0.000000 -43.675313 0.000000 0.000000 1.000000 0.000000
0.972172 0.234268 0.000000 289.621303 -0.234268 0.972172 0.000000 -43.675537 0.000000 0.000000 1.000000 0.000000
0.972157 0.234331 0.000000 289.621374 -0.234331 0.972157 0.000000 -43.675426 0.000000 0.000000 1.000000 0.000000
0.972171 0.234273 0.000000 289.621708 -0.234273 0.972171 0.000000 -43.675227 0.000000 0.000000 1.000000 0.000000
0.972178 0.234245 0.000000 289.622787 -0.234245 0.972178 0.000000 -43.674524 0.000000 0.000000 1.000000 0.000000
0.972117 0.234496 0.000000 289.622802 -0.234496 0.972117 0.000000 -43.673929 0.000000 0.000000 1.000000 0.000000
0.972154 0.234344 0.000000 289.623275 -0.234344 0.972154 0.000000 -43.673837 0.000000 0.000000 1.000000 0.000000
0.972165 0.234296 0.000000 289.623497 -0.234296 0.972165 0.000000 -43.673757 0.000000 0.000000 1.000000 0.000000
0.972173 0.234263 0.000000 289.623605 -0.234263 0.972173 0.000000 -43.673607 0.000000 0.000000 1.000000 0.000000
0.972175 0.234257 0.000000 289.623871 -0.234257 0.972175 0.000000 -43.673481 0.000000 0.000000 1.000000 0.000000
0.972179 0.234239 0.000000 289.623820 -0.234239 0.972179 0.000000 -43.673445 0.000000 0.000000 1.000000 0.000000
0.972183 0.234223 0.000000 289.623666 -0.234223 0.972183 0.000000 -43.673347 0.000000 0.000000 1.000000 0.000000
0.972186 0.234208 0.000000 289.622986 -0.234208 0.972186 0.000000 -43.673521 0.000000 0.000000 1.000000 0.000000
0.972195 0.234172 0.000000 289.622920 -0.234172 0.972195 0.000000 -43.673549 0.000000 0.000000 1.000000 0.000000
0.972195 0.234173 0.000000 289.622923 -0.234173 0.972195 0.000000 -43.673538 0.000000 0.000000 1.000000 0.000000
0.972193 0.234179 0.000000 289.623028 -0.234179 0.972193 0.000000 -43.673482 0.000000 0.000000 1.000000 0.000000
0.972193 0.234180 0.000000 289.623032 -0.234180 0.972193 0.000000 -43.673483 0.000000 0.000000 1.000000 0.000000
0.972195 0.234174 0.000000 289.623092 -0.234174 0.972195 0.000000 -43.673410 0.000000 0.000000 1.000000 0.000000
0.972195 0.234173 0.000000 289.623136 -0.234173 0.972195 0.000000 -43.673380 0.000000 0.000000 1.000000 0.000000
0.972195 0.234174 0.000000 289.623343 -0.234174 0.972195 0.000000 -43.673350 0.000000 0.000000 1.000000 0.000000
0.972187 0.234207 0.000000 289.623615 -0.234207 0.972187 0.000000 -43.673241 0.000000 0.000000 1.000000 0.000000
0.972186 0.234209 0.000000 289.623618 -0.234209 0.972186 0.000000 -43.673242 0.000000 0.000000 1.000000 0.000000
0.972186 0.234210 0.000000 289.623625 -0.234210 0.972186 0.000000 -43.673241 0.000000 0.000000 1.000000 0.000000
0.972176 0.234250 0.000000 289.623699 -0.234250 0.972176 0.000000 -43.673214 0.000000 0.000000 1.000000 0.000000
0.972164 0.234302 0.000000 289.623711 -0.234302 0.972164 0.000000 -43.673127 0.000000 0.000000 1.000000 0.000000
0.972160 0.234319 0.000000 289.623727 -0.234319 0.972160 0.000000 -43.673073 0.000000 0.000000 1.000000 0.000000
0.972146 0.234377 0.000000 289.623715 -0.234377 0.972146 0.000000 -43.673085 0.000000 0.000000 1.000000 0.000000
0.972128 0.234453 0.000000 289.623775 -0.234453 0.972128 0.000000 -43.672989 0.000000 0.000000 1.000000 0.000000
0.972118 0.234491 0.000000 289.623922 -0.234491 0.972118 0.000000 -43.672819 0.000000 0.000000 1.000000 0.000000
0.972103 0.234553 0.000000 289.624074 -0.234553 0.972103 0.000000 -43.672760 0.000000 0.000000 1.000000 0.000000
0.972101 0.234561 0.000000 289.624103 -0.234561 0.972101 0.000000 -43.672565 0.000000 0.000000 1.000000 0.000000
0.972117 0.234497 0.000000 289.624154 -0.234497 0.972117 0.000000 -43.672436 0.000000 0.000000 1.000000 0.000000
0.972122 0.234476 0.000000 289.624140 -0.234476 0.972122 0.000000 -43.672450 0.000000 0.000000 1.000000 0.000000
0.972107 0.234537 0.000000 289.624084 -0.234537 0.972107 0.000000 -43.672392 0.000000 0.000000 1.000000 0.000000
0.972073 0.234679 0.000000 289.623929 -0.234679 0.972073 0.000000 -43.672343 0.000000 0.000000 1.000000 0.000000
0.972028 0.234864 0.000000 289.623833 -0.234864 0.972028 0.000000 -43.671648 0.000000 0.000000 1.000000 0.000000
0.972037 0.234826 0.000000 289.623349 -0.234826 0.972037 0.000000 -43.672515 0.000000 0.000000 1.000000 0.000000
0.972051 0.234770 0.000000 289.623247 -0.234770 0.972051 0.000000 -43.672967 0.000000 0.000000 1.000000 0.000000
0.972052 0.234767 0.000000 289.623249 -0.234767 0.972052 0.000000 -43.672967 0.000000 0.000000 1.000000 0.000000
0.972039 0.234820 0.000000 289.623218 -0.234820 0.972039 0.000000 -43.672815 0.000000 0.000000 1.000000 0.000000
0.972035 0.234838 0.000000 289.623263 -0.234838 0.972035 0.000000 -43.672817 0.000000 0.000000 1.000000 0.000000
0.972032 0.234849 0.000000 289.623380 -0.234849 0.972032 0.000000 -43.673243 0.000000 0.000000 1.000000 0.000000
0.972009 0.234945 0.000000 289.623608 -0.234945 0.972009 0.000000 -43.673210 0.000000 0.000000 1.000000 0.000000
0.971996 0.234996 0.000000 289.624025 -0.234996 0.971996 0.000000 -43.672695 0.000000 0.000000 1.000000 0.000000
0.971988 0.235030 0.000000 289.624004 -0.235030 0.971988 0.000000 -43.672544 0.000000 0.000000 1.000000 0.000000
0.971993 0.235008 0.000000 289.624129 -0.235008 0.971993 0.000000 -43.672172 0.000000 0.000000 1.000000 0.000000
0.972031 0.234853 0.000000 289.623883 -0.234853 0.972031 0.000000 -43.672419 0.000000 0.000000 1.000000 0.000000
0.972077 0.234664 0.000000 289.623087 -0.234664 0.972077 0.000000 -43.672271 0.000000 0.000000 1.000000 0.000000
0.972111 0.234522 0.000000 289.621999 -0.234522 0.972111 0.000000 -43.673015 0.000000 0.000000 1.000000 0.000000
0.972142 0.234394 0.000000 289.620694 -0.234394 0.972142 0.000000 -43.673757 0.000000 0.000000 1.000000 0.000000
0.972151 0.234356 0.000000 289.620209 -0.234356 0.972151 0.000000 -43.674386 0.000000 0.000000 1.000000 0.000000
0.972128 0.234449 0.000000 289.620393 -0.234449 0.972128 0.000000 -43.673674 0.000000 0.000000 1.000000 0.000000
0.972127 0.234453 0.000000 289.621386 -0.234453 0.972127 0.000000 -43.674307 0.000000 0.000000 1.000000 0.000000
0.972121 0.234481 0.000000 289.622076 -0.234481 0.972121 0.000000 -43.674103 0.000000 0.000000 1.000000 0.000000
0.972109 0.234529 0.000000 289.622101 -0.234529 0.972109 0.000000 -43.673886 0.000000 0.000000 1.000000 0.000000
0.972090 0.234610 0.000000 289.622163 -0.234610 0.972090 0.000000 -43.673648 0.000000 0.000000 1.000000 0.000000
0.972080 0.234648 0.000000 289.622407 -0.234648 0.972080 0.000000 -43.673847 0.000000 0.000000 1.000000 0.000000
0.972093 0.234595 0.000000 289.622597 -0.234595 0.972093 0.000000 -43.674224 0.000000 0.000000 1.000000 0.000000
0.972108 0.234534 0.000000 289.623214 -0.234534 0.972108 0.000000 -43.674679 0.000000 0.000000 1.000000 0.000000
0.972060 0.234735 0.000000 289.623109 -0.234735 0.972060 0.000000 -43.674915 0.000000 0.000000 1.000000 0.000000
0.972025 0.234877 0.000000 289.620787 -0.234877 0.972025 0.000000 -43.673548 0.000000 0.000000 1.000000 0.000000
0.972022 0.234890 0.000000 289.619563 -0.234890 0.972022 0.000000 -43.672105 0.000000 0.000000 1.000000 0.000000
0.972031 0.234853 0.000000 289.618876 -0.234853 0.972031 0.000000 -43.668673 0.000000 0.000000 1.000000 0.000000
0.972016 0.234916 0.000000 289.618349 -0.234916 0.972016 0.000000 -43.665593 0.000000 0.000000 1.000000 0.000000
0.972034 0.234841 0.000000 289.618396 -0.234841 0.972034 0.000000 -43.662668 0.000000 0.000000 1.000000 0.000000
0.972028 0.234865 0.000000 289.618660 -0.234865 0.972028 0.000000 -43.660912 0.000000 0.000000 1.000000 0.000000
0.972036 0.234834 0.000000 289.619307 -0.234834 0.972036 0.000000 -43.659882 0.000000 0.000000 1.000000 0.000000
0.972047 0.234785 0.000000 289.620100 -0.234785 0.972047 0.000000 -43.659144 0.000000 0.000000 1.000000 0.000000
0.972015 0.234919 0.000000 289.619955 -0.234919 0.972015 0.000000 -43.658493 0.000000 0.000000 1.000000 0.000000
0.972020 0.234900 0.000000 289.620556 -0.234900 0.972020 0.000000 -43.658014 0.000000 0.000000 1.000000 0.000000
0.972008 0.234946 0.000000 289.621050 -0.234946 0.972008 0.000000 -43.657501 0.000000 0.000000 1.000000 0.000000
0.972012 0.234933 0.000000 289.620790 -0.234933 0.972012 0.000000 -43.657671 0.000000 0.000000 1.000000 0.000000
0.972024 0.234880 0.000000 289.620784 -0.234880 0.972024 0.000000 -43.657630 0.000000 0.000000 1.000000 0.000000
0.972040 0.234815 0.000000 289.620299 -0.234815 0.972040 0.000000 -43.658331 0.000000 0.000000 1.000000 0.000000
0.972057 0.234744 0.000000 289.619562 -0.234744 0.972057 0.000000 -43.659230 0.000000 0.000000 1.000000 0.000000
0.972048 0.234783 0.000000 289.619432 -0.234783 0.972048 0.000000 -43.659626 0.000000 0.000000 1.000000 0.000000
0.972035 0.234838 0.000000 289.619153 -0.234838 0.972035 0.000000 -43.659840 0.000000 0.000000 1.000000 0.000000
0.972036 0.234832 0.000000 289.619137 -0.234832 0.972036 0.000000 -43.660016 0.000000 0.000000 1.000000 0.000000
0.972050 0.234774 0.000000 289.619108 -0.234774 0.972050 0.000000 -43.659980 0.000000 0.000000 1.000000 0.000000
0.972058 0.234739 0.000000 289.619775 -0.234739 0.972058 0.000000 -43.659392 0.000000 0.000000 1.000000 0.000000
0.972071 0.234686 0.000000 289.619779 -0.234686 0.972071 0.000000 -43.659567 0.000000 0.000000 1.000000 0.000000
0.972076 0.234668 0.000000 289.619849 -0.234668 0.972076 0.000000 -43.659943 0.000000 0.000000 1.000000 0.000000
0.972085 0.234627 0.000000 289.620048 -0.234627 0.972085 0.000000 -43.660247 0.000000 0.000000 1.000000 0.000000
0.972113 0.234513 0.000000 289.620344 -0.234513 0.972113 0.000000 -43.660553 0.000000 0.000000 1.000000 0.000000
0.972126 0.234458 0.000000 289.620599 -0.234458 0.972126 0.000000 -43.660646 0.000000 0.000000 1.000000 0.000000
0.972122 0.234477 0.000000 289.620571 -0.234477 0.972122 0.000000 -43.661203 0.000000 0.000000 1.000000 0.000000
0.972095 0.234587 0.000000 289.620577 -0.234587 0.972095 0.000000 -43.660770 0.000000 0.000000 1.000000 0.000000
0.972076 0.234668 0.000000 289.621005 -0.234668 0.972076 0.000000 -43.660349 0.000000 0.000000 1.000000 0.000000
0.972059 0.234735 0.000000 289.621416 -0.234735 0.972059 0.000000 -43.659854 0.000000 0.000000 1.000000 0.000000
0.972062 0.234723 0.000000 289.621910 -0.234723 0.972062 0.000000 -43.658653 0.000000 0.000000 1.000000 0.000000
