1.000000 -0.000380 0.000000 0.632644 0.000380 1.000000 0.000000 -0.015896 0.000000 0.000000 1.000000 0.000000
0.999993 -0.003825 0.000000 1.263454 0.003825 0.999993 0.000000 -0.031138 0.000000 0.000000 1.000000 0.000000
0.999964 -0.008529 0.000000 2.524908 0.008529 0.999964 0.000000 -0.045608 0.000000 0.000000 1.000000 0.000000
0.999958 -0.009141 0.000000 3.151629 0.009141 0.999958 0.000000 -0.048965 0.000000 0.000000 1.000000 0.000000
0.999964 -0.008476 0.000000 3.783300 0.008476 0.999964 0.000000 -0.056218 0.000000 0.000000 1.000000 0.000000
0.999974 -0.007226 0.000000 4.418630 0.007226 0.999974 0.000000 -0.055638 0.000000 0.000000 1.000000 0.000000
0.999964 -0.008508 0.000000 5.091981 0.008508 0.999964 0.000000 -0.066115 0.000000 0.000000 1.000000 0.000000
0.999964 -0.008439 0.000000 5.720857 0.008439 0.999964 0.000000 -0.081606 0.000000 0.000000 1.000000 0.000000
0.999966 -0.008273 0.000000 6.352646 0.008273 0.999966 0.000000 -0.087625 0.000000 0.000000 1.000000 0.000000
0.999956 -0.009381 0.000000 6.981054 0.009381 0.999956 0.000000 -0.094624 0.000000 0.000000 1.000000 0.000000
0.999944 -0.010623 0.000000 7.610579 0.010623 0.999944 0.000000 -0.103721 0.000000 0.000000 1.000000 0.000000
0.999947 -0.010300 0.000000 8.229686 0.010300 0.999947 0.000000 -0.108421 0.000000 0.000000 1.000000 0.000000
0.999958 -0.009190 0.000000 8.858205 0.009190 0.999958 0.000000 -0.114035 0.000000 0.000000 1.000000 0.000000
0.999948 -0.010221 0.000000 9.476595 0.010221 0.999948 0.000000 -0.129141 0.000000 0.000000 1.000000 0.000000
0.999956 -0.009401 0.000000 10.129725 0.009401 0.999956 0.000000 -0.134594 0.000000 0.000000 1.000000 0.000000
0.999950 -0.009982 0.000000 10.715995 0.009982 0.999950 0.000000 -0.142948 0.000000 0.000000 1.000000 0.000000
0.999952 -0.009766 0.000000 11.335501 0.009766 0.999952 0.000000 -0.149509 0.000000 0.000000 1.000000 0.000000
0.999958 -0.009127 0.000000 11.957302 0.009127 0.999958 0.000000 -0.162772 0.000000 0.000000 1.000000 0.000000
0.999942 -0.010741 0.000000 12.607056 0.010741 0.999942 0.000000 -0.173214 0.000000 0.000000 1.000000 0.000000
0.999928 -0.011988 0.000000 13.225993 0.011988 0.999928 0.000000 -0.180292 0.000000 0.000000 1.000000 0.000000
0.999917 -0.012848 0.000000 13.849090 0.012848 0.999917 0.000000 -0.186963 0.000000 0.000000 1.000000 0.000000
0.999906 -0.013743 0.000000 14.473713 0.013743 0.999906 0.000000 -0.197347 0.000000 0.000000 1.000000 0.000000
0.999919 -0.012732 0.000000 15.102854 0.012732 0.999919 0.000000 -0.205898 0.000000 0.000000 1.000000 0.000000
0.999886 -0.015127 0.000000 15.725266 0.015127 0.999886 0.000000 -0.210778 0.000000 0.000000 1.000000 0.000000
0.999882 -0.015331 0.000000 16.334385 0.015331 0.999882 0.000000 -0.216253 0.000000 0.000000 1.000000 0.000000
0.999858 -0.016879 0.000000 16.966468 0.016879 0.999858 0.000000 -0.220328 0.000000 0.000000 1.000000 0.000000
0.999884 -0.015213 0.000000 17.597804 0.015213 0.999884 0.000000 -0.220390 0.000000 0.000000 1.000000 0.000000
0.999912 -0.013242 0.000000 18.185161 0.013242 0.999912 0.000000 -0.221315 0.000000 0.000000 1.000000 0.000000
0.999879 -0.015560 0.000000 18.817479 0.015560 0.999879 0.000000 -0.234693 0.000000 0.000000 1.000000 0.000000
0.999840 -0.017894 0.000000 19.431533 0.017894 0.999840 0.000000 -0.240482 0.000000 0.000000 1.000000 0.000000
0.999809 -0.019554 0.000000 20.033374 0.019554 0.999809 0.000000 -0.246467 0.000000 0.000000 1.000000 0.000000
0.999812 -0.019413 0.000000 20.661275 0.019413 0.999812 0.000000 -0.249053 0.000000 0.000000 1.000000 0.000000
0.999823 -0.018826 0.000000 21.298679 0.018826 0.999823 0.000000 -0.257368 0.000000 0.000000 1.000000 0.000000
0.999826 -0.018630 0.000000 21.926792 0.018630 0.999826 0.000000 -0.265804 0.000000 0.000000 1.000000 0.000000
0.999855 -0.017043 0.000000 22.516819 0.017043 0.999855 0.000000 -0.268622 0.000000 0.000000 1.000000 0.000000
0.999919 -0.012760 0.000000 23.152440 0.012760 0.999919 0.000000 -0.278568 0.000000 0.000000 1.000000 0.000000
0.999941 -0.010824 0.000000 23.744819 0.010824 0.999941 0.000000 -0.288629 0.000000 0.000000 1.000000 0.000000
0.999945 -0.010507 0.000000 24.376514 0.010507 0.999945 0.000000 -0.300151 0.000000 0.000000 1.000000 0.000000
0.999932 -0.011631 0.000000 25.015036 0.011631 0.999932 0.000000 -0.310826 0.000000 0.000000 1.000000 0.000000
0.999920 -0.012683 0.000000 25.843729 0.012683 0.999920 0.000000 -0.330466 0.000000 0.000000 1.000000 0.000000
0.999928 -0.011972 0.000000 26.476847 0.011972 0.999928 0.000000 -0.335856 0.000000 0.000000 1.000000 0.000000
0.999939 -0.011083 0.000000 27.116020 0.011083 0.999939 0.000000 -0.334882 0.000000 0.000000 1.000000 0.000000
0.999948 -0.010212 0.000000 27.752174 0.010212 0.999948 0.000000 -0.338905 0.000000 0.000000 1.000000 0.000000
0.999955 -0.009476 0.000000 28.386529 0.009476 0.999955 0.000000 -0.346531 0.000000 0.000000 1.000000 0.000000
0.999939 -0.011083 0.000000 29.032913 0.011083 0.999939 0.000000 -0.356804 0.000000 0.000000 1.000000 0.000000
0.999957 -0.009223 0.000000 29.676613 0.009223 0.999957 0.000000 -0.360123 0.000000 0.000000 1.000000 0.000000
0.999970 -0.007685 0.000000 30.326717 0.007685 0.999970 0.000000 -0.370008 0.000000 0.000000 1.000000 0.000000
0.999986 -0.005323 0.000000 30.962822 0.005323 0.999986 0.000000 -0.373471 0.000000 0.000000 1.000000 0.000000
0.999987 -0.005183 0.000000 31.608226 0.005183 0.999987 0.000000 -0.383889 0.000000 0.000000 1.000000 0.000000
0.999995 -0.003017 0.000000 32.247167 0.003017 0.999995 0.000000 -0.387479 0.000000 0.000000 1.000000 0.000000
0.999990 -0.004484 0.000000 32.880680 0.004484 0.999990 0.000000 -0.401332 0.000000 0.000000 1.000000 0.000000
0.999994 -0.003577 0.000000 33.518459 0.003577 0.999994 0.000000 -0.411681 0.000000 0.000000 1.000000 0.000000
0.999996 -0.002668 0.000000 34.156985 0.002668 0.999996 0.000000 -0.419955 0.000000 0.000000 1.000000 0.000000
0.999993 -0.003795 0.000000 34.760852 0.003795 0.999993 0.000000 -0.436496 0.000000 0.000000 1.000000 0.000000
0.999997 -0.002510 0.000000 35.405529 0.002510 0.999997 0.000000 -0.448507 0.000000 0.000000 1.000000 0.000000
1.000000 0.000314 0.000000 36.037762 -0.000314 1.000000 -0.000000 -0.450524 -0.000000 0.000000 1.000000 0.000000
1.000000 0.000038 0.000000 36.678329 -0.000038 1.000000 -0.000000 -0.463625 -0.000000 0.000000 1.000000 0.000000
0.999998 -0.001837 0.000000 37.315436 0.001837 0.999998 0.000000 -0.473073 0.000000 0.000000 1.000000 0.000000
0.999999 -0.001152 0.000000 37.950185 0.001152 0.999999 0.000000 -0.475741 0.000000 0.000000 1.000000 0.000000
1.000000 0.000457 0.000000 38.593713 -0.000457 1.000000 -0.000000 -0.484632 -0.000000 0.000000 1.000000 0.000000
0.999999 0.001054 0.000000 39.241858 -0.001054 0.999999 -0.000000 -0.488639 -0.000000 0.000000 1.000000 0.000000
0.999999 0.001452 0.000000 39.894198 -0.001452 0.999999 -0.000000 -0.490079 -0.000000 0.000000 1.000000 0.000000
0.999993 0.003617 0.000000 40.535753 -0.003617 0.999993 -0.000000 -0.496741 -0.000000 0.000000 1.000000 0.000000
0.999993 0.003765 0.000000 41.185279 -0.003765 0.999993 -0.000000 -0.506252 -0.000000 0.000000 1.000000 0.000000
0.999998 0.001903 0.000000 41.796903 -0.001903 0.999998 -0.000000 -0.520434 -0.000000 0.000000 1.000000 0.000000
0.999990 0.004459 0.000000 42.459223 -0.004459 0.999990 -0.000000 -0.518940 -0.000000 0.000000 1.000000 0.000000
0.999985 0.005503 0.000000 43.119090 -0.005503 0.999985 -0.000000 -0.524696 -0.000000 0.000000 1.000000 0.000000
0.999971 0.007627 0.000000 43.783473 -0.007627 0.999971 -0.000000 -0.538169 -0.000000 0.000000 1.000000 0.000000
0.999994 0.003441 0.000000 44.440836 -0.003441 0.999994 -0.000000 -0.550588 -0.000000 0.000000 1.000000 0.000000
1.000000 0.000806 0.000000 45.094086 -0.000806 1.000000 -0.000000 -0.567618 -0.000000 0.000000 1.000000 0.000000
1.000000 0.000758 0.000000 45.708247 -0.000758 1.000000 -0.000000 -0.574787 -0.000000 0.000000 1.000000 0.000000
0.999999 0.001357 0.000000 46.364030 -0.001357 0.999999 -0.000000 -0.578000 -0.000000 0.000000 1.000000 0.000000
0.999993 0.003730 0.000000 47.018380 -0.003730 0.999993 -0.000000 -0.583494 -0.000000 0.000000 1.000000 0.000000
0.999989 0.004605 0.000000 47.676470 -0.004605 0.999989 -0.000000 -0.593000 -0.000000 0.000000 1.000000 0.000000
0.999994 0.003389 0.000000 48.330269 -0.003389 0.999994 -0.000000 -0.601860 -0.000000 0.000000 1.000000 0.000000
1.000000 0.000188 0.000000 48.983580 -0.000188 1.000000 -0.000000 -0.606085 -0.000000 0.000000 1.000000 0.000000
0.999998 0.001859 0.000000 50.009232 -0.001859 0.999998 -0.000000 -0.627449 -0.000000 0.000000 1.000000 0.000000
1.000000 -0.000692 0.000000 50.691281 0.000692 1.000000 0.000000 -0.635118 0.000000 0.000000 1.000000 0.000000
0.999998 0.002205 0.000000 51.321123 -0.002205 0.999998 -0.000000 -0.640390 -0.000000 0.000000 1.000000 0.000000
0.999999 0.001334 0.000000 51.980195 -0.001334 0.999999 -0.000000 -0.646099 -0.000000 0.000000 1.000000 0.000000
0.999999 0.001140 0.000000 52.640412 -0.001140 0.999999 -0.000000 -0.654434 -0.000000 0.000000 1.000000 0.000000
1.000000 0.000225 0.000000 53.296265 -0.000225 1.000000 -0.000000 -0.664440 -0.000000 0.000000 1.000000 0.000000
0.999999 0.001438 0.000000 53.949432 -0.001438 0.999999 -0.000000 -0.671588 -0.000000 0.000000 1.000000 0.000000
1.000000 0.000384 0.000000 54.596878 -0.000384 1.000000 -0.000000 -0.682075 -0.000000 0.000000 1.000000 0.000000
0.999999 -0.001209 0.000000 55.935464 0.001209 0.999999 0.000000 -0.692619 0.000000 0.000000 1.000000 0.000000
0.999999 -0.001499 0.000000 56.578525 0.001499 0.999999 0.000000 -0.689788 0.000000 0.000000 1.000000 0.000000
0.999988 -0.005000 0.000000 57.215081 0.005000 0.999988 0.000000 -0.689131 0.000000 0.000000 1.000000 0.000000
0.999989 -0.004652 0.000000 57.854723 0.004652 0.999989 0.000000 -0.688259 0.000000 0.000000 1.000000 0.000000
0.999997 -0.002407 0.000000 58.489420 0.002407 0.999997 0.000000 -0.689951 0.000000 0.000000 1.000000 0.000000
1.000000 -0.000286 0.000000 59.156482 0.000286 1.000000 0.000000 -0.694287 0.000000 0.000000 1.000000 0.000000
1.000000 0.000269 0.000000 59.792290 -0.000269 1.000000 -0.000000 -0.693630 -0.000000 0.000000 1.000000 0.000000
0.999999 0.001488 0.000000 60.400546 -0.001488 0.999999 -0.000000 -0.694603 -0.000000 0.000000 1.000000 0.000000
0.999999 0.001147 0.000000 61.023790 -0.001147 0.999999 -0.000000 -0.701698 -0.000000 0.000000 1.000000 0.000000
0.999999 0.001672 0.000000 61.609891 -0.001672 0.999999 -0.000000 -0.710513 -0.000000 0.000000 1.000000 0.000000
0.999997 0.002623 0.000000 62.236403 -0.002623 0.999997 -0.000000 -0.723406 -0.000000 0.000000 1.000000 0.000000
0.999993 0.003774 0.000000 62.864088 -0.003774 0.999993 -0.000000 -0.739491 -0.000000 0.000000 1.000000 0.000000
0.999992 0.004017 0.000000 63.444838 -0.004017 0.999992 -0.000000 -0.752406 -0.000000 0.000000 1.000000 0.000000
0.999986 0.005278 0.000000 64.062619 -0.005278 0.999986 -0.000000 -0.765650 -0.000000 0.000000 1.000000 0.000000
0.999995 0.003245 0.000000 64.672914 -0.003245 0.999995 -0.000000 -0.784980 -0.000000 0.000000 1.000000 0.000000
0.999994 0.003357 0.000000 65.244303 -0.003357 0.999994 -0.000000 -0.805939 -0.000000 0.000000 1.000000 0.000000
0.999998 0.002072 0.000000 65.852202 -0.002072 0.999998 -0.000000 -0.825476 -0.000000 0.000000 1.000000 0.000000
0.999997 0.002290 0.000000 66.423905 -0.002290 0.999997 -0.000000 -0.834558 -0.000000 0.000000 1.000000 0.000000
0.999984 0.005723 0.000000 67.034393 -0.005723 0.999984 -0.000000 -0.844239 -0.000000 0.000000 1.000000 0.000000
0.999980 0.006340 0.000000 67.641507 -0.006340 0.999980 -0.000000 -0.857265 -0.000000 0.000000 1.000000 0.000000
0.999978 0.006623 0.000000 68.478097 -0.006623 0.999978 -0.000000 -0.880189 -0.000000 0.000000 1.000000 0.000000
0.999968 0.007979 0.000000 69.072885 -0.007979 0.999968 -0.000000 -0.893638 -0.000000 0.000000 1.000000 0.000000
0.999959 0.009075 0.000000 69.671940 -0.009075 0.999959 -0.000000 -0.911334 -0.000000 0.000000 1.000000 0.000000
0.999969 0.007877 0.000000 70.267786 -0.007877 0.999969 -0.000000 -0.922368 -0.000000 0.000000 1.000000 0.000000
0.999972 0.007456 0.000000 70.865056 -0.007456 0.999972 -0.000000 -0.931319 -0.000000 0.000000 1.000000 0.000000
0.999987 0.005134 0.000000 71.453866 -0.005134 0.999987 -0.000000 -0.937357 -0.000000 0.000000 1.000000 0.000000
0.999995 0.003301 0.000000 72.086149 -0.003301 0.999995 -0.000000 -0.947098 -0.000000 0.000000 1.000000 0.000000
0.999995 0.003034 0.000000 72.678391 -0.003034 0.999995 -0.000000 -0.952719 -0.000000 0.000000 1.000000 0.000000
0.999998 0.002007 0.000000 73.273104 -0.002007 0.999998 -0.000000 -0.962372 -0.000000 0.000000 1.000000 0.000000
0.999987 0.005004 0.000000 74.457311 -0.005004 0.999987 -0.000000 -0.993180 -0.000000 0.000000 1.000000 0.000000
0.999994 0.003509 0.000000 75.041531 -0.003509 0.999994 -0.000000 -1.002582 -0.000000 0.000000 1.000000 0.000000
0.999983 0.005796 0.000000 75.623610 -0.005796 0.999983 -0.000000 -1.011901 -0.000000 0.000000 1.000000 0.000000
0.999981 0.006129 0.000000 76.205212 -0.006129 0.999981 -0.000000 -1.033629 -0.000000 0.000000 1.000000 0.000000
0.999981 0.006124 0.000000 76.789687 -0.006124 0.999981 -0.000000 -1.046285 -0.000000 0.000000 1.000000 0.000000
0.999968 0.008019 0.000000 77.369677 -0.008019 0.999968 -0.000000 -1.058491 -0.000000 0.000000 1.000000 0.000000
0.999976 0.006939 0.000000 77.941641 -0.006939 0.999976 -0.000000 -1.077848 -0.000000 0.000000 1.000000 0.000000
0.999988 0.004939 0.000000 78.508184 -0.004939 0.999988 -0.000000 -1.086133 -0.000000 0.000000 1.000000 0.000000
0.999990 0.004478 0.000000 79.069028 -0.004478 0.999990 -0.000000 -1.098613 -0.000000 0.000000 1.000000 0.000000
0.999981 0.006231 0.000000 79.626146 -0.006231 0.999981 -0.000000 -1.111373 -0.000000 0.000000 1.000000 0.000000
0.999982 0.006024 0.000000 80.178805 -0.006024 0.999982 -0.000000 -1.124138 -0.000000 0.000000 1.000000 0.000000
0.999984 0.005636 0.000000 80.724652 -0.005636 0.999984 -0.000000 -1.138107 -0.000000 0.000000 1.000000 0.000000
0.999983 0.005807 0.000000 81.263035 -0.005807 0.999983 -0.000000 -1.155199 -0.000000 0.000000 1.000000 0.000000
0.999970 0.007709 0.000000 81.776261 -0.007709 0.999970 -0.000000 -1.167028 -0.000000 0.000000 1.000000 0.000000
0.999957 0.009326 0.000000 82.319714 -0.009326 0.999957 -0.000000 -1.174087 -0.000000 0.000000 1.000000 0.000000
0.999928 0.011974 0.000000 82.841994 -0.011974 0.999928 -0.000000 -1.185398 -0.000000 0.000000 1.000000 0.000000
0.999894 0.014560 0.000000 83.348656 -0.014560 0.999894 -0.000000 -1.190744 -0.000000 0.000000 1.000000 0.000000
0.999890 0.014829 0.000000 83.885463 -0.014829 0.999890 -0.000000 -1.211693 -0.000000 0.000000 1.000000 0.000000
0.999897 0.014372 0.000000 84.410213 -0.014372 0.999897 -0.000000 -1.232156 -0.000000 0.000000 1.000000 0.000000
0.999897 0.014359 0.000000 84.900957 -0.014359 0.999897 -0.000000 -1.249504 -0.000000 0.000000 1.000000 0.000000
0.999884 0.015199 0.000000 85.429815 -0.015199 0.999884 -0.000000 -1.276939 -0.000000 0.000000 1.000000 0.000000
0.999842 0.017751 0.000000 85.940939 -0.017751 0.999842 -0.000000 -1.301877 -0.000000 0.000000 1.000000 0.000000
0.999858 0.016826 0.000000 86.424246 -0.016826 0.999858 -0.000000 -1.321558 -0.000000 0.000000 1.000000 0.000000
0.999854 0.017116 0.000000 86.940014 -0.017116 0.999854 -0.000000 -1.340970 -0.000000 0.000000 1.000000 0.000000
0.999831 0.018366 0.000000 87.447368 -0.018366 0.999831 -0.000000 -1.358007 -0.000000 0.000000 1.000000 0.000000
0.999796 0.020203 0.000000 87.924351 -0.020203 0.999796 -0.000000 -1.378126 -0.000000 0.000000 1.000000 0.000000
0.999781 0.020929 0.000000 88.431244 -0.020929 0.999781 -0.000000 -1.406248 -0.000000 0.000000 1.000000 0.000000
0.999770 0.021437 0.000000 88.913392 -0.021437 0.999770 -0.000000 -1.429906 -0.000000 0.000000 1.000000 0.000000
0.999720 0.023652 0.000000 89.422774 -0.023652 0.999720 -0.000000 -1.454816 -0.000000 0.000000 1.000000 0.000000
0.999711 0.024032 0.000000 90.087437 -0.024032 0.999711 -0.000000 -1.486453 -0.000000 0.000000 1.000000 0.000000
0.999617 0.027659 0.000000 90.581614 -0.027659 0.999617 -0.000000 -1.498589 -0.000000 0.000000 1.000000 0.000000
0.999562 0.029578 0.000000 91.080135 -0.029578 0.999562 -0.000000 -1.515151 -0.000000 0.000000 1.000000 0.000000
0.999532 0.030595 0.000000 91.568952 -0.030595 0.999532 -0.000000 -1.532600 -0.000000 0.000000 1.000000 0.000000
0.999547 0.030088 0.000000 92.051652 -0.030088 0.999547 -0.000000 -1.555137 -0.000000 0.000000 1.000000 0.000000
0.999574 0.029184 0.000000 92.533196 -0.029184 0.999574 -0.000000 -1.582762 -0.000000 0.000000 1.000000 0.000000
0.999531 0.030625 0.000000 93.004907 -0.030625 0.999531 -0.000000 -1.608088 -0.000000 0.000000 1.000000 0.000000
0.999414 0.034230 0.000000 93.961729 -0.034230 0.999414 -0.000000 -1.670504 -0.000000 0.000000 1.000000 0.000000
0.999356 0.035886 0.000000 94.430314 -0.035886 0.999356 -0.000000 -1.704797 -0.000000 0.000000 1.000000 0.000000
0.999228 0.039281 0.000000 94.894396 -0.039281 0.999228 -0.000000 -1.730694 -0.000000 0.000000 1.000000 0.000000
0.999147 0.041300 0.000000 95.361399 -0.041300 0.999147 -0.000000 -1.769720 -0.000000 0.000000 1.000000 0.000000
0.999095 0.042530 0.000000 95.831353 -0.042530 0.999095 -0.000000 -1.808890 -0.000000 0.000000 1.000000 0.000000
0.998949 0.045829 0.000000 96.291535 -0.045829 0.998949 -0.000000 -1.839197 -0.000000 0.000000 1.000000 0.000000
0.998861 0.047720 0.000000 96.758869 -0.047720 0.998861 -0.000000 -1.881937 -0.000000 0.000000 1.000000 0.000000
0.998664 0.051677 0.000000 97.220918 -0.051677 0.998664 -0.000000 -1.918585 -0.000000 0.000000 1.000000 0.000000
0.998505 0.054662 0.000000 97.677656 -0.054662 0.998505 -0.000000 -1.955271 -0.000000 0.000000 1.000000 0.000000
0.998341 0.057585 0.000000 98.134402 -0.057585 0.998341 -0.000000 -1.996335 -0.000000 0.000000 1.000000 0.000000
0.998185 0.060221 0.000000 98.556491 -0.060221 0.998185 -0.000000 -2.038402 -0.000000 0.000000 1.000000 0.000000
0.998051 0.062405 0.000000 98.998666 -0.062405 0.998051 -0.000000 -2.080340 -0.000000 0.000000 1.000000 0.000000
0.997842 0.065668 0.000000 99.437845 -0.065668 0.997842 -0.000000 -2.121205 -0.000000 0.000000 1.000000 0.000000
0.997792 0.066413 0.000000 99.875211 -0.066413 0.997792 -0.000000 -2.171857 -0.000000 0.000000 1.000000 0.000000
0.997561 0.069800 0.000000 100.299392 -0.069800 0.997561 -0.000000 -2.218545 -0.000000 0.000000 1.000000 0.000000
0.997421 0.071768 0.000000 100.725392 -0.071768 0.997421 -0.000000 -2.254975 -0.000000 0.000000 1.000000 0.000000
0.996819 0.079704 0.000000 101.150069 -0.079704 0.996819 -0.000000 -2.293790 -0.000000 0.000000 1.000000 0.000000
0.996600 0.082393 0.000000 101.558398 -0.082393 0.996600 -0.000000 -2.334403 -0.000000 0.000000 1.000000 0.000000
0.996320 0.085709 0.000000 101.964498 -0.085709 0.996320 -0.000000 -2.378778 -0.000000 0.000000 1.000000 0.000000
0.996321 0.085694 0.000000 102.375590 -0.085694 0.996321 -0.000000 -2.424318 -0.000000 0.000000 1.000000 0.000000
0.996040 0.088901 0.000000 102.766861 -0.088901 0.996040 -0.000000 -2.471124 -0.000000 0.000000 1.000000 0.000000
0.996122 0.087984 0.000000 103.163927 -0.087984 0.996122 -0.000000 -2.526348 -0.000000 0.000000 1.000000 0.000000
0.995493 0.094834 0.000000 103.549485 -0.094834 0.995493 -0.000000 -2.569913 -0.000000 0.000000 1.000000 0.000000
0.995137 0.098503 0.000000 103.951045 -0.098503 0.995137 -0.000000 -2.617703 -0.000000 0.000000 1.000000 0.000000
0.995191 0.097948 0.000000 104.337776 -0.097948 0.995191 -0.000000 -2.669818 -0.000000 0.000000 1.000000 0.000000
0.994851 0.101348 0.000000 104.710848 -0.101348 0.994851 -0.000000 -2.712328 -0.000000 0.000000 1.000000 0.000000
0.994413 0.105556 0.000000 105.115529 -0.105556 0.994413 -0.000000 -2.764383 -0.000000 0.000000 1.000000 0.000000
0.993904 0.110253 0.000000 105.513045 -0.110253 0.993904 -0.000000 -2.813889 -0.000000 0.000000 1.000000 0.000000
0.993489 0.113925 0.000000 106.075032 -0.113925 0.993489 -0.000000 -2.899373 -0.000000 0.000000 1.000000 0.000000
0.993199 0.116428 0.000000 106.482417 -0.116428 0.993199 -0.000000 -2.958405 -0.000000 0.000000 1.000000 0.000000
0.992930 0.118704 0.000000 106.887503 -0.118704 0.992930 -0.000000 -3.023496 -0.000000 0.000000 1.000000 0.000000
0.992660 0.120941 0.000000 107.305289 -0.120941 0.992660 -0.000000 -3.086144 -0.000000 0.000000 1.000000 0.000000
0.992356 0.123406 0.000000 107.719440 -0.123406 0.992356 -0.000000 -3.156740 -0.000000 0.000000 1.000000 0.000000
0.992298 0.123873 0.000000 108.132876 -0.123873 0.992298 -0.000000 -3.219566 -0.000000 0.000000 1.000000 0.000000
0.992210 0.124579 0.000000 108.553222 -0.124579 0.992210 -0.000000 -3.288108 -0.000000 0.000000 1.000000 0.000000
0.991860 0.127332 0.000000 108.972607 -0.127332 0.991860 -0.000000 -3.358429 -0.000000 0.000000 1.000000 0.000000
0.990940 0.134303 0.000000 109.703372 -0.134303 0.990940 -0.000000 -3.480784 -0.000000 0.000000 1.000000 0.000000
0.990883 0.134722 0.000000 110.126217 -0.134722 0.990883 -0.000000 -3.560680 -0.000000 0.000000 1.000000 0.000000
0.991000 0.133865 0.000000 110.553745 -0.133865 0.991000 -0.000000 -3.638200 -0.000000 0.000000 1.000000 0.000000
0.991076 0.133299 0.000000 110.979341 -0.133299 0.991076 -0.000000 -3.716111 -0.000000 0.000000 1.000000 0.000000
0.991188 0.132464 0.000000 111.415217 -0.132464 0.991188 -0.000000 -3.781592 -0.000000 0.000000 1.000000 0.000000
0.990707 0.136016 0.000000 111.849742 -0.136016 0.990707 -0.000000 -3.842815 -0.000000 0.000000 1.000000 0.000000
0.990853 0.134944 0.000000 112.284748 -0.134944 0.990853 -0.000000 -3.919118 -0.000000 0.000000 1.000000 0.000000
0.990915 0.134492 0.000000 112.726518 -0.134492 0.990915 -0.000000 -3.987775 -0.000000 0.000000 1.000000 0.000000
0.990869 0.134827 0.000000 113.169558 -0.134827 0.990869 -0.000000 -4.058274 -0.000000 0.000000 1.000000 0.000000
0.990672 0.136266 0.000000 113.618600 -0.136266 0.990672 -0.000000 -4.132435 -0.000000 0.000000 1.000000 0.000000
0.990087 0.140453 0.000000 114.063701 -0.140453 0.990087 -0.000000 -4.210312 -0.000000 0.000000 1.000000 0.000000
0.990044 0.140758 0.000000 114.888777 -0.140758 0.990044 -0.000000 -4.348554 -0.000000 0.000000 1.000000 0.000000
0.990081 0.140501 0.000000 115.343137 -0.140501 0.990081 -0.000000 -4.427788 -0.000000 0.000000 1.000000 0.000000
0.989909 0.141704 0.000000 115.799247 -0.141704 0.989909 -0.000000 -4.503526 -0.000000 0.000000 1.000000 0.000000
0.989649 0.143507 0.000000 116.261323 -0.143507 0.989649 -0.000000 -4.592123 -0.000000 0.000000 1.000000 0.000000
0.989305 0.145859 0.000000 116.720135 -0.145859 0.989305 -0.000000 -4.678559 -0.000000 0.000000 1.000000 0.000000
0.989138 0.146991 0.000000 117.180922 -0.146991 0.989138 -0.000000 -4.766808 -0.000000 0.000000 1.000000 0.000000
0.988970 0.148116 0.000000 117.644448 -0.148116 0.988970 -0.000000 -4.853984 -0.000000 0.000000 1.000000 0.000000
0.988423 0.151723 0.000000 118.109637 -0.151723 0.988423 -0.000000 -4.940856 -0.000000 0.000000 1.000000 0.000000
0.987815 0.155634 0.000000 118.608177 -0.155634 0.987815 -0.000000 -5.031991 -0.000000 0.000000 1.000000 0.000000
0.987278 0.159005 0.000000 119.047998 -0.159005 0.987278 -0.000000 -5.115363 -0.000000 0.000000 1.000000 0.000000
0.987292 0.158918 0.000000 119.547558 -0.158918 0.987292 -0.000000 -5.213918 -0.000000 0.000000 1.000000 0.000000
0.987082 0.160217 0.000000 120.020420 -0.160217 0.987082 -0.000000 -5.307776 -0.000000 0.000000 1.000000 0.000000
0.986728 0.162380 0.000000 120.488802 -0.162380 0.986728 -0.000000 -5.400829 -0.000000 0.000000 1.000000 0.000000
0.987081 0.160219 0.000000 120.957735 -0.160219 0.987081 -0.000000 -5.501378 -0.000000 0.000000 1.000000 0.000000
0.986567 0.163360 0.000000 121.430844 -0.163360 0.986567 -0.000000 -5.586658 -0.000000 0.000000 1.000000 0.000000
0.986233 0.165359 0.000000 121.900997 -0.165359 0.986233 -0.000000 -5.682851 -0.000000 0.000000 1.000000 0.000000
0.985664 0.168722 0.000000 122.371783 -0.168722 0.985664 -0.000000 -5.781857 -0.000000 0.000000 1.000000 0.000000
0.984602 0.174812 0.000000 122.846445 -0.174812 0.984602 -0.000000 -5.877991 -0.000000 0.000000 1.000000 0.000000
0.984321 0.176386 0.000000 123.297973 -0.176386 0.984321 -0.000000 -5.971703 -0.000000 0.000000 1.000000 0.000000
0.984225 0.176920 0.000000 123.775799 -0.176920 0.984225 -0.000000 -6.069771 -0.000000 0.000000 1.000000 0.000000
0.983901 0.178716 0.000000 124.252471 -0.178716 0.983901 -0.000000 -6.170986 -0.000000 0.000000 1.000000 0.000000
0.983788 0.179336 0.000000 125.041302 -0.179336 0.983788 -0.000000 -6.335249 -0.000000 0.000000 1.000000 0.000000
0.983773 0.179417 0.000000 125.529282 -0.179417 0.983773 -0.000000 -6.438103 -0.000000 0.000000 1.000000 0.000000
0.985885 0.167423 0.000000 126.500100 -0.167423 0.985885 -0.000000 -6.643589 -0.000000 0.000000 1.000000 0.000000
0.985887 0.167415 0.000000 126.996391 -0.167415 0.985887 -0.000000 -6.738716 -0.000000 0.000000 1.000000 0.000000
0.986026 0.166590 0.000000 127.495135 -0.166590 0.986026 -0.000000 -6.836235 -0.000000 0.000000 1.000000 0.000000
0.985910 0.167278 0.000000 127.994518 -0.167278 0.985910 -0.000000 -6.926185 -0.000000 0.000000 1.000000 0.000000
0.986140 0.165918 0.000000 128.491853 -0.165918 0.986140 -0.000000 -7.021467 -0.000000 0.000000 1.000000 0.000000
0.985901 0.167330 0.000000 128.994267 -0.167330 0.985901 -0.000000 -7.112839 -0.000000 0.000000 1.000000 0.000000
0.985878 0.167464 0.000000 129.531119 -0.167464 0.985878 -0.000000 -7.217095 -0.000000 0.000000 1.000000 0.000000
0.985416 0.170162 0.000000 130.017484 -0.170162 0.985416 -0.000000 -7.309010 -0.000000 0.000000 1.000000 0.000000
0.985100 0.171984 0.000000 130.526902 -0.171984 0.985100 -0.000000 -7.407211 -0.000000 0.000000 1.000000 0.000000
0.985213 0.171333 0.000000 131.045199 -0.171333 0.985213 -0.000000 -7.502626 -0.000000 0.000000 1.000000 0.000000
0.985816 0.167828 0.000000 131.528420 -0.167828 0.985816 -0.000000 -7.606065 -0.000000 0.000000 1.000000 0.000000
0.985758 0.168169 0.000000 132.046584 -0.168169 0.985758 -0.000000 -7.701541 -0.000000 0.000000 1.000000 0.000000
0.985731 0.168328 0.000000 132.572388 -0.168328 0.985731 -0.000000 -7.798092 -0.000000 0.000000 1.000000 0.000000
0.985310 0.170776 0.000000 133.065822 -0.170776 0.985310 -0.000000 -7.882505 -0.000000 0.000000 1.000000 0.000000
0.985931 0.167154 0.000000 133.587060 -0.167154 0.985931 -0.000000 -7.975353 -0.000000 0.000000 1.000000 0.000000
0.985325 0.170691 0.000000 134.120526 -0.170691 0.985325 -0.000000 -8.080302 -0.000000 0.000000 1.000000 0.000000
0.984936 0.172921 0.000000 134.745969 -0.172921 0.984936 -0.000000 -8.196329 -0.000000 0.000000 1.000000 0.000000
0.984638 0.174611 0.000000 135.308642 -0.174611 0.984638 -0.000000 -8.300312 -0.000000 0.000000 1.000000 0.000000
0.984151 0.177333 0.000000 135.803560 -0.177333 0.984151 -0.000000 -8.387561 -0.000000 0.000000 1.000000 0.000000
0.984046 0.177916 0.000000 136.332891 -0.177916 0.984046 -0.000000 -8.495789 -0.000000 0.000000 1.000000 0.000000
0.983111 0.183010 0.000000 136.864691 -0.183010 0.983111 -0.000000 -8.605204 -0.000000 0.000000 1.000000 0.000000
0.982641 0.185518 0.000000 137.400639 -0.185518 0.982641 -0.000000 -8.716138 -0.000000 0.000000 1.000000 0.000000
0.981585 0.191025 0.000000 141.202723 -0.191025 0.981585 -0.000000 -9.559487 -0.000000 0.000000 1.000000 0.000000
0.981801 0.189912 0.000000 141.720718 -0.189912 0.981801 -0.000000 -9.670865 -0.000000 0.000000 1.000000 0.000000
0.982644 0.185499 0.000000 142.872458 -0.185499 0.982644 -0.000000 -9.924658 -0.000000 0.000000 1.000000 0.000000
0.981579 0.191056 0.000000 143.990381 -0.191056 0.981579 -0.000000 -10.182517 -0.000000 0.000000 1.000000 0.000000
0.981385 0.192049 0.000000 144.551187 -0.192049 0.981385 -0.000000 -10.311003 -0.000000 0.000000 1.000000 0.000000
0.981179 0.193100 0.000000 145.112879 -0.193100 0.981179 -0.000000 -10.442586 -0.000000 0.000000 1.000000 0.000000
0.981014 0.193937 0.000000 145.684230 -0.193937 0.981014 -0.000000 -10.571714 -0.000000 0.000000 1.000000 0.000000
0.981152 0.193236 0.000000 146.249167 -0.193236 0.981152 -0.000000 -10.711722 -0.000000 0.000000 1.000000 0.000000
0.981841 0.189704 0.000000 146.823670 -0.189704 0.981841 -0.000000 -10.846501 -0.000000 0.000000 1.000000 0.000000
0.981146 0.193268 0.000000 147.402126 -0.193268 0.981146 -0.000000 -10.976974 -0.000000 0.000000 1.000000 0.000000
0.981060 0.193706 0.000000 147.977443 -0.193706 0.981060 -0.000000 -11.107291 -0.000000 0.000000 1.000000 0.000000
0.981230 0.192843 0.000000 148.549010 -0.192843 0.981230 -0.000000 -11.250918 -0.000000 0.000000 1.000000 0.000000
0.981063 0.193687 0.000000 149.459650 -0.193687 0.981063 -0.000000 -11.467882 -0.000000 0.000000 1.000000 0.000000
0.980236 0.197834 0.000000 150.036952 -0.197834 0.980236 -0.000000 -11.598817 -0.000000 0.000000 1.000000 0.000000
0.980481 0.196614 0.000000 150.600416 -0.196614 0.980481 -0.000000 -11.748440 -0.000000 0.000000 1.000000 0.000000
0.979852 0.199725 0.000000 151.176119 -0.199725 0.979852 -0.000000 -11.880961 -0.000000 0.000000 1.000000 0.000000
0.979342 0.202210 0.000000 151.792699 -0.202210 0.979342 -0.000000 -12.031903 -0.000000 0.000000 1.000000 0.000000
0.978815 0.204746 0.000000 152.317883 -0.204746 0.978815 -0.000000 -12.161903 -0.000000 0.000000 1.000000 0.000000
0.978664 0.205469 0.000000 152.924329 -0.205469 0.978664 -0.000000 -12.316687 -0.000000 0.000000 1.000000 0.000000
0.978735 0.205127 0.000000 153.490251 -0.205127 0.978735 -0.000000 -12.461442 -0.000000 0.000000 1.000000 0.000000
0.978781 0.204908 0.000000 154.066290 -0.204908 0.978781 -0.000000 -12.600614 -0.000000 0.000000 1.000000 0.000000
0.978861 0.204525 0.000000 154.634069 -0.204525 0.978861 -0.000000 -12.731441 -0.000000 0.000000 1.000000 0.000000
0.978920 0.204243 0.000000 155.197830 -0.204243 0.978920 -0.000000 -12.864752 -0.000000 0.000000 1.000000 0.000000
0.979318 0.202329 0.000000 155.754882 -0.202329 0.979318 -0.000000 -13.000500 -0.000000 0.000000 1.000000 0.000000
0.979615 0.200882 0.000000 156.319067 -0.200882 0.979615 -0.000000 -13.129513 -0.000000 0.000000 1.000000 0.000000
0.979624 0.200838 0.000000 156.879504 -0.200838 0.979624 -0.000000 -13.253770 -0.000000 0.000000 1.000000 0.000000
0.980014 0.198930 0.000000 157.449764 -0.198930 0.980014 -0.000000 -13.386616 -0.000000 0.000000 1.000000 0.000000
0.979382 0.202017 0.000000 158.015910 -0.202017 0.979382 -0.000000 -13.509950 -0.000000 0.000000 1.000000 0.000000
0.978906 0.204313 0.000000 159.151919 -0.204313 0.978906 -0.000000 -13.772406 -0.000000 0.000000 1.000000 0.000000
0.978702 0.205284 0.000000 159.715841 -0.205284 0.978702 -0.000000 -13.902735 -0.000000 0.000000 1.000000 0.000000
0.978772 0.204952 0.000000 160.246053 -0.204952 0.978772 -0.000000 -14.025798 -0.000000 0.000000 1.000000 0.000000
0.978422 0.206618 0.000000 160.832409 -0.206618 0.978422 -0.000000 -14.158087 -0.000000 0.000000 1.000000 0.000000
0.978011 0.208555 0.000000 161.387419 -0.208555 0.978011 -0.000000 -14.283177 -0.000000 0.000000 1.000000 0.000000
0.978342 0.206993 0.000000 162.491103 -0.206993 0.978342 -0.000000 -14.544590 -0.000000 0.000000 1.000000 0.000000
0.978524 0.206132 0.000000 163.055439 -0.206132 0.978524 -0.000000 -14.675269 -0.000000 0.000000 1.000000 0.000000
0.978264 0.207363 0.000000 163.586340 -0.207363 0.978264 -0.000000 -14.806229 -0.000000 0.000000 1.000000 0.000000
0.978140 0.207946 0.000000 164.151889 -0.207946 0.978140 -0.000000 -14.938341 -0.000000 0.000000 1.000000 0.000000
0.978534 0.206085 0.000000 164.725515 -0.206085 0.978534 -0.000000 -15.070793 -0.000000 0.000000 1.000000 0.000000
0.978301 0.207187 0.000000 165.261779 -0.207187 0.978301 -0.000000 -15.188005 -0.000000 0.000000 1.000000 0.000000
0.977832 0.209392 0.000000 166.020651 -0.209392 0.977832 -0.000000 -15.353015 -0.000000 0.000000 1.000000 0.000000
0.976896 0.213717 0.000000 166.586041 -0.213717 0.976896 -0.000000 -15.471810 -0.000000 0.000000 1.000000 0.000000
0.976650 0.214838 0.000000 167.155026 -0.214838 0.976650 -0.000000 -15.599447 -0.000000 0.000000 1.000000 0.000000
0.975515 0.219931 0.000000 167.761422 -0.219931 0.975515 -0.000000 -15.732706 -0.000000 0.000000 1.000000 0.000000
0.975521 0.219905 0.000000 168.297321 -0.219905 0.975521 -0.000000 -15.855699 -0.000000 0.000000 1.000000 0.000000
0.976123 0.217219 0.000000 168.903785 -0.217219 0.976123 -0.000000 -16.010560 -0.000000 0.000000 1.000000 0.000000
0.975285 0.220952 0.000000 169.477271 -0.220952 0.975285 -0.000000 -16.137804 -0.000000 0.000000 1.000000 0.000000
0.975806 0.218636 0.000000 170.053449 -0.218636 0.975806 -0.000000 -16.269608 -0.000000 0.000000 1.000000 0.000000
0.974842 0.222897 0.000000 170.636136 -0.222897 0.974842 -0.000000 -16.400822 -0.000000 0.000000 1.000000 0.000000
0.975537 0.219835 0.000000 171.203303 -0.219835 0.975537 -0.000000 -16.545896 -0.000000 0.000000 1.000000 0.000000
0.975881 0.218303 0.000000 171.777927 -0.218303 0.975881 -0.000000 -16.680149 -0.000000 0.000000 1.000000 0.000000
0.975884 0.218290 0.000000 172.347361 -0.218290 0.975884 -0.000000 -16.820139 -0.000000 0.000000 1.000000 0.000000
0.977153 0.212539 0.000000 172.924200 -0.212539 0.977153 -0.000000 -16.969768 -0.000000 0.000000 1.000000 0.000000
0.978206 0.207635 0.000000 173.500578 -0.207635 0.978206 -0.000000 -17.116271 -0.000000 0.000000 1.000000 0.000000
0.978176 0.207778 0.000000 174.079239 -0.207778 0.978176 -0.000000 -17.247473 -0.000000 0.000000 1.000000 0.000000
0.977819 0.209453 0.000000 174.652675 -0.209453 0.977819 -0.000000 -17.385802 -0.000000 0.000000 1.000000 0.000000
0.977647 0.210254 0.000000 175.231889 -0.210254 0.977647 -0.000000 -17.522208 -0.000000 0.000000 1.000000 0.000000
0.977385 0.211466 0.000000 175.774345 -0.211466 0.977385 -0.000000 -17.650697 -0.000000 0.000000 1.000000 0.000000
0.977239 0.212141 0.000000 176.388549 -0.212141 0.977239 -0.000000 -17.796901 -0.000000 0.000000 1.000000 0.000000
0.977548 0.210711 0.000000 176.925991 -0.210711 0.977548 -0.000000 -17.919862 -0.000000 0.000000 1.000000 0.000000
0.977307 0.211828 0.000000 177.503801 -0.211828 0.977307 -0.000000 -18.059082 -0.000000 0.000000 1.000000 0.000000
0.977020 0.213146 0.000000 178.081480 -0.213146 0.977020 -0.000000 -18.191448 -0.000000 0.000000 1.000000 0.000000
0.976362 0.216144 0.000000 178.662202 -0.216144 0.976362 -0.000000 -18.334377 -0.000000 0.000000 1.000000 0.000000
0.974656 0.223711 0.000000 179.241636 -0.223711 0.974656 -0.000000 -18.476614 -0.000000 0.000000 1.000000 0.000000
0.974598 0.223963 0.000000 179.820109 -0.223963 0.974598 -0.000000 -18.617914 -0.000000 0.000000 1.000000 0.000000
0.974735 0.223365 0.000000 180.408081 -0.223365 0.974735 -0.000000 -18.759066 -0.000000 0.000000 1.000000 0.000000
0.974839 0.222909 0.000000 180.991390 -0.222909 0.974839 -0.000000 -18.898381 -0.000000 0.000000 1.000000 0.000000
0.974768 0.223219 0.000000 181.581033 -0.223219 0.974768 -0.000000 -19.036515 -0.000000 0.000000 1.000000 0.000000
0.974409 0.224783 0.000000 182.171977 -0.224783 0.974409 -0.000000 -19.173789 -0.000000 0.000000 1.000000 0.000000
0.974852 0.222853 0.000000 182.747086 -0.222853 0.974852 -0.000000 -19.318176 -0.000000 0.000000 1.000000 0.000000
0.974968 0.222346 0.000000 183.325594 -0.222346 0.974968 -0.000000 -19.465983 -0.000000 0.000000 1.000000 0.000000
0.974487 0.224442 0.000000 183.903515 -0.224442 0.974487 -0.000000 -19.607356 -0.000000 0.000000 1.000000 0.000000
0.974383 0.224894 0.000000 184.451200 -0.224894 0.974383 -0.000000 -19.740459 -0.000000 0.000000 1.000000 0.000000
0.974511 0.224340 0.000000 185.025169 -0.224340 0.974511 -0.000000 -19.886879 -0.000000 0.000000 1.000000 0.000000
0.974477 0.224488 0.000000 185.605862 -0.224488 0.974477 -0.000000 -20.031244 -0.000000 0.000000 1.000000 0.000000
0.974428 0.224698 0.000000 186.162006 -0.224698 0.974428 -0.000000 -20.171171 -0.000000 0.000000 1.000000 0.000000
0.975046 0.222005 0.000000 186.728724 -0.222005 0.975046 -0.000000 -20.314657 -0.000000 0.000000 1.000000 0.000000
0.974688 0.223570 0.000000 187.301688 -0.223570 0.974688 -0.000000 -20.462340 -0.000000 0.000000 1.000000 0.000000
0.975498 0.220007 0.000000 187.839637 -0.220007 0.975498 -0.000000 -20.603326 -0.000000 0.000000 1.000000 0.000000
0.975589 0.219603 0.000000 188.407013 -0.219603 0.975589 -0.000000 -20.747686 -0.000000 0.000000 1.000000 0.000000
0.974849 0.222865 0.000000 188.980389 -0.222865 0.974849 -0.000000 -20.888486 -0.000000 0.000000 1.000000 0.000000
0.974892 0.222677 0.000000 189.516671 -0.222677 0.974892 -0.000000 -21.020269 -0.000000 0.000000 1.000000 0.000000
0.974429 0.224697 0.000000 190.095662 -0.224697 0.974429 -0.000000 -21.165663 -0.000000 0.000000 1.000000 0.000000
0.974097 0.226131 0.000000 190.662848 -0.226131 0.974097 -0.000000 -21.306528 -0.000000 0.000000 1.000000 0.000000
0.973848 0.227201 0.000000 191.485892 -0.227201 0.973848 -0.000000 -21.528440 -0.000000 0.000000 1.000000 0.000000
0.973385 0.229178 0.000000 192.052736 -0.229178 0.973385 -0.000000 -21.667671 -0.000000 0.000000 1.000000 0.000000
0.973126 0.230274 0.000000 192.621778 -0.230274 0.973126 -0.000000 -21.807863 -0.000000 0.000000 1.000000 0.000000
0.973374 0.229222 0.000000 193.188614 -0.229222 0.973374 -0.000000 -21.947089 -0.000000 0.000000 1.000000 0.000000
0.973258 0.229716 0.000000 193.752403 -0.229716 0.973258 -0.000000 -22.089912 -0.000000 0.000000 1.000000 0.000000
0.973765 0.227557 0.000000 194.317686 -0.227557 0.973765 -0.000000 -22.226519 -0.000000 0.000000 1.000000 0.000000
0.974745 0.223322 0.000000 194.880198 -0.223322 0.974745 -0.000000 -22.373763 -0.000000 0.000000 1.000000 0.000000
0.974806 0.223053 0.000000 195.462328 -0.223053 0.974806 -0.000000 -22.513611 -0.000000 0.000000 1.000000 0.000000
0.974952 0.222414 0.000000 195.963290 -0.222414 0.974952 -0.000000 -22.640756 -0.000000 0.000000 1.000000 0.000000
0.974756 0.223271 0.000000 196.937228 -0.223271 0.974756 -0.000000 -22.887003 -0.000000 0.000000 1.000000 0.000000
0.974764 0.223239 0.000000 197.501710 -0.223239 0.974764 -0.000000 -23.021685 -0.000000 0.000000 1.000000 0.000000
0.974570 0.224084 0.000000 198.212923 -0.224084 0.974570 -0.000000 -23.196549 -0.000000 0.000000 1.000000 0.000000
0.974383 0.224896 0.000000 198.929351 -0.224896 0.974383 -0.000000 -23.380898 -0.000000 0.000000 1.000000 0.000000
0.973830 0.227279 0.000000 199.888540 -0.227279 0.973830 -0.000000 -23.631135 -0.000000 0.000000 1.000000 0.000000
0.973936 0.226823 0.000000 200.450355 -0.226823 0.973936 -0.000000 -23.779864 -0.000000 0.000000 1.000000 0.000000
0.973991 0.226585 0.000000 201.022784 -0.226585 0.973991 -0.000000 -23.927235 -0.000000 0.000000 1.000000 0.000000
0.973939 0.226809 0.000000 201.580883 -0.226809 0.973939 -0.000000 -24.071514 -0.000000 0.000000 1.000000 0.000000
0.973857 0.227161 0.000000 202.112133 -0.227161 0.973857 -0.000000 -24.202117 -0.000000 0.000000 1.000000 0.000000
0.974552 0.224163 0.000000 202.677815 -0.224163 0.974552 -0.000000 -24.348389 -0.000000 0.000000 1.000000 0.000000
0.973938 0.226815 0.000000 203.235700 -0.226815 0.973938 -0.000000 -24.493093 -0.000000 0.000000 1.000000 0.000000
0.973909 0.226939 0.000000 204.031341 -0.226939 0.973909 -0.000000 -24.710017 -0.000000 0.000000 1.000000 0.000000
0.974361 0.224992 0.000000 204.598646 -0.224992 0.974361 -0.000000 -24.857665 -0.000000 0.000000 1.000000 0.000000
0.974563 0.224113 0.000000 205.171491 -0.224113 0.974563 -0.000000 -24.999099 -0.000000 0.000000 1.000000 0.000000
0.974521 0.224297 0.000000 205.733493 -0.224297 0.974521 -0.000000 -25.138351 -0.000000 0.000000 1.000000 0.000000
0.975529 0.219872 0.000000 206.326602 -0.219872 0.975529 -0.000000 -25.282892 -0.000000 0.000000 1.000000 0.000000
0.975620 0.219465 0.000000 206.852854 -0.219465 0.975620 -0.000000 -25.409702 -0.000000 0.000000 1.000000 0.000000
0.975596 0.219573 0.000000 207.451189 -0.219573 0.975596 -0.000000 -25.553425 -0.000000 0.000000 1.000000 0.000000
0.975789 0.218712 0.000000 207.979912 -0.218712 0.975789 -0.000000 -25.684401 -0.000000 0.000000 1.000000 0.000000
0.975861 0.218395 0.000000 208.573719 -0.218395 0.975861 -0.000000 -25.833592 -0.000000 0.000000 1.000000 0.000000
0.975945 0.218015 0.000000 209.127346 -0.218015 0.975945 -0.000000 -25.969596 -0.000000 0.000000 1.000000 0.000000
0.975740 0.218931 0.000000 209.686762 -0.218931 0.975740 -0.000000 -26.101058 -0.000000 0.000000 1.000000 0.000000
0.976311 0.216372 0.000000 210.250244 -0.216372 0.976311 -0.000000 -26.242153 -0.000000 0.000000 1.000000 0.000000
0.976087 0.217382 0.000000 210.796647 -0.217382 0.976087 -0.000000 -26.371978 -0.000000 0.000000 1.000000 0.000000
0.976079 0.217415 0.000000 211.351978 -0.217415 0.976079 -0.000000 -26.508286 -0.000000 0.000000 1.000000 0.000000
0.976509 0.215477 0.000000 211.914869 -0.215477 0.976509 -0.000000 -26.645553 -0.000000 0.000000 1.000000 0.000000
0.976859 0.213886 0.000000 212.463666 -0.213886 0.976859 -0.000000 -26.782226 -0.000000 0.000000 1.000000 0.000000
0.975241 0.221144 0.000000 213.011276 -0.221144 0.975241 -0.000000 -26.915879 -0.000000 0.000000 1.000000 0.000000
0.975515 0.219932 0.000000 213.565630 -0.219932 0.975515 -0.000000 -27.051357 -0.000000 0.000000 1.000000 0.000000
0.976207 0.216841 0.000000 214.151475 -0.216841 0.976207 -0.000000 -27.195202 -0.000000 0.000000 1.000000 0.000000
0.976614 0.214999 0.000000 214.705810 -0.214999 0.976614 -0.000000 -27.325960 -0.000000 0.000000 1.000000 0.000000
0.977243 0.212125 0.000000 215.259948 -0.212125 0.977243 -0.000000 -27.455094 -0.000000 0.000000 1.000000 0.000000
0.977357 0.211595 0.000000 215.782821 -0.211595 0.977357 -0.000000 -27.579974 -0.000000 0.000000 1.000000 0.000000
0.977625 0.210356 0.000000 216.340395 -0.210356 0.977625 -0.000000 -27.705938 -0.000000 0.000000 1.000000 0.000000
0.977252 0.212083 0.000000 216.929426 -0.212083 0.977252 -0.000000 -27.845412 -0.000000 0.000000 1.000000 0.000000
0.977659 0.210198 0.000000 217.484495 -0.210198 0.977659 -0.000000 -27.972652 -0.000000 0.000000 1.000000 0.000000
0.978177 0.207775 0.000000 218.034224 -0.207775 0.978177 -0.000000 -28.101736 -0.000000 0.000000 1.000000 0.000000
0.978337 0.207017 0.000000 218.558091 -0.207017 0.978337 -0.000000 -28.228569 -0.000000 0.000000 1.000000 0.000000
0.978988 0.203918 0.000000 219.642085 -0.203918 0.978988 -0.000000 -28.483443 -0.000000 0.000000 1.000000 0.000000
0.979738 0.200284 0.000000 220.172869 -0.200284 0.979738 -0.000000 -28.613166 -0.000000 0.000000 1.000000 0.000000
0.980059 0.198704 0.000000 220.705965 -0.198704 0.980059 -0.000000 -28.736610 -0.000000 0.000000 1.000000 0.000000
0.980232 0.197854 0.000000 221.216742 -0.197854 0.980232 -0.000000 -28.853752 -0.000000 0.000000 1.000000 0.000000
0.980203 0.197994 0.000000 221.764345 -0.197994 0.980203 -0.000000 -28.978036 -0.000000 0.000000 1.000000 0.000000
0.980447 0.196782 0.000000 222.304829 -0.196782 0.980447 -0.000000 -29.101135 -0.000000 0.000000 1.000000 0.000000
0.980752 0.195255 0.000000 222.849040 -0.195255 0.980752 -0.000000 -29.224523 -0.000000 0.000000 1.000000 0.000000
0.980899 0.194515 0.000000 223.355504 -0.194515 0.980899 -0.000000 -29.334479 -0.000000 0.000000 1.000000 0.000000
0.981215 0.192919 0.000000 223.893397 -0.192919 0.981215 -0.000000 -29.457140 -0.000000 0.000000 1.000000 0.000000
0.981017 0.193922 0.000000 224.392364 -0.193922 0.981017 -0.000000 -29.563325 -0.000000 0.000000 1.000000 0.000000
0.980941 0.194305 0.000000 224.921969 -0.194305 0.980941 -0.000000 -29.676630 -0.000000 0.000000 1.000000 0.000000
0.981209 0.192947 0.000000 225.448580 -0.192947 0.981209 -0.000000 -29.788922 -0.000000 0.000000 1.000000 0.000000
0.981473 0.191600 0.000000 225.972842 -0.191600 0.981473 -0.000000 -29.899669 -0.000000 0.000000 1.000000 0.000000
0.981771 0.190068 0.000000 226.466129 -0.190068 0.981771 -0.000000 -30.007617 -0.000000 0.000000 1.000000 0.000000
0.981847 0.189677 0.000000 226.993603 -0.189677 0.981847 -0.000000 -30.118240 -0.000000 0.000000 1.000000 0.000000
0.982203 0.187820 0.000000 227.647474 -0.187820 0.982203 -0.000000 -30.261797 -0.000000 0.000000 1.000000 0.000000
0.982338 0.187115 0.000000 228.276322 -0.187115 0.982338 -0.000000 -30.393267 -0.000000 0.000000 1.000000 0.000000
0.982459 0.186479 0.000000 228.802476 -0.186479 0.982459 -0.000000 -30.502501 -0.000000 0.000000 1.000000 0.000000
0.982541 0.186048 0.000000 229.331353 -0.186048 0.982541 -0.000000 -30.608007 -0.000000 0.000000 1.000000 0.000000
0.982655 0.185445 0.000000 229.854474 -0.185445 0.982655 -0.000000 -30.718219 -0.000000 0.000000 1.000000 0.000000
0.983188 0.182594 0.000000 230.379395 -0.182594 0.983188 -0.000000 -30.826997 -0.000000 0.000000 1.000000 0.000000
0.983593 0.180401 0.000000 230.905158 -0.180401 0.983593 -0.000000 -30.930493 -0.000000 0.000000 1.000000 0.000000
0.984311 0.176445 0.000000 231.808242 -0.176445 0.984311 -0.000000 -31.120392 -0.000000 0.000000 1.000000 0.000000
0.984145 0.177364 0.000000 232.342529 -0.177364 0.984145 -0.000000 -31.223972 -0.000000 0.000000 1.000000 0.000000
0.984399 0.175949 0.000000 232.834934 -0.175949 0.984399 -0.000000 -31.326506 -0.000000 0.000000 1.000000 0.000000
0.983850 0.178998 0.000000 233.365245 -0.178998 0.983850 -0.000000 -31.432739 -0.000000 0.000000 1.000000 0.000000
0.983546 0.180655 0.000000 233.890140 -0.180655 0.983546 -0.000000 -31.541327 -0.000000 0.000000 1.000000 0.000000
0.983333 0.181812 0.000000 234.412573 -0.181812 0.983333 -0.000000 -31.642190 -0.000000 0.000000 1.000000 0.000000
0.983605 0.180338 0.000000 234.938138 -0.180338 0.983605 -0.000000 -31.760091 -0.000000 0.000000 1.000000 0.000000
0.983552 0.180623 0.000000 235.458429 -0.180623 0.983552 -0.000000 -31.873135 -0.000000 0.000000 1.000000 0.000000
0.983157 0.182763 0.000000 235.976313 -0.182763 0.983157 -0.000000 -31.972799 -0.000000 0.000000 1.000000 0.000000
0.982708 0.185161 0.000000 236.502807 -0.185161 0.982708 -0.000000 -32.077257 -0.000000 0.000000 1.000000 0.000000
0.982705 0.185180 0.000000 237.020326 -0.185180 0.982705 -0.000000 -32.191178 -0.000000 0.000000 1.000000 0.000000
0.982228 0.187690 0.000000 237.552443 -0.187690 0.982228 -0.000000 -32.305308 -0.000000 0.000000 1.000000 0.000000
0.982434 0.186609 0.000000 238.073422 -0.186609 0.982434 -0.000000 -32.426346 -0.000000 0.000000 1.000000 0.000000
0.981980 0.188987 0.000000 238.592255 -0.188987 0.981980 -0.000000 -32.539538 -0.000000 0.000000 1.000000 0.000000
0.982134 0.188184 0.000000 239.113048 -0.188184 0.982134 -0.000000 -32.663991 -0.000000 0.000000 1.000000 0.000000
0.982028 0.188736 0.000000 239.634408 -0.188736 0.982028 -0.000000 -32.782804 -0.000000 0.000000 1.000000 0.000000
0.982227 0.187694 0.000000 240.188348 -0.187694 0.982227 -0.000000 -32.909571 -0.000000 0.000000 1.000000 0.000000
0.982114 0.188285 0.000000 240.674544 -0.188285 0.982114 -0.000000 -33.017448 -0.000000 0.000000 1.000000 0.000000
0.981973 0.189023 0.000000 241.188305 -0.189023 0.981973 -0.000000 -33.133444 -0.000000 0.000000 1.000000 0.000000
0.981413 0.191910 0.000000 241.713232 -0.191910 0.981413 -0.000000 -33.255368 -0.000000 0.000000 1.000000 0.000000
0.981184 0.193075 0.000000 242.228822 -0.193075 0.981184 -0.000000 -33.376462 -0.000000 0.000000 1.000000 0.000000
0.981319 0.192388 0.000000 242.748666 -0.192388 0.981319 -0.000000 -33.500372 -0.000000 0.000000 1.000000 0.000000
0.981315 0.192408 0.000000 243.270516 -0.192408 0.981315 -0.000000 -33.615205 -0.000000 0.000000 1.000000 0.000000
0.981148 0.193255 0.000000 243.787705 -0.193255 0.981148 -0.000000 -33.734285 -0.000000 0.000000 1.000000 0.000000
0.981099 0.193504 0.000000 244.306081 -0.193504 0.981099 -0.000000 -33.856092 -0.000000 0.000000 1.000000 0.000000
0.981063 0.193688 0.000000 244.828487 -0.193688 0.981063 -0.000000 -33.979916 -0.000000 0.000000 1.000000 0.000000
0.980350 0.197268 0.000000 245.379787 -0.197268 0.980350 -0.000000 -34.103090 -0.000000 0.000000 1.000000 0.000000
0.980058 0.198711 0.000000 245.892490 -0.198711 0.980058 -0.000000 -34.219427 -0.000000 0.000000 1.000000 0.000000
0.979549 0.201205 0.000000 246.373531 -0.201205 0.979549 -0.000000 -34.336054 -0.000000 0.000000 1.000000 0.000000
0.979212 0.202837 0.000000 246.886923 -0.202837 0.979212 -0.000000 -34.459739 -0.000000 0.000000 1.000000 0.000000
0.977284 0.211933 0.000000 247.915592 -0.211933 0.977284 -0.000000 -34.688117 -0.000000 0.000000 1.000000 0.000000
0.976876 0.213807 0.000000 248.430862 -0.213807 0.976876 -0.000000 -34.808283 -0.000000 0.000000 1.000000 0.000000
0.976420 0.215878 0.000000 249.146159 -0.215878 0.976420 -0.000000 -34.980555 -0.000000 0.000000 1.000000 0.000000
0.977054 0.212992 0.000000 250.127020 -0.212992 0.977054 -0.000000 -35.219945 -0.000000 0.000000 1.000000 0.000000
0.977007 0.213208 0.000000 250.634630 -0.213208 0.977007 -0.000000 -35.344561 -0.000000 0.000000 1.000000 0.000000
0.976524 0.215407 0.000000 251.139686 -0.215407 0.976524 -0.000000 -35.460279 -0.000000 0.000000 1.000000 0.000000
0.976436 0.215809 0.000000 251.633009 -0.215809 0.976436 -0.000000 -35.584611 -0.000000 0.000000 1.000000 0.000000
0.976253 0.216632 0.000000 252.141422 -0.216632 0.976253 -0.000000 -35.715691 -0.000000 0.000000 1.000000 0.000000
0.976010 0.217725 0.000000 252.644910 -0.217725 0.976010 -0.000000 -35.851965 -0.000000 0.000000 1.000000 0.000000
0.975464 0.220157 0.000000 253.140941 -0.220157 0.975464 -0.000000 -35.976669 -0.000000 0.000000 1.000000 0.000000
0.975530 0.219867 0.000000 253.641748 -0.219867 0.975530 -0.000000 -36.096281 -0.000000 0.000000 1.000000 0.000000
0.975940 0.218038 0.000000 254.138500 -0.218038 0.975940 -0.000000 -36.216760 -0.000000 0.000000 1.000000 0.000000
0.977228 0.212194 0.000000 254.632080 -0.212194 0.977228 -0.000000 -36.336836 -0.000000 0.000000 1.000000 0.000000
0.977426 0.211276 0.000000 255.092810 -0.211276 0.977426 -0.000000 -36.443789 -0.000000 0.000000 1.000000 0.000000
0.977482 0.211020 0.000000 255.593492 -0.211020 0.977482 -0.000000 -36.553640 -0.000000 0.000000 1.000000 0.000000
0.977194 0.212348 0.000000 256.084785 -0.212348 0.977194 -0.000000 -36.663413 -0.000000 0.000000 1.000000 0.000000
0.977230 0.212183 0.000000 256.568853 -0.212183 0.977230 -0.000000 -36.770790 -0.000000 0.000000 1.000000 0.000000
0.977316 0.211785 0.000000 257.064361 -0.211785 0.977316 -0.000000 -36.880259 -0.000000 0.000000 1.000000 0.000000
0.977638 0.210293 0.000000 257.547409 -0.210293 0.977638 -0.000000 -36.980284 -0.000000 0.000000 1.000000 0.000000
0.977431 0.211257 0.000000 258.036092 -0.211257 0.977431 -0.000000 -37.089580 -0.000000 0.000000 1.000000 0.000000
0.976973 0.213364 0.000000 258.510118 -0.213364 0.976973 -0.000000 -37.195095 -0.000000 0.000000 1.000000 0.000000
0.976346 0.216216 0.000000 258.994669 -0.216216 0.976346 -0.000000 -37.304808 -0.000000 0.000000 1.000000 0.000000
0.975640 0.219376 0.000000 259.462569 -0.219376 0.975640 -0.000000 -37.416733 -0.000000 0.000000 1.000000 0.000000
0.975719 0.219025 0.000000 259.932923 -0.219025 0.975719 -0.000000 -37.536508 -0.000000 0.000000 1.000000 0.000000
0.976115 0.217254 0.000000 260.400459 -0.217254 0.976115 -0.000000 -37.654302 -0.000000 0.000000 1.000000 0.000000
0.975921 0.218126 0.000000 260.829583 -0.218126 0.975921 -0.000000 -37.754761 -0.000000 0.000000 1.000000 0.000000
0.975554 0.219760 0.000000 261.285294 -0.219760 0.975554 -0.000000 -37.869702 -0.000000 0.000000 1.000000 0.000000
0.975260 0.221063 0.000000 261.746027 -0.221063 0.975260 -0.000000 -37.984497 -0.000000 0.000000 1.000000 0.000000
0.975301 0.220882 0.000000 262.195432 -0.220882 0.975301 -0.000000 -38.094841 -0.000000 0.000000 1.000000 0.000000
0.975351 0.220659 0.000000 262.650794 -0.220659 0.975351 -0.000000 -38.198955 -0.000000 0.000000 1.000000 0.000000
0.975513 0.219941 0.000000 263.091319 -0.219941 0.975513 -0.000000 -38.299792 -0.000000 0.000000 1.000000 0.000000
0.975900 0.218219 0.000000 263.527017 -0.218219 0.975900 -0.000000 -38.407447 -0.000000 0.000000 1.000000 0.000000
0.975701 0.219106 0.000000 263.961253 -0.219106 0.975701 -0.000000 -38.511451 -0.000000 0.000000 1.000000 0.000000
0.976063 0.217490 0.000000 264.400207 -0.217490 0.976063 -0.000000 -38.612390 -0.000000 0.000000 1.000000 0.000000
0.976669 0.214749 0.000000 264.969400 -0.214749 0.976669 -0.000000 -38.739566 -0.000000 0.000000 1.000000 0.000000
0.976624 0.214955 0.000000 265.391120 -0.214955 0.976624 -0.000000 -38.836645 -0.000000 0.000000 1.000000 0.000000
0.976052 0.217536 0.000000 265.816855 -0.217536 0.976052 -0.000000 -38.930297 -0.000000 0.000000 1.000000 0.000000
0.976709 0.214568 0.000000 266.232489 -0.214568 0.976709 -0.000000 -39.038091 -0.000000 0.000000 1.000000 0.000000
0.976554 0.215274 0.000000 266.652142 -0.215274 0.976554 -0.000000 -39.131198 -0.000000 0.000000 1.000000 0.000000
0.976933 0.213546 0.000000 267.046643 -0.213546 0.976933 -0.000000 -39.222975 -0.000000 0.000000 1.000000 0.000000
0.976630 0.214927 0.000000 267.450947 -0.214927 0.976630 -0.000000 -39.312255 -0.000000 0.000000 1.000000 0.000000
0.976357 0.216163 0.000000 267.873877 -0.216163 0.976357 -0.000000 -39.407943 -0.000000 0.000000 1.000000 0.000000
0.976438 0.215797 0.000000 268.265922 -0.215797 0.976438 -0.000000 -39.498657 -0.000000 0.000000 1.000000 0.000000
0.976229 0.216743 0.000000 268.656863 -0.216743 0.976229 -0.000000 -39.582629 -0.000000 0.000000 1.000000 0.000000
0.976494 0.215544 0.000000 269.037073 -0.215544 0.976494 -0.000000 -39.679637 -0.000000 0.000000 1.000000 0.000000
0.976576 0.215174 0.000000 269.412305 -0.215174 0.976576 -0.000000 -39.769614 -0.000000 0.000000 1.000000 0.000000
0.976247 0.216659 0.000000 269.787915 -0.216659 0.976247 -0.000000 -39.859507 -0.000000 0.000000 1.000000 0.000000
0.976056 0.217518 0.000000 270.153541 -0.217518 0.976056 -0.000000 -39.952947 -0.000000 0.000000 1.000000 0.000000
0.976101 0.217317 0.000000 270.513307 -0.217317 0.976101 -0.000000 -40.044106 -0.000000 0.000000 1.000000 0.000000
0.976142 0.217133 0.000000 270.871788 -0.217133 0.976142 -0.000000 -40.134099 -0.000000 0.000000 1.000000 0.000000
0.976465 0.215676 0.000000 271.226502 -0.215676 0.976465 -0.000000 -40.221833 -0.000000 0.000000 1.000000 0.000000
0.976274 0.216539 0.000000 271.572586 -0.216539 0.976274 -0.000000 -40.302587 -0.000000 0.000000 1.000000 0.000000
0.976112 0.217269 0.000000 271.918793 -0.217269 0.976112 -0.000000 -40.385723 -0.000000 0.000000 1.000000 0.000000
0.976194 0.216900 0.000000 272.258314 -0.216900 0.976194 -0.000000 -40.473960 -0.000000 0.000000 1.000000 0.000000
0.976366 0.216123 0.000000 272.932060 -0.216123 0.976366 -0.000000 -40.643656 -0.000000 0.000000 1.000000 0.000000
0.976241 0.216688 0.000000 273.258029 -0.216688 0.976241 -0.000000 -40.720617 -0.000000 0.000000 1.000000 0.000000
0.976334 0.216269 0.000000 273.582078 -0.216269 0.976334 -0.000000 -40.801075 -0.000000 0.000000 1.000000 0.000000
0.976340 0.216240 0.000000 273.903490 -0.216240 0.976340 -0.000000 -40.875587 -0.000000 0.000000 1.000000 0.000000
0.976365 0.216126 0.000000 274.222339 -0.216126 0.976365 -0.000000 -40.947066 -0.000000 0.000000 1.000000 0.000000
0.975683 0.219186 0.000000 274.824551 -0.219186 0.975683 -0.000000 -41.085887 -0.000000 0.000000 1.000000 0.000000
0.975650 0.219333 0.000000 275.127150 -0.219333 0.975650 -0.000000 -41.155143 -0.000000 0.000000 1.000000 0.000000
0.975928 0.218092 0.000000 275.409095 -0.218092 0.975928 -0.000000 -41.230329 -0.000000 0.000000 1.000000 0.000000
0.976281 0.216508 0.000000 275.694865 -0.216508 0.976281 -0.000000 -41.311068 -0.000000 0.000000 1.000000 0.000000
0.976513 0.215461 0.000000 275.964353 -0.215461 0.976513 -0.000000 -41.381765 -0.000000 0.000000 1.000000 0.000000
0.928888 0.370360 0.000000 278.214885 -0.370360 0.928888 -0.000000 -42.303204 -0.000000 0.000000 1.000000 0.000000
0.927597 0.373581 0.000000 278.443646 -0.373581 0.927597 -0.000000 -42.397764 -0.000000 0.000000 1.000000 0.000000
0.927234 0.374482 0.000000 278.676547 -0.374482 0.927234 -0.000000 -42.493730 -0.000000 0.000000 1.000000 0.000000
0.928243 0.371974 0.000000 278.956661 -0.371974 0.928243 -0.000000 -42.627055 -0.000000 0.000000 1.000000 0.000000
0.929933 0.367729 0.000000 279.279217 -0.367729 0.929933 -0.000000 -42.770298 -0.000000 0.000000 1.000000 0.000000
0.929662 0.368414 0.000000 279.553057 -0.368414 0.929662 -0.000000 -42.876894 -0.000000 0.000000 1.000000 0.000000
0.929089 0.369855 0.000000 279.762828 -0.369855 0.929089 -0.000000 -42.968238 -0.000000 0.000000 1.000000 0.000000
0.929470 0.368897 0.000000 279.970365 -0.368897 0.929470 -0.000000 -43.057947 -0.000000 0.000000 1.000000 0.000000
0.929489 0.368850 0.000000 280.176458 -0.368850 0.929489 -0.000000 -43.146773 -0.000000 0.000000 1.000000 0.000000
0.929627 0.368501 0.000000 280.377789 -0.368501 0.929627 -0.000000 -43.237447 -0.000000 0.000000 1.000000 0.000000
0.928944 0.370220 0.000000 280.586818 -0.370220 0.928944 -0.000000 -43.322849 -0.000000 0.000000 1.000000 0.000000
0.928513 0.371300 0.000000 280.788074 -0.371300 0.928513 -0.000000 -43.405645 -0.000000 0.000000 1.000000 0.000000
0.929531 0.368745 0.000000 280.985382 -0.368745 0.929531 -0.000000 -43.486559 -0.000000 0.000000 1.000000 0.000000
0.929110 0.369803 0.000000 281.179897 -0.369803 0.929110 -0.000000 -43.568378 -0.000000 0.000000 1.000000 0.000000
0.928194 0.372097 0.000000 281.373249 -0.372097 0.928194 -0.000000 -43.642897 -0.000000 0.000000 1.000000 0.000000
0.927948 0.372710 0.000000 281.572638 -0.372710 0.927948 -0.000000 -43.727833 -0.000000 0.000000 1.000000 0.000000
0.928212 0.372051 0.000000 281.747559 -0.372051 0.928212 -0.000000 -43.798618 -0.000000 0.000000 1.000000 0.000000
0.928806 0.370567 0.000000 281.933853 -0.370567 0.928806 -0.000000 -43.884031 -0.000000 0.000000 1.000000 0.000000
0.929056 0.369938 0.000000 282.096513 -0.369938 0.929056 -0.000000 -43.949724 -0.000000 0.000000 1.000000 0.000000
0.928760 0.370682 0.000000 282.269288 -0.370682 0.928760 -0.000000 -44.019909 -0.000000 0.000000 1.000000 0.000000
0.928093 0.372348 0.000000 282.440851 -0.372348 0.928093 -0.000000 -44.089158 -0.000000 0.000000 1.000000 0.000000
0.928529 0.371261 0.000000 282.595104 -0.371261 0.928529 -0.000000 -44.163603 -0.000000 0.000000 1.000000 0.000000
0.927798 0.373084 0.000000 282.745841 -0.373084 0.927798 -0.000000 -44.227137 -0.000000 0.000000 1.000000 0.000000
0.926115 0.377242 0.000000 282.903793 -0.377242 0.926115 -0.000000 -44.289619 -0.000000 0.000000 1.000000 0.000000
0.925709 0.378238 0.000000 283.043302 -0.378238 0.925709 -0.000000 -44.345637 -0.000000 0.000000 1.000000 0.000000
0.927556 0.373685 0.000000 283.274751 -0.373685 0.927556 -0.000000 -44.441424 -0.000000 0.000000 1.000000 0.000000
0.927374 0.374136 0.000000 283.418374 -0.374136 0.927374 -0.000000 -44.496126 -0.000000 0.000000 1.000000 0.000000
0.926483 0.376336 0.000000 283.560718 -0.376336 0.926483 -0.000000 -44.550067 -0.000000 0.000000 1.000000 0.000000
0.926948 0.375190 0.000000 283.690362 -0.375190 0.926948 -0.000000 -44.607184 -0.000000 0.000000 1.000000 0.000000
0.926876 0.375367 0.000000 283.925788 -0.375367 0.926876 -0.000000 -44.713515 -0.000000 0.000000 1.000000 0.000000
0.928507 0.371315 0.000000 284.037646 -0.371315 0.928507 -0.000000 -44.762152 -0.000000 0.000000 1.000000 0.000000
0.927336 0.374229 0.000000 284.146535 -0.374229 0.927336 -0.000000 -44.802143 -0.000000 0.000000 1.000000 0.000000
0.927723 0.373270 0.000000 284.241160 -0.373270 0.927723 -0.000000 -44.848404 -0.000000 0.000000 1.000000 0.000000
0.926623 0.375991 0.000000 284.320435 -0.375991 0.926623 -0.000000 -44.885174 -0.000000 0.000000 1.000000 0.000000
0.928120 0.372281 0.000000 284.436085 -0.372281 0.928120 -0.000000 -44.944958 -0.000000 0.000000 1.000000 0.000000
0.928239 0.371985 0.000000 284.502944 -0.371985 0.928239 -0.000000 -44.972410 -0.000000 0.000000 1.000000 0.000000
0.927313 0.374286 0.000000 284.573424 -0.374286 0.927313 -0.000000 -44.994691 -0.000000 0.000000 1.000000 0.000000
0.927059 0.374915 0.000000 284.626254 -0.374915 0.927059 -0.000000 -45.021789 -0.000000 0.000000 1.000000 0.000000
0.926574 0.376112 0.000000 284.662669 -0.376112 0.926574 -0.000000 -45.038463 -0.000000 0.000000 1.000000 0.000000
0.926339 0.376691 0.000000 284.695087 -0.376691 0.926339 -0.000000 -45.050179 -0.000000 0.000000 1.000000 0.000000
0.926083 0.377320 0.000000 284.713270 -0.377320 0.926083 -0.000000 -45.054271 -0.000000 0.000000 1.000000 0.000000
0.926181 0.377079 0.000000 284.729647 -0.377079 0.926181 -0.000000 -45.057864 -0.000000 0.000000 1.000000 0.000000
0.926505 0.376281 0.000000 284.741281 -0.376281 0.926505 -0.000000 -45.061894 -0.000000 0.000000 1.000000 0.000000
0.926755 0.375666 0.000000 284.740372 -0.375666 0.926755 -0.000000 -45.062286 -0.000000 0.000000 1.000000 0.000000
0.926803 0.375548 0.000000 284.739334 -0.375548 0.926803 -0.000000 -45.061347 -0.000000 0.000000 1.000000 0.000000
0.927060 0.374914 0.000000 284.738949 -0.374914 0.927060 -0.000000 -45.056890 -0.000000 0.000000 1.000000 0.000000
0.927181 0.374614 0.000000 284.738337 -0.374614 0.927181 -0.000000 -45.051823 -0.000000 0.000000 1.000000 0.000000
0.927193 0.374583 0.000000 284.739824 -0.374583 0.927193 -0.000000 -45.045410 -0.000000 0.000000 1.000000 0.000000
0.927139 0.374718 0.000000 284.739446 -0.374718 0.927139 -0.000000 -45.039741 -0.000000 0.000000 1.000000 0.000000
0.927032 0.374982 0.000000 284.738684 -0.374982 0.927032 -0.000000 -45.035328 -0.000000 0.000000 1.000000 0.000000
0.926870 0.375383 0.000000 284.740465 -0.375383 0.926870 -0.000000 -45.029644 -0.000000 0.000000 1.000000 0.000000
0.926819 0.375508 0.000000 284.741525 -0.375508 0.926819 -0.000000 -45.026329 -0.000000 0.000000 1.000000 0.000000
0.926789 0.375582 0.000000 284.744258 -0.375582 0.926789 -0.000000 -45.023415 -0.000000 0.000000 1.000000 0.000000
0.926769 0.375631 0.000000 284.745653 -0.375631 0.926769 -0.000000 -45.019849 -0.000000 0.000000 1.000000 0.000000
0.926770 0.375629 0.000000 284.746778 -0.375629 0.926770 -0.000000 -45.018348 -0.000000 0.000000 1.000000 0.000000
0.926744 0.375694 0.000000 284.747595 -0.375694 0.926744 -0.000000 -45.017930 -0.000000 0.000000 1.000000 0.000000
0.926740 0.375702 0.000000 284.748642 -0.375702 0.926740 -0.000000 -45.017433 -0.000000 0.000000 1.000000 0.000000
0.926763 0.375647 0.000000 284.748761 -0.375647 0.926763 -0.000000 -45.017277 -0.000000 0.000000 1.000000 0.000000
0.926731 0.375726 0.000000 284.750584 -0.375726 0.926731 -0.000000 -45.015599 -0.000000 0.000000 1.000000 0.000000
0.926738 0.375708 0.000000 284.752234 -0.375708 0.926738 -0.000000 -45.015703 -0.000000 0.000000 1.000000 0.000000
0.926756 0.375665 0.000000 284.753619 -0.375665 0.926756 -0.000000 -45.015866 -0.000000 0.000000 1.000000 0.000000
0.926719 0.375755 0.000000 284.754596 -0.375755 0.926719 -0.000000 -45.016729 -0.000000 0.000000 1.000000 0.000000
0.926715 0.375765 0.000000 284.755145 -0.375765 0.926715 -0.000000 -45.018179 -0.000000 0.000000 1.000000 0.000000
0.926684 0.375842 0.000000 284.756744 -0.375842 0.926684 -0.000000 -45.019291 -0.000000 0.000000 1.000000 0.000000
0.926698 0.375807 0.000000 284.757846 -0.375807 0.926698 -0.000000 -45.020236 -0.000000 0.000000 1.000000 0.000000
0.926742 0.375699 0.000000 284.758135 -0.375699 0.926742 -0.000000 -45.021857 -0.000000 0.000000 1.000000 0.000000
0.926735 0.375715 0.000000 284.759062 -0.375715 0.926735 -0.000000 -45.023781 -0.000000 0.000000 1.000000 0.000000
0.926729 0.375730 0.000000 284.759416 -0.375730 0.926729 -0.000000 -45.025257 -0.000000 0.000000 1.000000 0.000000
0.926778 0.375609 0.000000 284.759412 -0.375609 0.926778 -0.000000 -45.026370 -0.000000 0.000000 1.000000 0.000000
0.926789 0.375583 0.000000 284.759267 -0.375583 0.926789 -0.000000 -45.027325 -0.000000 0.000000 1.000000 0.000000
0.926782 0.375599 0.000000 284.760097 -0.375599 0.926782 -0.000000 -45.027987 -0.000000 0.000000 1.000000 0.000000
0.926778 0.375609 0.000000 284.760932 -0.375609 0.926778 -0.000000 -45.028289 -0.000000 0.000000 1.000000 0.000000
0.926769 0.375631 0.000000 284.761444 -0.375631 0.926769 -0.000000 -45.028743 -0.000000 0.000000 1.000000 0.000000
0.926757 0.375661 0.000000 284.761136 -0.375661 0.926757 -0.000000 -45.029503 -0.000000 0.000000 1.000000 0.000000
0.926739 0.375706 0.000000 284.760982 -0.375706 0.926739 -0.000000 -45.030312 -0.000000 0.000000 1.000000 0.000000
0.926697 0.375809 0.000000 284.762513 -0.375809 0.926697 -0.000000 -45.029479 -0.000000 0.000000 1.000000 0.000000
0.926689 0.375828 0.000000 284.763678 -0.375828 0.926689 -0.000000 -45.028948 -0.000000 0.000000 1.000000 0.000000
0.926664 0.375890 0.000000 284.764790 -0.375890 0.926664 -0.000000 -45.027784 -0.000000 0.000000 1.000000 0.000000
0.926657 0.375908 0.000000 284.766058 -0.375908 0.926657 -0.000000 -45.025963 -0.000000 0.000000 1.000000 0.000000
0.926639 0.375951 0.000000 284.767331 -0.375951 0.926639 -0.000000 -45.024394 -0.000000 0.000000 1.000000 0.000000
0.926646 0.375936 0.000000 284.767916 -0.375936 0.926646 -0.000000 -45.023905 -0.000000 0.000000 1.000000 0.000000
0.926670 0.375875 0.000000 284.768900 -0.375875 0.926670 -0.000000 -45.022683 -0.000000 0.000000 1.000000 0.000000
0.926630 0.375974 0.000000 284.770138 -0.375974 0.926630 -0.000000 -45.021212 -0.000000 0.000000 1.000000 0.000000
0.926605 0.376037 0.000000 284.771513 -0.376037 0.926605 -0.000000 -45.019289 -0.000000 0.000000 1.000000 0.000000
0.926603 0.376042 0.000000 284.772562 -0.376042 0.926603 -0.000000 -45.017709 -0.000000 0.000000 1.000000 0.000000
0.926515 0.376257 0.000000 284.773309 -0.376257 0.926515 -0.000000 -45.015901 -0.000000 0.000000 1.000000 0.000000
0.926478 0.376350 0.000000 284.773892 -0.376350 0.926478 -0.000000 -45.014422 -0.000000 0.000000 1.000000 0.000000
0.926415 0.376503 0.000000 284.774437 -0.376503 0.926415 -0.000000 -45.013465 -0.000000 0.000000 1.000000 0.000000
0.926358 0.376644 0.000000 284.774530 -0.376644 0.926358 -0.000000 -45.012067 -0.000000 0.000000 1.000000 0.000000
0.926214 0.376997 0.000000 284.773868 -0.376997 0.926214 -0.000000 -45.011765 -0.000000 0.000000 1.000000 0.000000
0.926296 0.376796 0.000000 284.773802 -0.376796 0.926296 -0.000000 -45.011546 -0.000000 0.000000 1.000000 0.000000
0.926437 0.376450 0.000000 284.772400 -0.376450 0.926437 -0.000000 -45.012774 -0.000000 0.000000 1.000000 0.000000
0.926570 0.376123 0.000000 284.770932 -0.376123 0.926570 -0.000000 -45.013480 -0.000000 0.000000 1.000000 0.000000
0.926674 0.375866 0.000000 284.769392 -0.375866 0.926674 -0.000000 -45.014275 -0.000000 0.000000 1.000000 0.000000
0.926845 0.375443 0.000000 284.768196 -0.375443 0.926845 -0.000000 -45.015263 -0.000000 0.000000 1.000000 0.000000
0.927060 0.374914 0.000000 284.766286 -0.374914 0.927060 -0.000000 -45.017492 -0.000000 0.000000 1.000000 0.000000
0.927197 0.374573 0.000000 284.764712 -0.374573 0.927197 -0.000000 -45.019575 -0.000000 0.000000 1.000000 0.000000
0.927350 0.374194 0.000000 284.762757 -0.374194 0.927350 -0.000000 -45.022098 -0.000000 0.000000 1.000000 0.000000
0.927420 0.374022 0.000000 284.761363 -0.374022 0.927420 -0.000000 -45.024527 -0.000000 0.000000 1.000000 0.000000
0.927491 0.373845 0.000000 284.761151 -0.373845 0.927491 -0.000000 -45.027402 -0.000000 0.000000 1.000000 0.000000
0.927623 0.373518 0.000000 284.760618 -0.373518 0.927623 -0.000000 -45.030241 -0.000000 0.000000 1.000000 0.000000
0.927912 0.372799 0.000000 284.758963 -0.372799 0.927912 -0.000000 -45.035159 -0.000000 0.000000 1.000000 0.000000
0.927843 0.372971 0.000000 284.759509 -0.372971 0.927843 -0.000000 -45.035900 -0.000000 0.000000 1.000000 0.000000
0.927789 0.373106 0.000000 284.760284 -0.373106 0.927789 -0.000000 -45.037052 -0.000000 0.000000 1.000000 0.000000
0.927747 0.373209 0.000000 284.760801 -0.373209 0.927747 -0.000000 -45.037942 -0.000000 0.000000 1.000000 0.000000
0.927701 0.373323 0.000000 284.761459 -0.373323 0.927701 -0.000000 -45.038839 -0.000000 0.000000 1.000000 0.000000
0.927711 0.373300 0.000000 284.762326 -0.373300 0.927711 -0.000000 -45.039016 -0.000000 0.000000 1.000000 0.000000
0.927681 0.373374 0.000000 284.762909 -0.373374 0.927681 -0.000000 -45.039811 -0.000000 0.000000 1.000000 0.000000
0.927623 0.373517 0.000000 284.764197 -0.373517 0.927623 -0.000000 -45.040551 -0.000000 0.000000 1.000000 0.000000
0.927593 0.373593 0.000000 284.765326 -0.373593 0.927593 -0.000000 -45.040753 -0.000000 0.000000 1.000000 0.000000
0.927592 0.373596 0.000000 284.765255 -0.373596 0.927592 -0.000000 -45.040895 -0.000000 0.000000 1.000000 0.000000
0.927586 0.373611 0.000000 284.765535 -0.373611 0.927586 -0.000000 -45.041121 -0.000000 0.000000 1.000000 0.000000
0.927565 0.373663 0.000000 284.765603 -0.373663 0.927565 -0.000000 -45.041428 -0.000000 0.000000 1.000000 0.000000
0.927567 0.373657 0.000000 284.765628 -0.373657 0.927567 -0.000000 -45.041724 -0.000000 0.000000 1.000000 0.000000
0.927591 0.373597 0.000000 284.765774 -0.373597 0.927591 -0.000000 -45.042145 -0.000000 0.000000 1.000000 0.000000
0.927604 0.373565 0.000000 284.766479 -0.373565 0.927604 -0.000000 -45.042486 -0.000000 0.000000 1.000000 0.000000
0.927607 0.373558 0.000000 284.766859 -0.373558 0.927607 -0.000000 -45.042615 -0.000000 0.000000 1.000000 0.000000
0.927569 0.373653 0.000000 284.767807 -0.373653 0.927569 -0.000000 -45.042557 -0.000000 0.000000 1.000000 0.000000
0.927502 0.373817 0.000000 284.768869 -0.373817 0.927502 -0.000000 -45.042724 -0.000000 0.000000 1.000000 0.000000
0.927448 0.373951 0.000000 284.769252 -0.373951 0.927448 -0.000000 -45.042762 -0.000000 0.000000 1.000000 0.000000
0.927403 0.374064 0.000000 284.769628 -0.374064 0.927403 -0.000000 -45.042845 -0.000000 0.000000 1.000000 0.000000
0.927379 0.374124 0.000000 284.769873 -0.374124 0.927379 -0.000000 -45.042986 -0.000000 0.000000 1.000000 0.000000
0.927378 0.374126 0.000000 284.769745 -0.374126 0.927378 -0.000000 -45.043127 -0.000000 0.000000 1.000000 0.000000
0.927406 0.374057 0.000000 284.769821 -0.374057 0.927406 -0.000000 -45.043223 -0.000000 0.000000 1.000000 0.000000
0.927428 0.374001 0.000000 284.769752 -0.374001 0.927428 -0.000000 -45.043651 -0.000000 0.000000 1.000000 0.000000
0.927443 0.373965 0.000000 284.769318 -0.373965 0.927443 -0.000000 -45.043751 -0.000000 0.000000 1.000000 0.000000
0.927458 0.373926 0.000000 284.768997 -0.373926 0.927458 -0.000000 -45.044244 -0.000000 0.000000 1.000000 0.000000
0.927457 0.373929 0.000000 284.768958 -0.373929 0.927457 -0.000000 -45.044409 -0.000000 0.000000 1.000000 0.000000
0.927473 0.373889 0.000000 284.768101 -0.373889 0.927473 -0.000000 -45.044600 -0.000000 0.000000 1.000000 0.000000
0.927500 0.373822 0.000000 284.768480 -0.373822 0.927500 -0.000000 -45.044855 -0.000000 0.000000 1.000000 0.000000
0.927497 0.373830 0.000000 284.769115 -0.373830 0.927497 -0.000000 -45.045371 -0.000000 0.000000 1.000000 0.000000
0.927480 0.373873 0.000000 284.769422 -0.373873 0.927480 -0.000000 -45.046090 -0.000000 0.000000 1.000000 0.000000
0.927478 0.373879 0.000000 284.770252 -0.373879 0.927478 -0.000000 -45.046699 -0.000000 0.000000 1.000000 0.000000
0.927480 0.373873 0.000000 284.770674 -0.373873 0.927480 -0.000000 -45.046800 -0.000000 0.000000 1.000000 0.000000
0.927440 0.373971 0.000000 284.771650 -0.373971 0.927440 -0.000000 -45.046691 -0.000000 0.000000 1.000000 0.000000
0.927359 0.374172 0.000000 284.772244 -0.374172 0.927359 -0.000000 -45.046781 -0.000000 0.000000 1.000000 0.000000
0.927335 0.374233 0.000000 284.772476 -0.374233 0.927335 -0.000000 -45.046677 -0.000000 0.000000 1.000000 0.000000
0.927328 0.374250 0.000000 284.773448 -0.374250 0.927328 -0.000000 -45.046535 -0.000000 0.000000 1.000000 0.000000
0.927347 0.374202 0.000000 284.774052 -0.374202 0.927347 -0.000000 -45.046432 -0.000000 0.000000 1.000000 0.000000
0.927287 0.374350 0.000000 284.774807 -0.374350 0.927287 -0.000000 -45.046364 -0.000000 0.000000 1.000000 0.000000
0.927278 0.374373 0.000000 284.775408 -0.374373 0.927278 -0.000000 -45.045694 -0.000000 0.000000 1.000000 0.000000
0.927306 0.374303 0.000000 284.776681 -0.374303 0.927306 -0.000000 -45.044613 -0.000000 0.000000 1.000000 0.000000
0.927315 0.374281 0.000000 284.778119 -0.374281 0.927315 -0.000000 -45.043680 -0.000000 0.000000 1.000000 0.000000
0.927347 0.374202 0.000000 284.778997 -0.374202 0.927347 -0.000000 -45.042983 -0.000000 0.000000 1.000000 0.000000
0.927357 0.374178 0.000000 284.779842 -0.374178 0.927357 -0.000000 -45.042590 -0.000000 0.000000 1.000000 0.000000
0.927369 0.374148 0.000000 284.780229 -0.374148 0.927369 -0.000000 -45.042080 -0.000000 0.000000 1.000000 0.000000
0.927387 0.374103 0.000000 284.780823 -0.374103 0.927387 -0.000000 -45.041573 -0.000000 0.000000 1.000000 0.000000
0.927400 0.374072 0.000000 284.781150 -0.374072 0.927400 -0.000000 -45.041055 -0.000000 0.000000 1.000000 0.000000
0.927407 0.374054 0.000000 284.781397 -0.374054 0.927407 -0.000000 -45.040934 -0.000000 0.000000 1.000000 0.000000
0.927426 0.374007 0.000000 284.781867 -0.374007 0.927426 -0.000000 -45.040376 -0.000000 0.000000 1.000000 0.000000
0.927423 0.374014 0.000000 284.782226 -0.374014 0.927423 -0.000000 -45.040849 -0.000000 0.000000 1.000000 0.000000
0.927398 0.374077 0.000000 284.782872 -0.374077 0.927398 -0.000000 -45.040848 -0.000000 0.000000 1.000000 0.000000
0.927417 0.374029 0.000000 284.783574 -0.374029 0.927417 -0.000000 -45.040871 -0.000000 0.000000 1.000000 0.000000
0.927428 0.374003 0.000000 284.785052 -0.374003 0.927428 -0.000000 -45.040473 -0.000000 0.000000 1.000000 0.000000
0.927312 0.374288 0.000000 284.785291 -0.374288 0.927312 -0.000000 -45.039695 -0.000000 0.000000 1.000000 0.000000
0.927364 0.374161 0.000000 284.786359 -0.374161 0.927364 -0.000000 -45.039636 -0.000000 0.000000 1.000000 0.000000
0.927376 0.374131 0.000000 284.787468 -0.374131 0.927376 -0.000000 -45.039453 -0.000000 0.000000 1.000000 0.000000
0.927393 0.374088 0.000000 284.788135 -0.374088 0.927393 -0.000000 -45.038882 -0.000000 0.000000 1.000000 0.000000
0.927397 0.374080 0.000000 284.789455 -0.374080 0.927397 -0.000000 -45.038276 -0.000000 0.000000 1.000000 0.000000
0.927399 0.374074 0.000000 284.789973 -0.374074 0.927399 -0.000000 -45.037961 -0.000000 0.000000 1.000000 0.000000
0.927406 0.374057 0.000000 284.790819 -0.374057 0.927406 -0.000000 -45.036687 -0.000000 0.000000 1.000000 0.000000
0.927419 0.374025 0.000000 284.791545 -0.374025 0.927419 -0.000000 -45.035645 -0.000000 0.000000 1.000000 0.000000
0.927425 0.374009 0.000000 284.792681 -0.374009 0.927425 -0.000000 -45.034967 -0.000000 0.000000 1.000000 0.000000
0.927442 0.373966 0.000000 284.793217 -0.373966 0.927442 -0.000000 -45.034354 -0.000000 0.000000 1.000000 0.000000
0.927439 0.373975 0.000000 284.794031 -0.373975 0.927439 -0.000000 -45.033906 -0.000000 0.000000 1.000000 0.000000
0.927442 0.373968 0.000000 284.794655 -0.373968 0.927442 -0.000000 -45.033094 -0.000000 0.000000 1.000000 0.000000
0.927448 0.373952 0.000000 284.795797 -0.373952 0.927448 -0.000000 -45.032363 -0.000000 0.000000 1.000000 0.000000
0.927450 0.373947 0.000000 284.796947 -0.373947 0.927450 -0.000000 -45.032093 -0.000000 0.000000 1.000000 0.000000
0.927451 0.373944 0.000000 284.797937 -0.373944 0.927451 -0.000000 -45.031659 -0.000000 0.000000 1.000000 0.000000
0.927450 0.373946 0.000000 284.800272 -0.373946 0.927450 -0.000000 -45.031129 -0.000000 0.000000 1.000000 0.000000
0.927434 0.373987 0.000000 284.801336 -0.373987 0.927434 -0.000000 -45.031023 -0.000000 0.000000 1.000000 0.000000
0.927436 0.373982 0.000000 284.801771 -0.373982 0.927436 -0.000000 -45.030767 -0.000000 0.000000 1.000000 0.000000
0.927433 0.373989 0.000000 284.802435 -0.373989 0.927433 -0.000000 -45.030796 -0.000000 0.000000 1.000000 0.000000
0.927423 0.374015 0.000000 284.803546 -0.374015 0.927423 -0.000000 -45.030779 -0.000000 0.000000 1.000000 0.000000
0.927405 0.374060 0.000000 284.804533 -0.374060 0.927405 -0.000000 -45.030389 -0.000000 0.000000 1.000000 0.000000
0.927401 0.374069 0.000000 284.805375 -0.374069 0.927401 -0.000000 -45.030513 -0.000000 0.000000 1.000000 0.000000
0.927379 0.374124 0.000000 284.805454 -0.374124 0.927379 -0.000000 -45.030788 -0.000000 0.000000 1.000000 0.000000
0.927358 0.374176 0.000000 284.805827 -0.374176 0.927358 -0.000000 -45.030729 -0.000000 0.000000 1.000000 0.000000
0.927363 0.374164 0.000000 284.806321 -0.374164 0.927363 -0.000000 -45.030886 -0.000000 0.000000 1.000000 0.000000
0.927355 0.374183 0.000000 284.806918 -0.374183 0.927355 -0.000000 -45.030516 -0.000000 0.000000 1.000000 0.000000
0.927372 0.374141 0.000000 284.807333 -0.374141 0.927372 -0.000000 -45.030333 -0.000000 0.000000 1.000000 0.000000
0.927391 0.374092 0.000000 284.807669 -0.374092 0.927391 -0.000000 -45.030592 -0.000000 0.000000 1.000000 0.000000
0.927369 0.374147 0.000000 284.807875 -0.374147 0.927369 -0.000000 -45.030725 -0.000000 0.000000 1.000000 0.000000
0.927323 0.374263 0.000000 284.807651 -0.374263 0.927323 -0.000000 -45.031317 -0.000000 0.000000 1.000000 0.000000
0.927269 0.374397 0.000000 284.807884 -0.374397 0.927269 -0.000000 -45.031237 -0.000000 0.000000 1.000000 0.000000
0.927272 0.374389 0.000000 284.807889 -0.374389 0.927272 -0.000000 -45.031317 -0.000000 0.000000 1.000000 0.000000
0.927291 0.374342 0.000000 284.808398 -0.374342 0.927291 -0.000000 -45.031208 -0.000000 0.000000 1.000000 0.000000
0.927303 0.374311 0.000000 284.808424 -0.374311 0.927303 -0.000000 -45.031093 -0.000000 0.000000 1.000000 0.000000
0.927302 0.374315 0.000000 284.808251 -0.374315 0.927302 -0.000000 -45.030694 -0.000000 0.000000 1.000000 0.000000
0.927292 0.374339 0.000000 284.807826 -0.374339 0.927292 -0.000000 -45.030236 -0.000000 0.000000 1.000000 0.000000
0.927296 0.374329 0.000000 284.807464 -0.374329 0.927296 -0.000000 -45.030129 -0.000000 0.000000 1.000000 0.000000
0.927267 0.374401 0.000000 284.807359 -0.374401 0.927267 -0.000000 -45.029530 -0.000000 0.000000 1.000000 0.000000
0.927253 0.374436 0.000000 284.807401 -0.374436 0.927253 -0.000000 -45.028304 -0.000000 0.000000 1.000000 0.000000
0.927252 0.374437 0.000000 284.807298 -0.374437 0.927252 -0.000000 -45.027160 -0.000000 0.000000 1.000000 0.000000
0.927253 0.374436 0.000000 284.807545 -0.374436 0.927253 -0.000000 -45.025269 -0.000000 0.000000 1.000000 0.000000
0.927288 0.374350 0.000000 284.807784 -0.374350 0.927288 -0.000000 -45.023103 -0.000000 0.000000 1.000000 0.000000
0.927378 0.374125 0.000000 284.806906 -0.374125 0.927378 -0.000000 -45.020925 -0.000000 0.000000 1.000000 0.000000
0.927446 0.373958 0.000000 284.806288 -0.373958 0.927446 -0.000000 -45.019455 -0.000000 0.000000 1.000000 0.000000
0.927503 0.373816 0.000000 284.805024 -0.373816 0.927503 -0.000000 -45.018704 -0.000000 0.000000 1.000000 0.000000
0.927545 0.373711 0.000000 284.804816 -0.373711 0.927545 -0.000000 -45.018729 -0.000000 0.000000 1.000000 0.000000
0.927529 0.373750 0.000000 284.804501 -0.373750 0.927529 -0.000000 -45.018111 -0.000000 0.000000 1.000000 0.000000
0.927531 0.373746 0.000000 284.804851 -0.373746 0.927531 -0.000000 -45.017820 -0.000000 0.000000 1.000000 0.000000
0.927529 0.373750 0.000000 284.805707 -0.373750 0.927529 -0.000000 -45.017951 -0.000000 0.000000 1.000000 0.000000
0.927520 0.373774 0.000000 284.806111 -0.373774 0.927520 -0.000000 -45.018347 -0.000000 0.000000 1.000000 0.000000
0.927504 0.373813 0.000000 284.807023 -0.373813 0.927504 -0.000000 -45.018743 -0.000000 0.000000 1.000000 0.000000
0.927480 0.373873 0.000000 284.807816 -0.373873 0.927480 -0.000000 -45.019404 -0.000000 0.000000 1.000000 0.000000
0.927487 0.373854 0.000000 284.808628 -0.373854 0.927487 -0.000000 -45.020174 -0.000000 0.000000 1.000000 0.000000
0.927501 0.373821 0.000000 284.809100 -0.373821 0.927501 -0.000000 -45.020253 -0.000000 0.000000 1.000000 0.000000
0.927416 0.374030 0.000000 284.809821 -0.374030 0.927416 -0.000000 -45.019851 -0.000000 0.000000 1.000000 0.000000
0.927356 0.374181 0.000000 284.809461 -0.374181 0.927356 -0.000000 -45.019553 -0.000000 0.000000 1.000000 0.000000
0.927347 0.374203 0.000000 284.809226 -0.374203 0.927347 -0.000000 -45.019457 -0.000000 0.000000 1.000000 0.000000
0.927334 0.374236 0.000000 284.809026 -0.374236 0.927334 -0.000000 -45.019376 -0.000000 0.000000 1.000000 0.000000
0.927302 0.374315 0.000000 284.808469 -0.374315 0.927302 -0.000000 -45.019535 -0.000000 0.000000 1.000000 0.000000
0.927266 0.374403 0.000000 284.808605 -0.374403 0.927266 -0.000000 -45.019287 -0.000000 0.000000 1.000000 0.000000
0.927244 0.374456 0.000000 284.807320 -0.374456 0.927244 -0.000000 -45.017450 -0.000000 0.000000 1.000000 0.000000
0.927240 0.374468 0.000000 284.806402 -0.374468 0.927240 -0.000000 -45.015966 -0.000000 0.000000 1.000000 0.000000
0.927262 0.374413 0.000000 284.805122 -0.374413 0.927262 -0.000000 -45.015394 -0.000000 0.000000 1.000000 0.000000
0.927218 0.374523 0.000000 284.803318 -0.374523 0.927218 -0.000000 -45.014480 -0.000000 0.000000 1.000000 0.000000
0.927248 0.374448 0.000000 284.802938 -0.374448 0.927248 -0.000000 -45.013503 -0.000000 0.000000 1.000000 0.000000
0.927250 0.374443 0.000000 284.803068 -0.374443 0.927250 -0.000000 -45.013396 -0.000000 0.000000 1.000000 0.000000
0.927268 0.374398 0.000000 284.802837 -0.374398 0.927268 -0.000000 -45.013179 -0.000000 0.000000 1.000000 0.000000
0.927291 0.374342 0.000000 284.803503 -0.374342 0.927291 -0.000000 -45.013184 -0.000000 0.000000 1.000000 0.000000
0.927325 0.374257 0.000000 284.804466 -0.374257 0.927325 -0.000000 -45.012992 -0.000000 0.000000 1.000000 0.000000
0.927351 0.374193 0.000000 284.804601 -0.374193 0.927351 -0.000000 -45.012793 -0.000000 0.000000 1.000000 0.000000
0.927343 0.374212 0.000000 284.806397 -0.374212 0.927343 -0.000000 -45.012219 -0.000000 0.000000 1.000000 0.000000
0.927312 0.374289 0.000000 284.807321 -0.374289 0.927312 -0.000000 -45.011799 -0.000000 0.000000 1.000000 0.000000
0.927317 0.374277 0.000000 284.807990 -0.374277 0.927317 -0.000000 -45.010683 -0.000000 0.000000 1.000000 0.000000
0.927339 0.374222 0.000000 284.809574 -0.374222 0.927339 -0.000000 -45.009583 -0.000000 0.000000 1.000000 0.000000
0.927348 0.374201 0.000000 284.810965 -0.374201 0.927348 -0.000000 -45.009024 -0.000000 0.000000 1.000000 0.000000
0.927364 0.374160 0.000000 284.811489 -0.374160 0.927364 -0.000000 -45.008559 -0.000000 0.000000 1.000000 0.000000
0.927359 0.374173 0.000000 284.812895 -0.374173 0.927359 -0.000000 -45.008223 -0.000000 0.000000 1.000000 0.000000
0.927364 0.374159 0.000000 284.814686 -0.374159 0.927364 -0.000000 -45.008001 -0.000000 0.000000 1.000000 0.000000
0.927413 0.374040 0.000000 284.815613 -0.374040 0.927413 -0.000000 -45.007709 -0.000000 0.000000 1.000000 0.000000
0.927458 0.373926 0.000000 284.816500 -0.373926 0.927458 -0.000000 -45.007907 -0.000000 0.000000 1.000000 0.000000
0.927453 0.373941 0.000000 284.817152 -0.373941 0.927453 -0.000000 -45.007564 -0.000000 0.000000 1.000000 0.000000
0.927411 0.374045 0.000000 284.817108 -0.374045 0.927411 -0.000000 -45.007229 -0.000000 0.000000 1.000000 0.000000
0.927373 0.374137 0.000000 284.817845 -0.374137 0.927373 -0.000000 -45.006590 -0.000000 0.000000 1.000000 0.000000
0.927338 0.374224 0.000000 284.818771 -0.374224 0.927338 -0.000000 -45.005966 -0.000000 0.000000 1.000000 0.000000
0.927321 0.374267 0.000000 284.819444 -0.374267 0.927321 -0.000000 -45.005649 -0.000000 0.000000 1.000000 0.000000
