0.999998 -0.002028 0.000000 0.628815 0.002028 0.999998 0.000000 0.004749 0.000000 0.000000 1.000000 0.000000
1.000000 0.000794 0.000000 1.261208 -0.000794 1.000000 0.000000 -0.013957 0.000000 0.000000 1.000000 0.000000
0.999997 0.002548 0.000000 2.094619 -0.002548 0.999997 0.000000 -0.029033 0.000000 0.000000 1.000000 0.000000
0.999999 0.001040 0.000000 2.685999 -0.001040 0.999999 0.000000 -0.046348 0.000000 0.000000 1.000000 0.000000
0.999997 0.002621 0.000000 3.308548 -0.002621 0.999997 0.000000 -0.050189 0.000000 0.000000 1.000000 0.000000
1.000000 0.000697 0.000000 4.246098 -0.000697 1.000000 0.000000 -0.081768 0.000000 0.000000 1.000000 0.000000
0.999998 -0.001975 0.000000 4.865015 0.001975 0.999998 0.000000 -0.107984 0.000000 0.000000 1.000000 0.000000
0.999999 -0.001276 0.000000 5.507367 0.001276 0.999999 0.000000 -0.117332 0.000000 0.000000 1.000000 0.000000
0.999992 -0.003956 0.000000 6.126508 0.003956 0.999992 0.000000 -0.138961 0.000000 0.000000 1.000000 0.000000
0.999998 0.002020 0.000000 7.400973 -0.002020 0.999998 0.000000 -0.172213 0.000000 0.000000 1.000000 0.000000
1.000000 0.000192 0.000000 8.035113 -0.000192 1.000000 0.000000 -0.184790 0.000000 0.000000 1.000000 0.000000
0.999986 -0.005383 0.000000 8.661021 0.005383 0.999986 0.000000 -0.198492 0.000000 0.000000 1.000000 0.000000
0.999993 -0.003775 0.000000 9.272001 0.003775 0.999993 0.000000 -0.209281 0.000000 0.000000 1.000000 0.000000
0.999989 -0.004771 0.000000 9.933586 0.004771 0.999989 0.000000 -0.228006 0.000000 0.000000 1.000000 0.000000
0.999991 -0.004202 0.000000 10.551678 0.004202 0.999991 0.000000 -0.251326 0.000000 0.000000 1.000000 0.000000
0.999990 -0.004479 0.000000 11.173268 0.004479 0.999990 0.000000 -0.257702 0.000000 0.000000 1.000000 0.000000
0.999992 -0.003911 0.000000 11.786923 0.003911 0.999992 0.000000 -0.264734 0.000000 0.000000 1.000000 0.000000
0.999984 -0.005703 0.000000 12.415959 0.005703 0.999984 0.000000 -0.277259 0.000000 0.000000 1.000000 0.000000
0.999976 -0.006946 0.000000 13.031504 0.006946 0.999976 0.000000 -0.290059 0.000000 0.000000 1.000000 0.000000
0.999985 -0.005532 0.000000 13.659949 0.005532 0.999985 0.000000 -0.288748 0.000000 0.000000 1.000000 0.000000
0.999976 -0.006967 0.000000 14.272648 0.006967 0.999976 0.000000 -0.304277 0.000000 0.000000 1.000000 0.000000
0.999979 -0.006549 0.000000 14.917053 0.006549 0.999979 0.000000 -0.298811 0.000000 0.000000 1.000000 0.000000
0.999971 -0.007650 0.000000 15.499963 0.007650 0.999971 0.000000 -0.310229 0.000000 0.000000 1.000000 0.000000
0.999968 -0.008015 0.000000 16.123486 0.008015 0.999968 0.000000 -0.317230 0.000000 0.000000 1.000000 0.000000
0.999973 -0.007354 0.000000 16.741137 0.007354 0.999973 0.000000 -0.325274 0.000000 0.000000 1.000000 0.000000
0.999928 -0.011998 0.000000 17.392717 0.011998 0.999928 0.000000 -0.338076 0.000000 0.000000 1.000000 0.000000
0.999922 -0.012507 0.000000 18.007665 0.012507 0.999922 0.000000 -0.319623 0.000000 0.000000 1.000000 0.000000
0.999836 -0.018118 0.000000 18.632567 0.018118 0.999836 0.000000 -0.330354 0.000000 0.000000 1.000000 0.000000
0.999857 -0.016921 0.000000 19.254810 0.016921 0.999857 0.000000 -0.324164 0.000000 0.000000 1.000000 0.000000
0.999908 -0.013541 0.000000 19.870522 0.013541 0.999908 0.000000 -0.327658 0.000000 0.000000 1.000000 0.000000
0.999863 -0.016530 0.000000 20.483396 0.016530 0.999863 0.000000 -0.332427 0.000000 0.000000 1.000000 0.000000
0.999863 -0.016566 0.000000 21.082893 0.016566 0.999863 0.000000 -0.339219 0.000000 0.000000 1.000000 0.000000
0.999856 -0.016950 0.000000 21.706453 0.016950 0.999856 0.000000 -0.335579 0.000000 0.000000 1.000000 0.000000
0.999859 -0.016804 0.000000 22.334154 0.016804 0.999859 0.000000 -0.342080 0.000000 0.000000 1.000000 0.000000
0.999873 -0.015917 0.000000 22.912561 0.015917 0.999873 0.000000 -0.333494 0.000000 0.000000 1.000000 0.000000
0.999839 -0.017956 0.000000 23.531949 0.017956 0.999839 0.000000 -0.349105 0.000000 0.000000 1.000000 0.000000
0.999802 -0.019901 0.000000 24.133835 0.019901 0.999802 0.000000 -0.351606 0.000000 0.000000 1.000000 0.000000
0.999791 -0.020438 0.000000 24.724186 0.020438 0.999791 0.000000 -0.361829 0.000000 0.000000 1.000000 0.000000
0.999796 -0.020211 0.000000 25.338975 0.020211 0.999796 0.000000 -0.367154 0.000000 0.000000 1.000000 0.000000
0.999801 -0.019967 0.000000 25.974192 0.019967 0.999801 0.000000 -0.368832 0.000000 0.000000 1.000000 0.000000
0.999808 -0.019590 0.000000 26.594960 0.019590 0.999808 0.000000 -0.370463 0.000000 0.000000 1.000000 0.000000
0.999827 -0.018588 0.000000 27.178783 0.018588 0.999827 0.000000 -0.380050 0.000000 0.000000 1.000000 0.000000
0.999885 -0.015152 0.000000 27.802135 0.015152 0.999885 0.000000 -0.386182 0.000000 0.000000 1.000000 0.000000
0.999892 -0.014702 0.000000 28.384957 0.014702 0.999892 0.000000 -0.390286 0.000000 0.000000 1.000000 0.000000
0.999894 -0.014581 0.000000 29.002401 0.014581 0.999894 0.000000 -0.399216 0.000000 0.000000 1.000000 0.000000
0.999876 -0.015741 0.000000 29.647748 0.015741 0.999876 0.000000 -0.400008 0.000000 0.000000 1.000000 0.000000
0.999865 -0.016413 0.000000 30.478119 0.016413 0.999865 0.000000 -0.408630 0.000000 0.000000 1.000000 0.000000
0.999897 -0.014380 0.000000 31.118908 0.014380 0.999897 0.000000 -0.411573 0.000000 0.000000 1.000000 0.000000
0.999903 -0.013904 0.000000 31.751103 0.013904 0.999903 0.000000 -0.411769 0.000000 0.000000 1.000000 0.000000
0.999910 -0.013384 0.000000 32.382132 0.013384 0.999910 0.000000 -0.410730 0.000000 0.000000 1.000000 0.000000
0.999933 -0.011547 0.000000 33.023001 0.011547 0.999933 0.000000 -0.423299 0.000000 0.000000 1.000000 0.000000
0.999910 -0.013391 0.000000 33.670302 0.013391 0.999910 0.000000 -0.433685 0.000000 0.000000 1.000000 0.000000
0.999948 -0.010156 0.000000 34.303843 0.010156 0.999948 0.000000 -0.439123 0.000000 0.000000 1.000000 0.000000
0.999957 -0.009232 0.000000 34.940000 0.009232 0.999957 0.000000 -0.445097 0.000000 0.000000 1.000000 0.000000
0.999981 -0.006221 0.000000 35.575699 0.006221 0.999981 0.000000 -0.442634 0.000000 0.000000 1.000000 0.000000
0.999969 -0.007924 0.000000 36.228458 0.007924 0.999969 0.000000 -0.450010 0.000000 0.000000 1.000000 0.000000
0.999992 -0.004044 0.000000 36.867937 0.004044 0.999992 0.000000 -0.457463 0.000000 0.000000 1.000000 0.000000
0.999986 -0.005379 0.000000 37.514927 0.005379 0.999986 0.000000 -0.476100 0.000000 0.000000 1.000000 0.000000
0.999992 -0.004010 0.000000 38.165841 0.004010 0.999992 0.000000 -0.482698 0.000000 0.000000 1.000000 0.000000
0.999996 -0.002827 0.000000 38.794123 0.002827 0.999996 0.000000 -0.488570 0.000000 0.000000 1.000000 0.000000
0.999993 -0.003788 0.000000 39.376774 0.003788 0.999993 0.000000 -0.504269 0.000000 0.000000 1.000000 0.000000
0.999997 -0.002341 0.000000 40.014961 0.002341 0.999997 0.000000 -0.515691 0.000000 0.000000 1.000000 0.000000
0.999999 0.001074 0.000000 40.640796 -0.001074 0.999999 0.000000 -0.528952 0.000000 0.000000 1.000000 0.000000
1.000000 0.000371 0.000000 41.279252 -0.000371 1.000000 0.000000 -0.546057 0.000000 0.000000 1.000000 0.000000
1.000000 -0.000759 0.000000 41.926568 0.000759 1.000000 0.000000 -0.551758 0.000000 0.000000 1.000000 0.000000
1.000000 0.000142 0.000000 42.567702 -0.000142 1.000000 0.000000 -0.563765 0.000000 0.000000 1.000000 0.000000
1.000000 0.000761 0.000000 43.213813 -0.000761 1.000000 0.000000 -0.580536 0.000000 0.000000 1.000000 0.000000
1.000000 0.000804 0.000000 43.853497 -0.000804 1.000000 0.000000 -0.591235 0.000000 0.000000 1.000000 0.000000
0.999999 0.001690 0.000000 44.490692 -0.001690 0.999999 0.000000 -0.603416 0.000000 0.000000 1.000000 0.000000
0.999992 0.004036 0.000000 45.129301 -0.004036 0.999992 0.000000 -0.608258 0.000000 0.000000 1.000000 0.000000
0.999992 0.004098 0.000000 45.778669 -0.004098 0.999992 0.000000 -0.620799 0.000000 0.000000 1.000000 0.000000
0.999998 0.002169 0.000000 46.389602 -0.002169 0.999998 0.000000 -0.637332 0.000000 0.000000 1.000000 0.000000
0.999993 0.003678 0.000000 47.038379 -0.003678 0.999993 0.000000 -0.638529 0.000000 0.000000 1.000000 0.000000
1.000000 0.000558 0.000000 47.684819 -0.000558 1.000000 0.000000 -0.655414 0.000000 0.000000 1.000000 0.000000
0.999993 0.003637 0.000000 48.330216 -0.003637 0.999993 0.000000 -0.668805 0.000000 0.000000 1.000000 0.000000
1.000000 0.000894 0.000000 48.981576 -0.000894 1.000000 0.000000 -0.689436 0.000000 0.000000 1.000000 0.000000
1.000000 -0.000812 0.000000 49.620192 0.000812 1.000000 0.000000 -0.708745 0.000000 0.000000 1.000000 0.000000
1.000000 -0.000222 0.000000 50.242871 0.000222 1.000000 0.000000 -0.716871 0.000000 0.000000 1.000000 0.000000
1.000000 0.000429 0.000000 50.899881 -0.000429 1.000000 0.000000 -0.726368 0.000000 0.000000 1.000000 0.000000
0.999997 0.002450 0.000000 51.564894 -0.002450 0.999997 0.000000 -0.736534 0.000000 0.000000 1.000000 0.000000
0.999997 0.002623 0.000000 52.230036 -0.002623 0.999997 0.000000 -0.754619 0.000000 0.000000 1.000000 0.000000
0.999996 0.002868 0.000000 52.891543 -0.002868 0.999996 0.000000 -0.768521 0.000000 0.000000 1.000000 0.000000
0.999998 -0.001871 0.000000 53.554646 0.001871 0.999998 0.000000 -0.783179 0.000000 0.000000 1.000000 0.000000
0.999999 0.001599 0.000000 54.580249 -0.001599 0.999999 0.000000 -0.822558 0.000000 0.000000 1.000000 0.000000
1.000000 0.000642 0.000000 55.263253 -0.000642 1.000000 0.000000 -0.839555 0.000000 0.000000 1.000000 0.000000
1.000000 -0.000294 0.000000 55.895247 0.000294 1.000000 0.000000 -0.847160 0.000000 0.000000 1.000000 0.000000
1.000000 -0.000487 0.000000 56.557649 0.000487 1.000000 0.000000 -0.862684 0.000000 0.000000 1.000000 0.000000
1.000000 -0.000372 0.000000 57.216635 0.000372 1.000000 0.000000 -0.880320 0.000000 0.000000 1.000000 0.000000
1.000000 -0.000048 0.000000 57.854923 0.000048 1.000000 0.000000 -0.899969 0.000000 0.000000 1.000000 0.000000
0.999997 -0.002349 0.000000 58.508024 0.002349 0.999997 0.000000 -0.915660 0.000000 0.000000 1.000000 0.000000
0.999998 -0.001733 0.000000 59.166525 0.001733 0.999998 0.000000 -0.937354 0.000000 0.000000 1.000000 0.000000
0.999996 -0.002825 0.000000 60.518463 0.002825 0.999996 0.000000 -0.951089 0.000000 0.000000 1.000000 0.000000
0.999994 -0.003386 0.000000 61.162224 0.003386 0.999994 0.000000 -0.959832 0.000000 0.000000 1.000000 0.000000
0.999985 -0.005508 0.000000 61.807952 0.005508 0.999985 0.000000 -0.951289 0.000000 0.000000 1.000000 0.000000
0.999988 -0.004999 0.000000 62.433990 0.004999 0.999988 0.000000 -0.966033 0.000000 0.000000 1.000000 0.000000
0.999996 -0.002783 0.000000 63.059644 0.002783 0.999996 0.000000 -0.983254 0.000000 0.000000 1.000000 0.000000
0.999999 -0.001312 0.000000 63.730015 0.001312 0.999999 0.000000 -0.997249 0.000000 0.000000 1.000000 0.000000
0.999996 -0.002728 0.000000 64.361590 0.002728 0.999996 0.000000 -1.007074 0.000000 0.000000 1.000000 0.000000
0.999998 -0.001742 0.000000 64.967932 0.001742 0.999998 0.000000 -1.014787 0.000000 0.000000 1.000000 0.000000
1.000000 -0.000942 0.000000 65.603110 0.000942 1.000000 0.000000 -1.025464 0.000000 0.000000 1.000000 0.000000
0.999999 -0.001077 0.000000 66.180343 0.001077 0.999999 0.000000 -1.038971 0.000000 0.000000 1.000000 0.000000
1.000000 -0.000629 0.000000 66.809121 0.000629 1.000000 0.000000 -1.057094 0.000000 0.000000 1.000000 0.000000
1.000000 -0.000843 0.000000 67.435625 0.000843 1.000000 0.000000 -1.073405 0.000000 0.000000 1.000000 0.000000
0.999999 -0.001308 0.000000 68.026943 0.001308 0.999999 0.000000 -1.090163 0.000000 0.000000 1.000000 0.000000
0.999999 -0.001412 0.000000 68.656525 0.001412 0.999999 0.000000 -1.105645 0.000000 0.000000 1.000000 0.000000
0.999996 -0.002929 0.000000 69.265008 0.002929 0.999996 0.000000 -1.123045 0.000000 0.000000 1.000000 0.000000
0.999997 -0.002466 0.000000 69.837084 0.002466 0.999997 0.000000 -1.136217 0.000000 0.000000 1.000000 0.000000
0.999995 -0.003075 0.000000 70.438757 0.003075 0.999995 0.000000 -1.155426 0.000000 0.000000 1.000000 0.000000
0.999997 -0.002643 0.000000 71.011526 0.002643 0.999997 0.000000 -1.165595 0.000000 0.000000 1.000000 0.000000
1.000000 0.000577 0.000000 71.629554 -0.000577 1.000000 0.000000 -1.165837 0.000000 0.000000 1.000000 0.000000
1.000000 -0.000142 0.000000 72.241095 0.000142 1.000000 0.000000 -1.174636 0.000000 0.000000 1.000000 0.000000
1.000000 -0.000502 0.000000 73.082891 0.000502 1.000000 0.000000 -1.196607 0.000000 0.000000 1.000000 0.000000
1.000000 -0.000420 0.000000 73.680650 0.000420 1.000000 0.000000 -1.218053 0.000000 0.000000 1.000000 0.000000
1.000000 0.000536 0.000000 74.288815 -0.000536 1.000000 0.000000 -1.237920 0.000000 0.000000 1.000000 0.000000
0.999995 -0.003248 0.000000 74.890391 0.003248 0.999995 0.000000 -1.243884 0.000000 0.000000 1.000000 0.000000
0.999998 -0.001833 0.000000 75.479055 0.001833 0.999998 0.000000 -1.247117 0.000000 0.000000 1.000000 0.000000
0.999992 -0.003914 0.000000 76.070558 0.003914 0.999992 0.000000 -1.259232 0.000000 0.000000 1.000000 0.000000
0.999990 -0.004457 0.000000 76.696533 0.004457 0.999990 0.000000 -1.270759 0.000000 0.000000 1.000000 0.000000
0.999993 -0.003690 0.000000 77.288044 0.003690 0.999993 0.000000 -1.277099 0.000000 0.000000 1.000000 0.000000
0.999991 -0.004290 0.000000 77.893344 0.004290 0.999991 0.000000 -1.287052 0.000000 0.000000 1.000000 0.000000
0.999999 -0.001335 0.000000 79.082665 0.001335 0.999999 0.000000 -1.317102 0.000000 0.000000 1.000000 0.000000
0.999995 -0.003188 0.000000 79.670337 0.003188 0.999995 0.000000 -1.330096 0.000000 0.000000 1.000000 0.000000
0.999997 -0.002332 0.000000 80.257719 0.002332 0.999997 0.000000 -1.341741 0.000000 0.000000 1.000000 0.000000
1.000000 -0.000681 0.000000 80.835665 0.000681 1.000000 0.000000 -1.357791 0.000000 0.000000 1.000000 0.000000
0.999999 -0.001243 0.000000 81.419990 0.001243 0.999999 0.000000 -1.373208 0.000000 0.000000 1.000000 0.000000
1.000000 0.000174 0.000000 82.001718 -0.000174 1.000000 0.000000 -1.378241 0.000000 0.000000 1.000000 0.000000
1.000000 -0.000362 0.000000 82.587736 0.000362 1.000000 0.000000 -1.388044 0.000000 0.000000 1.000000 0.000000
0.999998 -0.002197 0.000000 83.147441 0.002197 0.999998 0.000000 -1.391983 0.000000 0.000000 1.000000 0.000000
0.999997 -0.002270 0.000000 83.707918 0.002270 0.999997 0.000000 -1.398862 0.000000 0.000000 1.000000 0.000000
1.000000 -0.000908 0.000000 84.262641 0.000908 1.000000 0.000000 -1.416101 0.000000 0.000000 1.000000 0.000000
1.000000 -0.000994 0.000000 84.825601 0.000994 1.000000 0.000000 -1.425621 0.000000 0.000000 1.000000 0.000000
1.000000 -0.000843 0.000000 85.382534 0.000843 1.000000 0.000000 -1.441957 0.000000 0.000000 1.000000 0.000000
1.000000 -0.000505 0.000000 85.925735 0.000505 1.000000 0.000000 -1.449077 0.000000 0.000000 1.000000 0.000000
0.999999 0.001600 0.000000 86.456192 -0.001600 0.999999 0.000000 -1.461867 0.000000 0.000000 1.000000 0.000000
0.999995 0.003025 0.000000 87.003644 -0.003025 0.999995 0.000000 -1.474729 0.000000 0.000000 1.000000 0.000000
0.999987 0.005162 0.000000 87.529102 -0.005162 0.999987 0.000000 -1.490273 0.000000 0.000000 1.000000 0.000000
0.999974 0.007168 0.000000 88.025615 -0.007168 0.999974 0.000000 -1.496758 0.000000 0.000000 1.000000 0.000000
0.999982 0.006053 0.000000 88.568999 -0.006053 0.999982 0.000000 -1.504528 0.000000 0.000000 1.000000 0.000000
0.999983 0.005775 0.000000 89.093240 -0.005775 0.999983 0.000000 -1.520366 0.000000 0.000000 1.000000 0.000000
0.999980 0.006320 0.000000 89.580233 -0.006320 0.999980 0.000000 -1.528536 0.000000 0.000000 1.000000 0.000000
0.999972 0.007475 0.000000 90.104103 -0.007475 0.999972 0.000000 -1.553327 0.000000 0.000000 1.000000 0.000000
0.999952 0.009805 0.000000 90.610113 -0.009805 0.999952 0.000000 -1.568011 0.000000 0.000000 1.000000 0.000000
0.999957 0.009301 0.000000 91.092594 -0.009301 0.999957 0.000000 -1.593249 0.000000 0.000000 1.000000 0.000000
0.999947 0.010300 0.000000 91.608155 -0.010300 0.999947 0.000000 -1.606995 0.000000 0.000000 1.000000 0.000000
0.999931 0.011712 0.000000 92.128145 -0.011712 0.999931 0.000000 -1.625697 0.000000 0.000000 1.000000 0.000000
0.999904 0.013855 0.000000 92.613146 -0.013855 0.999904 0.000000 -1.638052 0.000000 0.000000 1.000000 0.000000
0.999898 0.014260 0.000000 93.118275 -0.014260 0.999898 0.000000 -1.652973 0.000000 0.000000 1.000000 0.000000
0.999891 0.014791 0.000000 93.589603 -0.014791 0.999891 0.000000 -1.686054 0.000000 0.000000 1.000000 0.000000
0.999851 0.017269 0.000000 94.123010 -0.017269 0.999851 0.000000 -1.702582 0.000000 0.000000 1.000000 0.000000
0.999839 0.017962 0.000000 94.800225 -0.017962 0.999839 0.000000 -1.728185 0.000000 0.000000 1.000000 0.000000
0.999840 0.017898 0.000000 95.313667 -0.017898 0.999840 0.000000 -1.736537 0.000000 0.000000 1.000000 0.000000
0.999811 0.019421 0.000000 95.816215 -0.019421 0.999811 0.000000 -1.755025 0.000000 0.000000 1.000000 0.000000
0.999769 0.021503 0.000000 96.312372 -0.021503 0.999769 0.000000 -1.767330 0.000000 0.000000 1.000000 0.000000
0.999778 0.021064 0.000000 96.802555 -0.021064 0.999778 0.000000 -1.779778 0.000000 0.000000 1.000000 0.000000
0.999792 0.020397 0.000000 97.298107 -0.020397 0.999792 0.000000 -1.809819 0.000000 0.000000 1.000000 0.000000
0.999774 0.021268 0.000000 97.766372 -0.021268 0.999774 0.000000 -1.838098 0.000000 0.000000 1.000000 0.000000
0.999645 0.026658 0.000000 98.728939 -0.026658 0.999645 0.000000 -1.891015 0.000000 0.000000 1.000000 0.000000
0.999567 0.029410 0.000000 99.195941 -0.029410 0.999567 0.000000 -1.919173 0.000000 0.000000 1.000000 0.000000
0.999532 0.030582 0.000000 99.670076 -0.030582 0.999532 0.000000 -1.938570 0.000000 0.000000 1.000000 0.000000
0.999396 0.034748 0.000000 100.119366 -0.034748 0.999396 0.000000 -1.981769 0.000000 0.000000 1.000000 0.000000
0.999325 0.036729 0.000000 100.578666 -0.036729 0.999325 0.000000 -2.025727 0.000000 0.000000 1.000000 0.000000
0.999205 0.039878 0.000000 101.035580 -0.039878 0.999205 0.000000 -2.049534 0.000000 0.000000 1.000000 0.000000
0.999118 0.041998 0.000000 101.506884 -0.041998 0.999118 0.000000 -2.095591 0.000000 0.000000 1.000000 0.000000
0.998993 0.044867 0.000000 101.981460 -0.044867 0.998993 0.000000 -2.126880 0.000000 0.000000 1.000000 0.000000
0.998765 0.049681 0.000000 102.441144 -0.049681 0.998765 0.000000 -2.165692 0.000000 0.000000 1.000000 0.000000
0.998665 0.051653 0.000000 102.910286 -0.051653 0.998665 0.000000 -2.199630 0.000000 0.000000 1.000000 0.000000
0.998548 0.053875 0.000000 103.344473 -0.053875 0.998548 0.000000 -2.249207 0.000000 0.000000 1.000000 0.000000
0.998426 0.056091 0.000000 103.785992 -0.056091 0.998426 0.000000 -2.283507 0.000000 0.000000 1.000000 0.000000
0.998291 0.058440 0.000000 104.232464 -0.058440 0.998291 0.000000 -2.322545 0.000000 0.000000 1.000000 0.000000
0.998207 0.059863 0.000000 104.667524 -0.059863 0.998207 0.000000 -2.357986 0.000000 0.000000 1.000000 0.000000
0.997930 0.064310 0.000000 105.094523 -0.064310 0.997930 0.000000 -2.399426 0.000000 0.000000 1.000000 0.000000
0.997757 0.066947 0.000000 105.518478 -0.066947 0.997757 0.000000 -2.437431 0.000000 0.000000 1.000000 0.000000
0.997310 0.073296 0.000000 105.945410 -0.073296 0.997310 0.000000 -2.471826 0.000000 0.000000 1.000000 0.000000
0.996917 0.078461 0.000000 106.365849 -0.078461 0.996917 0.000000 -2.512151 0.000000 0.000000 1.000000 0.000000
0.996800 0.079933 0.000000 106.783238 -0.079933 0.996800 0.000000 -2.556739 0.000000 0.000000 1.000000 0.000000
0.996810 0.079812 0.000000 107.195021 -0.079812 0.996810 0.000000 -2.608878 0.000000 0.000000 1.000000 0.000000
0.996451 0.084172 0.000000 107.594889 -0.084172 0.996451 0.000000 -2.646817 0.000000 0.000000 1.000000 0.000000
0.996456 0.084120 0.000000 107.983510 -0.084120 0.996456 0.000000 -2.707263 0.000000 0.000000 1.000000 0.000000
0.995946 0.089955 0.000000 108.356678 -0.089955 0.995946 0.000000 -2.760818 0.000000 0.000000 1.000000 0.000000
0.995454 0.095244 0.000000 108.755049 -0.095244 0.995454 0.000000 -2.799745 0.000000 0.000000 1.000000 0.000000
0.995652 0.093154 0.000000 109.146326 -0.093154 0.995652 0.000000 -2.854552 0.000000 0.000000 1.000000 0.000000
0.995358 0.096238 0.000000 109.534661 -0.096238 0.995358 0.000000 -2.897230 0.000000 0.000000 1.000000 0.000000
0.995007 0.099803 0.000000 109.945669 -0.099803 0.995007 0.000000 -2.938519 0.000000 0.000000 1.000000 0.000000
0.994579 0.103988 0.000000 110.343922 -0.103988 0.994579 0.000000 -2.978893 0.000000 0.000000 1.000000 0.000000
0.994082 0.108634 0.000000 110.903694 -0.108634 0.994082 0.000000 -3.067792 0.000000 0.000000 1.000000 0.000000
0.993888 0.110390 0.000000 111.313412 -0.110390 0.993888 0.000000 -3.130634 0.000000 0.000000 1.000000 0.000000
0.993627 0.112716 0.000000 111.728588 -0.112716 0.993627 0.000000 -3.202646 0.000000 0.000000 1.000000 0.000000
0.993359 0.115057 0.000000 112.148798 -0.115057 0.993359 0.000000 -3.264746 0.000000 0.000000 1.000000 0.000000
0.993109 0.117194 0.000000 112.566209 -0.117194 0.993109 0.000000 -3.333812 0.000000 0.000000 1.000000 0.000000
0.992955 0.118490 0.000000 112.988069 -0.118490 0.992955 0.000000 -3.381902 0.000000 0.000000 1.000000 0.000000
0.993025 0.117902 0.000000 113.401302 -0.117902 0.993025 0.000000 -3.445187 0.000000 0.000000 1.000000 0.000000
0.992684 0.120738 0.000000 113.817796 -0.120738 0.992684 0.000000 -3.520035 0.000000 0.000000 1.000000 0.000000
0.991715 0.128457 0.000000 114.556268 -0.128457 0.991715 0.000000 -3.629646 0.000000 0.000000 1.000000 0.000000
0.991945 0.126667 0.000000 114.968562 -0.126667 0.991945 0.000000 -3.708877 0.000000 0.000000 1.000000 0.000000
0.992128 0.125227 0.000000 115.406243 -0.125227 0.992128 0.000000 -3.773356 0.000000 0.000000 1.000000 0.000000
0.991934 0.126752 0.000000 115.836440 -0.126752 0.991934 0.000000 -3.839011 0.000000 0.000000 1.000000 0.000000
0.991988 0.126335 0.000000 116.282029 -0.126335 0.991988 0.000000 -3.903172 0.000000 0.000000 1.000000 0.000000
0.991507 0.130054 0.000000 116.717645 -0.130054 0.991507 0.000000 -3.967628 0.000000 0.000000 1.000000 0.000000
0.991464 0.130381 0.000000 117.150175 -0.130381 0.991464 0.000000 -4.039688 0.000000 0.000000 1.000000 0.000000
0.991522 0.129941 0.000000 117.585946 -0.129941 0.991522 0.000000 -4.112613 0.000000 0.000000 1.000000 0.000000
0.991419 0.130719 0.000000 118.020385 -0.130719 0.991419 0.000000 -4.175968 0.000000 0.000000 1.000000 0.000000
0.991353 0.131220 0.000000 118.474186 -0.131220 0.991353 0.000000 -4.250144 0.000000 0.000000 1.000000 0.000000
0.990859 0.134905 0.000000 118.917446 -0.134905 0.990859 0.000000 -4.327709 0.000000 0.000000 1.000000 0.000000
0.990819 0.135198 0.000000 119.731502 -0.135198 0.990819 0.000000 -4.446981 0.000000 0.000000 1.000000 0.000000
0.990854 0.134940 0.000000 120.181170 -0.134940 0.990854 0.000000 -4.504319 0.000000 0.000000 1.000000 0.000000
0.990400 0.138229 0.000000 120.646161 -0.138229 0.990400 0.000000 -4.552515 0.000000 0.000000 1.000000 0.000000
0.990353 0.138567 0.000000 121.112764 -0.138567 0.990353 0.000000 -4.650410 0.000000 0.000000 1.000000 0.000000
0.990045 0.140750 0.000000 121.569765 -0.140750 0.990045 0.000000 -4.738457 0.000000 0.000000 1.000000 0.000000
0.989834 0.142230 0.000000 122.029977 -0.142230 0.989834 0.000000 -4.818810 0.000000 0.000000 1.000000 0.000000
0.989665 0.143401 0.000000 122.504297 -0.143401 0.989665 0.000000 -4.895426 0.000000 0.000000 1.000000 0.000000
0.989134 0.147016 0.000000 122.967469 -0.147016 0.989134 0.000000 -4.970674 0.000000 0.000000 1.000000 0.000000
0.988622 0.150419 0.000000 123.473620 -0.150419 0.988622 0.000000 -5.063107 0.000000 0.000000 1.000000 0.000000
0.988216 0.153066 0.000000 123.917198 -0.153066 0.988216 0.000000 -5.140704 0.000000 0.000000 1.000000 0.000000
0.988317 0.152415 0.000000 124.417632 -0.152415 0.988317 0.000000 -5.247761 0.000000 0.000000 1.000000 0.000000
0.988034 0.154235 0.000000 124.875895 -0.154235 0.988034 0.000000 -5.340997 0.000000 0.000000 1.000000 0.000000
0.987700 0.156359 0.000000 125.331431 -0.156359 0.987700 0.000000 -5.442646 0.000000 0.000000 1.000000 0.000000
0.988001 0.154445 0.000000 125.799026 -0.154445 0.988001 0.000000 -5.539906 0.000000 0.000000 1.000000 0.000000
0.987456 0.157895 0.000000 126.280925 -0.157895 0.987456 0.000000 -5.632403 0.000000 0.000000 1.000000 0.000000
0.987269 0.159058 0.000000 126.743607 -0.159058 0.987269 0.000000 -5.723797 0.000000 0.000000 1.000000 0.000000
0.986808 0.161894 0.000000 127.211057 -0.161894 0.986808 0.000000 -5.826077 0.000000 0.000000 1.000000 0.000000
0.986010 0.166686 0.000000 127.692582 -0.166686 0.986010 0.000000 -5.899886 0.000000 0.000000 1.000000 0.000000
0.985859 0.167577 0.000000 128.143029 -0.167577 0.985859 0.000000 -5.974627 0.000000 0.000000 1.000000 0.000000
0.985854 0.167606 0.000000 128.617147 -0.167606 0.985854 0.000000 -6.057504 0.000000 0.000000 1.000000 0.000000
0.985252 0.171111 0.000000 129.081688 -0.171111 0.985252 0.000000 -6.143954 0.000000 0.000000 1.000000 0.000000
0.985032 0.172370 0.000000 129.866405 -0.172370 0.985032 0.000000 -6.297814 0.000000 0.000000 1.000000 0.000000
0.985034 0.172361 0.000000 130.344893 -0.172361 0.985034 0.000000 -6.388873 0.000000 0.000000 1.000000 0.000000
0.986545 0.163487 0.000000 131.321229 -0.163487 0.986545 0.000000 -6.590524 0.000000 0.000000 1.000000 0.000000
0.986801 0.161940 0.000000 131.810964 -0.161940 0.986801 0.000000 -6.720897 0.000000 0.000000 1.000000 0.000000
0.986910 0.161271 0.000000 132.303449 -0.161271 0.986910 0.000000 -6.821184 0.000000 0.000000 1.000000 0.000000
0.986714 0.162470 0.000000 132.799273 -0.162470 0.986714 0.000000 -6.901017 0.000000 0.000000 1.000000 0.000000
0.987054 0.160391 0.000000 133.306192 -0.160391 0.987054 0.000000 -6.999506 0.000000 0.000000 1.000000 0.000000
0.986343 0.164703 0.000000 133.795188 -0.164703 0.986343 0.000000 -7.082821 0.000000 0.000000 1.000000 0.000000
0.987302 0.158854 0.000000 134.326141 -0.158854 0.987302 0.000000 -7.178952 0.000000 0.000000 1.000000 0.000000
0.986802 0.161928 0.000000 134.804460 -0.161928 0.986802 0.000000 -7.269607 0.000000 0.000000 1.000000 0.000000
0.986522 0.163629 0.000000 135.324842 -0.163629 0.986522 0.000000 -7.365876 0.000000 0.000000 1.000000 0.000000
0.986403 0.164344 0.000000 135.834290 -0.164344 0.986403 0.000000 -7.456725 0.000000 0.000000 1.000000 0.000000
0.986546 0.163485 0.000000 136.320401 -0.163485 0.986546 0.000000 -7.549441 0.000000 0.000000 1.000000 0.000000
0.986539 0.163524 0.000000 136.826704 -0.163524 0.986539 0.000000 -7.642303 0.000000 0.000000 1.000000 0.000000
0.986656 0.162817 0.000000 137.350258 -0.162817 0.986656 0.000000 -7.745523 0.000000 0.000000 1.000000 0.000000
0.986215 0.165470 0.000000 137.838674 -0.165470 0.986215 0.000000 -7.833655 0.000000 0.000000 1.000000 0.000000
0.986800 0.161944 0.000000 138.354429 -0.161944 0.986800 0.000000 -7.924554 0.000000 0.000000 1.000000 0.000000
0.986401 0.164357 0.000000 138.884720 -0.164357 0.986401 0.000000 -8.045997 0.000000 0.000000 1.000000 0.000000
0.985868 0.167525 0.000000 139.505387 -0.167525 0.985868 0.000000 -8.150645 0.000000 0.000000 1.000000 0.000000
0.985834 0.167724 0.000000 140.069495 -0.167724 0.985834 0.000000 -8.262295 0.000000 0.000000 1.000000 0.000000
0.984536 0.175181 0.000000 140.553051 -0.175181 0.984536 0.000000 -8.362314 0.000000 0.000000 1.000000 0.000000
0.984686 0.174339 0.000000 141.071349 -0.174339 0.984686 0.000000 -8.475959 0.000000 0.000000 1.000000 0.000000
0.983820 0.179159 0.000000 141.620104 -0.179159 0.983820 0.000000 -8.586186 0.000000 0.000000 1.000000 0.000000
0.983391 0.181498 0.000000 142.151676 -0.181498 0.983391 0.000000 -8.693676 0.000000 0.000000 1.000000 0.000000
0.982355 0.187026 0.000000 145.945468 -0.187026 0.982355 0.000000 -9.528301 0.000000 0.000000 1.000000 0.000000
0.982075 0.188489 0.000000 146.474892 -0.188489 0.982075 0.000000 -9.638208 0.000000 0.000000 1.000000 0.000000
0.984331 0.176333 0.000000 147.609186 -0.176333 0.984331 0.000000 -9.896041 0.000000 0.000000 1.000000 0.000000
0.983101 0.183066 0.000000 148.733558 -0.183066 0.983101 0.000000 -10.105201 0.000000 0.000000 1.000000 0.000000
0.982863 0.184335 0.000000 149.291118 -0.184335 0.982863 0.000000 -10.222695 0.000000 0.000000 1.000000 0.000000
0.982917 0.184052 0.000000 149.850108 -0.184052 0.982917 0.000000 -10.335608 0.000000 0.000000 1.000000 0.000000
0.983099 0.183072 0.000000 150.418150 -0.183072 0.983099 0.000000 -10.453765 0.000000 0.000000 1.000000 0.000000
0.983318 0.181895 0.000000 150.981612 -0.181895 0.983318 0.000000 -10.585328 0.000000 0.000000 1.000000 0.000000
0.983886 0.178797 0.000000 151.545671 -0.178797 0.983886 0.000000 -10.732073 0.000000 0.000000 1.000000 0.000000
0.983325 0.181857 0.000000 152.117153 -0.181857 0.983325 0.000000 -10.865172 0.000000 0.000000 1.000000 0.000000
0.983096 0.183090 0.000000 152.682947 -0.183090 0.983096 0.000000 -10.994964 0.000000 0.000000 1.000000 0.000000
0.983663 0.180022 0.000000 153.258774 -0.180022 0.983663 0.000000 -11.124662 0.000000 0.000000 1.000000 0.000000
0.983619 0.180258 0.000000 154.168929 -0.180258 0.983619 0.000000 -11.331511 0.000000 0.000000 1.000000 0.000000
0.982898 0.184148 0.000000 154.747011 -0.184148 0.982898 0.000000 -11.445007 0.000000 0.000000 1.000000 0.000000
0.983267 0.182170 0.000000 155.313523 -0.182170 0.983267 0.000000 -11.577598 0.000000 0.000000 1.000000 0.000000
0.982866 0.184322 0.000000 155.895212 -0.184322 0.982866 0.000000 -11.701750 0.000000 0.000000 1.000000 0.000000
0.982232 0.187670 0.000000 156.510800 -0.187670 0.982232 0.000000 -11.827547 0.000000 0.000000 1.000000 0.000000
0.981996 0.188901 0.000000 157.026249 -0.188901 0.981996 0.000000 -11.946272 0.000000 0.000000 1.000000 0.000000
0.981998 0.188893 0.000000 157.617770 -0.188893 0.981998 0.000000 -12.101302 0.000000 0.000000 1.000000 0.000000
0.982077 0.188478 0.000000 158.195318 -0.188478 0.982077 0.000000 -12.219985 0.000000 0.000000 1.000000 0.000000
0.982134 0.188184 0.000000 158.786215 -0.188184 0.982134 0.000000 -12.334713 0.000000 0.000000 1.000000 0.000000
0.981852 0.189650 0.000000 159.363024 -0.189650 0.981852 0.000000 -12.453899 0.000000 0.000000 1.000000 0.000000
0.981551 0.191200 0.000000 159.923249 -0.191200 0.981551 0.000000 -12.574604 0.000000 0.000000 1.000000 0.000000
0.982023 0.188760 0.000000 160.478838 -0.188760 0.982023 0.000000 -12.703878 0.000000 0.000000 1.000000 0.000000
0.982060 0.188571 0.000000 161.039007 -0.188571 0.982060 0.000000 -12.834501 0.000000 0.000000 1.000000 0.000000
0.981842 0.189699 0.000000 161.618915 -0.189699 0.981842 0.000000 -12.944488 0.000000 0.000000 1.000000 0.000000
0.982135 0.188180 0.000000 162.183421 -0.188180 0.982135 0.000000 -13.076631 0.000000 0.000000 1.000000 0.000000
0.981584 0.191032 0.000000 162.756627 -0.191032 0.981584 0.000000 -13.199284 0.000000 0.000000 1.000000 0.000000
0.981319 0.192389 0.000000 163.896421 -0.192389 0.981319 0.000000 -13.452433 0.000000 0.000000 1.000000 0.000000
0.981273 0.192621 0.000000 164.458776 -0.192621 0.981273 0.000000 -13.561349 0.000000 0.000000 1.000000 0.000000
0.981823 0.189797 0.000000 164.997600 -0.189797 0.981823 0.000000 -13.687694 0.000000 0.000000 1.000000 0.000000
0.980825 0.194891 0.000000 165.585681 -0.194891 0.980825 0.000000 -13.808446 0.000000 0.000000 1.000000 0.000000
0.980587 0.196083 0.000000 166.139098 -0.196083 0.980587 0.000000 -13.922787 0.000000 0.000000 1.000000 0.000000
0.980980 0.194107 0.000000 167.245049 -0.194107 0.980980 0.000000 -14.159268 0.000000 0.000000 1.000000 0.000000
0.981107 0.193466 0.000000 167.811590 -0.193466 0.981107 0.000000 -14.274450 0.000000 0.000000 1.000000 0.000000
0.980939 0.194316 0.000000 168.332422 -0.194316 0.980939 0.000000 -14.394613 0.000000 0.000000 1.000000 0.000000
0.980774 0.195146 0.000000 168.901481 -0.195146 0.980774 0.000000 -14.505206 0.000000 0.000000 1.000000 0.000000
0.981241 0.192783 0.000000 169.470973 -0.192783 0.981241 0.000000 -14.634512 0.000000 0.000000 1.000000 0.000000
0.980849 0.194767 0.000000 170.000730 -0.194767 0.980849 0.000000 -14.744069 0.000000 0.000000 1.000000 0.000000
0.980191 0.198053 0.000000 170.761588 -0.198053 0.980191 0.000000 -14.902559 0.000000 0.000000 1.000000 0.000000
0.979967 0.199162 0.000000 171.330114 -0.199162 0.979967 0.000000 -15.020607 0.000000 0.000000 1.000000 0.000000
0.979875 0.199614 0.000000 171.900001 -0.199614 0.979875 0.000000 -15.146321 0.000000 0.000000 1.000000 0.000000
0.978896 0.204361 0.000000 172.498287 -0.204361 0.978896 0.000000 -15.259651 0.000000 0.000000 1.000000 0.000000
0.979215 0.202827 0.000000 173.036789 -0.202827 0.979215 0.000000 -15.384995 0.000000 0.000000 1.000000 0.000000
0.979689 0.200523 0.000000 173.635347 -0.200523 0.979689 0.000000 -15.534185 0.000000 0.000000 1.000000 0.000000
0.978818 0.204731 0.000000 174.212649 -0.204731 0.978818 0.000000 -15.656951 0.000000 0.000000 1.000000 0.000000
0.979139 0.203191 0.000000 174.780078 -0.203191 0.979139 0.000000 -15.803658 0.000000 0.000000 1.000000 0.000000
0.978108 0.208098 0.000000 175.367203 -0.208098 0.978108 0.000000 -15.931350 0.000000 0.000000 1.000000 0.000000
0.979001 0.203853 0.000000 175.949353 -0.203853 0.979001 0.000000 -16.063362 0.000000 0.000000 1.000000 0.000000
0.979123 0.203268 0.000000 176.534506 -0.203268 0.979123 0.000000 -16.180587 0.000000 0.000000 1.000000 0.000000
0.978979 0.203963 0.000000 177.089412 -0.203963 0.978979 0.000000 -16.307371 0.000000 0.000000 1.000000 0.000000
0.979524 0.201327 0.000000 177.667571 -0.201327 0.979524 0.000000 -16.435206 0.000000 0.000000 1.000000 0.000000
0.980546 0.196289 0.000000 178.236681 -0.196289 0.980546 0.000000 -16.577646 0.000000 0.000000 1.000000 0.000000
0.980856 0.194737 0.000000 178.826677 -0.194737 0.980856 0.000000 -16.703549 0.000000 0.000000 1.000000 0.000000
0.980417 0.196934 0.000000 179.403785 -0.196934 0.980417 0.000000 -16.837573 0.000000 0.000000 1.000000 0.000000
0.980807 0.194982 0.000000 179.981805 -0.194982 0.980807 0.000000 -16.970887 0.000000 0.000000 1.000000 0.000000
0.980344 0.197297 0.000000 180.521582 -0.197297 0.980344 0.000000 -17.093330 0.000000 0.000000 1.000000 0.000000
0.980283 0.197601 0.000000 181.141424 -0.197601 0.980283 0.000000 -17.230804 0.000000 0.000000 1.000000 0.000000
0.980489 0.196574 0.000000 181.685873 -0.196574 0.980489 0.000000 -17.340148 0.000000 0.000000 1.000000 0.000000
0.980537 0.196334 0.000000 182.259548 -0.196334 0.980537 0.000000 -17.464087 0.000000 0.000000 1.000000 0.000000
0.980192 0.198047 0.000000 182.846560 -0.198047 0.980192 0.000000 -17.575141 0.000000 0.000000 1.000000 0.000000
0.979770 0.200126 0.000000 183.424273 -0.200126 0.979770 0.000000 -17.720784 0.000000 0.000000 1.000000 0.000000
0.978533 0.206090 0.000000 184.002264 -0.206090 0.978533 0.000000 -17.852687 0.000000 0.000000 1.000000 0.000000
0.978721 0.205195 0.000000 184.577454 -0.205195 0.978721 0.000000 -17.983453 0.000000 0.000000 1.000000 0.000000
0.978938 0.204158 0.000000 185.152697 -0.204158 0.978938 0.000000 -18.117152 0.000000 0.000000 1.000000 0.000000
0.979041 0.203662 0.000000 185.729573 -0.203662 0.979041 0.000000 -18.247989 0.000000 0.000000 1.000000 0.000000
0.978748 0.205068 0.000000 186.311488 -0.205068 0.978748 0.000000 -18.384799 0.000000 0.000000 1.000000 0.000000
0.978433 0.206566 0.000000 186.896976 -0.206566 0.978433 0.000000 -18.516670 0.000000 0.000000 1.000000 0.000000
0.978731 0.205146 0.000000 187.466112 -0.205146 0.978731 0.000000 -18.657520 0.000000 0.000000 1.000000 0.000000
0.978980 0.203957 0.000000 188.045929 -0.203957 0.978980 0.000000 -18.787185 0.000000 0.000000 1.000000 0.000000
0.978421 0.206620 0.000000 188.624740 -0.206620 0.978421 0.000000 -18.918210 0.000000 0.000000 1.000000 0.000000
0.978265 0.207357 0.000000 189.179311 -0.207357 0.978265 0.000000 -19.031054 0.000000 0.000000 1.000000 0.000000
0.978382 0.206804 0.000000 189.753922 -0.206804 0.978382 0.000000 -19.171127 0.000000 0.000000 1.000000 0.000000
0.977573 0.210598 0.000000 190.337220 -0.210598 0.977573 0.000000 -19.306830 0.000000 0.000000 1.000000 0.000000
0.977635 0.210311 0.000000 190.891705 -0.210311 0.977635 0.000000 -19.432489 0.000000 0.000000 1.000000 0.000000
0.978385 0.206793 0.000000 191.464115 -0.206793 0.978385 0.000000 -19.568523 0.000000 0.000000 1.000000 0.000000
0.977623 0.210364 0.000000 192.043479 -0.210364 0.977623 0.000000 -19.694970 0.000000 0.000000 1.000000 0.000000
0.978333 0.207038 0.000000 192.586287 -0.207038 0.978333 0.000000 -19.844066 0.000000 0.000000 1.000000 0.000000
0.978204 0.207648 0.000000 193.150657 -0.207648 0.978204 0.000000 -19.978554 0.000000 0.000000 1.000000 0.000000
0.977524 0.210826 0.000000 193.701466 -0.210826 0.977524 0.000000 -20.111672 0.000000 0.000000 1.000000 0.000000
0.977484 0.211010 0.000000 194.235203 -0.211010 0.977484 0.000000 -20.227795 0.000000 0.000000 1.000000 0.000000
0.977386 0.211465 0.000000 194.805000 -0.211465 0.977386 0.000000 -20.374806 0.000000 0.000000 1.000000 0.000000
0.977171 0.212454 0.000000 195.371427 -0.212454 0.977171 0.000000 -20.507781 0.000000 0.000000 1.000000 0.000000
0.976755 0.214359 0.000000 196.189523 -0.214359 0.976755 0.000000 -20.718908 0.000000 0.000000 1.000000 0.000000
0.976499 0.215524 0.000000 196.744873 -0.215524 0.976499 0.000000 -20.849029 0.000000 0.000000 1.000000 0.000000
0.976094 0.217351 0.000000 197.321926 -0.217351 0.976094 0.000000 -20.980769 0.000000 0.000000 1.000000 0.000000
0.976347 0.216209 0.000000 197.895096 -0.216209 0.976347 0.000000 -21.114986 0.000000 0.000000 1.000000 0.000000
0.976140 0.217143 0.000000 198.459760 -0.217143 0.976140 0.000000 -21.232223 0.000000 0.000000 1.000000 0.000000
0.976487 0.215576 0.000000 199.019957 -0.215576 0.976487 0.000000 -21.355973 0.000000 0.000000 1.000000 0.000000
0.976994 0.213267 0.000000 199.581962 -0.213267 0.976994 0.000000 -21.497953 0.000000 0.000000 1.000000 0.000000
0.976795 0.214175 0.000000 200.165995 -0.214175 0.976795 0.000000 -21.645990 0.000000 0.000000 1.000000 0.000000
0.976762 0.214327 0.000000 200.667573 -0.214327 0.976762 0.000000 -21.764746 0.000000 0.000000 1.000000 0.000000
0.976648 0.214847 0.000000 201.641981 -0.214847 0.976648 0.000000 -22.002705 0.000000 0.000000 1.000000 0.000000
0.976670 0.214748 0.000000 202.207740 -0.214748 0.976670 0.000000 -22.128673 0.000000 0.000000 1.000000 0.000000
0.976476 0.215626 0.000000 202.926737 -0.215626 0.976476 0.000000 -22.300752 0.000000 0.000000 1.000000 0.000000
0.976171 0.217004 0.000000 203.644781 -0.217004 0.976171 0.000000 -22.476349 0.000000 0.000000 1.000000 0.000000
0.975638 0.219388 0.000000 204.611618 -0.219388 0.975638 0.000000 -22.717179 0.000000 0.000000 1.000000 0.000000
0.975779 0.218758 0.000000 205.177935 -0.218758 0.975779 0.000000 -22.854817 0.000000 0.000000 1.000000 0.000000
0.976056 0.217517 0.000000 205.754712 -0.217517 0.976056 0.000000 -22.992898 0.000000 0.000000 1.000000 0.000000
0.975895 0.218239 0.000000 206.308737 -0.218239 0.975895 0.000000 -23.129128 0.000000 0.000000 1.000000 0.000000
0.975656 0.219306 0.000000 206.827632 -0.219306 0.975656 0.000000 -23.256072 0.000000 0.000000 1.000000 0.000000
0.976348 0.216207 0.000000 207.395047 -0.216207 0.976348 0.000000 -23.390264 0.000000 0.000000 1.000000 0.000000
0.975846 0.218462 0.000000 207.961702 -0.218462 0.975846 0.000000 -23.528809 0.000000 0.000000 1.000000 0.000000
0.975797 0.218677 0.000000 208.760022 -0.218677 0.975797 0.000000 -23.726680 0.000000 0.000000 1.000000 0.000000
0.976140 0.217142 0.000000 209.323669 -0.217142 0.976140 0.000000 -23.877895 0.000000 0.000000 1.000000 0.000000
0.976138 0.217153 0.000000 209.886081 -0.217153 0.976138 0.000000 -24.013986 0.000000 0.000000 1.000000 0.000000
0.975933 0.218069 0.000000 210.447823 -0.218069 0.975933 0.000000 -24.150105 0.000000 0.000000 1.000000 0.000000
0.976717 0.214533 0.000000 211.032828 -0.214533 0.976717 0.000000 -24.302463 0.000000 0.000000 1.000000 0.000000
0.976691 0.214652 0.000000 211.549188 -0.214652 0.976691 0.000000 -24.432274 0.000000 0.000000 1.000000 0.000000
0.976472 0.215643 0.000000 212.145138 -0.215643 0.976472 0.000000 -24.587849 0.000000 0.000000 1.000000 0.000000
0.976822 0.214052 0.000000 212.678836 -0.214052 0.976822 0.000000 -24.716072 0.000000 0.000000 1.000000 0.000000
0.976784 0.214225 0.000000 213.285268 -0.214225 0.976784 0.000000 -24.866232 0.000000 0.000000 1.000000 0.000000
0.976952 0.213458 0.000000 213.843905 -0.213458 0.976952 0.000000 -24.991858 0.000000 0.000000 1.000000 0.000000
0.976756 0.214353 0.000000 214.392015 -0.214353 0.976756 0.000000 -25.125942 0.000000 0.000000 1.000000 0.000000
0.977046 0.213027 0.000000 214.953521 -0.213027 0.977046 0.000000 -25.268248 0.000000 0.000000 1.000000 0.000000
0.976906 0.213667 0.000000 215.507676 -0.213667 0.976906 0.000000 -25.410707 0.000000 0.000000 1.000000 0.000000
0.976990 0.213285 0.000000 216.079516 -0.213285 0.976990 0.000000 -25.541541 0.000000 0.000000 1.000000 0.000000
0.977445 0.211191 0.000000 216.651225 -0.211191 0.977445 0.000000 -25.672464 0.000000 0.000000 1.000000 0.000000
0.977844 0.209335 0.000000 217.213179 -0.209335 0.977844 0.000000 -25.806577 0.000000 0.000000 1.000000 0.000000
0.976648 0.214848 0.000000 217.770624 -0.214848 0.976648 0.000000 -25.953004 0.000000 0.000000 1.000000 0.000000
0.977246 0.212109 0.000000 218.326700 -0.212109 0.977246 0.000000 -26.100138 0.000000 0.000000 1.000000 0.000000
0.977945 0.208864 0.000000 218.914779 -0.208864 0.977945 0.000000 -26.243091 0.000000 0.000000 1.000000 0.000000
0.978135 0.207969 0.000000 219.461955 -0.207969 0.978135 0.000000 -26.373720 0.000000 0.000000 1.000000 0.000000
0.978600 0.205774 0.000000 220.002297 -0.205774 0.978600 0.000000 -26.500637 0.000000 0.000000 1.000000 0.000000
0.978595 0.205796 0.000000 220.530837 -0.205796 0.978595 0.000000 -26.620439 0.000000 0.000000 1.000000 0.000000
0.978505 0.206223 0.000000 221.082987 -0.206223 0.978505 0.000000 -26.747308 0.000000 0.000000 1.000000 0.000000
0.978187 0.207725 0.000000 221.668473 -0.207725 0.978187 0.000000 -26.883940 0.000000 0.000000 1.000000 0.000000
0.978923 0.204230 0.000000 222.223438 -0.204230 0.978923 0.000000 -27.021843 0.000000 0.000000 1.000000 0.000000
0.979395 0.201955 0.000000 222.772492 -0.201955 0.979395 0.000000 -27.153086 0.000000 0.000000 1.000000 0.000000
0.979364 0.202105 0.000000 223.299978 -0.202105 0.979364 0.000000 -27.285114 0.000000 0.000000 1.000000 0.000000
0.979628 0.200820 0.000000 224.378309 -0.200820 0.979628 0.000000 -27.534204 0.000000 0.000000 1.000000 0.000000
0.980256 0.197734 0.000000 224.905294 -0.197734 0.980256 0.000000 -27.664179 0.000000 0.000000 1.000000 0.000000
0.980490 0.196570 0.000000 225.433703 -0.196570 0.980490 0.000000 -27.787003 0.000000 0.000000 1.000000 0.000000
0.980775 0.195142 0.000000 225.950763 -0.195142 0.980775 0.000000 -27.896341 0.000000 0.000000 1.000000 0.000000
0.980662 0.195707 0.000000 226.510846 -0.195707 0.980662 0.000000 -28.008003 0.000000 0.000000 1.000000 0.000000
0.981041 0.193800 0.000000 227.050967 -0.193800 0.981041 0.000000 -28.131931 0.000000 0.000000 1.000000 0.000000
0.981358 0.192188 0.000000 227.578515 -0.192188 0.981358 0.000000 -28.256345 0.000000 0.000000 1.000000 0.000000
0.981482 0.191555 0.000000 228.077932 -0.191555 0.981482 0.000000 -28.372935 0.000000 0.000000 1.000000 0.000000
0.981825 0.189789 0.000000 228.602400 -0.189789 0.981825 0.000000 -28.494005 0.000000 0.000000 1.000000 0.000000
0.981755 0.190150 0.000000 229.112113 -0.190150 0.981755 0.000000 -28.602787 0.000000 0.000000 1.000000 0.000000
0.981853 0.189643 0.000000 229.645709 -0.189643 0.981853 0.000000 -28.708674 0.000000 0.000000 1.000000 0.000000
0.982116 0.188275 0.000000 230.184709 -0.188275 0.982116 0.000000 -28.821921 0.000000 0.000000 1.000000 0.000000
0.982542 0.186043 0.000000 230.715447 -0.186043 0.982542 0.000000 -28.933192 0.000000 0.000000 1.000000 0.000000
0.982975 0.183737 0.000000 231.214200 -0.183737 0.982975 0.000000 -29.038847 0.000000 0.000000 1.000000 0.000000
0.983030 0.183445 0.000000 231.739037 -0.183445 0.983030 0.000000 -29.142498 0.000000 0.000000 1.000000 0.000000
0.983609 0.180314 0.000000 232.395190 -0.180314 0.983609 0.000000 -29.275342 0.000000 0.000000 1.000000 0.000000
0.983680 0.179924 0.000000 233.024438 -0.179924 0.983680 0.000000 -29.408094 0.000000 0.000000 1.000000 0.000000
0.983760 0.179486 0.000000 233.555016 -0.179486 0.983760 0.000000 -29.520235 0.000000 0.000000 1.000000 0.000000
0.983932 0.178545 0.000000 234.093009 -0.178545 0.983932 0.000000 -29.628393 0.000000 0.000000 1.000000 0.000000
0.984432 0.175765 0.000000 234.609435 -0.175765 0.984432 0.000000 -29.738441 0.000000 0.000000 1.000000 0.000000
0.984728 0.174100 0.000000 235.131735 -0.174100 0.984728 0.000000 -29.838003 0.000000 0.000000 1.000000 0.000000
0.985001 0.172547 0.000000 235.647201 -0.172547 0.985001 0.000000 -29.946980 0.000000 0.000000 1.000000 0.000000
0.985824 0.167785 0.000000 236.546322 -0.167785 0.985824 0.000000 -30.142999 0.000000 0.000000 1.000000 0.000000
0.985522 0.169548 0.000000 237.083215 -0.169548 0.985522 0.000000 -30.241052 0.000000 0.000000 1.000000 0.000000
0.985536 0.169468 0.000000 237.583637 -0.169468 0.985536 0.000000 -30.328147 0.000000 0.000000 1.000000 0.000000
0.985245 0.171147 0.000000 238.096233 -0.171147 0.985245 0.000000 -30.430830 0.000000 0.000000 1.000000 0.000000
0.985098 0.171994 0.000000 238.623363 -0.171994 0.985098 0.000000 -30.536143 0.000000 0.000000 1.000000 0.000000
0.984882 0.173229 0.000000 239.144463 -0.173229 0.984882 0.000000 -30.634849 0.000000 0.000000 1.000000 0.000000
0.985440 0.170021 0.000000 239.668806 -0.170021 0.985440 0.000000 -30.759452 0.000000 0.000000 1.000000 0.000000
0.985480 0.169790 0.000000 240.184873 -0.169790 0.985480 0.000000 -30.880271 0.000000 0.000000 1.000000 0.000000
0.985158 0.171651 0.000000 240.699737 -0.171651 0.985158 0.000000 -30.980276 0.000000 0.000000 1.000000 0.000000
0.984958 0.172794 0.000000 241.214737 -0.172794 0.984958 0.000000 -31.082201 0.000000 0.000000 1.000000 0.000000
0.985030 0.172384 0.000000 241.725053 -0.172384 0.985030 0.000000 -31.201229 0.000000 0.000000 1.000000 0.000000
0.984652 0.174530 0.000000 242.244799 -0.174530 0.984652 0.000000 -31.306967 0.000000 0.000000 1.000000 0.000000
0.984912 0.173055 0.000000 242.769571 -0.173055 0.984912 0.000000 -31.423735 0.000000 0.000000 1.000000 0.000000
0.984571 0.174988 0.000000 243.279575 -0.174988 0.984571 0.000000 -31.530619 0.000000 0.000000 1.000000 0.000000
0.984678 0.174380 0.000000 243.799794 -0.174380 0.984678 0.000000 -31.636057 0.000000 0.000000 1.000000 0.000000
0.984547 0.175122 0.000000 244.320255 -0.175122 0.984547 0.000000 -31.747983 0.000000 0.000000 1.000000 0.000000
0.984766 0.173886 0.000000 244.872320 -0.173886 0.984766 0.000000 -31.863545 0.000000 0.000000 1.000000 0.000000
0.984699 0.174264 0.000000 245.362145 -0.174264 0.984699 0.000000 -31.962506 0.000000 0.000000 1.000000 0.000000
0.984605 0.174794 0.000000 245.881993 -0.174794 0.984605 0.000000 -32.082655 0.000000 0.000000 1.000000 0.000000
0.984037 0.177966 0.000000 246.412477 -0.177966 0.984037 0.000000 -32.180552 0.000000 0.000000 1.000000 0.000000
0.983810 0.179212 0.000000 246.938305 -0.179212 0.983810 0.000000 -32.287902 0.000000 0.000000 1.000000 0.000000
0.984133 0.177433 0.000000 247.456852 -0.177433 0.984133 0.000000 -32.403387 0.000000 0.000000 1.000000 0.000000
0.984133 0.177431 0.000000 247.977080 -0.177431 0.984133 0.000000 -32.500944 0.000000 0.000000 1.000000 0.000000
0.983889 0.178778 0.000000 248.493924 -0.178778 0.983889 0.000000 -32.609776 0.000000 0.000000 1.000000 0.000000
0.983754 0.179523 0.000000 249.020644 -0.179523 0.983754 0.000000 -32.707610 0.000000 0.000000 1.000000 0.000000
0.983959 0.178393 0.000000 249.541073 -0.178393 0.983959 0.000000 -32.819699 0.000000 0.000000 1.000000 0.000000
0.983135 0.182882 0.000000 250.099323 -0.182882 0.983135 0.000000 -32.917778 0.000000 0.000000 1.000000 0.000000
0.982873 0.184283 0.000000 250.616797 -0.184283 0.982873 0.000000 -33.027501 0.000000 0.000000 1.000000 0.000000
0.982575 0.185865 0.000000 251.093769 -0.185865 0.982575 0.000000 -33.139949 0.000000 0.000000 1.000000 0.000000
0.982452 0.186515 0.000000 251.611858 -0.186515 0.982452 0.000000 -33.245521 0.000000 0.000000 1.000000 0.000000
0.981408 0.191935 0.000000 252.634567 -0.191935 0.981408 0.000000 -33.454571 0.000000 0.000000 1.000000 0.000000
0.981203 0.192978 0.000000 253.158788 -0.192978 0.981203 0.000000 -33.563043 0.000000 0.000000 1.000000 0.000000
0.980356 0.197235 0.000000 253.877007 -0.197235 0.980356 0.000000 -33.711421 0.000000 0.000000 1.000000 0.000000
0.981114 0.193428 0.000000 254.858503 -0.193428 0.981114 0.000000 -33.936017 0.000000 0.000000 1.000000 0.000000
0.980892 0.194551 0.000000 255.354686 -0.194551 0.980892 0.000000 -34.056696 0.000000 0.000000 1.000000 0.000000
0.980225 0.197888 0.000000 255.865249 -0.197888 0.980225 0.000000 -34.167129 0.000000 0.000000 1.000000 0.000000
0.979913 0.199425 0.000000 256.356671 -0.199425 0.979913 0.000000 -34.285809 0.000000 0.000000 1.000000 0.000000
0.979624 0.200842 0.000000 256.862972 -0.200842 0.979624 0.000000 -34.413233 0.000000 0.000000 1.000000 0.000000
0.979313 0.202352 0.000000 257.366395 -0.202352 0.979313 0.000000 -34.534596 0.000000 0.000000 1.000000 0.000000
0.979029 0.203720 0.000000 257.861758 -0.203720 0.979029 0.000000 -34.662151 0.000000 0.000000 1.000000 0.000000
0.978932 0.204184 0.000000 258.372734 -0.204184 0.978932 0.000000 -34.773500 0.000000 0.000000 1.000000 0.000000
0.978957 0.204067 0.000000 258.870077 -0.204067 0.978957 0.000000 -34.889636 0.000000 0.000000 1.000000 0.000000
0.979861 0.199679 0.000000 259.382377 -0.199679 0.979861 0.000000 -35.002349 0.000000 0.000000 1.000000 0.000000
0.980094 0.198533 0.000000 259.846996 -0.198533 0.980094 0.000000 -35.092559 0.000000 0.000000 1.000000 0.000000
0.979946 0.199265 0.000000 260.354965 -0.199265 0.979946 0.000000 -35.193087 0.000000 0.000000 1.000000 0.000000
0.979683 0.200554 0.000000 260.844568 -0.200554 0.979683 0.000000 -35.304683 0.000000 0.000000 1.000000 0.000000
0.979902 0.199482 0.000000 261.327183 -0.199482 0.979902 0.000000 -35.418735 0.000000 0.000000 1.000000 0.000000
0.979995 0.199024 0.000000 261.832272 -0.199024 0.979995 0.000000 -35.531278 0.000000 0.000000 1.000000 0.000000
0.980191 0.198052 0.000000 262.320962 -0.198052 0.980191 0.000000 -35.634168 0.000000 0.000000 1.000000 0.000000
0.980003 0.198981 0.000000 262.816102 -0.198981 0.980003 0.000000 -35.735957 0.000000 0.000000 1.000000 0.000000
0.979674 0.200598 0.000000 263.296838 -0.200598 0.979674 0.000000 -35.827355 0.000000 0.000000 1.000000 0.000000
0.979338 0.202229 0.000000 263.787674 -0.202229 0.979338 0.000000 -35.935201 0.000000 0.000000 1.000000 0.000000
0.978720 0.205199 0.000000 264.258718 -0.205199 0.978720 0.000000 -36.037093 0.000000 0.000000 1.000000 0.000000
0.978850 0.204579 0.000000 264.736067 -0.204579 0.978850 0.000000 -36.154878 0.000000 0.000000 1.000000 0.000000
0.979497 0.201457 0.000000 265.202625 -0.201457 0.979497 0.000000 -36.263432 0.000000 0.000000 1.000000 0.000000
0.979189 0.202952 0.000000 265.629152 -0.202952 0.979189 0.000000 -36.353759 0.000000 0.000000 1.000000 0.000000
0.978856 0.204549 0.000000 266.080619 -0.204549 0.978856 0.000000 -36.459760 0.000000 0.000000 1.000000 0.000000
0.978780 0.204914 0.000000 266.544140 -0.204914 0.978780 0.000000 -36.566878 0.000000 0.000000 1.000000 0.000000
0.978851 0.204572 0.000000 266.981339 -0.204572 0.978851 0.000000 -36.669119 0.000000 0.000000 1.000000 0.000000
0.978846 0.204600 0.000000 267.434318 -0.204600 0.978846 0.000000 -36.770427 0.000000 0.000000 1.000000 0.000000
0.979014 0.203794 0.000000 267.876517 -0.203794 0.979014 0.000000 -36.863679 0.000000 0.000000 1.000000 0.000000
0.978811 0.204764 0.000000 268.305219 -0.204764 0.978811 0.000000 -36.969838 0.000000 0.000000 1.000000 0.000000
0.979164 0.203070 0.000000 268.734661 -0.203070 0.979164 0.000000 -37.059833 0.000000 0.000000 1.000000 0.000000
0.979348 0.202180 0.000000 269.170177 -0.202180 0.979348 0.000000 -37.155950 0.000000 0.000000 1.000000 0.000000
0.979841 0.199781 0.000000 269.742021 -0.199781 0.979841 0.000000 -37.269190 0.000000 0.000000 1.000000 0.000000
0.979678 0.200576 0.000000 270.164640 -0.200576 0.979678 0.000000 -37.347179 0.000000 0.000000 1.000000 0.000000
0.979198 0.202909 0.000000 270.582976 -0.202909 0.979198 0.000000 -37.426738 0.000000 0.000000 1.000000 0.000000
0.979787 0.200045 0.000000 270.999474 -0.200045 0.979787 0.000000 -37.520295 0.000000 0.000000 1.000000 0.000000
0.979563 0.201135 0.000000 271.413867 -0.201135 0.979563 0.000000 -37.602504 0.000000 0.000000 1.000000 0.000000
0.979932 0.199332 0.000000 271.804961 -0.199332 0.979932 0.000000 -37.686208 0.000000 0.000000 1.000000 0.000000
0.979724 0.200354 0.000000 272.203188 -0.200354 0.979724 0.000000 -37.768805 0.000000 0.000000 1.000000 0.000000
0.979401 0.201925 0.000000 272.629691 -0.201925 0.979401 0.000000 -37.862267 0.000000 0.000000 1.000000 0.000000
0.979340 0.202221 0.000000 273.012374 -0.202221 0.979340 0.000000 -37.948371 0.000000 0.000000 1.000000 0.000000
0.978938 0.204158 0.000000 273.398228 -0.204158 0.978938 0.000000 -38.038280 0.000000 0.000000 1.000000 0.000000
0.979255 0.202631 0.000000 273.781026 -0.202631 0.979255 0.000000 -38.126850 0.000000 0.000000 1.000000 0.000000
0.979540 0.201249 0.000000 274.167436 -0.201249 0.979540 0.000000 -38.214987 0.000000 0.000000 1.000000 0.000000
0.979169 0.203045 0.000000 274.549603 -0.203045 0.979169 0.000000 -38.301603 0.000000 0.000000 1.000000 0.000000
0.978947 0.204115 0.000000 274.920209 -0.204115 0.978947 0.000000 -38.395208 0.000000 0.000000 1.000000 0.000000
0.979010 0.203812 0.000000 275.292298 -0.203812 0.979010 0.000000 -38.481120 0.000000 0.000000 1.000000 0.000000
0.979155 0.203117 0.000000 275.661295 -0.203117 0.979155 0.000000 -38.553189 0.000000 0.000000 1.000000 0.000000
0.979285 0.202484 0.000000 276.019229 -0.202484 0.979285 0.000000 -38.624371 0.000000 0.000000 1.000000 0.000000
0.979014 0.203793 0.000000 276.360910 -0.203793 0.979014 0.000000 -38.704177 0.000000 0.000000 1.000000 0.000000
0.978879 0.204442 0.000000 276.711395 -0.204442 0.978879 0.000000 -38.782478 0.000000 0.000000 1.000000 0.000000
0.979413 0.201867 0.000000 277.051962 -0.201867 0.979413 0.000000 -38.881831 0.000000 0.000000 1.000000 0.000000
0.979400 0.201932 0.000000 277.733618 -0.201932 0.979400 0.000000 -39.042355 0.000000 0.000000 1.000000 0.000000
0.979180 0.202993 0.000000 278.056300 -0.202993 0.979180 0.000000 -39.117795 0.000000 0.000000 1.000000 0.000000
0.979252 0.202649 0.000000 278.368197 -0.202649 0.979252 0.000000 -39.195690 0.000000 0.000000 1.000000 0.000000
0.979366 0.202095 0.000000 278.686926 -0.202095 0.979366 0.000000 -39.277766 0.000000 0.000000 1.000000 0.000000
0.979173 0.203030 0.000000 279.014210 -0.203030 0.979173 0.000000 -39.352124 0.000000 0.000000 1.000000 0.000000
0.978108 0.208096 0.000000 279.619530 -0.208096 0.978108 0.000000 -39.484317 0.000000 0.000000 1.000000 0.000000
0.978248 0.207441 0.000000 279.932927 -0.207441 0.978248 0.000000 -39.559667 0.000000 0.000000 1.000000 0.000000
0.978599 0.205776 0.000000 280.219870 -0.205776 0.978599 0.000000 -39.623078 0.000000 0.000000 1.000000 0.000000
0.978871 0.204480 0.000000 280.502361 -0.204480 0.978871 0.000000 -39.698371 0.000000 0.000000 1.000000 0.000000
0.978966 0.204024 0.000000 280.770686 -0.204024 0.978966 0.000000 -39.759710 0.000000 0.000000 1.000000 0.000000
0.966104 -0.258153 0.000000 288.876036 0.258153 0.966104 0.000000 -35.775977 0.000000 0.000000 1.000000 0.000000
0.967131 -0.254277 0.000000 289.117039 0.254277 0.967131 0.000000 -35.731512 0.000000 0.000000 1.000000 0.000000
0.967537 -0.252730 0.000000 289.352430 0.252730 0.967537 0.000000 -35.671895 0.000000 0.000000 1.000000 0.000000
0.966809 -0.255502 0.000000 289.665680 0.255502 0.966809 0.000000 -35.616537 0.000000 0.000000 1.000000 0.000000
0.965920 -0.258839 0.000000 290.018305 0.258839 0.965920 0.000000 -35.526219 0.000000 0.000000 1.000000 0.000000
0.966037 -0.258405 0.000000 290.318346 0.258405 0.966037 0.000000 -35.448027 0.000000 0.000000 1.000000 0.000000
0.966353 -0.257220 0.000000 290.546412 0.257220 0.966353 0.000000 -35.392405 0.000000 0.000000 1.000000 0.000000
0.965993 -0.258568 0.000000 290.767035 0.258568 0.965993 0.000000 -35.343928 0.000000 0.000000 1.000000 0.000000
0.965762 -0.259430 0.000000 290.984665 0.259430 0.965762 0.000000 -35.294975 0.000000 0.000000 1.000000 0.000000
0.965712 -0.259614 0.000000 291.197264 0.259614 0.965712 0.000000 -35.253081 0.000000 0.000000 1.000000 0.000000
0.966309 -0.257385 0.000000 291.407517 0.257385 0.966309 0.000000 -35.195997 0.000000 0.000000 1.000000 0.000000
0.966600 -0.256290 0.000000 291.614321 0.256290 0.966600 0.000000 -35.150631 0.000000 0.000000 1.000000 0.000000
0.965701 -0.259659 0.000000 291.821281 0.259659 0.965701 0.000000 -35.096787 0.000000 0.000000 1.000000 0.000000
0.965939 -0.258771 0.000000 292.020063 0.258771 0.965939 0.000000 -35.057759 0.000000 0.000000 1.000000 0.000000
0.966456 -0.256831 0.000000 292.219817 0.256831 0.966456 0.000000 -35.020320 0.000000 0.000000 1.000000 0.000000
0.966609 -0.256257 0.000000 292.423469 0.256257 0.966609 0.000000 -34.973662 0.000000 0.000000 1.000000 0.000000
0.966268 -0.257539 0.000000 292.610416 0.257539 0.966268 0.000000 -34.926709 0.000000 0.000000 1.000000 0.000000
0.965998 -0.258550 0.000000 292.814733 0.258550 0.965998 0.000000 -34.878540 0.000000 0.000000 1.000000 0.000000
0.965965 -0.258672 0.000000 292.984286 0.258672 0.965965 0.000000 -34.837389 0.000000 0.000000 1.000000 0.000000
0.966190 -0.257831 0.000000 293.166688 0.257831 0.966190 0.000000 -34.782109 0.000000 0.000000 1.000000 0.000000
0.966737 -0.255774 0.000000 293.347718 0.255774 0.966737 0.000000 -34.739099 0.000000 0.000000 1.000000 0.000000
0.966188 -0.257839 0.000000 293.518411 0.257839 0.966188 0.000000 -34.709882 0.000000 0.000000 1.000000 0.000000
0.966592 -0.256322 0.000000 293.679621 0.256322 0.966592 0.000000 -34.662373 0.000000 0.000000 1.000000 0.000000
0.967339 -0.253484 0.000000 293.850007 0.253484 0.967339 0.000000 -34.608114 0.000000 0.000000 1.000000 0.000000
0.967386 -0.253305 0.000000 294.006081 0.253305 0.967386 0.000000 -34.575413 0.000000 0.000000 1.000000 0.000000
0.966570 -0.256402 0.000000 294.250046 0.256402 0.966570 0.000000 -34.525639 0.000000 0.000000 1.000000 0.000000
0.967152 -0.254197 0.000000 294.392365 0.254197 0.967152 0.000000 -34.486287 0.000000 0.000000 1.000000 0.000000
0.967797 -0.251733 0.000000 294.539674 0.251733 0.967797 0.000000 -34.453206 0.000000 0.000000 1.000000 0.000000
0.967444 -0.253086 0.000000 294.674631 0.253086 0.967444 0.000000 -34.412468 0.000000 0.000000 1.000000 0.000000
0.968170 -0.250295 0.000000 294.922884 0.250295 0.968170 0.000000 -34.341397 0.000000 0.000000 1.000000 0.000000
0.967121 -0.254315 0.000000 295.054233 0.254315 0.967121 0.000000 -34.311515 0.000000 0.000000 1.000000 0.000000
0.968122 -0.250479 0.000000 295.161134 0.250479 0.968122 0.000000 -34.290427 0.000000 0.000000 1.000000 0.000000
0.967894 -0.251360 0.000000 295.264709 0.251360 0.967894 0.000000 -34.277198 0.000000 0.000000 1.000000 0.000000
0.968537 -0.248871 0.000000 295.346403 0.248871 0.968537 0.000000 -34.258401 0.000000 0.000000 1.000000 0.000000
0.967673 -0.252208 0.000000 295.466087 0.252208 0.967673 0.000000 -34.237223 0.000000 0.000000 1.000000 0.000000
0.967802 -0.251714 0.000000 295.525445 0.251714 0.967802 0.000000 -34.235128 0.000000 0.000000 1.000000 0.000000
0.968517 -0.248947 0.000000 295.580115 0.248947 0.968517 0.000000 -34.212997 0.000000 0.000000 1.000000 0.000000
0.968558 -0.248786 0.000000 295.625920 0.248786 0.968558 0.000000 -34.199278 0.000000 0.000000 1.000000 0.000000
0.968737 -0.248090 0.000000 295.657872 0.248090 0.968737 0.000000 -34.191572 0.000000 0.000000 1.000000 0.000000
0.968438 -0.249256 0.000000 295.681708 0.249256 0.968438 0.000000 -34.196022 0.000000 0.000000 1.000000 0.000000
0.968631 -0.248505 0.000000 295.701077 0.248505 0.968631 0.000000 -34.194584 0.000000 0.000000 1.000000 0.000000
0.968625 -0.248526 0.000000 295.710805 0.248526 0.968625 0.000000 -34.190501 0.000000 0.000000 1.000000 0.000000
0.968469 -0.249132 0.000000 295.722812 0.249132 0.968469 0.000000 -34.191443 0.000000 0.000000 1.000000 0.000000
0.968345 -0.249618 0.000000 295.722340 0.249618 0.968345 0.000000 -34.194911 0.000000 0.000000 1.000000 0.000000
0.968425 -0.249307 0.000000 295.718353 0.249307 0.968425 0.000000 -34.198310 0.000000 0.000000 1.000000 0.000000
0.968314 -0.249735 0.000000 295.716388 0.249735 0.968314 0.000000 -34.194090 0.000000 0.000000 1.000000 0.000000
0.968291 -0.249826 0.000000 295.713104 0.249826 0.968291 0.000000 -34.193936 0.000000 0.000000 1.000000 0.000000
0.968272 -0.249899 0.000000 295.713330 0.249899 0.968272 0.000000 -34.188911 0.000000 0.000000 1.000000 0.000000
0.968280 -0.249869 0.000000 295.713412 0.249869 0.968280 0.000000 -34.190869 0.000000 0.000000 1.000000 0.000000
0.968301 -0.249785 0.000000 295.714496 0.249785 0.968301 0.000000 -34.189893 0.000000 0.000000 1.000000 0.000000
0.968370 -0.249518 0.000000 295.713537 0.249518 0.968370 0.000000 -34.191056 0.000000 0.000000 1.000000 0.000000
0.968358 -0.249565 0.000000 295.711217 0.249565 0.968358 0.000000 -34.190634 0.000000 0.000000 1.000000 0.000000
0.968329 -0.249677 0.000000 295.707594 0.249677 0.968329 0.000000 -34.188074 0.000000 0.000000 1.000000 0.000000
0.968345 -0.249614 0.000000 295.705920 0.249614 0.968345 0.000000 -34.186155 0.000000 0.000000 1.000000 0.000000
0.968339 -0.249641 0.000000 295.706545 0.249641 0.968339 0.000000 -34.185988 0.000000 0.000000 1.000000 0.000000
0.968357 -0.249570 0.000000 295.708377 0.249570 0.968357 0.000000 -34.188750 0.000000 0.000000 1.000000 0.000000
0.968359 -0.249562 0.000000 295.710193 0.249562 0.968359 0.000000 -34.190306 0.000000 0.000000 1.000000 0.000000
0.968329 -0.249676 0.000000 295.710813 0.249676 0.968329 0.000000 -34.190403 0.000000 0.000000 1.000000 0.000000
0.968329 -0.249678 0.000000 295.711276 0.249678 0.968329 0.000000 -34.189187 0.000000 0.000000 1.000000 0.000000
0.968320 -0.249711 0.000000 295.710623 0.249711 0.968320 0.000000 -34.189215 0.000000 0.000000 1.000000 0.000000
0.968306 -0.249767 0.000000 295.709605 0.249767 0.968306 0.000000 -34.188549 0.000000 0.000000 1.000000 0.000000
0.968366 -0.249535 0.000000 295.708184 0.249535 0.968366 0.000000 -34.188581 0.000000 0.000000 1.000000 0.000000
0.968365 -0.249539 0.000000 295.708900 0.249539 0.968365 0.000000 -34.190664 0.000000 0.000000 1.000000 0.000000
0.968382 -0.249472 0.000000 295.709585 0.249472 0.968382 0.000000 -34.190116 0.000000 0.000000 1.000000 0.000000
0.968357 -0.249569 0.000000 295.709722 0.249569 0.968357 0.000000 -34.194192 0.000000 0.000000 1.000000 0.000000
0.968319 -0.249718 0.000000 295.709601 0.249718 0.968319 0.000000 -34.194959 0.000000 0.000000 1.000000 0.000000
0.968320 -0.249712 0.000000 295.710185 0.249712 0.968320 0.000000 -34.194495 0.000000 0.000000 1.000000 0.000000
0.968356 -0.249571 0.000000 295.710826 0.249571 0.968356 0.000000 -34.192227 0.000000 0.000000 1.000000 0.000000
0.968322 -0.249704 0.000000 295.712228 0.249704 0.968322 0.000000 -34.190964 0.000000 0.000000 1.000000 0.000000
0.968308 -0.249760 0.000000 295.711754 0.249760 0.968308 0.000000 -34.189074 0.000000 0.000000 1.000000 0.000000
0.968339 -0.249637 0.000000 295.714328 0.249637 0.968339 0.000000 -34.188241 0.000000 0.000000 1.000000 0.000000
0.968339 -0.249640 0.000000 295.715800 0.249640 0.968339 0.000000 -34.187878 0.000000 0.000000 1.000000 0.000000
0.968343 -0.249623 0.000000 295.714952 0.249623 0.968343 0.000000 -34.189216 0.000000 0.000000 1.000000 0.000000
0.968337 -0.249647 0.000000 295.713834 0.249647 0.968337 0.000000 -34.191268 0.000000 0.000000 1.000000 0.000000
0.968345 -0.249618 0.000000 295.715367 0.249618 0.968345 0.000000 -34.191059 0.000000 0.000000 1.000000 0.000000
0.968377 -0.249492 0.000000 295.716468 0.249492 0.968377 0.000000 -34.188518 0.000000 0.000000 1.000000 0.000000
0.968377 -0.249493 0.000000 295.716923 0.249493 0.968377 0.000000 -34.187670 0.000000 0.000000 1.000000 0.000000
0.968370 -0.249519 0.000000 295.717570 0.249519 0.968370 0.000000 -34.188809 0.000000 0.000000 1.000000 0.000000
0.968383 -0.249470 0.000000 295.716561 0.249470 0.968383 0.000000 -34.187684 0.000000 0.000000 1.000000 0.000000
0.968385 -0.249460 0.000000 295.717915 0.249460 0.968385 0.000000 -34.190266 0.000000 0.000000 1.000000 0.000000
0.968401 -0.249399 0.000000 295.719414 0.249399 0.968401 0.000000 -34.193095 0.000000 0.000000 1.000000 0.000000
0.968396 -0.249418 0.000000 295.719357 0.249418 0.968396 0.000000 -34.193633 0.000000 0.000000 1.000000 0.000000
0.968409 -0.249368 0.000000 295.718547 0.249368 0.968409 0.000000 -34.192457 0.000000 0.000000 1.000000 0.000000
0.968407 -0.249377 0.000000 295.718212 0.249377 0.968407 0.000000 -34.193005 0.000000 0.000000 1.000000 0.000000
0.968412 -0.249357 0.000000 295.717224 0.249357 0.968412 0.000000 -34.192143 0.000000 0.000000 1.000000 0.000000
0.968487 -0.249065 0.000000 295.716561 0.249065 0.968487 0.000000 -34.191053 0.000000 0.000000 1.000000 0.000000
0.968536 -0.248874 0.000000 295.719100 0.248874 0.968536 0.000000 -34.194086 0.000000 0.000000 1.000000 0.000000
0.968527 -0.248909 0.000000 295.720453 0.248909 0.968527 0.000000 -34.197313 0.000000 0.000000 1.000000 0.000000
0.968535 -0.248876 0.000000 295.720360 0.248876 0.968535 0.000000 -34.198576 0.000000 0.000000 1.000000 0.000000
0.968598 -0.248631 0.000000 295.718771 0.248631 0.968598 0.000000 -34.199547 0.000000 0.000000 1.000000 0.000000
0.968543 -0.248848 0.000000 295.718780 0.248848 0.968543 0.000000 -34.200934 0.000000 0.000000 1.000000 0.000000
0.968478 -0.249100 0.000000 295.717258 0.249100 0.968478 0.000000 -34.204349 0.000000 0.000000 1.000000 0.000000
0.968416 -0.249339 0.000000 295.715726 0.249339 0.968416 0.000000 -34.205512 0.000000 0.000000 1.000000 0.000000
0.968389 -0.249446 0.000000 295.714956 0.249446 0.968389 0.000000 -34.207065 0.000000 0.000000 1.000000 0.000000
0.968356 -0.249574 0.000000 295.714572 0.249574 0.968356 0.000000 -34.207507 0.000000 0.000000 1.000000 0.000000
0.968286 -0.249844 0.000000 295.715669 0.249844 0.968286 0.000000 -34.212051 0.000000 0.000000 1.000000 0.000000
0.968317 -0.249724 0.000000 295.715302 0.249724 0.968317 0.000000 -34.214254 0.000000 0.000000 1.000000 0.000000
0.968271 -0.249903 0.000000 295.713899 0.249903 0.968271 0.000000 -34.216216 0.000000 0.000000 1.000000 0.000000
0.968271 -0.249904 0.000000 295.711528 0.249904 0.968271 0.000000 -34.218263 0.000000 0.000000 1.000000 0.000000
0.968257 -0.249957 0.000000 295.712081 0.249957 0.968257 0.000000 -34.218708 0.000000 0.000000 1.000000 0.000000
0.968238 -0.250029 0.000000 295.713962 0.250029 0.968238 0.000000 -34.220161 0.000000 0.000000 1.000000 0.000000
0.968095 -0.250584 0.000000 295.717905 0.250584 0.968095 0.000000 -34.227135 0.000000 0.000000 1.000000 0.000000
0.968213 -0.250126 0.000000 295.718409 0.250126 0.968213 0.000000 -34.223572 0.000000 0.000000 1.000000 0.000000
0.968259 -0.249950 0.000000 295.718890 0.249950 0.968259 0.000000 -34.221952 0.000000 0.000000 1.000000 0.000000
0.968245 -0.250004 0.000000 295.718304 0.250004 0.968245 0.000000 -34.220129 0.000000 0.000000 1.000000 0.000000
0.968275 -0.249886 0.000000 295.719059 0.249886 0.968275 0.000000 -34.220084 0.000000 0.000000 1.000000 0.000000
0.968241 -0.250020 0.000000 295.718187 0.250020 0.968241 0.000000 -34.218906 0.000000 0.000000 1.000000 0.000000
0.968243 -0.250013 0.000000 295.717207 0.250013 0.968243 0.000000 -34.219229 0.000000 0.000000 1.000000 0.000000
0.968275 -0.249887 0.000000 295.717315 0.249887 0.968275 0.000000 -34.219085 0.000000 0.000000 1.000000 0.000000
0.968303 -0.249777 0.000000 295.718920 0.249777 0.968303 0.000000 -34.218856 0.000000 0.000000 1.000000 0.000000
0.968321 -0.249708 0.000000 295.720163 0.249708 0.968321 0.000000 -34.217330 0.000000 0.000000 1.000000 0.000000
0.968321 -0.249707 0.000000 295.720263 0.249707 0.968321 0.000000 -34.217766 0.000000 0.000000 1.000000 0.000000
0.968324 -0.249698 0.000000 295.719924 0.249698 0.968324 0.000000 -34.217185 0.000000 0.000000 1.000000 0.000000
0.968294 -0.249815 0.000000 295.719564 0.249815 0.968294 0.000000 -34.217213 0.000000 0.000000 1.000000 0.000000
0.968272 -0.249897 0.000000 295.718918 0.249897 0.968272 0.000000 -34.215559 0.000000 0.000000 1.000000 0.000000
0.968298 -0.249799 0.000000 295.719062 0.249799 0.968298 0.000000 -34.213306 0.000000 0.000000 1.000000 0.000000
0.968288 -0.249835 0.000000 295.718440 0.249835 0.968288 0.000000 -34.211906 0.000000 0.000000 1.000000 0.000000
0.968310 -0.249752 0.000000 295.717395 0.249752 0.968310 0.000000 -34.211322 0.000000 0.000000 1.000000 0.000000
0.968364 -0.249544 0.000000 295.718055 0.249544 0.968364 0.000000 -34.212266 0.000000 0.000000 1.000000 0.000000
0.968350 -0.249597 0.000000 295.718754 0.249597 0.968350 0.000000 -34.212287 0.000000 0.000000 1.000000 0.000000
0.968338 -0.249642 0.000000 295.717734 0.249642 0.968338 0.000000 -34.212496 0.000000 0.000000 1.000000 0.000000
0.968314 -0.249734 0.000000 295.717836 0.249734 0.968314 0.000000 -34.212733 0.000000 0.000000 1.000000 0.000000
0.968288 -0.249836 0.000000 295.716848 0.249836 0.968288 0.000000 -34.211439 0.000000 0.000000 1.000000 0.000000
0.968262 -0.249939 0.000000 295.716416 0.249939 0.968262 0.000000 -34.212736 0.000000 0.000000 1.000000 0.000000
0.968256 -0.249960 0.000000 295.716785 0.249960 0.968256 0.000000 -34.213370 0.000000 0.000000 1.000000 0.000000
0.968263 -0.249935 0.000000 295.715726 0.249935 0.968263 0.000000 -34.214109 0.000000 0.000000 1.000000 0.000000
0.968263 -0.249935 0.000000 295.716076 0.249935 0.968263 0.000000 -34.214283 0.000000 0.000000 1.000000 0.000000
0.968276 -0.249881 0.000000 295.716305 0.249881 0.968276 0.000000 -34.214256 0.000000 0.000000 1.000000 0.000000
0.968272 -0.249898 0.000000 295.716684 0.249898 0.968272 0.000000 -34.216228 0.000000 0.000000 1.000000 0.000000
0.968251 -0.249979 0.000000 295.716615 0.249979 0.968251 0.000000 -34.217321 0.000000 0.000000 1.000000 0.000000
0.968255 -0.249966 0.000000 295.717216 0.249966 0.968255 0.000000 -34.217919 0.000000 0.000000 1.000000 0.000000
0.968256 -0.249962 0.000000 295.718257 0.249962 0.968256 0.000000 -34.219411 0.000000 0.000000 1.000000 0.000000
0.968263 -0.249933 0.000000 295.718809 0.249933 0.968263 0.000000 -34.221849 0.000000 0.000000 1.000000 0.000000
0.968254 -0.249969 0.000000 295.718833 0.249969 0.968254 0.000000 -34.221436 0.000000 0.000000 1.000000 0.000000
0.968273 -0.249896 0.000000 295.718791 0.249896 0.968273 0.000000 -34.220242 0.000000 0.000000 1.000000 0.000000
0.968320 -0.249714 0.000000 295.718360 0.249714 0.968320 0.000000 -34.218181 0.000000 0.000000 1.000000 0.000000
0.968316 -0.249727 0.000000 295.718286 0.249727 0.968316 0.000000 -34.218406 0.000000 0.000000 1.000000 0.000000
0.968303 -0.249780 0.000000 295.720072 0.249780 0.968303 0.000000 -34.218592 0.000000 0.000000 1.000000 0.000000
0.968298 -0.249798 0.000000 295.719492 0.249798 0.968298 0.000000 -34.218315 0.000000 0.000000 1.000000 0.000000
0.968337 -0.249646 0.000000 295.721093 0.249646 0.968337 0.000000 -34.218948 0.000000 0.000000 1.000000 0.000000
0.968358 -0.249564 0.000000 295.721709 0.249564 0.968358 0.000000 -34.219831 0.000000 0.000000 1.000000 0.000000
0.968328 -0.249682 0.000000 295.722895 0.249682 0.968328 0.000000 -34.220817 0.000000 0.000000 1.000000 0.000000
0.968321 -0.249708 0.000000 295.724452 0.249708 0.968321 0.000000 -34.218781 0.000000 0.000000 1.000000 0.000000
0.968304 -0.249776 0.000000 295.724137 0.249776 0.968304 0.000000 -34.217155 0.000000 0.000000 1.000000 0.000000
0.968319 -0.249718 0.000000 295.724455 0.249718 0.968319 0.000000 -34.217304 0.000000 0.000000 1.000000 0.000000
0.968327 -0.249685 0.000000 295.723860 0.249685 0.968327 0.000000 -34.217619 0.000000 0.000000 1.000000 0.000000
0.968312 -0.249745 0.000000 295.723393 0.249745 0.968312 0.000000 -34.216661 0.000000 0.000000 1.000000 0.000000
0.968301 -0.249784 0.000000 295.721215 0.249784 0.968301 0.000000 -34.215843 0.000000 0.000000 1.000000 0.000000
0.968307 -0.249761 0.000000 295.720982 0.249761 0.968307 0.000000 -34.217801 0.000000 0.000000 1.000000 0.000000
0.968265 -0.249926 0.000000 295.720141 0.249926 0.968265 0.000000 -34.217935 0.000000 0.000000 1.000000 0.000000
0.968273 -0.249895 0.000000 295.720360 0.249895 0.968273 0.000000 -34.221937 0.000000 0.000000 1.000000 0.000000
0.968305 -0.249771 0.000000 295.719032 0.249771 0.968305 0.000000 -34.220410 0.000000 0.000000 1.000000 0.000000
0.968287 -0.249840 0.000000 295.718408 0.249840 0.968287 0.000000 -34.219071 0.000000 0.000000 1.000000 0.000000
0.968257 -0.249955 0.000000 295.719253 0.249955 0.968257 0.000000 -34.217878 0.000000 0.000000 1.000000 0.000000
0.968328 -0.249682 0.000000 295.718777 0.249682 0.968328 0.000000 -34.217951 0.000000 0.000000 1.000000 0.000000
0.968277 -0.249880 0.000000 295.719773 0.249880 0.968277 0.000000 -34.217456 0.000000 0.000000 1.000000 0.000000
0.968274 -0.249890 0.000000 295.720156 0.249890 0.968274 0.000000 -34.218105 0.000000 0.000000 1.000000 0.000000
0.968267 -0.249917 0.000000 295.719714 0.249917 0.968267 0.000000 -34.217162 0.000000 0.000000 1.000000 0.000000
0.968263 -0.249933 0.000000 295.719415 0.249933 0.968263 0.000000 -34.216232 0.000000 0.000000 1.000000 0.000000
0.968275 -0.249885 0.000000 295.718829 0.249885 0.968275 0.000000 -34.216369 0.000000 0.000000 1.000000 0.000000
0.968300 -0.249790 0.000000 295.719452 0.249790 0.968300 0.000000 -34.216077 0.000000 0.000000 1.000000 0.000000
0.968294 -0.249813 0.000000 295.718127 0.249813 0.968294 0.000000 -34.215130 0.000000 0.000000 1.000000 0.000000
0.968285 -0.249848 0.000000 295.717580 0.249848 0.968285 0.000000 -34.213544 0.000000 0.000000 1.000000 0.000000
0.968261 -0.249940 0.000000 295.715702 0.249940 0.968261 0.000000 -34.214133 0.000000 0.000000 1.000000 0.000000
0.968255 -0.249964 0.000000 295.715659 0.249964 0.968255 0.000000 -34.215725 0.000000 0.000000 1.000000 0.000000
0.968258 -0.249953 0.000000 295.715332 0.249953 0.968258 0.000000 -34.216207 0.000000 0.000000 1.000000 0.000000
0.968259 -0.249950 0.000000 295.717040 0.249950 0.968259 0.000000 -34.215400 0.000000 0.000000 1.000000 0.000000
0.968257 -0.249958 0.000000 295.717360 0.249958 0.968257 0.000000 -34.214182 0.000000 0.000000 1.000000 0.000000
0.968266 -0.249924 0.000000 295.718797 0.249924 0.968266 0.000000 -34.214425 0.000000 0.000000 1.000000 0.000000
0.968267 -0.249917 0.000000 295.719521 0.249917 0.968267 0.000000 -34.215048 0.000000 0.000000 1.000000 0.000000
0.968271 -0.249902 0.000000 295.720650 0.249902 0.968271 0.000000 -34.217045 0.000000 0.000000 1.000000 0.000000
0.968254 -0.249970 0.000000 295.720422 0.249970 0.968254 0.000000 -34.217706 0.000000 0.000000 1.000000 0.000000
0.968238 -0.250030 0.000000 295.720229 0.250030 0.968238 0.000000 -34.219338 0.000000 0.000000 1.000000 0.000000
0.968231 -0.250058 0.000000 295.720273 0.250058 0.968231 0.000000 -34.218154 0.000000 0.000000 1.000000 0.000000
0.968243 -0.250011 0.000000 295.719525 0.250011 0.968243 0.000000 -34.218488 0.000000 0.000000 1.000000 0.000000
0.968233 -0.250051 0.000000 295.720052 0.250051 0.968233 0.000000 -34.217027 0.000000 0.000000 1.000000 0.000000
0.968249 -0.249987 0.000000 295.720859 0.249987 0.968249 0.000000 -34.218177 0.000000 0.000000 1.000000 0.000000
0.968272 -0.249899 0.000000 295.720931 0.249899 0.968272 0.000000 -34.217190 0.000000 0.000000 1.000000 0.000000
0.968251 -0.249981 0.000000 295.721688 0.249981 0.968251 0.000000 -34.217512 0.000000 0.000000 1.000000 0.000000
0.968253 -0.249972 0.000000 295.720571 0.249972 0.968253 0.000000 -34.214706 0.000000 0.000000 1.000000 0.000000
0.968247 -0.249997 0.000000 295.720802 0.249997 0.968247 0.000000 -34.215714 0.000000 0.000000 1.000000 0.000000
0.968229 -0.250064 0.000000 295.720568 0.250064 0.968229 0.000000 -34.215570 0.000000 0.000000 1.000000 0.000000
0.968233 -0.250049 0.000000 295.720591 0.250049 0.968233 0.000000 -34.216985 0.000000 0.000000 1.000000 0.000000
0.968212 -0.250129 0.000000 295.720719 0.250129 0.968212 0.000000 -34.217830 0.000000 0.000000 1.000000 0.000000
0.968228 -0.250070 0.000000 295.720658 0.250070 0.968228 0.000000 -34.219398 0.000000 0.000000 1.000000 0.000000
0.968214 -0.250124 0.000000 295.720427 0.250124 0.968214 0.000000 -34.220813 0.000000 0.000000 1.000000 0.000000
0.968206 -0.250154 0.000000 295.720198 0.250154 0.968206 0.000000 -34.220297 0.000000 0.000000 1.000000 0.000000
0.968205 -0.250158 0.000000 295.720520 0.250158 0.968205 0.000000 -34.220562 0.000000 0.000000 1.000000 0.000000
0.968199 -0.250180 0.000000 295.720732 0.250180 0.968199 0.000000 -34.220906 0.000000 0.000000 1.000000 0.000000
0.968240 -0.250024 0.000000 295.720948 0.250024 0.968240 0.000000 -34.221699 0.000000 0.000000 1.000000 0.000000
0.968233 -0.250051 0.000000 295.722356 0.250051 0.968233 0.000000 -34.222102 0.000000 0.000000 1.000000 0.000000
0.968238 -0.250029 0.000000 295.724613 0.250029 0.968238 0.000000 -34.223320 0.000000 0.000000 1.000000 0.000000
0.968273 -0.249896 0.000000 295.725230 0.249896 0.968273 0.000000 -34.222243 0.000000 0.000000 1.000000 0.000000
0.968250 -0.249983 0.000000 295.725537 0.249983 0.968250 0.000000 -34.221065 0.000000 0.000000 1.000000 0.000000
0.968265 -0.249927 0.000000 295.725651 0.249927 0.968265 0.000000 -34.217950 0.000000 0.000000 1.000000 0.000000
0.968231 -0.250056 0.000000 295.724700 0.250056 0.968231 0.000000 -34.216678 0.000000 0.000000 1.000000 0.000000
0.968177 -0.250265 0.000000 295.724789 0.250265 0.968177 0.000000 -34.216647 0.000000 0.000000 1.000000 0.000000
0.968166 -0.250307 0.000000 295.724900 0.250307 0.968166 0.000000 -34.219064 0.000000 0.000000 1.000000 0.000000
0.968153 -0.250359 0.000000 295.725175 0.250359 0.968153 0.000000 -34.220691 0.000000 0.000000 1.000000 0.000000
0.968117 -0.250498 0.000000 295.726252 0.250498 0.968117 0.000000 -34.221473 0.000000 0.000000 1.000000 0.000000
0.968135 -0.250430 0.000000 295.725629 0.250430 0.968135 0.000000 -34.220200 0.000000 0.000000 1.000000 0.000000
0.968135 -0.250429 0.000000 295.726334 0.250429 0.968135 0.000000 -34.220957 0.000000 0.000000 1.000000 0.000000
0.968136 -0.250424 0.000000 295.726070 0.250424 0.968136 0.000000 -34.220623 0.000000 0.000000 1.000000 0.000000
0.968127 -0.250459 0.000000 295.726918 0.250459 0.968127 0.000000 -34.221417 0.000000 0.000000 1.000000 0.000000
0.968110 -0.250524 0.000000 295.726390 0.250524 0.968110 0.000000 -34.219495 0.000000 0.000000 1.000000 0.000000
0.968111 -0.250523 0.000000 295.726602 0.250523 0.968111 0.000000 -34.216904 0.000000 0.000000 1.000000 0.000000
0.968108 -0.250533 0.000000 295.726533 0.250533 0.968108 0.000000 -34.213542 0.000000 0.000000 1.000000 0.000000
0.968077 -0.250652 0.000000 295.726275 0.250652 0.968077 0.000000 -34.213380 0.000000 0.000000 1.000000 0.000000
0.968139 -0.250412 0.000000 295.725181 0.250412 0.968139 0.000000 -34.212738 0.000000 0.000000 1.000000 0.000000
0.968162 -0.250324 0.000000 295.724684 0.250324 0.968162 0.000000 -34.213582 0.000000 0.000000 1.000000 0.000000
0.968132 -0.250442 0.000000 295.723057 0.250442 0.968132 0.000000 -34.213487 0.000000 0.000000 1.000000 0.000000
0.968106 -0.250543 0.000000 295.722820 0.250543 0.968106 0.000000 -34.213381 0.000000 0.000000 1.000000 0.000000
0.968152 -0.250363 0.000000 295.723917 0.250363 0.968152 0.000000 -34.214643 0.000000 0.000000 1.000000 0.000000
0.968142 -0.250404 0.000000 295.724810 0.250404 0.968142 0.000000 -34.213180 0.000000 0.000000 1.000000 0.000000
0.968152 -0.250362 0.000000 295.723876 0.250362 0.968152 0.000000 -34.211683 0.000000 0.000000 1.000000 0.000000
0.968146 -0.250386 0.000000 295.724171 0.250386 0.968146 0.000000 -34.209610 0.000000 0.000000 1.000000 0.000000
0.968138 -0.250419 0.000000 295.725019 0.250419 0.968138 0.000000 -34.209738 0.000000 0.000000 1.000000 0.000000
0.968208 -0.250145 0.000000 295.724123 0.250145 0.968208 0.000000 -34.209121 0.000000 0.000000 1.000000 0.000000
0.968208 -0.250148 0.000000 295.722963 0.250148 0.968208 0.000000 -34.209056 0.000000 0.000000 1.000000 0.000000
0.968213 -0.250126 0.000000 295.721732 0.250126 0.968213 0.000000 -34.207543 0.000000 0.000000 1.000000 0.000000
0.968190 -0.250214 0.000000 295.720223 0.250214 0.968190 0.000000 -34.208920 0.000000 0.000000 1.000000 0.000000
0.968195 -0.250198 0.000000 295.718602 0.250198 0.968195 0.000000 -34.209862 0.000000 0.000000 1.000000 0.000000
0.968177 -0.250265 0.000000 295.719348 0.250265 0.968177 0.000000 -34.210196 0.000000 0.000000 1.000000 0.000000
0.968167 -0.250305 0.000000 295.718189 0.250305 0.968167 0.000000 -34.210251 0.000000 0.000000 1.000000 0.000000
0.968162 -0.250323 0.000000 295.718520 0.250323 0.968162 0.000000 -34.207716 0.000000 0.000000 1.000000 0.000000
0.968179 -0.250258 0.000000 295.719689 0.250258 0.968179 0.000000 -34.208463 0.000000 0.000000 1.000000 0.000000
0.968148 -0.250377 0.000000 295.720063 0.250377 0.968148 0.000000 -34.208716 0.000000 0.000000 1.000000 0.000000
0.968147 -0.250381 0.000000 295.719284 0.250381 0.968147 0.000000 -34.210921 0.000000 0.000000 1.000000 0.000000
0.968125 -0.250469 0.000000 295.719466 0.250469 0.968125 0.000000 -34.206644 0.000000 0.000000 1.000000 0.000000
0.968117 -0.250498 0.000000 295.718313 0.250498 0.968117 0.000000 -34.206688 0.000000 0.000000 1.000000 0.000000
0.968137 -0.250421 0.000000 295.718817 0.250421 0.968137 0.000000 -34.207965 0.000000 0.000000 1.000000 0.000000
0.968144 -0.250395 0.000000 295.719660 0.250395 0.968144 0.000000 -34.208482 0.000000 0.000000 1.000000 0.000000
0.968111 -0.250521 0.000000 295.719729 0.250521 0.968111 0.000000 -34.207969 0.000000 0.000000 1.000000 0.000000
0.968066 -0.250696 0.000000 295.718581 0.250696 0.968066 0.000000 -34.207573 0.000000 0.000000 1.000000 0.000000
0.968055 -0.250737 0.000000 295.718194 0.250737 0.968055 0.000000 -34.208494 0.000000 0.000000 1.000000 0.000000
0.968083 -0.250628 0.000000 295.717508 0.250628 0.968083 0.000000 -34.208097 0.000000 0.000000 1.000000 0.000000
0.968100 -0.250564 0.000000 295.717061 0.250564 0.968100 0.000000 -34.206615 0.000000 0.000000 1.000000 0.000000
0.968106 -0.250542 0.000000 295.717106 0.250542 0.968106 0.000000 -34.207140 0.000000 0.000000 1.000000 0.000000
0.968111 -0.250522 0.000000 295.718128 0.250522 0.968111 0.000000 -34.205650 0.000000 0.000000 1.000000 0.000000
