1.000000 0.000815 0.000000 0.731717 -0.000815 1.000000 0.000000 -0.007295 0.000000 0.000000 1.000000 0.000000
0.999999 0.000436 0.000000 1.345503 -0.000437 0.999999 0.000000 -0.011189 0.000000 0.000000 1.000000 0.000000
0.999996 0.001793 0.000000 1.956526 -0.001797 0.999996 0.000000 -0.019686 0.000000 0.000000 1.000000 0.000000
0.999988 0.002118 0.000000 2.580037 -0.002128 0.999995 0.000000 -0.027185 0.000000 0.000000 1.000000 0.000000
0.999974 0.001935 0.000000 3.196571 -0.001957 0.999993 0.000000 -0.032261 0.000000 0.000000 1.000000 0.000000
0.999952 0.002858 0.000000 4.021056 -0.002890 0.999990 0.000000 -0.040099 0.000000 0.000000 1.000000 0.000000
0.999946 0.002893 0.000000 4.604132 -0.002930 0.999989 0.000000 -0.045673 0.000000 0.000000 1.000000 0.000000
0.999950 0.002467 0.000000 5.230200 -0.002509 0.999988 0.000000 -0.052666 0.000000 0.000000 1.000000 0.000000
0.999944 0.002403 0.000000 6.152507 -0.002444 0.999989 0.000000 -0.059516 0.000000 0.000000 1.000000 0.000000
0.999939 0.002662 0.000000 6.768411 -0.002694 0.999992 0.000000 -0.066022 0.000000 0.000000 1.000000 0.000000
0.999942 0.003081 0.000000 7.384864 -0.003105 0.999992 0.000000 -0.072655 0.000000 0.000000 1.000000 0.000000
0.999950 0.003817 0.000000 8.016571 -0.003838 0.999990 0.000000 -0.080701 0.000000 0.000000 1.000000 0.000000
0.999973 0.004686 0.000000 9.279068 -0.004708 0.999982 0.000000 -0.097273 0.000000 0.000000 1.000000 0.000000
0.999975 0.004991 0.000000 9.914790 -0.005012 0.999979 0.000000 -0.106944 0.000000 0.000000 1.000000 0.000000
0.999967 0.005012 0.000000 10.544343 -0.005044 0.999975 0.000000 -0.116800 0.000000 0.000000 1.000000 0.000000
0.999950 0.006564 0.000000 11.171009 -0.006608 0.999961 0.000000 -0.126921 0.000000 0.000000 1.000000 0.000000
0.999940 0.006574 0.000000 11.836860 -0.006625 0.999961 0.000000 -0.136041 0.000000 0.000000 1.000000 0.000000
0.999940 0.005965 0.000000 12.454022 -0.006018 0.999966 0.000000 -0.142717 0.000000 0.000000 1.000000 0.000000
0.999931 0.007548 0.000000 13.066669 -0.007592 0.999959 0.000000 -0.153534 0.000000 0.000000 1.000000 0.000000
0.999926 0.008223 0.000000 13.688356 -0.008263 0.999956 0.000000 -0.166385 0.000000 0.000000 1.000000 0.000000
0.999922 0.008614 0.000000 14.313922 -0.008670 0.999944 0.000000 -0.179281 0.000000 0.000000 1.000000 0.000000
0.999925 0.007840 0.000000 14.927761 -0.007916 0.999936 0.000000 -0.189614 0.000000 0.000000 1.000000 0.000000
0.999932 0.007246 0.000000 15.544665 -0.007328 0.999933 0.000000 -0.200416 0.000000 0.000000 1.000000 0.000000
0.999929 0.006598 0.000000 16.151382 -0.006689 0.999936 0.000000 -0.209229 0.000000 0.000000 1.000000 0.000000
0.999918 0.006445 0.000000 16.792073 -0.006558 0.999926 0.000000 -0.219064 0.000000 0.000000 1.000000 0.000000
0.999908 0.007198 0.000000 17.370807 -0.007316 0.999921 0.000000 -0.229377 0.000000 0.000000 1.000000 0.000000
0.999906 0.007817 0.000000 17.993326 -0.007936 0.999913 0.000000 -0.239731 0.000000 0.000000 1.000000 0.000000
0.999893 0.008550 0.000000 18.611769 -0.008689 0.999894 0.000000 -0.251107 0.000000 0.000000 1.000000 0.000000
0.999916 0.008083 0.000000 19.260897 -0.008201 0.999898 0.000000 -0.262604 0.000000 0.000000 1.000000 0.000000
0.999941 0.007243 0.000000 19.884375 -0.007330 0.999916 0.000000 -0.271496 0.000000 0.000000 1.000000 0.000000
0.999945 0.006952 0.000000 20.504775 -0.007029 0.999928 0.000000 -0.279101 0.000000 0.000000 1.000000 0.000000
0.999947 0.006829 0.000000 21.123354 -0.006901 0.999932 0.000000 -0.285589 0.000000 0.000000 1.000000 0.000000
0.999935 0.007020 0.000000 21.749995 -0.007106 0.999928 0.000000 -0.294210 0.000000 0.000000 1.000000 0.000000
0.999913 0.007014 0.000000 22.379308 -0.007130 0.999920 0.000000 -0.302678 0.000000 0.000000 1.000000 0.000000
0.999906 0.006991 0.000000 22.984379 -0.007116 0.999918 0.000000 -0.310973 0.000000 0.000000 1.000000 0.000000
0.999901 0.007162 0.000000 23.616750 -0.007285 0.999922 0.000000 -0.319499 0.000000 0.000000 1.000000 0.000000
0.999925 0.006294 0.000000 24.256956 -0.006398 0.999931 0.000000 -0.326422 0.000000 0.000000 1.000000 0.000000
0.999925 0.006717 0.000000 24.857393 -0.006814 0.999932 0.000000 -0.335203 0.000000 0.000000 1.000000 0.000000
0.999934 0.006514 0.000000 25.504713 -0.006602 0.999935 0.000000 -0.343101 0.000000 0.000000 1.000000 0.000000
0.999932 0.006016 0.000000 26.129251 -0.006106 0.999941 0.000000 -0.350064 0.000000 0.000000 1.000000 0.000000
0.999917 0.006505 0.000000 26.731485 -0.006597 0.999944 0.000000 -0.358460 0.000000 0.000000 1.000000 0.000000
0.999914 0.006208 0.000000 27.351403 -0.006291 0.999954 0.000000 -0.366728 0.000000 0.000000 1.000000 0.000000
0.999904 0.006302 0.000000 27.980817 -0.006404 0.999946 0.000000 -0.374730 0.000000 0.000000 1.000000 0.000000
0.999913 0.006838 0.000000 28.603306 -0.006939 0.999937 0.000000 -0.383174 0.000000 0.000000 1.000000 0.000000
0.999904 0.007217 0.000000 29.183427 -0.007316 0.999939 0.000000 -0.391663 0.000000 0.000000 1.000000 0.000000
0.999890 0.006748 0.000000 29.817781 -0.006849 0.999947 0.000000 -0.401084 0.000000 0.000000 1.000000 0.000000
0.999904 0.005994 0.000000 30.401086 -0.006098 0.999947 0.000000 -0.407364 0.000000 0.000000 1.000000 0.000000
0.999909 0.006531 0.000000 31.009379 -0.006634 0.999940 0.000000 -0.415769 0.000000 0.000000 1.000000 0.000000
0.999905 0.007254 0.000000 31.635644 -0.007351 0.999939 0.000000 -0.424724 0.000000 0.000000 1.000000 0.000000
0.999903 0.006597 0.000000 32.447455 -0.006698 0.999944 0.000000 -0.435446 0.000000 0.000000 1.000000 0.000000
0.999904 0.006228 0.000000 33.068334 -0.006320 0.999953 0.000000 -0.442251 0.000000 0.000000 1.000000 0.000000
0.999895 0.006116 0.000000 33.692774 -0.006218 0.999951 0.000000 -0.449953 0.000000 0.000000 1.000000 0.000000
0.999863 0.006226 0.000000 34.324430 -0.006350 0.999948 0.000000 -0.458028 0.000000 0.000000 1.000000 0.000000
0.999883 0.006917 0.000000 34.958175 -0.007022 0.999946 0.000000 -0.467077 0.000000 0.000000 1.000000 0.000000
0.999914 0.007794 0.000000 35.597294 -0.007871 0.999943 0.000000 -0.477593 0.000000 0.000000 1.000000 0.000000
0.999918 0.009012 0.000000 36.230157 -0.009082 0.999929 0.000000 -0.489305 0.000000 0.000000 1.000000 0.000000
0.999919 0.009541 0.000000 36.870981 -0.009610 0.999920 0.000000 -0.500584 0.000000 0.000000 1.000000 0.000000
0.999905 0.010658 0.000000 37.504417 -0.010726 0.999913 0.000000 -0.513923 0.000000 0.000000 1.000000 0.000000
0.999897 0.010072 0.000000 38.140300 -0.010145 0.999923 0.000000 -0.523511 0.000000 0.000000 1.000000 0.000000
0.999880 0.010344 0.000000 38.766718 -0.010429 0.999919 0.000000 -0.535137 0.000000 0.000000 1.000000 0.000000
0.999878 0.011128 0.000000 39.401008 -0.011224 0.999899 0.000000 -0.547343 0.000000 0.000000 1.000000 0.000000
0.999864 0.010644 0.000000 40.045507 -0.010753 0.999905 0.000000 -0.556297 0.000000 0.000000 1.000000 0.000000
0.999868 0.011310 0.000000 40.699883 -0.011404 0.999903 0.000000 -0.568226 0.000000 0.000000 1.000000 0.000000
0.999889 0.011338 0.000000 41.303723 -0.011416 0.999903 0.000000 -0.581290 0.000000 0.000000 1.000000 0.000000
0.999882 0.011719 0.000000 41.949663 -0.011799 0.999898 0.000000 -0.594859 0.000000 0.000000 1.000000 0.000000
0.999885 0.011536 0.000000 42.581181 -0.011622 0.999894 0.000000 -0.604519 0.000000 0.000000 1.000000 0.000000
0.999813 0.012334 0.000000 43.237202 -0.012489 0.999868 0.000000 -0.616830 0.000000 0.000000 1.000000 0.000000
0.999609 0.012552 0.000000 43.881718 -0.012918 0.999811 0.000000 -0.630041 0.000000 0.000000 1.000000 0.000000
0.999229 0.012316 0.000000 44.514443 -0.013009 0.999746 0.000000 -0.643337 0.000000 0.000000 1.000000 0.000000
0.998616 0.013111 0.000000 45.153843 -0.014129 0.999707 0.000000 -0.657560 0.000000 0.000000 1.000000 0.000000
0.998308 0.013367 0.000000 45.790722 -0.014538 0.999688 0.000000 -0.671170 0.000000 0.000000 1.000000 0.000000
0.998533 0.014376 0.000000 46.436206 -0.015550 0.999634 0.000000 -0.686767 0.000000 0.000000 1.000000 0.000000
0.999013 0.015656 0.000000 47.089825 -0.016708 0.999546 0.000000 -0.702393 0.000000 0.000000 1.000000 0.000000
0.999346 0.016724 0.000000 47.749842 -0.017554 0.999513 0.000000 -0.718540 0.000000 0.000000 1.000000 0.000000
0.999441 0.017649 0.000000 48.366535 -0.018358 0.999521 0.000000 -0.733029 0.000000 0.000000 1.000000 0.000000
0.999383 0.017107 0.000000 49.016402 -0.017828 0.999568 0.000000 -0.749509 0.000000 0.000000 1.000000 0.000000
0.999293 0.017200 0.000000 49.660245 -0.017983 0.999568 0.000000 -0.768162 0.000000 0.000000 1.000000 0.000000
0.999296 0.017157 0.000000 50.306283 -0.017942 0.999566 0.000000 -0.784295 0.000000 0.000000 1.000000 0.000000
0.999326 0.017723 0.000000 50.952451 -0.018520 0.999524 0.000000 -0.801599 0.000000 0.000000 1.000000 0.000000
0.999366 0.017854 0.000000 51.594476 -0.018622 0.999519 0.000000 -0.819272 0.000000 0.000000 1.000000 0.000000
0.999389 0.017557 0.000000 52.217523 -0.018289 0.999541 0.000000 -0.834993 0.000000 0.000000 1.000000 0.000000
0.999359 0.017377 0.000000 52.871820 -0.018157 0.999527 0.000000 -0.851918 0.000000 0.000000 1.000000 0.000000
0.999319 0.017544 0.000000 53.531398 -0.018375 0.999507 0.000000 -0.868019 0.000000 0.000000 1.000000 0.000000
0.999296 0.017491 0.000000 54.203231 -0.018321 0.999523 0.000000 -0.885582 0.000000 0.000000 1.000000 0.000000
0.999268 0.017336 0.000000 54.870404 -0.018188 0.999527 0.000000 -0.901994 0.000000 0.000000 1.000000 0.000000
0.999307 0.016409 0.000000 55.537659 -0.017223 0.999559 0.000000 -0.916848 0.000000 0.000000 1.000000 0.000000
0.999409 0.015548 0.000000 56.588777 -0.016236 0.999619 0.000000 -0.941112 0.000000 0.000000 1.000000 0.000000
0.999511 0.014921 0.000000 57.303544 -0.015512 0.999651 0.000000 -0.956684 0.000000 0.000000 1.000000 0.000000
0.999550 0.014768 0.000000 57.968747 -0.015273 0.999698 0.000000 -0.969580 0.000000 0.000000 1.000000 0.000000
0.999589 0.013784 0.000000 58.647352 -0.014241 0.999735 0.000000 -0.980727 0.000000 0.000000 1.000000 0.000000
0.999540 0.013106 0.000000 59.323286 -0.013582 0.999758 0.000000 -0.992301 0.000000 0.000000 1.000000 0.000000
0.999466 0.012499 0.000000 59.998773 -0.012966 0.999798 0.000000 -1.003008 0.000000 0.000000 1.000000 0.000000
0.999489 0.012281 0.000000 60.667128 -0.012643 0.999847 0.000000 -1.015088 0.000000 0.000000 1.000000 0.000000
0.999636 0.011682 0.000000 61.313144 -0.011946 0.999871 0.000000 -1.023389 0.000000 0.000000 1.000000 0.000000
0.999778 0.012674 0.000000 62.670876 -0.012876 0.999846 0.000000 -1.047476 0.000000 0.000000 1.000000 0.000000
0.999643 0.013933 0.000000 63.343412 -0.014216 0.999823 0.000000 -1.061507 0.000000 0.000000 1.000000 0.000000
0.999364 0.014204 0.000000 63.998999 -0.014582 0.999829 0.000000 -1.074044 0.000000 0.000000 1.000000 0.000000
0.999006 0.014885 0.000000 64.653298 -0.015371 0.999818 0.000000 -1.087803 0.000000 0.000000 1.000000 0.000000
0.998778 0.015866 0.000000 65.302530 -0.016434 0.999796 0.000000 -1.102273 0.000000 0.000000 1.000000 0.000000
0.998778 0.016123 0.000000 65.980302 -0.016741 0.999777 0.000000 -1.115917 0.000000 0.000000 1.000000 0.000000
0.998875 0.017064 0.000000 66.614937 -0.017667 0.999756 0.000000 -1.129182 0.000000 0.000000 1.000000 0.000000
0.998990 0.017101 0.000000 67.217372 -0.017717 0.999738 0.000000 -1.143115 0.000000 0.000000 1.000000 0.000000
0.999045 0.017515 0.000000 67.852807 -0.018125 0.999724 0.000000 -1.158577 0.000000 0.000000 1.000000 0.000000
0.999052 0.018376 0.000000 68.440765 -0.018980 0.999708 0.000000 -1.175232 0.000000 0.000000 1.000000 0.000000
0.999064 0.019006 0.000000 69.063338 -0.019637 0.999680 0.000000 -1.192026 0.000000 0.000000 1.000000 0.000000
0.999115 0.019212 0.000000 69.677368 -0.019858 0.999659 0.000000 -1.207214 0.000000 0.000000 1.000000 0.000000
0.999150 0.019824 0.000000 70.258035 -0.020468 0.999637 0.000000 -1.222161 0.000000 0.000000 1.000000 0.000000
0.999160 0.019587 0.000000 70.879703 -0.020227 0.999642 0.000000 -1.237086 0.000000 0.000000 1.000000 0.000000
0.999150 0.018836 0.000000 71.490713 -0.019494 0.999654 0.000000 -1.251232 0.000000 0.000000 1.000000 0.000000
0.999095 0.019400 0.000000 72.057677 -0.020082 0.999641 0.000000 -1.266160 0.000000 0.000000 1.000000 0.000000
0.999076 0.019075 0.000000 72.677709 -0.019790 0.999637 0.000000 -1.281249 0.000000 0.000000 1.000000 0.000000
0.999049 0.019336 0.000000 73.258894 -0.020058 0.999634 0.000000 -1.297716 0.000000 0.000000 1.000000 0.000000
0.999040 0.020266 0.000000 73.876606 -0.020998 0.999608 0.000000 -1.314426 0.000000 0.000000 1.000000 0.000000
0.999082 0.019500 0.000000 74.503884 -0.020213 0.999626 0.000000 -1.328495 0.000000 0.000000 1.000000 0.000000
0.999099 0.018855 0.000000 75.372227 -0.019534 0.999655 0.000000 -1.350373 0.000000 0.000000 1.000000 0.000000
0.999056 0.019716 0.000000 75.971383 -0.020420 0.999631 0.000000 -1.367389 0.000000 0.000000 1.000000 0.000000
0.999025 0.019777 0.000000 76.584876 -0.020526 0.999615 0.000000 -1.383132 0.000000 0.000000 1.000000 0.000000
0.999029 0.019484 0.000000 77.186938 -0.020220 0.999628 0.000000 -1.397671 0.000000 0.000000 1.000000 0.000000
0.999029 0.019736 0.000000 77.785821 -0.020515 0.999600 0.000000 -1.414692 0.000000 0.000000 1.000000 0.000000
0.999081 0.019900 0.000000 78.391329 -0.020686 0.999577 0.000000 -1.432940 0.000000 0.000000 1.000000 0.000000
0.999126 0.020069 0.000000 79.028750 -0.020769 0.999607 0.000000 -1.452736 0.000000 0.000000 1.000000 0.000000
0.999134 0.020426 0.000000 79.619666 -0.021071 0.999625 0.000000 -1.470052 0.000000 0.000000 1.000000 0.000000
0.999133 0.020961 0.000000 80.206662 -0.021603 0.999613 0.000000 -1.488034 0.000000 0.000000 1.000000 0.000000
0.999059 0.021571 0.000000 81.383779 -0.022267 0.999587 0.000000 -1.521407 0.000000 0.000000 1.000000 0.000000
0.999095 0.021729 0.000000 81.981629 -0.022406 0.999583 0.000000 -1.538826 0.000000 0.000000 1.000000 0.000000
0.999143 0.021489 0.000000 82.567585 -0.022137 0.999592 0.000000 -1.556525 0.000000 0.000000 1.000000 0.000000
0.999155 0.021645 0.000000 83.138009 -0.022313 0.999573 0.000000 -1.572815 0.000000 0.000000 1.000000 0.000000
0.999147 0.021846 0.000000 83.709411 -0.022555 0.999546 0.000000 -1.588734 0.000000 0.000000 1.000000 0.000000
0.999119 0.022540 0.000000 84.283844 -0.023276 0.999518 0.000000 -1.606376 0.000000 0.000000 1.000000 0.000000
0.999063 0.023157 0.000000 84.855696 -0.023934 0.999494 0.000000 -1.623025 0.000000 0.000000 1.000000 0.000000
0.999084 0.022226 0.000000 85.429206 -0.023029 0.999499 0.000000 -1.634406 0.000000 0.000000 1.000000 0.000000
0.999056 0.022132 0.000000 85.985358 -0.022951 0.999503 0.000000 -1.649321 0.000000 0.000000 1.000000 0.000000
0.999037 0.022602 0.000000 86.524569 -0.023444 0.999481 0.000000 -1.666454 0.000000 0.000000 1.000000 0.000000
0.999027 0.022935 0.000000 87.074149 -0.023791 0.999465 0.000000 -1.683416 0.000000 0.000000 1.000000 0.000000
0.999004 0.024086 0.000000 87.620056 -0.024915 0.999453 0.000000 -1.702703 0.000000 0.000000 1.000000 0.000000
0.998997 0.024829 0.000000 88.174568 -0.025626 0.999450 0.000000 -1.720675 0.000000 0.000000 1.000000 0.000000
0.999003 0.025926 0.000000 88.691675 -0.026669 0.999442 0.000000 -1.738309 0.000000 0.000000 1.000000 0.000000
0.999007 0.026980 0.000000 89.237848 -0.027679 0.999429 0.000000 -1.757182 0.000000 0.000000 1.000000 0.000000
0.999023 0.028039 0.000000 89.765864 -0.028712 0.999400 0.000000 -1.774227 0.000000 0.000000 1.000000 0.000000
0.999063 0.028898 0.000000 90.288112 -0.029548 0.999366 0.000000 -1.792349 0.000000 0.000000 1.000000 0.000000
0.999085 0.029283 0.000000 90.832679 -0.029928 0.999343 0.000000 -1.809858 0.000000 0.000000 1.000000 0.000000
0.999067 0.030085 0.000000 91.347512 -0.030721 0.999323 0.000000 -1.828676 0.000000 0.000000 1.000000 0.000000
0.999050 0.030824 0.000000 91.835203 -0.031440 0.999311 0.000000 -1.847041 0.000000 0.000000 1.000000 0.000000
0.999046 0.031302 0.000000 92.361302 -0.031906 0.999299 0.000000 -1.866874 0.000000 0.000000 1.000000 0.000000
0.999006 0.031643 0.000000 92.882031 -0.032296 0.999268 0.000000 -1.885649 0.000000 0.000000 1.000000 0.000000
0.998934 0.032733 0.000000 93.375777 -0.033413 0.999230 0.000000 -1.903614 0.000000 0.000000 1.000000 0.000000
0.998840 0.034537 0.000000 93.926567 -0.035213 0.999184 0.000000 -1.927651 0.000000 0.000000 1.000000 0.000000
0.998779 0.036101 0.000000 94.468826 -0.036777 0.999130 0.000000 -1.950765 0.000000 0.000000 1.000000 0.000000
0.998769 0.036968 0.000000 94.960175 -0.037628 0.999100 0.000000 -1.972318 0.000000 0.000000 1.000000 0.000000
0.998721 0.039121 0.000000 95.477383 -0.039770 0.999011 0.000000 -1.995954 0.000000 0.000000 1.000000 0.000000
0.998659 0.040583 0.000000 95.958516 -0.041209 0.998969 0.000000 -2.017184 0.000000 0.000000 1.000000 0.000000
0.998540 0.042242 0.000000 96.462942 -0.042819 0.998945 0.000000 -2.040458 0.000000 0.000000 1.000000 0.000000
0.998388 0.044325 0.000000 97.141474 -0.044873 0.998883 0.000000 -2.073385 0.000000 0.000000 1.000000 0.000000
0.998318 0.045802 0.000000 97.650934 -0.046279 0.998847 0.000000 -2.097340 0.000000 0.000000 1.000000 0.000000
0.998281 0.047728 0.000000 98.144102 -0.048158 0.998768 0.000000 -2.123175 0.000000 0.000000 1.000000 0.000000
0.998202 0.050361 0.000000 98.641907 -0.050759 0.998644 0.000000 -2.152098 0.000000 0.000000 1.000000 0.000000
0.998074 0.052340 0.000000 99.141610 -0.052763 0.998535 0.000000 -2.180308 0.000000 0.000000 1.000000 0.000000
0.997910 0.054019 0.000000 99.629373 -0.054488 0.998438 0.000000 -2.209371 0.000000 0.000000 1.000000 0.000000
0.997689 0.055657 0.000000 100.105273 -0.056163 0.998350 0.000000 -2.237592 0.000000 0.000000 1.000000 0.000000
0.997331 0.059218 0.000000 101.056052 -0.059772 0.998142 0.000000 -2.298280 0.000000 0.000000 1.000000 0.000000
0.997252 0.060525 0.000000 101.524519 -0.061093 0.998058 0.000000 -2.329271 0.000000 0.000000 1.000000 0.000000
0.997072 0.063038 0.000000 101.991491 -0.063632 0.997895 0.000000 -2.362279 0.000000 0.000000 1.000000 0.000000
0.996867 0.065760 0.000000 102.460905 -0.066371 0.997715 0.000000 -2.394428 0.000000 0.000000 1.000000 0.000000
0.996617 0.068820 0.000000 102.934658 -0.069494 0.997489 0.000000 -2.428170 0.000000 0.000000 1.000000 0.000000
0.996315 0.071922 0.000000 103.407949 -0.072587 0.997281 0.000000 -2.463530 0.000000 0.000000 1.000000 0.000000
0.996023 0.074685 0.000000 103.890225 -0.075377 0.997076 0.000000 -2.500815 0.000000 0.000000 1.000000 0.000000
0.995692 0.077860 0.000000 104.360901 -0.078627 0.996814 0.000000 -2.539875 0.000000 0.000000 1.000000 0.000000
0.995309 0.080902 0.000000 104.830834 -0.081667 0.996582 0.000000 -2.580148 0.000000 0.000000 1.000000 0.000000
0.994930 0.084326 0.000000 105.279753 -0.085126 0.996293 0.000000 -2.620768 0.000000 0.000000 1.000000 0.000000
0.994674 0.086522 0.000000 105.710693 -0.087367 0.996094 0.000000 -2.660429 0.000000 0.000000 1.000000 0.000000
0.994322 0.089258 0.000000 106.166079 -0.090182 0.995833 0.000000 -2.702497 0.000000 0.000000 1.000000 0.000000
0.993803 0.092334 0.000000 106.622065 -0.093457 0.995503 0.000000 -2.747831 0.000000 0.000000 1.000000 0.000000
0.993225 0.095324 0.000000 107.072799 -0.096493 0.995227 0.000000 -2.792460 0.000000 0.000000 1.000000 0.000000
0.992615 0.099283 0.000000 107.504392 -0.100375 0.994873 0.000000 -2.838524 0.000000 0.000000 1.000000 0.000000
0.992057 0.102762 0.000000 107.938008 -0.103933 0.994505 0.000000 -2.884773 0.000000 0.000000 1.000000 0.000000
0.991507 0.106769 0.000000 108.380345 -0.108071 0.994048 0.000000 -2.933361 0.000000 0.000000 1.000000 0.000000
0.990818 0.111578 0.000000 108.809077 -0.113091 0.993459 0.000000 -2.981328 0.000000 0.000000 1.000000 0.000000
0.990117 0.117425 0.000000 109.235212 -0.119118 0.992719 0.000000 -3.030647 0.000000 0.000000 1.000000 0.000000
0.989480 0.123557 0.000000 109.657911 -0.125167 0.991989 0.000000 -3.083544 0.000000 0.000000 1.000000 0.000000
0.988825 0.128216 0.000000 110.055224 -0.129839 0.991393 0.000000 -3.136451 0.000000 0.000000 1.000000 0.000000
0.988255 0.132656 0.000000 110.469969 -0.134147 0.990850 0.000000 -3.193627 0.000000 0.000000 1.000000 0.000000
0.987803 0.136783 0.000000 110.863361 -0.138194 0.990304 0.000000 -3.250365 0.000000 0.000000 1.000000 0.000000
0.987370 0.140951 0.000000 111.274428 -0.142455 0.989671 0.000000 -3.312896 0.000000 0.000000 1.000000 0.000000
0.987230 0.143528 0.000000 111.667965 -0.145033 0.989276 0.000000 -3.371760 0.000000 0.000000 1.000000 0.000000
0.987141 0.146432 0.000000 112.034056 -0.147883 0.988832 0.000000 -3.428403 0.000000 0.000000 1.000000 0.000000
0.987019 0.149813 0.000000 112.427911 -0.151084 0.988353 0.000000 -3.493293 0.000000 0.000000 1.000000 0.000000
0.986832 0.153245 0.000000 112.825571 -0.154332 0.987861 0.000000 -3.557164 0.000000 0.000000 1.000000 0.000000
0.986489 0.157279 0.000000 113.369487 -0.158068 0.987327 0.000000 -3.646567 0.000000 0.000000 1.000000 0.000000
0.986204 0.159890 0.000000 113.782907 -0.160370 0.987025 0.000000 -3.715855 0.000000 0.000000 1.000000 0.000000
0.985760 0.162688 0.000000 114.191062 -0.163034 0.986609 0.000000 -3.787059 0.000000 0.000000 1.000000 0.000000
0.985118 0.165653 0.000000 114.591444 -0.166010 0.986116 0.000000 -3.856944 0.000000 0.000000 1.000000 0.000000
0.984578 0.168267 0.000000 114.992408 -0.168581 0.985685 0.000000 -3.929003 0.000000 0.000000 1.000000 0.000000
0.984255 0.169645 0.000000 115.396822 -0.170001 0.985439 0.000000 -4.001742 0.000000 0.000000 1.000000 0.000000
0.984006 0.171231 0.000000 115.800787 -0.171623 0.985155 0.000000 -4.076918 0.000000 0.000000 1.000000 0.000000
0.983992 0.171827 0.000000 116.223875 -0.172153 0.985066 0.000000 -4.153005 0.000000 0.000000 1.000000 0.000000
0.983940 0.172845 0.000000 116.962365 -0.173046 0.984914 0.000000 -4.290802 0.000000 0.000000 1.000000 0.000000
0.983864 0.173600 0.000000 117.391007 -0.173752 0.984789 0.000000 -4.372529 0.000000 0.000000 1.000000 0.000000
0.983779 0.174262 0.000000 117.831166 -0.174435 0.984669 0.000000 -4.454039 0.000000 0.000000 1.000000 0.000000
0.983508 0.175765 0.000000 118.264949 -0.176050 0.984377 0.000000 -4.536254 0.000000 0.000000 1.000000 0.000000
0.983286 0.176917 0.000000 118.696329 -0.177308 0.984141 0.000000 -4.618481 0.000000 0.000000 1.000000 0.000000
0.983203 0.177552 0.000000 119.132514 -0.177987 0.984010 0.000000 -4.700684 0.000000 0.000000 1.000000 0.000000
0.983252 0.177732 0.000000 119.574118 -0.178165 0.983973 0.000000 -4.783780 0.000000 0.000000 1.000000 0.000000
0.983147 0.178759 0.000000 120.019165 -0.179166 0.983791 0.000000 -4.867010 0.000000 0.000000 1.000000 0.000000
0.982957 0.180245 0.000000 120.459464 -0.180625 0.983523 0.000000 -4.950373 0.000000 0.000000 1.000000 0.000000
0.982722 0.182003 0.000000 120.906688 -0.182356 0.983202 0.000000 -5.036460 0.000000 0.000000 1.000000 0.000000
0.982500 0.183578 0.000000 121.357775 -0.183970 0.982881 0.000000 -5.121773 0.000000 0.000000 1.000000 0.000000
0.982287 0.185556 0.000000 122.185946 -0.185958 0.982459 0.000000 -5.281123 0.000000 0.000000 1.000000 0.000000
0.981968 0.187513 0.000000 122.633569 -0.187869 0.982102 0.000000 -5.371542 0.000000 0.000000 1.000000 0.000000
0.981685 0.189156 0.000000 123.079693 -0.189486 0.981792 0.000000 -5.460404 0.000000 0.000000 1.000000 0.000000
0.981380 0.191008 0.000000 123.537576 -0.191323 0.981414 0.000000 -5.553738 0.000000 0.000000 1.000000 0.000000
0.981014 0.193070 0.000000 123.994443 -0.193397 0.980953 0.000000 -5.648426 0.000000 0.000000 1.000000 0.000000
0.980566 0.195447 0.000000 124.452768 -0.195785 0.980420 0.000000 -5.742080 0.000000 0.000000 1.000000 0.000000
0.980399 0.196470 0.000000 124.909789 -0.196773 0.980176 0.000000 -5.839440 0.000000 0.000000 1.000000 0.000000
0.980185 0.197634 0.000000 125.371645 -0.197903 0.979945 0.000000 -5.938549 0.000000 0.000000 1.000000 0.000000
0.980009 0.198492 0.000000 125.873715 -0.198770 0.979754 0.000000 -6.046026 0.000000 0.000000 1.000000 0.000000
0.979681 0.200086 0.000000 126.310601 -0.200372 0.979425 0.000000 -6.140799 0.000000 0.000000 1.000000 0.000000
0.979137 0.202691 0.000000 126.805980 -0.202993 0.978881 0.000000 -6.249697 0.000000 0.000000 1.000000 0.000000
0.978869 0.203919 0.000000 127.270079 -0.204255 0.978591 0.000000 -6.352453 0.000000 0.000000 1.000000 0.000000
0.978729 0.204612 0.000000 127.745373 -0.204954 0.978403 0.000000 -6.455297 0.000000 0.000000 1.000000 0.000000
0.978462 0.205948 0.000000 128.219238 -0.206284 0.978053 0.000000 -6.560811 0.000000 0.000000 1.000000 0.000000
0.978668 0.205017 0.000000 128.697011 -0.205336 0.978220 0.000000 -6.655209 0.000000 0.000000 1.000000 0.000000
0.978508 0.205821 0.000000 129.169139 -0.206126 0.978019 0.000000 -6.758050 0.000000 0.000000 1.000000 0.000000
0.978391 0.206364 0.000000 129.636997 -0.206672 0.977912 0.000000 -6.856924 0.000000 0.000000 1.000000 0.000000
0.978167 0.207398 0.000000 130.110710 -0.207703 0.977764 0.000000 -6.959903 0.000000 0.000000 1.000000 0.000000
0.977901 0.208583 0.000000 130.563483 -0.208901 0.977577 0.000000 -7.061126 0.000000 0.000000 1.000000 0.000000
0.977593 0.209933 0.000000 131.033123 -0.210258 0.977360 0.000000 -7.165400 0.000000 0.000000 1.000000 0.000000
0.977146 0.211928 0.000000 131.513751 -0.212275 0.976933 0.000000 -7.273724 0.000000 0.000000 1.000000 0.000000
0.976784 0.213757 0.000000 132.310289 -0.214088 0.976396 0.000000 -7.454637 0.000000 0.000000 1.000000 0.000000
0.976796 0.213834 0.000000 132.794461 -0.214103 0.976358 0.000000 -7.562765 0.000000 0.000000 1.000000 0.000000
0.976758 0.214021 0.000000 133.778552 -0.214248 0.976492 0.000000 -7.783483 0.000000 0.000000 1.000000 0.000000
0.976561 0.214856 0.000000 134.267512 -0.215086 0.976382 0.000000 -7.893933 0.000000 0.000000 1.000000 0.000000
0.976198 0.216300 0.000000 134.768497 -0.216592 0.976061 0.000000 -8.008306 0.000000 0.000000 1.000000 0.000000
0.975827 0.217767 0.000000 135.267501 -0.218150 0.975664 0.000000 -8.121784 0.000000 0.000000 1.000000 0.000000
0.975664 0.218423 0.000000 135.763479 -0.218850 0.975468 0.000000 -8.233947 0.000000 0.000000 1.000000 0.000000
0.975633 0.218584 0.000000 136.255948 -0.218977 0.975485 0.000000 -8.345186 0.000000 0.000000 1.000000 0.000000
0.975502 0.219080 0.000000 136.797074 -0.219462 0.975426 0.000000 -8.470167 0.000000 0.000000 1.000000 0.000000
0.975350 0.219702 0.000000 137.281887 -0.220060 0.975336 0.000000 -8.583880 0.000000 0.000000 1.000000 0.000000
0.974766 0.222268 0.000000 137.796270 -0.222619 0.974766 0.000000 -8.706137 0.000000 0.000000 1.000000 0.000000
0.974466 0.223728 0.000000 138.317872 -0.224057 0.974421 0.000000 -8.832341 0.000000 0.000000 1.000000 0.000000
0.974134 0.225324 0.000000 138.791968 -0.225626 0.974040 0.000000 -8.951770 0.000000 0.000000 1.000000 0.000000
0.974067 0.225707 0.000000 139.303770 -0.225992 0.973934 0.000000 -9.076335 0.000000 0.000000 1.000000 0.000000
0.973892 0.226492 0.000000 139.824601 -0.226774 0.973738 0.000000 -9.202252 0.000000 0.000000 1.000000 0.000000
0.973975 0.226185 0.000000 140.306838 -0.226449 0.973814 0.000000 -9.315379 0.000000 0.000000 1.000000 0.000000
0.973836 0.226823 0.000000 140.832466 -0.227075 0.973663 0.000000 -9.440726 0.000000 0.000000 1.000000 0.000000
0.973684 0.227465 0.000000 141.364707 -0.227726 0.973500 0.000000 -9.569784 0.000000 0.000000 1.000000 0.000000
0.973336 0.228948 0.000000 141.982210 -0.229214 0.973138 0.000000 -9.720631 0.000000 0.000000 1.000000 0.000000
0.973183 0.229581 0.000000 142.543928 -0.229855 0.972984 0.000000 -9.855943 0.000000 0.000000 1.000000 0.000000
0.972950 0.230561 0.000000 143.042463 -0.230832 0.972765 0.000000 -9.977234 0.000000 0.000000 1.000000 0.000000
0.972390 0.232897 0.000000 143.572697 -0.233165 0.972224 0.000000 -10.110364 0.000000 0.000000 1.000000 0.000000
0.971576 0.236278 0.000000 144.101971 -0.236539 0.971415 0.000000 -10.244819 0.000000 0.000000 1.000000 0.000000
0.970748 0.239687 0.000000 144.636913 -0.239925 0.970611 0.000000 -10.381965 0.000000 0.000000 1.000000 0.000000
0.967544 0.252560 0.000000 148.497238 -0.252672 0.967404 0.000000 -11.412588 0.000000 0.000000 1.000000 0.000000
0.967431 0.253019 0.000000 149.018921 -0.253117 0.967283 0.000000 -11.553473 0.000000 0.000000 1.000000 0.000000
0.967177 0.254000 0.000000 150.180542 -0.254082 0.967077 0.000000 -11.870953 0.000000 0.000000 1.000000 0.000000
0.967312 0.253497 0.000000 151.300586 -0.253559 0.967260 0.000000 -12.173618 0.000000 0.000000 1.000000 0.000000
0.967296 0.253567 0.000000 151.866438 -0.253622 0.967254 0.000000 -12.327556 0.000000 0.000000 1.000000 0.000000
0.967468 0.252931 0.000000 152.427981 -0.252973 0.967432 0.000000 -12.478372 0.000000 0.000000 1.000000 0.000000
0.967587 0.252497 0.000000 152.993260 -0.252523 0.967566 0.000000 -12.630682 0.000000 0.000000 1.000000 0.000000
0.967786 0.251727 0.000000 153.550949 -0.251748 0.967782 0.000000 -12.782953 0.000000 0.000000 1.000000 0.000000
0.967913 0.251231 0.000000 154.111275 -0.251246 0.967920 0.000000 -12.936191 0.000000 0.000000 1.000000 0.000000
0.967950 0.251086 0.000000 154.683218 -0.251093 0.967963 0.000000 -13.091912 0.000000 0.000000 1.000000 0.000000
0.968027 0.250784 0.000000 155.249933 -0.250784 0.968043 0.000000 -13.245262 0.000000 0.000000 1.000000 0.000000
0.968286 0.249776 0.000000 155.817799 -0.249774 0.968304 0.000000 -13.398703 0.000000 0.000000 1.000000 0.000000
0.968741 0.248027 0.000000 156.727611 -0.248017 0.968752 0.000000 -13.647228 0.000000 0.000000 1.000000 0.000000
0.968974 0.247096 0.000000 157.314806 -0.247073 0.968987 0.000000 -13.807391 0.000000 0.000000 1.000000 0.000000
0.969315 0.245753 0.000000 157.885294 -0.245727 0.969327 0.000000 -13.960979 0.000000 0.000000 1.000000 0.000000
0.969716 0.244173 0.000000 158.471525 -0.244153 0.969728 0.000000 -14.112561 0.000000 0.000000 1.000000 0.000000
0.969929 0.243355 0.000000 159.097253 -0.243345 0.969936 0.000000 -14.278528 0.000000 0.000000 1.000000 0.000000
0.970323 0.241804 0.000000 159.623854 -0.241801 0.970324 0.000000 -14.416303 0.000000 0.000000 1.000000 0.000000
0.970576 0.240786 0.000000 160.233820 -0.240784 0.970578 0.000000 -14.576718 0.000000 0.000000 1.000000 0.000000
0.970803 0.239858 0.000000 160.804904 -0.239856 0.970808 0.000000 -14.726831 0.000000 0.000000 1.000000 0.000000
0.971014 0.238979 0.000000 161.373435 -0.238977 0.971025 0.000000 -14.877722 0.000000 0.000000 1.000000 0.000000
0.971239 0.238056 0.000000 161.940131 -0.238053 0.971251 0.000000 -15.023377 0.000000 0.000000 1.000000 0.000000
0.971320 0.237749 0.000000 162.507240 -0.237746 0.971326 0.000000 -15.170745 0.000000 0.000000 1.000000 0.000000
0.971500 0.237036 0.000000 163.071966 -0.237034 0.971500 0.000000 -15.316186 0.000000 0.000000 1.000000 0.000000
0.971551 0.236827 0.000000 163.644335 -0.236828 0.971550 0.000000 -15.464804 0.000000 0.000000 1.000000 0.000000
0.971474 0.237127 0.000000 164.211385 -0.237136 0.971472 0.000000 -15.615229 0.000000 0.000000 1.000000 0.000000
0.971671 0.236295 0.000000 164.777334 -0.236308 0.971675 0.000000 -15.761824 0.000000 0.000000 1.000000 0.000000
0.971858 0.235522 0.000000 165.328863 -0.235533 0.971864 0.000000 -15.904919 0.000000 0.000000 1.000000 0.000000
0.972211 0.234048 0.000000 166.420753 -0.234044 0.972225 0.000000 -16.182613 0.000000 0.000000 1.000000 0.000000
0.972448 0.233062 0.000000 166.988743 -0.233049 0.972460 0.000000 -16.324017 0.000000 0.000000 1.000000 0.000000
0.972516 0.232782 0.000000 167.520740 -0.232761 0.972524 0.000000 -16.458019 0.000000 0.000000 1.000000 0.000000
0.972590 0.232491 0.000000 168.104826 -0.232473 0.972593 0.000000 -16.605351 0.000000 0.000000 1.000000 0.000000
0.972567 0.232608 0.000000 168.659770 -0.232596 0.972564 0.000000 -16.743641 0.000000 0.000000 1.000000 0.000000
0.972548 0.232692 0.000000 169.756469 -0.232701 0.972531 0.000000 -17.011813 0.000000 0.000000 1.000000 0.000000
0.972546 0.232703 0.000000 170.314599 -0.232709 0.972536 0.000000 -17.148031 0.000000 0.000000 1.000000 0.000000
0.972691 0.232097 0.000000 170.854640 -0.232103 0.972679 0.000000 -17.283209 0.000000 0.000000 1.000000 0.000000
0.972811 0.231589 0.000000 171.421349 -0.231598 0.972789 0.000000 -17.423078 0.000000 0.000000 1.000000 0.000000
0.972941 0.231046 0.000000 171.988822 -0.231052 0.972912 0.000000 -17.562962 0.000000 0.000000 1.000000 0.000000
0.972951 0.231006 0.000000 172.518782 -0.231011 0.972932 0.000000 -17.689492 0.000000 0.000000 1.000000 0.000000
0.973123 0.230276 0.000000 173.284852 -0.230285 0.973098 0.000000 -17.873474 0.000000 0.000000 1.000000 0.000000
0.973241 0.229777 0.000000 173.853760 -0.229787 0.973221 0.000000 -18.010960 0.000000 0.000000 1.000000 0.000000
0.973092 0.230406 0.000000 174.426836 -0.230417 0.973074 0.000000 -18.152880 0.000000 0.000000 1.000000 0.000000
0.973064 0.230522 0.000000 175.038652 -0.230533 0.973044 0.000000 -18.306413 0.000000 0.000000 1.000000 0.000000
0.972970 0.230915 0.000000 175.573990 -0.230926 0.972956 0.000000 -18.441015 0.000000 0.000000 1.000000 0.000000
0.973062 0.230536 0.000000 176.187069 -0.230541 0.973057 0.000000 -18.594992 0.000000 0.000000 1.000000 0.000000
0.973157 0.230138 0.000000 176.758772 -0.230140 0.973154 0.000000 -18.736525 0.000000 0.000000 1.000000 0.000000
0.973265 0.229677 0.000000 177.325502 -0.229681 0.973263 0.000000 -18.877622 0.000000 0.000000 1.000000 0.000000
0.973213 0.229895 0.000000 177.900194 -0.229900 0.973212 0.000000 -19.021453 0.000000 0.000000 1.000000 0.000000
0.973246 0.229755 0.000000 178.458458 -0.229760 0.973244 0.000000 -19.162416 0.000000 0.000000 1.000000 0.000000
0.973297 0.229538 0.000000 179.028662 -0.229546 0.973291 0.000000 -19.305557 0.000000 0.000000 1.000000 0.000000
0.973421 0.228994 0.000000 179.597811 -0.229008 0.973416 0.000000 -19.444431 0.000000 0.000000 1.000000 0.000000
0.973473 0.228759 0.000000 180.177608 -0.228776 0.973471 0.000000 -19.586704 0.000000 0.000000 1.000000 0.000000
0.973593 0.228226 0.000000 180.753970 -0.228251 0.973592 0.000000 -19.725949 0.000000 0.000000 1.000000 0.000000
0.973654 0.227945 0.000000 181.330391 -0.227981 0.973649 0.000000 -19.868742 0.000000 0.000000 1.000000 0.000000
0.973737 0.227592 0.000000 181.907947 -0.227632 0.973724 0.000000 -20.010806 0.000000 0.000000 1.000000 0.000000
0.973799 0.227345 0.000000 182.483369 -0.227384 0.973770 0.000000 -20.152606 0.000000 0.000000 1.000000 0.000000
0.973825 0.227243 0.000000 183.032469 -0.227281 0.973784 0.000000 -20.287471 0.000000 0.000000 1.000000 0.000000
0.973902 0.226914 0.000000 183.658493 -0.226954 0.973854 0.000000 -20.438560 0.000000 0.000000 1.000000 0.000000
0.973956 0.226670 0.000000 184.191277 -0.226714 0.973918 0.000000 -20.567472 0.000000 0.000000 1.000000 0.000000
0.974040 0.226296 0.000000 184.761897 -0.226342 0.974010 0.000000 -20.709433 0.000000 0.000000 1.000000 0.000000
0.973816 0.227245 0.000000 185.354305 -0.227293 0.973794 0.000000 -20.858075 0.000000 0.000000 1.000000 0.000000
0.973771 0.227432 0.000000 185.933665 -0.227479 0.973755 0.000000 -21.003602 0.000000 0.000000 1.000000 0.000000
0.973816 0.227252 0.000000 186.518173 -0.227290 0.973807 0.000000 -21.146725 0.000000 0.000000 1.000000 0.000000
0.973874 0.227009 0.000000 187.100581 -0.227041 0.973870 0.000000 -21.291630 0.000000 0.000000 1.000000 0.000000
0.974083 0.226116 0.000000 187.680728 -0.226142 0.974085 0.000000 -21.432068 0.000000 0.000000 1.000000 0.000000
0.974105 0.226022 0.000000 188.254362 -0.226048 0.974106 0.000000 -21.571359 0.000000 0.000000 1.000000 0.000000
0.974293 0.225205 0.000000 188.840321 -0.225235 0.974292 0.000000 -21.709873 0.000000 0.000000 1.000000 0.000000
0.974378 0.224829 0.000000 189.419537 -0.224859 0.974380 0.000000 -21.846807 0.000000 0.000000 1.000000 0.000000
0.974418 0.224643 0.000000 189.987473 -0.224674 0.974424 0.000000 -21.984936 0.000000 0.000000 1.000000 0.000000
0.974420 0.224588 0.000000 190.559105 -0.224634 0.974428 0.000000 -22.125406 0.000000 0.000000 1.000000 0.000000
0.974411 0.224565 0.000000 191.132804 -0.224634 0.974420 0.000000 -22.265351 0.000000 0.000000 1.000000 0.000000
0.974336 0.224835 0.000000 191.677121 -0.224917 0.974353 0.000000 -22.398303 0.000000 0.000000 1.000000 0.000000
0.974535 0.223971 0.000000 192.241066 -0.224053 0.974552 0.000000 -22.532869 0.000000 0.000000 1.000000 0.000000
0.974632 0.223581 0.000000 192.813852 -0.223659 0.974640 0.000000 -22.670536 0.000000 0.000000 1.000000 0.000000
0.974559 0.223961 0.000000 193.369725 -0.224034 0.974545 0.000000 -22.805590 0.000000 0.000000 1.000000 0.000000
0.974476 0.224377 0.000000 193.933715 -0.224440 0.974441 0.000000 -22.946186 0.000000 0.000000 1.000000 0.000000
0.974539 0.224133 0.000000 194.509471 -0.224192 0.974476 0.000000 -23.085060 0.000000 0.000000 1.000000 0.000000
0.974755 0.223205 0.000000 195.055078 -0.223260 0.974677 0.000000 -23.213488 0.000000 0.000000 1.000000 0.000000
0.974731 0.223302 0.000000 195.623433 -0.223364 0.974640 0.000000 -23.350574 0.000000 0.000000 1.000000 0.000000
0.974778 0.223072 0.000000 196.203705 -0.223148 0.974686 0.000000 -23.488609 0.000000 0.000000 1.000000 0.000000
0.974878 0.222612 0.000000 196.744808 -0.222703 0.974775 0.000000 -23.618694 0.000000 0.000000 1.000000 0.000000
0.974845 0.222783 0.000000 197.307620 -0.222866 0.974709 0.000000 -23.754124 0.000000 0.000000 1.000000 0.000000
0.974827 0.222937 0.000000 197.878221 -0.222963 0.974665 0.000000 -23.891691 0.000000 0.000000 1.000000 0.000000
0.975069 0.221899 0.000000 198.709396 -0.221880 0.974935 0.000000 -24.086906 0.000000 0.000000 1.000000 0.000000
0.975252 0.221094 0.000000 199.267651 -0.221088 0.975157 0.000000 -24.217554 0.000000 0.000000 1.000000 0.000000
0.975033 0.221998 0.000000 199.836775 -0.222041 0.974984 0.000000 -24.354927 0.000000 0.000000 1.000000 0.000000
0.974739 0.223126 0.000000 200.401122 -0.223198 0.974749 0.000000 -24.490796 0.000000 0.000000 1.000000 0.000000
0.974738 0.223029 0.000000 200.972077 -0.223100 0.974783 0.000000 -24.626665 0.000000 0.000000 1.000000 0.000000
0.974925 0.222313 0.000000 201.553506 -0.222360 0.974957 0.000000 -24.765199 0.000000 0.000000 1.000000 0.000000
0.975078 0.221789 0.000000 202.123314 -0.221811 0.975083 0.000000 -24.901115 0.000000 0.000000 1.000000 0.000000
0.975237 0.221155 0.000000 202.710868 -0.221160 0.975230 0.000000 -25.043614 0.000000 0.000000 1.000000 0.000000
0.975279 0.220975 0.000000 203.210493 -0.220974 0.975260 0.000000 -25.161585 0.000000 0.000000 1.000000 0.000000
0.975460 0.220170 0.000000 204.191583 -0.220174 0.975405 0.000000 -25.392259 0.000000 0.000000 1.000000 0.000000
0.975583 0.219624 0.000000 204.749031 -0.219630 0.975504 0.000000 -25.523602 0.000000 0.000000 1.000000 0.000000
0.975661 0.219279 0.000000 205.476925 -0.219274 0.975538 0.000000 -25.693750 0.000000 0.000000 1.000000 0.000000
0.975750 0.218887 0.000000 206.217222 -0.218841 0.975579 0.000000 -25.867759 0.000000 0.000000 1.000000 0.000000
0.975544 0.219801 0.000000 207.211961 -0.219732 0.975344 0.000000 -26.101646 0.000000 0.000000 1.000000 0.000000
0.975548 0.219787 0.000000 207.778853 -0.219723 0.975313 0.000000 -26.232888 0.000000 0.000000 1.000000 0.000000
0.975477 0.220096 0.000000 208.358183 -0.220070 0.975203 0.000000 -26.370175 0.000000 0.000000 1.000000 0.000000
0.975485 0.220050 0.000000 208.908559 -0.220051 0.975186 0.000000 -26.499697 0.000000 0.000000 1.000000 0.000000
0.975482 0.220044 0.000000 209.433094 -0.220076 0.975188 0.000000 -26.621760 0.000000 0.000000 1.000000 0.000000
0.975544 0.219756 0.000000 210.005636 -0.219802 0.975238 0.000000 -26.754601 0.000000 0.000000 1.000000 0.000000
0.975571 0.219613 0.000000 210.563874 -0.219685 0.975254 0.000000 -26.884293 0.000000 0.000000 1.000000 0.000000
0.975272 0.220881 0.000000 211.356597 -0.221001 0.974958 0.000000 -27.072011 0.000000 0.000000 1.000000 0.000000
0.975155 0.221328 0.000000 211.914869 -0.221496 0.974834 0.000000 -27.206916 0.000000 0.000000 1.000000 0.000000
0.975227 0.220978 0.000000 212.476503 -0.221167 0.974907 0.000000 -27.337180 0.000000 0.000000 1.000000 0.000000
0.975259 0.220850 0.000000 213.044295 -0.221031 0.974937 0.000000 -27.470018 0.000000 0.000000 1.000000 0.000000
0.975343 0.220488 0.000000 213.650022 -0.220663 0.975024 0.000000 -27.611999 0.000000 0.000000 1.000000 0.000000
0.975354 0.220454 0.000000 214.175709 -0.220621 0.975016 0.000000 -27.734424 0.000000 0.000000 1.000000 0.000000
0.975248 0.220945 0.000000 214.767869 -0.221097 0.974899 0.000000 -27.871635 0.000000 0.000000 1.000000 0.000000
0.975270 0.220873 0.000000 215.303860 -0.221007 0.974933 0.000000 -27.996401 0.000000 0.000000 1.000000 0.000000
0.975222 0.221104 0.000000 215.917505 -0.221223 0.974885 0.000000 -28.138525 0.000000 0.000000 1.000000 0.000000
0.975334 0.220616 0.000000 216.495708 -0.220730 0.974988 0.000000 -28.270344 0.000000 0.000000 1.000000 0.000000
0.975321 0.220677 0.000000 217.072862 -0.220789 0.974972 0.000000 -28.404774 0.000000 0.000000 1.000000 0.000000
0.975182 0.221310 0.000000 217.642771 -0.221404 0.974843 0.000000 -28.540087 0.000000 0.000000 1.000000 0.000000
0.975254 0.221031 0.000000 218.192904 -0.221086 0.974921 0.000000 -28.671524 0.000000 0.000000 1.000000 0.000000
0.975146 0.221527 0.000000 218.752536 -0.221559 0.974826 0.000000 -28.802831 0.000000 0.000000 1.000000 0.000000
0.974936 0.222455 0.000000 219.302084 -0.222477 0.974617 0.000000 -28.935124 0.000000 0.000000 1.000000 0.000000
0.974851 0.222819 0.000000 219.853174 -0.222853 0.974536 0.000000 -29.068265 0.000000 0.000000 1.000000 0.000000
0.974960 0.222323 0.000000 220.401015 -0.222379 0.974672 0.000000 -29.199658 0.000000 0.000000 1.000000 0.000000
0.975005 0.222113 0.000000 220.950776 -0.222182 0.974719 0.000000 -29.331701 0.000000 0.000000 1.000000 0.000000
0.975249 0.221043 0.000000 221.547156 -0.221108 0.974965 0.000000 -29.473046 0.000000 0.000000 1.000000 0.000000
0.975499 0.219941 0.000000 222.104999 -0.220002 0.975213 0.000000 -29.605147 0.000000 0.000000 1.000000 0.000000
0.975784 0.218661 0.000000 222.666958 -0.218734 0.975492 0.000000 -29.735242 0.000000 0.000000 1.000000 0.000000
0.975963 0.217834 0.000000 223.193991 -0.217931 0.975666 0.000000 -29.856554 0.000000 0.000000 1.000000 0.000000
0.976154 0.216951 0.000000 223.756545 -0.217070 0.975866 0.000000 -29.986339 0.000000 0.000000 1.000000 0.000000
0.976375 0.215909 0.000000 224.348401 -0.216056 0.976099 0.000000 -30.121645 0.000000 0.000000 1.000000 0.000000
0.976631 0.214700 0.000000 224.898651 -0.214876 0.976353 0.000000 -30.246967 0.000000 0.000000 1.000000 0.000000
0.976815 0.213830 0.000000 225.453984 -0.214019 0.976560 0.000000 -30.372669 0.000000 0.000000 1.000000 0.000000
0.976883 0.213520 0.000000 225.978455 -0.213705 0.976646 0.000000 -30.490911 0.000000 0.000000 1.000000 0.000000
0.977395 0.211146 0.000000 227.073826 -0.211334 0.977183 0.000000 -30.735281 0.000000 0.000000 1.000000 0.000000
0.977452 0.210917 0.000000 227.613901 -0.211089 0.977242 0.000000 -30.856132 0.000000 0.000000 1.000000 0.000000
0.977496 0.210757 0.000000 228.152693 -0.210904 0.977293 0.000000 -30.978614 0.000000 0.000000 1.000000 0.000000
0.977753 0.209597 0.000000 228.678678 -0.209724 0.977552 0.000000 -31.095931 0.000000 0.000000 1.000000 0.000000
0.977934 0.208766 0.000000 229.229356 -0.208881 0.977750 0.000000 -31.217589 0.000000 0.000000 1.000000 0.000000
0.978042 0.208260 0.000000 229.755392 -0.208372 0.977880 0.000000 -31.334741 0.000000 0.000000 1.000000 0.000000
0.978102 0.207967 0.000000 230.280792 -0.208082 0.977951 0.000000 -31.453050 0.000000 0.000000 1.000000 0.000000
0.978188 0.207557 0.000000 230.790501 -0.207669 0.978060 0.000000 -31.566734 0.000000 0.000000 1.000000 0.000000
0.978468 0.206231 0.000000 231.338456 -0.206341 0.978349 0.000000 -31.688709 0.000000 0.000000 1.000000 0.000000
0.978738 0.204928 0.000000 231.833021 -0.205043 0.978634 0.000000 -31.798030 0.000000 0.000000 1.000000 0.000000
0.978904 0.204091 0.000000 232.370376 -0.204218 0.978814 0.000000 -31.916170 0.000000 0.000000 1.000000 0.000000
0.979236 0.202461 0.000000 232.916689 -0.202597 0.979155 0.000000 -32.034597 0.000000 0.000000 1.000000 0.000000
0.979473 0.201297 0.000000 233.441871 -0.201436 0.979397 0.000000 -32.149717 0.000000 0.000000 1.000000 0.000000
0.979651 0.200417 0.000000 233.936199 -0.200564 0.979568 0.000000 -32.257787 0.000000 0.000000 1.000000 0.000000
0.979908 0.199137 0.000000 234.461782 -0.199299 0.979810 0.000000 -32.370771 0.000000 0.000000 1.000000 0.000000
0.980048 0.198411 0.000000 235.115369 -0.198596 0.979926 0.000000 -32.511498 0.000000 0.000000 1.000000 0.000000
0.980361 0.196822 0.000000 235.737823 -0.197027 0.980225 0.000000 -32.641741 0.000000 0.000000 1.000000 0.000000
0.980577 0.195778 0.000000 236.261071 -0.195972 0.980435 0.000000 -32.752226 0.000000 0.000000 1.000000 0.000000
0.980729 0.195099 0.000000 236.786103 -0.195263 0.980579 0.000000 -32.861644 0.000000 0.000000 1.000000 0.000000
0.980738 0.195134 0.000000 237.312099 -0.195264 0.980583 0.000000 -32.973176 0.000000 0.000000 1.000000 0.000000
0.980646 0.195655 0.000000 237.827383 -0.195757 0.980483 0.000000 -33.083956 0.000000 0.000000 1.000000 0.000000
0.980910 0.194361 0.000000 238.357762 -0.194444 0.980745 0.000000 -33.193204 0.000000 0.000000 1.000000 0.000000
0.981201 0.192906 0.000000 239.275166 -0.192975 0.981047 0.000000 -33.383147 0.000000 0.000000 1.000000 0.000000
0.981374 0.192046 0.000000 239.796384 -0.192100 0.981251 0.000000 -33.489736 0.000000 0.000000 1.000000 0.000000
0.981437 0.191714 0.000000 240.293650 -0.191768 0.981350 0.000000 -33.590771 0.000000 0.000000 1.000000 0.000000
0.981512 0.191314 0.000000 240.832274 -0.191375 0.981426 0.000000 -33.699992 0.000000 0.000000 1.000000 0.000000
0.981697 0.190357 0.000000 241.359721 -0.190429 0.981576 0.000000 -33.806914 0.000000 0.000000 1.000000 0.000000
0.981762 0.189980 0.000000 241.883269 -0.190075 0.981634 0.000000 -33.912428 0.000000 0.000000 1.000000 0.000000
0.981855 0.189466 0.000000 242.397042 -0.189578 0.981716 0.000000 -34.014500 0.000000 0.000000 1.000000 0.000000
0.981891 0.189264 0.000000 242.909443 -0.189379 0.981771 0.000000 -34.119487 0.000000 0.000000 1.000000 0.000000
0.982048 0.188360 0.000000 243.426019 -0.188513 0.981916 0.000000 -34.222714 0.000000 0.000000 1.000000 0.000000
0.982177 0.187618 0.000000 243.968431 -0.187795 0.982055 0.000000 -34.329962 0.000000 0.000000 1.000000 0.000000
0.982153 0.187652 0.000000 244.488790 -0.187855 0.982047 0.000000 -34.434109 0.000000 0.000000 1.000000 0.000000
0.982219 0.187247 0.000000 245.011982 -0.187454 0.982142 0.000000 -34.538018 0.000000 0.000000 1.000000 0.000000
0.982230 0.187258 0.000000 245.539499 -0.187423 0.982186 0.000000 -34.645731 0.000000 0.000000 1.000000 0.000000
0.982359 0.186653 0.000000 246.066091 -0.186789 0.982324 0.000000 -34.750484 0.000000 0.000000 1.000000 0.000000
0.982328 0.186868 0.000000 246.597200 -0.187008 0.982255 0.000000 -34.857700 0.000000 0.000000 1.000000 0.000000
0.982445 0.186306 0.000000 247.124768 -0.186450 0.982311 0.000000 -34.961947 0.000000 0.000000 1.000000 0.000000
0.982468 0.186226 0.000000 247.682295 -0.186361 0.982307 0.000000 -35.075222 0.000000 0.000000 1.000000 0.000000
0.982615 0.185351 0.000000 248.163313 -0.185541 0.982407 0.000000 -35.170958 0.000000 0.000000 1.000000 0.000000
0.982796 0.184301 0.000000 248.690936 -0.184521 0.982609 0.000000 -35.275312 0.000000 0.000000 1.000000 0.000000
0.982796 0.184289 0.000000 249.213432 -0.184511 0.982616 0.000000 -35.379997 0.000000 0.000000 1.000000 0.000000
0.982746 0.184555 0.000000 249.741298 -0.184789 0.982532 0.000000 -35.482573 0.000000 0.000000 1.000000 0.000000
0.982601 0.185278 0.000000 250.255260 -0.185550 0.982327 0.000000 -35.586197 0.000000 0.000000 1.000000 0.000000
0.982586 0.185392 0.000000 250.778445 -0.185670 0.982237 0.000000 -35.689697 0.000000 0.000000 1.000000 0.000000
0.982529 0.185705 0.000000 251.302449 -0.185974 0.982196 0.000000 -35.793047 0.000000 0.000000 1.000000 0.000000
0.982586 0.185408 0.000000 251.836653 -0.185662 0.982300 0.000000 -35.899202 0.000000 0.000000 1.000000 0.000000
0.982683 0.184935 0.000000 252.362553 -0.185157 0.982445 0.000000 -36.001702 0.000000 0.000000 1.000000 0.000000
0.982632 0.185302 0.000000 252.918171 -0.185476 0.982413 0.000000 -36.108541 0.000000 0.000000 1.000000 0.000000
0.982443 0.186362 0.000000 253.430264 -0.186502 0.982246 0.000000 -36.208185 0.000000 0.000000 1.000000 0.000000
0.982273 0.187267 0.000000 253.908901 -0.187397 0.982100 0.000000 -36.301995 0.000000 0.000000 1.000000 0.000000
0.981969 0.188857 0.000000 254.427269 -0.188979 0.981816 0.000000 -36.407867 0.000000 0.000000 1.000000 0.000000
0.981844 0.189542 0.000000 255.456882 -0.189647 0.981696 0.000000 -36.618226 0.000000 0.000000 1.000000 0.000000
0.981791 0.189818 0.000000 255.972054 -0.189924 0.981640 0.000000 -36.722459 0.000000 0.000000 1.000000 0.000000
0.981676 0.190399 0.000000 256.697095 -0.190513 0.981509 0.000000 -36.868911 0.000000 0.000000 1.000000 0.000000
0.981709 0.190208 0.000000 257.704958 -0.190337 0.981522 0.000000 -37.068304 0.000000 0.000000 1.000000 0.000000
0.981715 0.190161 0.000000 258.229666 -0.190306 0.981495 0.000000 -37.171287 0.000000 0.000000 1.000000 0.000000
0.981483 0.191348 0.000000 258.734831 -0.191498 0.981242 0.000000 -37.274538 0.000000 0.000000 1.000000 0.000000
0.981238 0.192612 0.000000 259.239940 -0.192763 0.980966 0.000000 -37.377681 0.000000 0.000000 1.000000 0.000000
0.980952 0.194078 0.000000 259.759523 -0.194221 0.980674 0.000000 -37.484433 0.000000 0.000000 1.000000 0.000000
0.980537 0.196146 0.000000 260.265312 -0.196302 0.980234 0.000000 -37.592314 0.000000 0.000000 1.000000 0.000000
0.980289 0.197381 0.000000 260.768134 -0.197536 0.979981 0.000000 -37.699124 0.000000 0.000000 1.000000 0.000000
0.980047 0.198610 0.000000 261.282887 -0.198746 0.979750 0.000000 -37.807566 0.000000 0.000000 1.000000 0.000000
0.979839 0.199632 0.000000 261.796641 -0.199770 0.979538 0.000000 -37.915151 0.000000 0.000000 1.000000 0.000000
0.979707 0.200270 0.000000 262.298833 -0.200410 0.979420 0.000000 -38.020089 0.000000 0.000000 1.000000 0.000000
0.979509 0.201201 0.000000 262.767221 -0.201364 0.979213 0.000000 -38.118135 0.000000 0.000000 1.000000 0.000000
0.979223 0.202537 0.000000 263.273270 -0.202732 0.978904 0.000000 -38.225192 0.000000 0.000000 1.000000 0.000000
0.978794 0.204571 0.000000 263.770417 -0.204779 0.978488 0.000000 -38.335371 0.000000 0.000000 1.000000 0.000000
0.978626 0.205252 0.000000 264.262200 -0.205536 0.978258 0.000000 -38.441600 0.000000 0.000000 1.000000 0.000000
0.978512 0.205799 0.000000 264.762797 -0.206076 0.978160 0.000000 -38.549156 0.000000 0.000000 1.000000 0.000000
0.978234 0.207171 0.000000 265.253052 -0.207417 0.977896 0.000000 -38.655356 0.000000 0.000000 1.000000 0.000000
0.977964 0.208445 0.000000 265.745390 -0.208693 0.977609 0.000000 -38.765287 0.000000 0.000000 1.000000 0.000000
0.977741 0.209430 0.000000 266.229006 -0.209694 0.977438 0.000000 -38.872742 0.000000 0.000000 1.000000 0.000000
0.977581 0.210098 0.000000 266.731941 -0.210417 0.977214 0.000000 -38.982935 0.000000 0.000000 1.000000 0.000000
0.977252 0.211504 0.000000 267.219618 -0.211869 0.976915 0.000000 -39.091714 0.000000 0.000000 1.000000 0.000000
0.976965 0.212642 0.000000 267.705881 -0.213075 0.976659 0.000000 -39.200818 0.000000 0.000000 1.000000 0.000000
0.976832 0.213200 0.000000 268.177038 -0.213659 0.976512 0.000000 -39.307605 0.000000 0.000000 1.000000 0.000000
0.976731 0.213740 0.000000 268.607430 -0.214153 0.976446 0.000000 -39.405760 0.000000 0.000000 1.000000 0.000000
0.976380 0.215436 0.000000 269.069615 -0.215805 0.976103 0.000000 -39.514742 0.000000 0.000000 1.000000 0.000000
0.976164 0.216429 0.000000 269.536274 -0.216785 0.975898 0.000000 -39.623596 0.000000 0.000000 1.000000 0.000000
0.976097 0.216701 0.000000 269.988945 -0.217065 0.975845 0.000000 -39.728451 0.000000 0.000000 1.000000 0.000000
0.975925 0.217395 0.000000 270.451061 -0.217792 0.975672 0.000000 -39.836643 0.000000 0.000000 1.000000 0.000000
0.975773 0.218011 0.000000 270.891800 -0.218434 0.975519 0.000000 -39.939730 0.000000 0.000000 1.000000 0.000000
0.975546 0.218981 0.000000 271.345205 -0.219413 0.975313 0.000000 -40.046128 0.000000 0.000000 1.000000 0.000000
0.975489 0.219125 0.000000 271.787257 -0.219602 0.975250 0.000000 -40.149357 0.000000 0.000000 1.000000 0.000000
0.975373 0.219543 0.000000 272.228339 -0.220069 0.975111 0.000000 -40.253366 0.000000 0.000000 1.000000 0.000000
0.975176 0.220266 0.000000 272.791181 -0.220857 0.974903 0.000000 -40.384102 0.000000 0.000000 1.000000 0.000000
0.975143 0.220334 0.000000 273.204869 -0.220974 0.974831 0.000000 -40.482423 0.000000 0.000000 1.000000 0.000000
0.975170 0.220169 0.000000 273.619351 -0.220842 0.974827 0.000000 -40.579230 0.000000 0.000000 1.000000 0.000000
0.975177 0.219969 0.000000 274.030145 -0.220732 0.974787 0.000000 -40.677544 0.000000 0.000000 1.000000 0.000000
0.975224 0.219673 0.000000 274.445319 -0.220478 0.974816 0.000000 -40.773303 0.000000 0.000000 1.000000 0.000000
0.975322 0.219349 0.000000 274.837893 -0.220095 0.974947 0.000000 -40.862666 0.000000 0.000000 1.000000 0.000000
0.975124 0.220345 0.000000 275.230046 -0.221046 0.974745 0.000000 -40.956376 0.000000 0.000000 1.000000 0.000000
0.974972 0.221080 0.000000 275.653075 -0.221740 0.974624 0.000000 -41.058227 0.000000 0.000000 1.000000 0.000000
0.974894 0.221422 0.000000 276.048888 -0.222058 0.974598 0.000000 -41.151958 0.000000 0.000000 1.000000 0.000000
0.975018 0.220985 0.000000 276.448271 -0.221582 0.974717 0.000000 -41.243692 0.000000 0.000000 1.000000 0.000000
0.975109 0.220835 0.000000 276.839311 -0.221303 0.974867 0.000000 -41.336056 0.000000 0.000000 1.000000 0.000000
0.975107 0.221036 0.000000 277.227010 -0.221391 0.974941 0.000000 -41.427820 0.000000 0.000000 1.000000 0.000000
0.975038 0.221324 0.000000 277.610893 -0.221672 0.974899 0.000000 -41.519919 0.000000 0.000000 1.000000 0.000000
0.974993 0.221504 0.000000 277.994983 -0.221841 0.974887 0.000000 -41.611360 0.000000 0.000000 1.000000 0.000000
0.974850 0.222147 0.000000 278.364460 -0.222481 0.974738 0.000000 -41.700641 0.000000 0.000000 1.000000 0.000000
0.974733 0.222630 0.000000 278.728910 -0.222987 0.974602 0.000000 -41.789650 0.000000 0.000000 1.000000 0.000000
0.974831 0.222076 0.000000 279.085826 -0.222494 0.974675 0.000000 -41.875427 0.000000 0.000000 1.000000 0.000000
0.974856 0.221789 0.000000 279.430690 -0.222240 0.974758 0.000000 -41.958810 0.000000 0.000000 1.000000 0.000000
0.974889 0.221532 0.000000 279.779448 -0.221998 0.974828 0.000000 -42.043193 0.000000 0.000000 1.000000 0.000000
0.974880 0.221590 0.000000 280.111359 -0.222067 0.974793 0.000000 -42.122451 0.000000 0.000000 1.000000 0.000000
0.974672 0.222508 0.000000 280.767001 -0.223002 0.974557 0.000000 -42.278345 0.000000 0.000000 1.000000 0.000000
0.974477 0.223347 0.000000 281.095329 -0.223877 0.974309 0.000000 -42.358917 0.000000 0.000000 1.000000 0.000000
0.974413 0.223692 0.000000 281.420208 -0.224225 0.974193 0.000000 -42.438810 0.000000 0.000000 1.000000 0.000000
0.974253 0.224424 0.000000 281.741861 -0.224969 0.973978 0.000000 -42.518455 0.000000 0.000000 1.000000 0.000000
0.974074 0.225184 0.000000 282.064058 -0.225776 0.973709 0.000000 -42.598091 0.000000 0.000000 1.000000 0.000000
0.974053 0.225284 0.000000 282.672145 -0.225904 0.973602 0.000000 -42.744073 0.000000 0.000000 1.000000 0.000000
0.974145 0.224937 0.000000 282.970296 -0.225529 0.973712 0.000000 -42.815728 0.000000 0.000000 1.000000 0.000000
0.974047 0.225416 0.000000 283.251413 -0.225977 0.973631 0.000000 -42.884007 0.000000 0.000000 1.000000 0.000000
0.973912 0.226099 0.000000 283.544426 -0.226609 0.973512 0.000000 -42.955311 0.000000 0.000000 1.000000 0.000000
0.973885 0.226314 0.000000 283.816052 -0.226769 0.973518 0.000000 -43.020963 0.000000 0.000000 1.000000 0.000000
0.973592 0.227821 0.000000 286.360307 -0.228145 0.973265 0.000000 -43.646515 0.000000 0.000000 1.000000 0.000000
0.973609 0.227734 0.000000 286.614942 -0.228060 0.973299 0.000000 -43.708218 0.000000 0.000000 1.000000 0.000000
0.973523 0.228143 0.000000 286.867305 -0.228438 0.973250 0.000000 -43.771104 0.000000 0.000000 1.000000 0.000000
0.973535 0.228186 0.000000 287.179430 -0.228429 0.973286 0.000000 -43.849106 0.000000 0.000000 1.000000 0.000000
0.973531 0.228270 0.000000 287.529050 -0.228473 0.973307 0.000000 -43.936068 0.000000 0.000000 1.000000 0.000000
0.973408 0.228825 0.000000 287.822589 -0.229005 0.973206 0.000000 -44.009436 0.000000 0.000000 1.000000 0.000000
0.973324 0.229212 0.000000 288.052427 -0.229377 0.973120 0.000000 -44.067264 0.000000 0.000000 1.000000 0.000000
0.973323 0.229244 0.000000 288.276781 -0.229396 0.973111 0.000000 -44.123681 0.000000 0.000000 1.000000 0.000000
0.973299 0.229382 0.000000 288.494559 -0.229511 0.973103 0.000000 -44.178570 0.000000 0.000000 1.000000 0.000000
0.973368 0.229122 0.000000 288.715559 -0.229228 0.973178 0.000000 -44.233569 0.000000 0.000000 1.000000 0.000000
0.973327 0.229329 0.000000 288.941921 -0.229413 0.973143 0.000000 -44.289216 0.000000 0.000000 1.000000 0.000000
0.973259 0.229636 0.000000 289.154649 -0.229705 0.973087 0.000000 -44.342468 0.000000 0.000000 1.000000 0.000000
0.973159 0.230064 0.000000 289.359991 -0.230127 0.973009 0.000000 -44.394888 0.000000 0.000000 1.000000 0.000000
0.973230 0.229768 0.000000 289.563998 -0.229829 0.973090 0.000000 -44.445801 0.000000 0.000000 1.000000 0.000000
0.973259 0.229640 0.000000 289.768332 -0.229703 0.973124 0.000000 -44.496681 0.000000 0.000000 1.000000 0.000000
0.973222 0.229794 0.000000 289.977164 -0.229861 0.973085 0.000000 -44.548797 0.000000 0.000000 1.000000 0.000000
0.973087 0.230370 0.000000 290.151030 -0.230433 0.972950 0.000000 -44.592976 0.000000 0.000000 1.000000 0.000000
0.973067 0.230462 0.000000 290.343823 -0.230520 0.972932 0.000000 -44.642573 0.000000 0.000000 1.000000 0.000000
0.973126 0.230222 0.000000 290.509458 -0.230273 0.972980 0.000000 -44.684295 0.000000 0.000000 1.000000 0.000000
0.973044 0.230579 0.000000 290.690883 -0.230621 0.972890 0.000000 -44.729904 0.000000 0.000000 1.000000 0.000000
0.973004 0.230752 0.000000 290.871301 -0.230789 0.972856 0.000000 -44.774111 0.000000 0.000000 1.000000 0.000000
0.972942 0.231007 0.000000 291.037277 -0.231047 0.972802 0.000000 -44.816619 0.000000 0.000000 1.000000 0.000000
0.972980 0.230843 0.000000 291.194265 -0.230889 0.972842 0.000000 -44.857064 0.000000 0.000000 1.000000 0.000000
0.972948 0.230970 0.000000 291.355044 -0.231021 0.972817 0.000000 -44.898975 0.000000 0.000000 1.000000 0.000000
0.972928 0.231051 0.000000 291.503804 -0.231106 0.972804 0.000000 -44.937101 0.000000 0.000000 1.000000 0.000000
0.972910 0.231131 0.000000 291.751955 -0.231179 0.972799 0.000000 -44.999566 0.000000 0.000000 1.000000 0.000000
0.972995 0.230778 0.000000 291.894612 -0.230821 0.972895 0.000000 -45.035226 0.000000 0.000000 1.000000 0.000000
0.973011 0.230705 0.000000 292.035572 -0.230751 0.972917 0.000000 -45.070533 0.000000 0.000000 1.000000 0.000000
0.972994 0.230769 0.000000 292.187105 -0.230820 0.972905 0.000000 -45.108039 0.000000 0.000000 1.000000 0.000000
0.973028 0.230578 0.000000 292.447948 -0.230658 0.972931 0.000000 -45.172014 0.000000 0.000000 1.000000 0.000000
0.973086 0.230316 0.000000 292.573112 -0.230407 0.972982 0.000000 -45.203024 0.000000 0.000000 1.000000 0.000000
0.973137 0.230101 0.000000 292.691804 -0.230194 0.973028 0.000000 -45.232312 0.000000 0.000000 1.000000 0.000000
0.973123 0.230161 0.000000 292.791649 -0.230252 0.973016 0.000000 -45.257654 0.000000 0.000000 1.000000 0.000000
0.973078 0.230342 0.000000 292.876537 -0.230436 0.972979 0.000000 -45.279914 0.000000 0.000000 1.000000 0.000000
0.973041 0.230461 0.000000 293.011004 -0.230566 0.972963 0.000000 -45.315437 0.000000 0.000000 1.000000 0.000000
0.973004 0.230613 0.000000 293.092766 -0.230718 0.972932 0.000000 -45.336847 0.000000 0.000000 1.000000 0.000000
0.972997 0.230642 0.000000 293.179019 -0.230747 0.972923 0.000000 -45.359084 0.000000 0.000000 1.000000 0.000000
0.973019 0.230548 0.000000 293.237637 -0.230653 0.972948 0.000000 -45.374245 0.000000 0.000000 1.000000 0.000000
0.973005 0.230606 0.000000 293.292255 -0.230710 0.972935 0.000000 -45.388599 0.000000 0.000000 1.000000 0.000000
0.972964 0.230787 0.000000 293.343865 -0.230890 0.972889 0.000000 -45.402593 0.000000 0.000000 1.000000 0.000000
0.972970 0.230776 0.000000 293.380442 -0.230874 0.972893 0.000000 -45.412168 0.000000 0.000000 1.000000 0.000000
0.973006 0.230626 0.000000 293.408131 -0.230722 0.972929 0.000000 -45.419216 0.000000 0.000000 1.000000 0.000000
0.973041 0.230483 0.000000 293.431158 -0.230579 0.972962 0.000000 -45.424976 0.000000 0.000000 1.000000 0.000000
0.973060 0.230399 0.000000 293.450132 -0.230495 0.972982 0.000000 -45.429958 0.000000 0.000000 1.000000 0.000000
0.973082 0.230303 0.000000 293.465928 -0.230400 0.973005 0.000000 -45.434254 0.000000 0.000000 1.000000 0.000000
0.973129 0.230118 0.000000 293.478216 -0.230210 0.973048 0.000000 -45.437763 0.000000 0.000000 1.000000 0.000000
0.973183 0.229928 0.000000 293.485680 -0.230004 0.973095 0.000000 -45.440069 0.000000 0.000000 1.000000 0.000000
0.973215 0.229835 0.000000 293.487444 -0.229888 0.973116 0.000000 -45.441077 0.000000 0.000000 1.000000 0.000000
0.973235 0.229777 0.000000 293.485698 -0.229810 0.973129 0.000000 -45.441160 0.000000 0.000000 1.000000 0.000000
0.973253 0.229708 0.000000 293.482692 -0.229734 0.973148 0.000000 -45.440937 0.000000 0.000000 1.000000 0.000000
0.973258 0.229681 0.000000 293.479466 -0.229713 0.973155 0.000000 -45.440690 0.000000 0.000000 1.000000 0.000000
0.973279 0.229586 0.000000 293.476733 -0.229625 0.973177 0.000000 -45.440462 0.000000 0.000000 1.000000 0.000000
0.973312 0.229452 0.000000 293.473291 -0.229487 0.973207 0.000000 -45.440328 0.000000 0.000000 1.000000 0.000000
0.973323 0.229404 0.000000 293.471489 -0.229437 0.973217 0.000000 -45.440303 0.000000 0.000000 1.000000 0.000000
0.973322 0.229405 0.000000 293.470181 -0.229442 0.973218 0.000000 -45.440434 0.000000 0.000000 1.000000 0.000000
0.973338 0.229337 0.000000 293.469310 -0.229375 0.973234 0.000000 -45.440612 0.000000 0.000000 1.000000 0.000000
0.973353 0.229274 0.000000 293.468715 -0.229309 0.973249 0.000000 -45.440922 0.000000 0.000000 1.000000 0.000000
0.973353 0.229276 0.000000 293.468228 -0.229311 0.973249 0.000000 -45.441176 0.000000 0.000000 1.000000 0.000000
0.973353 0.229269 0.000000 293.467959 -0.229308 0.973249 0.000000 -45.441453 0.000000 0.000000 1.000000 0.000000
0.973371 0.229193 0.000000 293.467801 -0.229233 0.973266 0.000000 -45.441810 0.000000 0.000000 1.000000 0.000000
0.973379 0.229165 0.000000 293.467587 -0.229202 0.973273 0.000000 -45.442059 0.000000 0.000000 1.000000 0.000000
0.973376 0.229177 0.000000 293.467484 -0.229213 0.973272 0.000000 -45.442389 0.000000 0.000000 1.000000 0.000000
0.973379 0.229163 0.000000 293.467436 -0.229199 0.973277 0.000000 -45.442826 0.000000 0.000000 1.000000 0.000000
0.973380 0.229159 0.000000 293.467387 -0.229195 0.973278 0.000000 -45.443127 0.000000 0.000000 1.000000 0.000000
0.973374 0.229187 0.000000 293.467337 -0.229223 0.973269 0.000000 -45.443428 0.000000 0.000000 1.000000 0.000000
0.973382 0.229153 0.000000 293.467288 -0.229188 0.973276 0.000000 -45.443729 0.000000 0.000000 1.000000 0.000000
0.973384 0.229144 0.000000 293.467182 -0.229178 0.973278 0.000000 -45.443922 0.000000 0.000000 1.000000 0.000000
0.973377 0.229173 0.000000 293.467132 -0.229208 0.973271 0.000000 -45.444223 0.000000 0.000000 1.000000 0.000000
0.973375 0.229182 0.000000 293.467137 -0.229216 0.973271 0.000000 -45.444496 0.000000 0.000000 1.000000 0.000000
0.973386 0.229136 0.000000 293.467031 -0.229169 0.973283 0.000000 -45.444688 0.000000 0.000000 1.000000 0.000000
0.973396 0.229095 0.000000 293.466981 -0.229128 0.973291 0.000000 -45.444989 0.000000 0.000000 1.000000 0.000000
0.973396 0.229095 0.000000 293.466929 -0.229128 0.973290 0.000000 -45.445154 0.000000 0.000000 1.000000 0.000000
0.973402 0.229069 0.000000 293.466880 -0.229102 0.973295 0.000000 -45.445455 0.000000 0.000000 1.000000 0.000000
0.973414 0.229021 0.000000 293.466830 -0.229053 0.973307 0.000000 -45.445756 0.000000 0.000000 1.000000 0.000000
0.973409 0.229040 0.000000 293.466724 -0.229072 0.973302 0.000000 -45.445949 0.000000 0.000000 1.000000 0.000000
0.973404 0.229064 0.000000 293.466729 -0.229095 0.973298 0.000000 -45.446222 0.000000 0.000000 1.000000 0.000000
0.973415 0.229016 0.000000 293.466677 -0.229048 0.973308 0.000000 -45.446386 0.000000 0.000000 1.000000 0.000000
0.973421 0.228991 0.000000 293.466625 -0.229022 0.973314 0.000000 -45.446551 0.000000 0.000000 1.000000 0.000000
0.973420 0.228997 0.000000 293.466573 -0.229028 0.973312 0.000000 -45.446716 0.000000 0.000000 1.000000 0.000000
0.973418 0.229003 0.000000 293.466578 -0.229034 0.973312 0.000000 -45.446988 0.000000 0.000000 1.000000 0.000000
0.973413 0.229027 0.000000 293.466526 -0.229057 0.973306 0.000000 -45.447153 0.000000 0.000000 1.000000 0.000000
0.973411 0.229036 0.000000 293.466474 -0.229065 0.973305 0.000000 -45.447318 0.000000 0.000000 1.000000 0.000000
0.973414 0.229023 0.000000 293.466371 -0.229053 0.973306 0.000000 -45.447647 0.000000 0.000000 1.000000 0.000000
0.973419 0.229000 0.000000 293.466319 -0.229030 0.973311 0.000000 -45.447811 0.000000 0.000000 1.000000 0.000000
0.973420 0.229001 0.000000 293.466267 -0.229029 0.973311 0.000000 -45.447976 0.000000 0.000000 1.000000 0.000000
0.973412 0.229035 0.000000 293.466220 -0.229063 0.973304 0.000000 -45.448413 0.000000 0.000000 1.000000 0.000000
0.973421 0.228994 0.000000 293.466222 -0.229023 0.973313 0.000000 -45.448550 0.000000 0.000000 1.000000 0.000000
0.973424 0.228983 0.000000 293.466114 -0.229012 0.973315 0.000000 -45.448606 0.000000 0.000000 1.000000 0.000000
0.973429 0.228961 0.000000 293.466116 -0.228990 0.973320 0.000000 -45.448743 0.000000 0.000000 1.000000 0.000000
0.973419 0.229003 0.000000 293.466066 -0.229031 0.973312 0.000000 -45.449044 0.000000 0.000000 1.000000 0.000000
0.973422 0.228992 0.000000 293.466015 -0.229018 0.973315 0.000000 -45.449208 0.000000 0.000000 1.000000 0.000000
0.973424 0.228986 0.000000 293.466017 -0.229012 0.973316 0.000000 -45.449345 0.000000 0.000000 1.000000 0.000000
0.973424 0.228987 0.000000 293.465963 -0.229012 0.973316 0.000000 -45.449373 0.000000 0.000000 1.000000 0.000000
0.973424 0.228987 0.000000 293.465911 -0.229012 0.973317 0.000000 -45.449537 0.000000 0.000000 1.000000 0.000000
0.973418 0.229011 0.000000 293.465913 -0.229036 0.973311 0.000000 -45.449674 0.000000 0.000000 1.000000 0.000000
0.973421 0.229000 0.000000 293.465915 -0.229025 0.973314 0.000000 -45.449810 0.000000 0.000000 1.000000 0.000000
0.973417 0.229017 0.000000 293.465861 -0.229042 0.973311 0.000000 -45.449838 0.000000 0.000000 1.000000 0.000000
0.973411 0.229043 0.000000 293.465809 -0.229067 0.973305 0.000000 -45.450003 0.000000 0.000000 1.000000 0.000000
0.973406 0.229064 0.000000 293.465812 -0.229088 0.973299 0.000000 -45.450139 0.000000 0.000000 1.000000 0.000000
0.973398 0.229097 0.000000 293.465758 -0.229121 0.973291 0.000000 -45.450168 0.000000 0.000000 1.000000 0.000000
0.973399 0.229093 0.000000 293.465760 -0.229116 0.973292 0.000000 -45.450304 0.000000 0.000000 1.000000 0.000000
0.973406 0.229065 0.000000 293.465708 -0.229088 0.973299 0.000000 -45.450469 0.000000 0.000000 1.000000 0.000000
0.973408 0.229058 0.000000 293.465710 -0.229080 0.973301 0.000000 -45.450605 0.000000 0.000000 1.000000 0.000000
0.973408 0.229058 0.000000 293.465656 -0.229080 0.973301 0.000000 -45.450633 0.000000 0.000000 1.000000 0.000000
0.973410 0.229049 0.000000 293.465659 -0.229071 0.973303 0.000000 -45.450770 0.000000 0.000000 1.000000 0.000000
0.973406 0.229064 0.000000 293.465604 -0.229086 0.973299 0.000000 -45.450798 0.000000 0.000000 1.000000 0.000000
0.973404 0.229071 0.000000 293.465607 -0.229094 0.973297 0.000000 -45.450934 0.000000 0.000000 1.000000 0.000000
0.973413 0.229035 0.000000 293.465609 -0.229058 0.973305 0.000000 -45.451071 0.000000 0.000000 1.000000 0.000000
0.973412 0.229040 0.000000 293.465501 -0.229062 0.973303 0.000000 -45.451127 0.000000 0.000000 1.000000 0.000000
0.973422 0.228996 0.000000 293.465503 -0.229017 0.973314 0.000000 -45.451263 0.000000 0.000000 1.000000 0.000000
0.973428 0.228971 0.000000 293.465505 -0.228992 0.973320 0.000000 -45.451400 0.000000 0.000000 1.000000 0.000000
0.973432 0.228954 0.000000 293.465505 -0.228975 0.973325 0.000000 -45.451400 0.000000 0.000000 1.000000 0.000000
0.973427 0.228976 0.000000 293.465508 -0.228997 0.973319 0.000000 -45.451536 0.000000 0.000000 1.000000 0.000000
0.973424 0.228990 0.000000 293.465453 -0.229012 0.973316 0.000000 -45.451564 0.000000 0.000000 1.000000 0.000000
0.973421 0.229000 0.000000 293.465456 -0.229022 0.973313 0.000000 -45.451701 0.000000 0.000000 1.000000 0.000000
0.973423 0.228993 0.000000 293.465402 -0.229015 0.973315 0.000000 -45.451729 0.000000 0.000000 1.000000 0.000000
0.973420 0.229005 0.000000 293.465402 -0.229026 0.973312 0.000000 -45.451729 0.000000 0.000000 1.000000 0.000000
0.973427 0.228975 0.000000 293.465404 -0.228996 0.973319 0.000000 -45.451866 0.000000 0.000000 1.000000 0.000000
0.973428 0.228971 0.000000 293.465350 -0.228992 0.973320 0.000000 -45.451894 0.000000 0.000000 1.000000 0.000000
0.973433 0.228950 0.000000 293.465406 -0.228971 0.973325 0.000000 -45.452002 0.000000 0.000000 1.000000 0.000000
0.973435 0.228944 0.000000 293.465352 -0.228965 0.973326 0.000000 -45.452030 0.000000 0.000000 1.000000 0.000000
0.973430 0.228964 0.000000 293.465298 -0.228984 0.973321 0.000000 -45.452058 0.000000 0.000000 1.000000 0.000000
0.973421 0.229003 0.000000 293.465354 -0.229023 0.973312 0.000000 -45.452167 0.000000 0.000000 1.000000 0.000000
0.973416 0.229024 0.000000 293.465300 -0.229044 0.973307 0.000000 -45.452195 0.000000 0.000000 1.000000 0.000000
0.973424 0.228991 0.000000 293.465300 -0.229011 0.973315 0.000000 -45.452195 0.000000 0.000000 1.000000 0.000000
0.973427 0.228977 0.000000 293.465303 -0.228998 0.973318 0.000000 -45.452331 0.000000 0.000000 1.000000 0.000000
0.973425 0.228987 0.000000 293.465248 -0.229007 0.973316 0.000000 -45.452359 0.000000 0.000000 1.000000 0.000000
0.973418 0.229015 0.000000 293.465248 -0.229035 0.973310 0.000000 -45.452359 0.000000 0.000000 1.000000 0.000000
0.973417 0.229019 0.000000 293.465251 -0.229039 0.973308 0.000000 -45.452496 0.000000 0.000000 1.000000 0.000000
0.973419 0.229011 0.000000 293.465251 -0.229031 0.973310 0.000000 -45.452496 0.000000 0.000000 1.000000 0.000000
0.973418 0.229013 0.000000 293.465197 -0.229034 0.973309 0.000000 -45.452524 0.000000 0.000000 1.000000 0.000000
0.973417 0.229020 0.000000 293.465197 -0.229039 0.973308 0.000000 -45.452524 0.000000 0.000000 1.000000 0.000000
0.973417 0.229019 0.000000 293.465199 -0.229038 0.973308 0.000000 -45.452660 0.000000 0.000000 1.000000 0.000000
0.973420 0.229007 0.000000 293.465199 -0.229028 0.973310 0.000000 -45.452660 0.000000 0.000000 1.000000 0.000000
0.973421 0.229001 0.000000 293.465145 -0.229021 0.973313 0.000000 -45.452689 0.000000 0.000000 1.000000 0.000000
0.973420 0.229006 0.000000 293.465147 -0.229026 0.973310 0.000000 -45.452825 0.000000 0.000000 1.000000 0.000000
0.973424 0.228991 0.000000 293.465147 -0.229011 0.973315 0.000000 -45.452825 0.000000 0.000000 1.000000 0.000000
0.973436 0.228938 0.000000 293.465147 -0.228958 0.973327 0.000000 -45.452825 0.000000 0.000000 1.000000 0.000000
0.973442 0.228912 0.000000 293.465149 -0.228932 0.973333 0.000000 -45.452961 0.000000 0.000000 1.000000 0.000000
0.973436 0.228938 0.000000 293.465095 -0.228959 0.973327 0.000000 -45.452990 0.000000 0.000000 1.000000 0.000000
0.973436 0.228939 0.000000 293.465095 -0.228959 0.973327 0.000000 -45.452990 0.000000 0.000000 1.000000 0.000000
0.973437 0.228936 0.000000 293.465095 -0.228957 0.973328 0.000000 -45.452990 0.000000 0.000000 1.000000 0.000000
0.973438 0.228932 0.000000 293.465097 -0.228952 0.973327 0.000000 -45.453126 0.000000 0.000000 1.000000 0.000000
0.973445 0.228901 0.000000 293.465097 -0.228920 0.973334 0.000000 -45.453126 0.000000 0.000000 1.000000 0.000000
0.973447 0.228892 0.000000 293.465043 -0.228911 0.973336 0.000000 -45.453154 0.000000 0.000000 1.000000 0.000000
0.973443 0.228912 0.000000 293.465043 -0.228930 0.973331 0.000000 -45.453154 0.000000 0.000000 1.000000 0.000000
0.973444 0.228905 0.000000 293.465100 -0.228923 0.973332 0.000000 -45.453262 0.000000 0.000000 1.000000 0.000000
0.973450 0.228879 0.000000 293.465046 -0.228897 0.973339 0.000000 -45.453291 0.000000 0.000000 1.000000 0.000000
0.973446 0.228898 0.000000 293.465046 -0.228916 0.973334 0.000000 -45.453291 0.000000 0.000000 1.000000 0.000000
0.973449 0.228884 0.000000 293.465046 -0.228902 0.973338 0.000000 -45.453291 0.000000 0.000000 1.000000 0.000000
0.973450 0.228881 0.000000 293.464991 -0.228897 0.973340 0.000000 -45.453319 0.000000 0.000000 1.000000 0.000000
0.973448 0.228892 0.000000 293.465048 -0.228908 0.973337 0.000000 -45.453427 0.000000 0.000000 1.000000 0.000000
0.973446 0.228900 0.000000 293.465048 -0.228917 0.973335 0.000000 -45.453427 0.000000 0.000000 1.000000 0.000000
0.973443 0.228913 0.000000 293.465048 -0.228931 0.973331 0.000000 -45.453427 0.000000 0.000000 1.000000 0.000000
0.973443 0.228911 0.000000 293.464994 -0.228928 0.973332 0.000000 -45.453455 0.000000 0.000000 1.000000 0.000000
0.973440 0.228926 0.000000 293.464994 -0.228942 0.973329 0.000000 -45.453455 0.000000 0.000000 1.000000 0.000000
0.973434 0.228950 0.000000 293.464994 -0.228967 0.973324 0.000000 -45.453455 0.000000 0.000000 1.000000 0.000000
0.973432 0.228960 0.000000 293.464996 -0.228976 0.973321 0.000000 -45.453592 0.000000 0.000000 1.000000 0.000000
0.973428 0.228975 0.000000 293.464996 -0.228991 0.973317 0.000000 -45.453592 0.000000 0.000000 1.000000 0.000000
0.973431 0.228965 0.000000 293.464996 -0.228980 0.973319 0.000000 -45.453592 0.000000 0.000000 1.000000 0.000000
0.973436 0.228943 0.000000 293.464996 -0.228958 0.973325 0.000000 -45.453592 0.000000 0.000000 1.000000 0.000000
0.973439 0.228929 0.000000 293.464942 -0.228944 0.973329 0.000000 -45.453620 0.000000 0.000000 1.000000 0.000000
0.973444 0.228909 0.000000 293.464942 -0.228925 0.973334 0.000000 -45.453620 0.000000 0.000000 1.000000 0.000000
0.973445 0.228905 0.000000 293.464942 -0.228919 0.973334 0.000000 -45.453620 0.000000 0.000000 1.000000 0.000000
0.973447 0.228898 0.000000 293.464944 -0.228912 0.973336 0.000000 -45.453756 0.000000 0.000000 1.000000 0.000000
0.973455 0.228861 0.000000 293.464944 -0.228876 0.973344 0.000000 -45.453756 0.000000 0.000000 1.000000 0.000000
0.973460 0.228840 0.000000 293.464944 -0.228854 0.973350 0.000000 -45.453756 0.000000 0.000000 1.000000 0.000000
0.973457 0.228856 0.000000 293.464944 -0.228869 0.973346 0.000000 -45.453756 0.000000 0.000000 1.000000 0.000000
0.973447 0.228896 0.000000 293.464944 -0.228910 0.973336 0.000000 -45.453756 0.000000 0.000000 1.000000 0.000000
0.973435 0.228947 0.000000 293.464890 -0.228960 0.973325 0.000000 -45.453784 0.000000 0.000000 1.000000 0.000000
0.973434 0.228951 0.000000 293.464890 -0.228964 0.973324 0.000000 -45.453784 0.000000 0.000000 1.000000 0.000000
0.973445 0.228907 0.000000 293.464890 -0.228920 0.973334 0.000000 -45.453784 0.000000 0.000000 1.000000 0.000000
0.973443 0.228914 0.000000 293.464947 -0.228927 0.973332 0.000000 -45.453893 0.000000 0.000000 1.000000 0.000000
0.973445 0.228908 0.000000 293.464947 -0.228921 0.973333 0.000000 -45.453893 0.000000 0.000000 1.000000 0.000000
0.973445 0.228908 0.000000 293.464947 -0.228921 0.973333 0.000000 -45.453893 0.000000 0.000000 1.000000 0.000000
0.973448 0.228892 0.000000 293.464892 -0.228905 0.973336 0.000000 -45.453921 0.000000 0.000000 1.000000 0.000000
0.973449 0.228889 0.000000 293.464892 -0.228901 0.973337 0.000000 -45.453921 0.000000 0.000000 1.000000 0.000000
0.973448 0.228894 0.000000 293.464892 -0.228907 0.973335 0.000000 -45.453921 0.000000 0.000000 1.000000 0.000000
0.973449 0.228889 0.000000 293.464892 -0.228901 0.973337 0.000000 -45.453921 0.000000 0.000000 1.000000 0.000000
0.973450 0.228884 0.000000 293.464892 -0.228896 0.973338 0.000000 -45.453921 0.000000 0.000000 1.000000 0.000000
0.973438 0.228937 0.000000 293.464892 -0.228949 0.973326 0.000000 -45.453921 0.000000 0.000000 1.000000 0.000000
0.973438 0.228938 0.000000 293.464892 -0.228950 0.973325 0.000000 -45.453921 0.000000 0.000000 1.000000 0.000000
0.973443 0.228916 0.000000 293.464838 -0.228928 0.973330 0.000000 -45.453949 0.000000 0.000000 1.000000 0.000000
0.973449 0.228889 0.000000 293.464895 -0.228901 0.973335 0.000000 -45.454057 0.000000 0.000000 1.000000 0.000000
0.973444 0.228913 0.000000 293.464895 -0.228924 0.973330 0.000000 -45.454057 0.000000 0.000000 1.000000 0.000000
0.973447 0.228901 0.000000 293.464895 -0.228912 0.973332 0.000000 -45.454057 0.000000 0.000000 1.000000 0.000000
0.973448 0.228897 0.000000 293.464895 -0.228908 0.973333 0.000000 -45.454057 0.000000 0.000000 1.000000 0.000000
0.973451 0.228883 0.000000 293.464895 -0.228893 0.973335 0.000000 -45.454057 0.000000 0.000000 1.000000 0.000000
0.973455 0.228867 0.000000 293.464841 -0.228877 0.973338 0.000000 -45.454085 0.000000 0.000000 1.000000 0.000000
0.973456 0.228863 0.000000 293.464841 -0.228873 0.973339 0.000000 -45.454085 0.000000 0.000000 1.000000 0.000000
0.973451 0.228882 0.000000 293.464841 -0.228891 0.973334 0.000000 -45.454085 0.000000 0.000000 1.000000 0.000000
0.973454 0.228873 0.000000 293.464841 -0.228881 0.973336 0.000000 -45.454085 0.000000 0.000000 1.000000 0.000000
0.973453 0.228876 0.000000 293.464841 -0.228884 0.973336 0.000000 -45.454085 0.000000 0.000000 1.000000 0.000000
0.973448 0.228897 0.000000 293.464841 -0.228905 0.973331 0.000000 -45.454085 0.000000 0.000000 1.000000 0.000000
0.973448 0.228897 0.000000 293.464841 -0.228906 0.973331 0.000000 -45.454085 0.000000 0.000000 1.000000 0.000000
0.973458 0.228855 0.000000 293.464841 -0.228863 0.973341 0.000000 -45.454085 0.000000 0.000000 1.000000 0.000000
0.973461 0.228840 0.000000 293.464841 -0.228849 0.973344 0.000000 -45.454085 0.000000 0.000000 1.000000 0.000000
0.973455 0.228868 0.000000 293.464841 -0.228877 0.973338 0.000000 -45.454085 0.000000 0.000000 1.000000 0.000000
0.973446 0.228903 0.000000 293.464843 -0.228911 0.973329 0.000000 -45.454222 0.000000 0.000000 1.000000 0.000000
0.973445 0.228907 0.000000 293.464843 -0.228916 0.973328 0.000000 -45.454222 0.000000 0.000000 1.000000 0.000000
0.973446 0.228905 0.000000 293.464843 -0.228914 0.973328 0.000000 -45.454222 0.000000 0.000000 1.000000 0.000000
0.973451 0.228885 0.000000 293.464843 -0.228894 0.973332 0.000000 -45.454222 0.000000 0.000000 1.000000 0.000000
0.973450 0.228888 0.000000 293.464843 -0.228897 0.973332 0.000000 -45.454222 0.000000 0.000000 1.000000 0.000000
0.973452 0.228881 0.000000 293.464843 -0.228889 0.973334 0.000000 -45.454222 0.000000 0.000000 1.000000 0.000000
0.973438 0.228938 0.000000 293.464843 -0.228946 0.973322 0.000000 -45.454222 0.000000 0.000000 1.000000 0.000000
0.973431 0.228969 0.000000 293.464843 -0.228978 0.973314 0.000000 -45.454222 0.000000 0.000000 1.000000 0.000000
0.973428 0.228984 0.000000 293.464843 -0.228992 0.973310 0.000000 -45.454222 0.000000 0.000000 1.000000 0.000000
0.973430 0.228972 0.000000 293.464843 -0.228980 0.973313 0.000000 -45.454222 0.000000 0.000000 1.000000 0.000000
0.973433 0.228959 0.000000 293.464843 -0.228967 0.973316 0.000000 -45.454222 0.000000 0.000000 1.000000 0.000000
0.973437 0.228943 0.000000 293.464843 -0.228950 0.973321 0.000000 -45.454222 0.000000 0.000000 1.000000 0.000000
0.973431 0.228969 0.000000 293.464789 -0.228976 0.973315 0.000000 -45.454250 0.000000 0.000000 1.000000 0.000000
0.973432 0.228964 0.000000 293.464789 -0.228971 0.973316 0.000000 -45.454250 0.000000 0.000000 1.000000 0.000000
0.973443 0.228917 0.000000 293.464789 -0.228924 0.973327 0.000000 -45.454250 0.000000 0.000000 1.000000 0.000000
0.973446 0.228907 0.000000 293.464789 -0.228914 0.973329 0.000000 -45.454250 0.000000 0.000000 1.000000 0.000000
0.973450 0.228888 0.000000 293.464789 -0.228895 0.973333 0.000000 -45.454250 0.000000 0.000000 1.000000 0.000000
0.973453 0.228876 0.000000 293.464789 -0.228884 0.973335 0.000000 -45.454250 0.000000 0.000000 1.000000 0.000000
0.973455 0.228869 0.000000 293.464789 -0.228876 0.973337 0.000000 -45.454250 0.000000 0.000000 1.000000 0.000000
0.973446 0.228907 0.000000 293.464789 -0.228915 0.973328 0.000000 -45.454250 0.000000 0.000000 1.000000 0.000000
0.973442 0.228921 0.000000 293.464789 -0.228928 0.973325 0.000000 -45.454250 0.000000 0.000000 1.000000 0.000000
0.973448 0.228897 0.000000 293.464789 -0.228905 0.973330 0.000000 -45.454250 0.000000 0.000000 1.000000 0.000000
0.973447 0.228900 0.000000 293.464845 -0.228908 0.973329 0.000000 -45.454358 0.000000 0.000000 1.000000 0.000000
0.973445 0.228911 0.000000 293.464845 -0.228918 0.973327 0.000000 -45.454358 0.000000 0.000000 1.000000 0.000000
0.973443 0.228919 0.000000 293.464845 -0.228927 0.973326 0.000000 -45.454358 0.000000 0.000000 1.000000 0.000000
0.973446 0.228906 0.000000 293.464845 -0.228914 0.973328 0.000000 -45.454358 0.000000 0.000000 1.000000 0.000000
0.973443 0.228920 0.000000 293.464845 -0.228927 0.973325 0.000000 -45.454358 0.000000 0.000000 1.000000 0.000000
0.973444 0.228914 0.000000 293.464845 -0.228921 0.973326 0.000000 -45.454358 0.000000 0.000000 1.000000 0.000000
0.973442 0.228922 0.000000 293.464791 -0.228930 0.973324 0.000000 -45.454386 0.000000 0.000000 1.000000 0.000000
0.973444 0.228914 0.000000 293.464791 -0.228921 0.973326 0.000000 -45.454386 0.000000 0.000000 1.000000 0.000000
0.973441 0.228927 0.000000 293.464791 -0.228935 0.973323 0.000000 -45.454386 0.000000 0.000000 1.000000 0.000000
0.973433 0.228960 0.000000 293.464791 -0.228968 0.973315 0.000000 -45.454386 0.000000 0.000000 1.000000 0.000000
0.973434 0.228955 0.000000 293.464791 -0.228963 0.973316 0.000000 -45.454386 0.000000 0.000000 1.000000 0.000000
0.973441 0.228925 0.000000 293.464791 -0.228934 0.973323 0.000000 -45.454386 0.000000 0.000000 1.000000 0.000000
0.973442 0.228921 0.000000 293.464791 -0.228930 0.973325 0.000000 -45.454386 0.000000 0.000000 1.000000 0.000000
0.973434 0.228957 0.000000 293.464791 -0.228966 0.973318 0.000000 -45.454386 0.000000 0.000000 1.000000 0.000000
0.973423 0.229001 0.000000 293.464791 -0.229010 0.973308 0.000000 -45.454386 0.000000 0.000000 1.000000 0.000000
0.973425 0.228996 0.000000 293.464791 -0.229005 0.973309 0.000000 -45.454386 0.000000 0.000000 1.000000 0.000000
0.973430 0.228972 0.000000 293.464791 -0.228980 0.973315 0.000000 -45.454386 0.000000 0.000000 1.000000 0.000000
0.973435 0.228950 0.000000 293.464791 -0.228959 0.973320 0.000000 -45.454386 0.000000 0.000000 1.000000 0.000000
0.973433 0.228959 0.000000 293.464791 -0.228968 0.973318 0.000000 -45.454386 0.000000 0.000000 1.000000 0.000000
0.973436 0.228948 0.000000 293.464791 -0.228957 0.973321 0.000000 -45.454386 0.000000 0.000000 1.000000 0.000000
