0.999999 -0.001123 0.000000 0.626982 0.001123 0.999999 0.000000 -0.024416 0.000000 0.000000 1.000000 0.000000
0.999987 -0.005111 0.000000 1.253482 0.005111 0.999987 0.000000 -0.048765 0.000000 0.000000 1.000000 0.000000
0.999999 0.001209 0.000000 2.513067 -0.001209 0.999999 0.000000 -0.082268 0.000000 0.000000 1.000000 0.000000
1.000000 -0.000683 0.000000 3.143526 0.000683 1.000000 0.000000 -0.101001 0.000000 0.000000 1.000000 0.000000
0.999976 -0.006962 0.000000 3.770728 0.006962 0.999976 0.000000 -0.117848 0.000000 0.000000 1.000000 0.000000
0.999976 -0.006889 0.000000 4.399806 0.006889 0.999976 0.000000 -0.124675 0.000000 0.000000 1.000000 0.000000
0.999958 -0.009213 0.000000 5.065813 0.009213 0.999958 0.000000 -0.137535 0.000000 0.000000 1.000000 0.000000
0.999958 -0.009115 0.000000 5.690440 0.009115 0.999958 0.000000 -0.157237 0.000000 0.000000 1.000000 0.000000
0.999955 -0.009512 0.000000 6.313087 0.009512 0.999955 0.000000 -0.169000 0.000000 0.000000 1.000000 0.000000
0.999955 -0.009502 0.000000 6.935380 0.009502 0.999955 0.000000 -0.174241 0.000000 0.000000 1.000000 0.000000
0.999927 -0.012098 0.000000 7.559827 0.012098 0.999927 0.000000 -0.186337 0.000000 0.000000 1.000000 0.000000
0.999899 -0.014244 0.000000 8.178566 0.014244 0.999899 0.000000 -0.192060 0.000000 0.000000 1.000000 0.000000
0.999911 -0.013342 0.000000 8.809559 0.013342 0.999911 0.000000 -0.197804 0.000000 0.000000 1.000000 0.000000
0.999893 -0.014662 0.000000 9.425593 0.014662 0.999893 0.000000 -0.214652 0.000000 0.000000 1.000000 0.000000
0.999903 -0.013895 0.000000 10.078068 0.013895 0.999903 0.000000 -0.224494 0.000000 0.000000 1.000000 0.000000
0.999887 -0.015031 0.000000 10.660306 0.015031 0.999887 0.000000 -0.231335 0.000000 0.000000 1.000000 0.000000
0.999884 -0.015255 0.000000 11.281066 0.015255 0.999884 0.000000 -0.233035 0.000000 0.000000 1.000000 0.000000
0.999893 -0.014651 0.000000 11.904032 0.014651 0.999893 0.000000 -0.241866 0.000000 0.000000 1.000000 0.000000
0.999809 -0.019566 0.000000 12.556022 0.019566 0.999809 0.000000 -0.256698 0.000000 0.000000 1.000000 0.000000
0.999779 -0.021034 0.000000 13.180934 0.021034 0.999779 0.000000 -0.257451 0.000000 0.000000 1.000000 0.000000
0.999590 -0.028626 0.000000 13.812788 0.028626 0.999590 0.000000 -0.266121 0.000000 0.000000 1.000000 0.000000
0.999573 -0.029219 0.000000 14.433014 0.029219 0.999573 0.000000 -0.267641 0.000000 0.000000 1.000000 0.000000
0.999647 -0.026561 0.000000 15.055793 0.026561 0.999647 0.000000 -0.264479 0.000000 0.000000 1.000000 0.000000
0.999568 -0.029384 0.000000 15.675512 0.029384 0.999568 0.000000 -0.261943 0.000000 0.000000 1.000000 0.000000
0.999575 -0.029149 0.000000 16.278682 0.029149 0.999575 0.000000 -0.263653 0.000000 0.000000 1.000000 0.000000
0.999551 -0.029963 0.000000 16.899933 0.029963 0.999551 0.000000 -0.262051 0.000000 0.000000 1.000000 0.000000
0.999558 -0.029731 0.000000 17.521024 0.029731 0.999558 0.000000 -0.258478 0.000000 0.000000 1.000000 0.000000
0.999589 -0.028673 0.000000 18.102129 0.028673 0.999589 0.000000 -0.259556 0.000000 0.000000 1.000000 0.000000
0.999512 -0.031248 0.000000 18.729489 0.031248 0.999512 0.000000 -0.264209 0.000000 0.000000 1.000000 0.000000
0.999435 -0.033617 0.000000 19.341388 0.033617 0.999435 0.000000 -0.262839 0.000000 0.000000 1.000000 0.000000
0.999358 -0.035815 0.000000 19.931817 0.035815 0.999358 0.000000 -0.263476 0.000000 0.000000 1.000000 0.000000
0.999330 -0.036598 0.000000 20.550479 0.036598 0.999330 0.000000 -0.264146 0.000000 0.000000 1.000000 0.000000
0.999337 -0.036407 0.000000 21.175276 0.036407 0.999337 0.000000 -0.263973 0.000000 0.000000 1.000000 0.000000
0.999353 -0.035980 0.000000 21.795891 0.035980 0.999353 0.000000 -0.261470 0.000000 0.000000 1.000000 0.000000
0.999420 -0.034043 0.000000 22.379711 0.034043 0.999420 0.000000 -0.257116 0.000000 0.000000 1.000000 0.000000
0.999574 -0.029175 0.000000 23.009842 0.029175 0.999574 0.000000 -0.256059 0.000000 0.000000 1.000000 0.000000
0.999642 -0.026774 0.000000 23.596360 0.026774 0.999642 0.000000 -0.254695 0.000000 0.000000 1.000000 0.000000
0.999686 -0.025041 0.000000 24.217576 0.025041 0.999686 0.000000 -0.255553 0.000000 0.000000 1.000000 0.000000
0.999671 -0.025663 0.000000 24.853897 0.025663 0.999671 0.000000 -0.253188 0.000000 0.000000 1.000000 0.000000
0.999666 -0.025860 0.000000 25.674495 0.025860 0.999666 0.000000 -0.253034 0.000000 0.000000 1.000000 0.000000
0.999729 -0.023286 0.000000 26.306447 0.023286 0.999729 0.000000 -0.247632 0.000000 0.000000 1.000000 0.000000
0.999767 -0.021573 0.000000 26.942834 0.021573 0.999767 0.000000 -0.238621 0.000000 0.000000 1.000000 0.000000
0.999804 -0.019786 0.000000 27.573877 0.019786 0.999804 0.000000 -0.234135 0.000000 0.000000 1.000000 0.000000
0.999850 -0.017306 0.000000 28.205666 0.017306 0.999850 0.000000 -0.234795 0.000000 0.000000 1.000000 0.000000
0.999835 -0.018168 0.000000 28.844896 0.018168 0.999835 0.000000 -0.239583 0.000000 0.000000 1.000000 0.000000
0.999902 -0.014011 0.000000 29.474570 0.014011 0.999902 0.000000 -0.236766 0.000000 0.000000 1.000000 0.000000
0.999933 -0.011565 0.000000 30.116503 0.011565 0.999933 0.000000 -0.246044 0.000000 0.000000 1.000000 0.000000
0.999975 -0.007087 0.000000 30.747256 0.007087 0.999975 0.000000 -0.249136 0.000000 0.000000 1.000000 0.000000
0.999971 -0.007576 0.000000 31.382917 0.007576 0.999971 0.000000 -0.266611 0.000000 0.000000 1.000000 0.000000
0.999996 -0.002836 0.000000 32.018259 0.002836 0.999996 0.000000 -0.269888 0.000000 0.000000 1.000000 0.000000
0.999994 -0.003595 0.000000 32.656165 0.003595 0.999994 0.000000 -0.286519 0.000000 0.000000 1.000000 0.000000
0.999999 -0.001542 0.000000 33.291491 0.001542 0.999999 0.000000 -0.298759 0.000000 0.000000 1.000000 0.000000
1.000000 0.000325 0.000000 33.921512 -0.000325 1.000000 0.000000 -0.313233 0.000000 0.000000 1.000000 0.000000
1.000000 -0.000262 0.000000 34.511705 0.000262 1.000000 0.000000 -0.335737 0.000000 0.000000 1.000000 0.000000
0.999999 0.001663 0.000000 35.154781 -0.001663 0.999999 0.000000 -0.358661 0.000000 0.000000 1.000000 0.000000
0.999982 0.006047 0.000000 35.783708 -0.006047 0.999982 0.000000 -0.373036 0.000000 0.000000 1.000000 0.000000
0.999980 0.006374 0.000000 36.430283 -0.006374 0.999980 0.000000 -0.392356 0.000000 0.000000 1.000000 0.000000
0.999982 0.005961 0.000000 37.070029 -0.005961 0.999982 0.000000 -0.414396 0.000000 0.000000 1.000000 0.000000
0.999974 0.007196 0.000000 37.702843 -0.007196 0.999974 0.000000 -0.432956 0.000000 0.000000 1.000000 0.000000
0.999966 0.008205 0.000000 38.346445 -0.008205 0.999966 0.000000 -0.456695 0.000000 0.000000 1.000000 0.000000
0.999968 0.007946 0.000000 38.983376 -0.007946 0.999968 0.000000 -0.476807 0.000000 0.000000 1.000000 0.000000
0.999962 0.008737 0.000000 39.624295 -0.008737 0.999962 0.000000 -0.490962 0.000000 0.000000 1.000000 0.000000
0.999933 0.011559 0.000000 40.264029 -0.011559 0.999933 0.000000 -0.511458 0.000000 0.000000 1.000000 0.000000
0.999923 0.012396 0.000000 40.915733 -0.012396 0.999923 0.000000 -0.534420 0.000000 0.000000 1.000000 0.000000
0.999937 0.011194 0.000000 41.523568 -0.011194 0.999937 0.000000 -0.558939 0.000000 0.000000 1.000000 0.000000
0.999919 0.012754 0.000000 42.174636 -0.012754 0.999919 0.000000 -0.578233 0.000000 0.000000 1.000000 0.000000
0.999954 0.009570 0.000000 42.825947 -0.009570 0.999954 0.000000 -0.604952 0.000000 0.000000 1.000000 0.000000
0.999921 0.012593 0.000000 43.486972 -0.012593 0.999921 0.000000 -0.625290 0.000000 0.000000 1.000000 0.000000
0.999959 0.009035 0.000000 44.145912 -0.009035 0.999959 0.000000 -0.647671 0.000000 0.000000 1.000000 0.000000
0.999977 0.006796 0.000000 44.798782 -0.006796 0.999977 0.000000 -0.673451 0.000000 0.000000 1.000000 0.000000
0.999975 0.007054 0.000000 45.419544 -0.007054 0.999975 0.000000 -0.686468 0.000000 0.000000 1.000000 0.000000
0.999966 0.008196 0.000000 46.075713 -0.008196 0.999966 0.000000 -0.703250 0.000000 0.000000 1.000000 0.000000
0.999937 0.011265 0.000000 46.734525 -0.011265 0.999937 0.000000 -0.721875 0.000000 0.000000 1.000000 0.000000
0.999917 0.012916 0.000000 47.392939 -0.012916 0.999917 0.000000 -0.751094 0.000000 0.000000 1.000000 0.000000
0.999897 0.014357 0.000000 48.053929 -0.014357 0.999897 0.000000 -0.772432 0.000000 0.000000 1.000000 0.000000
0.999953 0.009713 0.000000 48.717047 -0.009713 0.999953 0.000000 -0.789250 0.000000 0.000000 1.000000 0.000000
0.999908 0.013576 0.000000 49.744715 -0.013576 0.999908 0.000000 -0.834725 0.000000 0.000000 1.000000 0.000000
0.999920 0.012624 0.000000 50.435208 -0.012624 0.999920 0.000000 -0.859951 0.000000 0.000000 1.000000 0.000000
0.999929 0.011888 0.000000 51.067717 -0.011888 0.999929 0.000000 -0.879504 0.000000 0.000000 1.000000 0.000000
0.999931 0.011728 0.000000 51.724927 -0.011728 0.999931 0.000000 -0.904949 0.000000 0.000000 1.000000 0.000000
0.999926 0.012165 0.000000 52.386762 -0.012165 0.999926 0.000000 -0.931238 0.000000 0.000000 1.000000 0.000000
0.999918 0.012834 0.000000 53.042463 -0.012834 0.999918 0.000000 -0.955247 0.000000 0.000000 1.000000 0.000000
0.999945 0.010507 0.000000 53.699985 -0.010507 0.999945 0.000000 -0.979027 0.000000 0.000000 1.000000 0.000000
0.999944 0.010629 0.000000 54.350472 -0.010629 0.999944 0.000000 -1.010162 0.000000 0.000000 1.000000 0.000000
0.999957 0.009220 0.000000 55.690259 -0.009220 0.999957 0.000000 -1.048755 0.000000 0.000000 1.000000 0.000000
0.999969 0.007857 0.000000 56.343052 -0.007857 0.999969 0.000000 -1.068939 0.000000 0.000000 1.000000 0.000000
0.999993 0.003795 0.000000 56.980930 -0.003795 0.999993 0.000000 -1.083720 0.000000 0.000000 1.000000 0.000000
0.999996 0.002727 0.000000 57.621274 -0.002727 0.999996 0.000000 -1.106496 0.000000 0.000000 1.000000 0.000000
0.999994 0.003574 0.000000 58.260289 -0.003574 0.999994 0.000000 -1.130496 0.000000 0.000000 1.000000 0.000000
0.999989 0.004587 0.000000 58.936280 -0.004587 0.999989 0.000000 -1.160966 0.000000 0.000000 1.000000 0.000000
0.999996 0.002978 0.000000 59.572021 -0.002978 0.999996 0.000000 -1.185562 0.000000 0.000000 1.000000 0.000000
0.999991 0.004291 0.000000 60.178885 -0.004291 0.999991 0.000000 -1.203114 0.000000 0.000000 1.000000 0.000000
0.999985 0.005423 0.000000 60.815577 -0.005423 0.999985 0.000000 -1.221024 0.000000 0.000000 1.000000 0.000000
0.999982 0.006073 0.000000 61.404798 -0.006073 0.999982 0.000000 -1.244781 0.000000 0.000000 1.000000 0.000000
0.999974 0.007256 0.000000 62.034822 -0.007256 0.999974 0.000000 -1.272341 0.000000 0.000000 1.000000 0.000000
0.999971 0.007577 0.000000 62.662816 -0.007577 0.999971 0.000000 -1.300471 0.000000 0.000000 1.000000 0.000000
0.999974 0.007171 0.000000 63.246853 -0.007171 0.999974 0.000000 -1.325380 0.000000 0.000000 1.000000 0.000000
0.999974 0.007168 0.000000 63.870914 -0.007168 0.999974 0.000000 -1.348889 0.000000 0.000000 1.000000 0.000000
0.999984 0.005598 0.000000 64.489001 -0.005598 0.999984 0.000000 -1.376998 0.000000 0.000000 1.000000 0.000000
0.999983 0.005902 0.000000 65.067206 -0.005902 0.999983 0.000000 -1.404924 0.000000 0.000000 1.000000 0.000000
0.999988 0.004950 0.000000 65.689163 -0.004950 0.999988 0.000000 -1.433673 0.000000 0.000000 1.000000 0.000000
0.999985 0.005523 0.000000 66.263609 -0.005523 0.999985 0.000000 -1.449354 0.000000 0.000000 1.000000 0.000000
0.999954 0.009576 0.000000 66.878279 -0.009576 0.999954 0.000000 -1.466349 0.000000 0.000000 1.000000 0.000000
0.999949 0.010128 0.000000 67.492995 -0.010128 0.999949 0.000000 -1.489229 0.000000 0.000000 1.000000 0.000000
0.999939 0.011045 0.000000 68.337468 -0.011045 0.999939 0.000000 -1.521118 0.000000 0.000000 1.000000 0.000000
0.999928 0.012037 0.000000 68.939684 -0.012037 0.999928 0.000000 -1.550406 0.000000 0.000000 1.000000 0.000000
0.999901 0.014101 0.000000 69.544477 -0.014101 0.999901 0.000000 -1.580441 0.000000 0.000000 1.000000 0.000000
0.999949 0.010123 0.000000 70.144937 -0.010123 0.999949 0.000000 -1.604183 0.000000 0.000000 1.000000 0.000000
0.999939 0.011054 0.000000 70.746717 -0.011054 0.999939 0.000000 -1.625906 0.000000 0.000000 1.000000 0.000000
0.999972 0.007512 0.000000 71.344927 -0.007512 0.999972 0.000000 -1.645099 0.000000 0.000000 1.000000 0.000000
0.999982 0.006052 0.000000 71.982790 -0.006052 0.999982 0.000000 -1.666039 0.000000 0.000000 1.000000 0.000000
0.999980 0.006246 0.000000 72.580615 -0.006246 0.999980 0.000000 -1.680587 0.000000 0.000000 1.000000 0.000000
0.999986 0.005279 0.000000 73.174089 -0.005279 0.999986 0.000000 -1.704351 0.000000 0.000000 1.000000 0.000000
0.999961 0.008860 0.000000 74.355149 -0.008860 0.999961 0.000000 -1.753297 0.000000 0.000000 1.000000 0.000000
0.999972 0.007428 0.000000 74.937772 -0.007428 0.999972 0.000000 -1.769422 0.000000 0.000000 1.000000 0.000000
0.999957 0.009224 0.000000 75.518183 -0.009224 0.999957 0.000000 -1.786743 0.000000 0.000000 1.000000 0.000000
0.999935 0.011384 0.000000 76.098626 -0.011384 0.999935 0.000000 -1.822174 0.000000 0.000000 1.000000 0.000000
0.999935 0.011432 0.000000 76.680345 -0.011432 0.999935 0.000000 -1.853599 0.000000 0.000000 1.000000 0.000000
0.999904 0.013852 0.000000 77.257121 -0.013852 0.999904 0.000000 -1.881165 0.000000 0.000000 1.000000 0.000000
0.999912 0.013264 0.000000 77.829220 -0.013264 0.999912 0.000000 -1.919097 0.000000 0.000000 1.000000 0.000000
0.999937 0.011255 0.000000 78.396586 -0.011255 0.999937 0.000000 -1.943860 0.000000 0.000000 1.000000 0.000000
0.999943 0.010655 0.000000 78.958603 -0.010655 0.999943 0.000000 -1.970186 0.000000 0.000000 1.000000 0.000000
0.999934 0.011458 0.000000 79.519232 -0.011458 0.999934 0.000000 -1.998894 0.000000 0.000000 1.000000 0.000000
0.999933 0.011576 0.000000 80.075629 -0.011576 0.999933 0.000000 -2.026019 0.000000 0.000000 1.000000 0.000000
0.999936 0.011274 0.000000 80.624603 -0.011274 0.999936 0.000000 -2.050075 0.000000 0.000000 1.000000 0.000000
0.999934 0.011504 0.000000 81.171269 -0.011504 0.999934 0.000000 -2.077397 0.000000 0.000000 1.000000 0.000000
0.999909 0.013482 0.000000 81.686516 -0.013482 0.999909 0.000000 -2.101897 0.000000 0.000000 1.000000 0.000000
0.999885 0.015140 0.000000 82.232566 -0.015140 0.999885 0.000000 -2.124732 0.000000 0.000000 1.000000 0.000000
0.999839 0.017918 0.000000 82.758537 -0.017918 0.999839 0.000000 -2.145791 0.000000 0.000000 1.000000 0.000000
0.999780 0.020989 0.000000 83.273028 -0.020989 0.999780 0.000000 -2.166585 0.000000 0.000000 1.000000 0.000000
0.999788 0.020608 0.000000 83.810599 -0.020608 0.999788 0.000000 -2.197844 0.000000 0.000000 1.000000 0.000000
0.999793 0.020344 0.000000 84.337083 -0.020344 0.999793 0.000000 -2.226246 0.000000 0.000000 1.000000 0.000000
0.999790 0.020481 0.000000 84.826550 -0.020481 0.999790 0.000000 -2.250698 0.000000 0.000000 1.000000 0.000000
0.999770 0.021431 0.000000 85.354065 -0.021431 0.999770 0.000000 -2.283448 0.000000 0.000000 1.000000 0.000000
0.999721 0.023613 0.000000 85.867056 -0.023613 0.999721 0.000000 -2.309772 0.000000 0.000000 1.000000 0.000000
0.999746 0.022530 0.000000 86.355632 -0.022530 0.999746 0.000000 -2.335151 0.000000 0.000000 1.000000 0.000000
0.999734 0.023072 0.000000 86.878652 -0.023072 0.999734 0.000000 -2.360733 0.000000 0.000000 1.000000 0.000000
0.999706 0.024232 0.000000 87.393607 -0.024232 0.999706 0.000000 -2.386641 0.000000 0.000000 1.000000 0.000000
0.999659 0.026120 0.000000 87.873460 -0.026120 0.999659 0.000000 -2.413941 0.000000 0.000000 1.000000 0.000000
0.999646 0.026612 0.000000 88.382768 -0.026612 0.999646 0.000000 -2.447598 0.000000 0.000000 1.000000 0.000000
0.999646 0.026613 0.000000 88.859965 -0.026613 0.999646 0.000000 -2.477609 0.000000 0.000000 1.000000 0.000000
0.999588 0.028689 0.000000 89.362624 -0.028689 0.999588 0.000000 -2.513164 0.000000 0.000000 1.000000 0.000000
0.999592 0.028567 0.000000 90.024865 -0.028567 0.999592 0.000000 -2.555085 0.000000 0.000000 1.000000 0.000000
0.999612 0.027851 0.000000 90.523315 -0.027851 0.999612 0.000000 -2.584310 0.000000 0.000000 1.000000 0.000000
0.999609 0.027970 0.000000 91.026038 -0.027970 0.999609 0.000000 -2.611851 0.000000 0.000000 1.000000 0.000000
0.999594 0.028484 0.000000 91.516324 -0.028484 0.999594 0.000000 -2.635884 0.000000 0.000000 1.000000 0.000000
0.999628 0.027274 0.000000 92.005145 -0.027274 0.999628 0.000000 -2.664782 0.000000 0.000000 1.000000 0.000000
0.999682 0.025227 0.000000 92.489900 -0.025227 0.999682 0.000000 -2.696517 0.000000 0.000000 1.000000 0.000000
0.999699 0.024532 0.000000 92.965289 -0.024532 0.999699 0.000000 -2.732007 0.000000 0.000000 1.000000 0.000000
0.999569 0.029350 0.000000 93.924872 -0.029350 0.999569 0.000000 -2.792834 0.000000 0.000000 1.000000 0.000000
0.999490 0.031940 0.000000 94.401733 -0.031940 0.999490 0.000000 -2.830530 0.000000 0.000000 1.000000 0.000000
0.999444 0.033340 0.000000 94.873905 -0.033340 0.999444 0.000000 -2.863811 0.000000 0.000000 1.000000 0.000000
0.999324 0.036750 0.000000 95.338712 -0.036750 0.999324 0.000000 -2.897297 0.000000 0.000000 1.000000 0.000000
0.999294 0.037563 0.000000 95.815478 -0.037563 0.999294 0.000000 -2.936849 0.000000 0.000000 1.000000 0.000000
0.999194 0.040140 0.000000 96.279192 -0.040140 0.999194 0.000000 -2.971494 0.000000 0.000000 1.000000 0.000000
0.999152 0.041170 0.000000 96.746044 -0.041170 0.999152 0.000000 -3.018418 0.000000 0.000000 1.000000 0.000000
0.999025 0.044153 0.000000 97.210729 -0.044153 0.999025 0.000000 -3.059622 0.000000 0.000000 1.000000 0.000000
0.998776 0.049453 0.000000 97.672390 -0.049453 0.998776 0.000000 -3.095343 0.000000 0.000000 1.000000 0.000000
0.998655 0.051842 0.000000 98.132548 -0.051842 0.998655 0.000000 -3.134178 0.000000 0.000000 1.000000 0.000000
0.998543 0.053956 0.000000 98.562399 -0.053956 0.998543 0.000000 -3.175037 0.000000 0.000000 1.000000 0.000000
0.998447 0.055706 0.000000 99.008929 -0.055706 0.998447 0.000000 -3.218696 0.000000 0.000000 1.000000 0.000000
0.998397 0.056603 0.000000 99.451522 -0.056603 0.998397 0.000000 -3.265253 0.000000 0.000000 1.000000 0.000000
0.998400 0.056554 0.000000 99.892027 -0.056554 0.998400 0.000000 -3.316146 0.000000 0.000000 1.000000 0.000000
0.998227 0.059520 0.000000 100.317107 -0.059520 0.998227 0.000000 -3.361907 0.000000 0.000000 1.000000 0.000000
0.998160 0.060634 0.000000 100.752787 -0.060634 0.998160 0.000000 -3.397062 0.000000 0.000000 1.000000 0.000000
0.997762 0.066864 0.000000 101.177089 -0.066864 0.997762 0.000000 -3.436695 0.000000 0.000000 1.000000 0.000000
0.997463 0.071190 0.000000 101.588505 -0.071190 0.997463 0.000000 -3.470242 0.000000 0.000000 1.000000 0.000000
0.997496 0.070722 0.000000 102.000465 -0.070722 0.997496 0.000000 -3.508559 0.000000 0.000000 1.000000 0.000000
0.997683 0.068041 0.000000 102.418201 -0.068041 0.997683 0.000000 -3.559766 0.000000 0.000000 1.000000 0.000000
0.997534 0.070191 0.000000 102.811904 -0.070191 0.997534 0.000000 -3.603486 0.000000 0.000000 1.000000 0.000000
0.997665 0.068297 0.000000 103.214706 -0.068297 0.997665 0.000000 -3.658665 0.000000 0.000000 1.000000 0.000000
0.997287 0.073618 0.000000 103.598825 -0.073618 0.997287 0.000000 -3.700244 0.000000 0.000000 1.000000 0.000000
0.996916 0.078473 0.000000 104.002674 -0.078473 0.996916 0.000000 -3.746202 0.000000 0.000000 1.000000 0.000000
0.997079 0.076371 0.000000 104.395339 -0.076371 0.997079 0.000000 -3.798193 0.000000 0.000000 1.000000 0.000000
0.996873 0.079026 0.000000 104.770301 -0.079026 0.996873 0.000000 -3.838257 0.000000 0.000000 1.000000 0.000000
0.996605 0.082334 0.000000 105.175783 -0.082334 0.996605 0.000000 -3.891420 0.000000 0.000000 1.000000 0.000000
0.996207 0.087018 0.000000 105.576684 -0.087018 0.996207 0.000000 -3.935136 0.000000 0.000000 1.000000 0.000000
0.995790 0.091663 0.000000 106.142017 -0.091663 0.995790 0.000000 -4.002773 0.000000 0.000000 1.000000 0.000000
0.995588 0.093830 0.000000 106.551159 -0.093830 0.995588 0.000000 -4.059544 0.000000 0.000000 1.000000 0.000000
0.995411 0.095692 0.000000 106.962068 -0.095692 0.995411 0.000000 -4.115898 0.000000 0.000000 1.000000 0.000000
0.995220 0.097657 0.000000 107.378825 -0.097657 0.995220 0.000000 -4.169159 0.000000 0.000000 1.000000 0.000000
0.995002 0.099855 0.000000 107.796388 -0.099855 0.995002 0.000000 -4.234105 0.000000 0.000000 1.000000 0.000000
0.994859 0.101274 0.000000 108.216607 -0.101274 0.994859 0.000000 -4.286936 0.000000 0.000000 1.000000 0.000000
0.994897 0.100897 0.000000 108.637531 -0.100897 0.994897 0.000000 -4.344881 0.000000 0.000000 1.000000 0.000000
0.994588 0.103895 0.000000 109.059274 -0.103895 0.994588 0.000000 -4.401152 0.000000 0.000000 1.000000 0.000000
0.993562 0.113289 0.000000 109.791682 -0.113289 0.993562 0.000000 -4.503020 0.000000 0.000000 1.000000 0.000000
0.993605 0.112916 0.000000 110.217466 -0.112916 0.993605 0.000000 -4.573685 0.000000 0.000000 1.000000 0.000000
0.993690 0.112163 0.000000 110.656633 -0.112163 0.993690 0.000000 -4.640918 0.000000 0.000000 1.000000 0.000000
0.993572 0.113202 0.000000 111.090194 -0.113202 0.993572 0.000000 -4.702263 0.000000 0.000000 1.000000 0.000000
0.993681 0.112245 0.000000 111.528669 -0.112245 0.993681 0.000000 -4.758733 0.000000 0.000000 1.000000 0.000000
0.993256 0.115938 0.000000 111.967771 -0.115938 0.993256 0.000000 -4.802467 0.000000 0.000000 1.000000 0.000000
0.993227 0.116194 0.000000 112.407929 -0.116194 0.993227 0.000000 -4.859584 0.000000 0.000000 1.000000 0.000000
0.993324 0.115358 0.000000 112.851954 -0.115358 0.993324 0.000000 -4.916794 0.000000 0.000000 1.000000 0.000000
0.993321 0.115386 0.000000 113.295532 -0.115386 0.993321 0.000000 -4.977967 0.000000 0.000000 1.000000 0.000000
0.993314 0.115446 0.000000 113.744152 -0.115446 0.993314 0.000000 -5.047519 0.000000 0.000000 1.000000 0.000000
0.992847 0.119393 0.000000 114.191142 -0.119393 0.992847 0.000000 -5.114321 0.000000 0.000000 1.000000 0.000000
0.992814 0.119666 0.000000 115.019884 -0.119666 0.992814 0.000000 -5.237991 0.000000 0.000000 1.000000 0.000000
0.992859 0.119292 0.000000 115.479018 -0.119292 0.992859 0.000000 -5.309655 0.000000 0.000000 1.000000 0.000000
0.992496 0.122280 0.000000 115.938560 -0.122280 0.992496 0.000000 -5.371143 0.000000 0.000000 1.000000 0.000000
0.992463 0.122547 0.000000 116.398570 -0.122547 0.992463 0.000000 -5.451164 0.000000 0.000000 1.000000 0.000000
0.992180 0.124813 0.000000 116.857477 -0.124813 0.992180 0.000000 -5.528715 0.000000 0.000000 1.000000 0.000000
0.992031 0.125994 0.000000 117.318149 -0.125994 0.992031 0.000000 -5.608286 0.000000 0.000000 1.000000 0.000000
0.991889 0.127108 0.000000 117.778560 -0.127108 0.991889 0.000000 -5.688474 0.000000 0.000000 1.000000 0.000000
0.991333 0.131370 0.000000 118.244914 -0.131370 0.991333 0.000000 -5.762941 0.000000 0.000000 1.000000 0.000000
0.990664 0.136324 0.000000 118.748671 -0.136324 0.990664 0.000000 -5.847814 0.000000 0.000000 1.000000 0.000000
0.990092 0.140420 0.000000 119.193851 -0.140420 0.990092 0.000000 -5.922458 0.000000 0.000000 1.000000 0.000000
0.990067 0.140596 0.000000 119.695855 -0.140596 0.990067 0.000000 -6.015005 0.000000 0.000000 1.000000 0.000000
0.989749 0.142815 0.000000 120.169943 -0.142815 0.989749 0.000000 -6.099554 0.000000 0.000000 1.000000 0.000000
0.989621 0.143702 0.000000 120.647241 -0.143702 0.989621 0.000000 -6.185739 0.000000 0.000000 1.000000 0.000000
0.990074 0.140547 0.000000 121.117481 -0.140547 0.990074 0.000000 -6.280416 0.000000 0.000000 1.000000 0.000000
0.989720 0.143016 0.000000 121.586764 -0.143016 0.989720 0.000000 -6.358048 0.000000 0.000000 1.000000 0.000000
0.989494 0.144573 0.000000 122.062722 -0.144573 0.989494 0.000000 -6.443057 0.000000 0.000000 1.000000 0.000000
0.988853 0.148893 0.000000 122.540286 -0.148893 0.988853 0.000000 -6.519803 0.000000 0.000000 1.000000 0.000000
0.987754 0.156018 0.000000 123.022029 -0.156018 0.987754 0.000000 -6.596044 0.000000 0.000000 1.000000 0.000000
0.987211 0.159422 0.000000 123.477783 -0.159422 0.987211 0.000000 -6.681228 0.000000 0.000000 1.000000 0.000000
0.986961 0.160960 0.000000 123.958574 -0.160960 0.986961 0.000000 -6.768821 0.000000 0.000000 1.000000 0.000000
0.986278 0.165093 0.000000 124.439876 -0.165093 0.986278 0.000000 -6.860634 0.000000 0.000000 1.000000 0.000000
0.985971 0.166914 0.000000 125.233561 -0.166914 0.985971 0.000000 -7.018817 0.000000 0.000000 1.000000 0.000000
0.985832 0.167736 0.000000 125.718050 -0.167736 0.985832 0.000000 -7.117796 0.000000 0.000000 1.000000 0.000000
0.987645 0.156709 0.000000 126.689776 -0.156709 0.987645 0.000000 -7.318411 0.000000 0.000000 1.000000 0.000000
0.988399 0.151879 0.000000 127.183695 -0.151879 0.988399 0.000000 -7.420166 0.000000 0.000000 1.000000 0.000000
0.989026 0.147739 0.000000 127.675394 -0.147739 0.989026 0.000000 -7.524414 0.000000 0.000000 1.000000 0.000000
0.989225 0.146405 0.000000 128.172430 -0.146405 0.989225 0.000000 -7.612400 0.000000 0.000000 1.000000 0.000000
0.989704 0.143129 0.000000 128.670519 -0.143129 0.989704 0.000000 -7.711305 0.000000 0.000000 1.000000 0.000000
0.989134 0.147016 0.000000 129.172734 -0.147016 0.989134 0.000000 -7.791981 0.000000 0.000000 1.000000 0.000000
0.990181 0.139792 0.000000 129.707100 -0.139792 0.990181 0.000000 -7.884981 0.000000 0.000000 1.000000 0.000000
0.989813 0.142371 0.000000 130.195887 -0.142371 0.989813 0.000000 -7.964840 0.000000 0.000000 1.000000 0.000000
0.989547 0.144210 0.000000 130.704688 -0.144210 0.989547 0.000000 -8.053468 0.000000 0.000000 1.000000 0.000000
0.989336 0.145651 0.000000 131.222823 -0.145651 0.989336 0.000000 -8.141090 0.000000 0.000000 1.000000 0.000000
0.989353 0.145535 0.000000 131.701592 -0.145535 0.989353 0.000000 -8.220478 0.000000 0.000000 1.000000 0.000000
0.989349 0.145564 0.000000 132.215874 -0.145564 0.989349 0.000000 -8.308420 0.000000 0.000000 1.000000 0.000000
0.989442 0.144930 0.000000 132.743084 -0.144930 0.989442 0.000000 -8.407100 0.000000 0.000000 1.000000 0.000000
0.989111 0.147172 0.000000 133.233061 -0.147172 0.989111 0.000000 -8.487699 0.000000 0.000000 1.000000 0.000000
0.989679 0.143301 0.000000 133.752141 -0.143301 0.989679 0.000000 -8.578540 0.000000 0.000000 1.000000 0.000000
0.989358 0.145500 0.000000 134.284956 -0.145500 0.989358 0.000000 -8.674412 0.000000 0.000000 1.000000 0.000000
0.988761 0.149507 0.000000 134.913662 -0.149507 0.988761 0.000000 -8.773817 0.000000 0.000000 1.000000 0.000000
0.988548 0.150910 0.000000 135.484945 -0.150910 0.988548 0.000000 -8.871218 0.000000 0.000000 1.000000 0.000000
0.987132 0.159910 0.000000 135.986562 -0.159910 0.987132 0.000000 -8.962126 0.000000 0.000000 1.000000 0.000000
0.987094 0.160139 0.000000 136.521350 -0.160139 0.987094 0.000000 -9.061380 0.000000 0.000000 1.000000 0.000000
0.986032 0.166554 0.000000 137.058172 -0.166554 0.986032 0.000000 -9.163162 0.000000 0.000000 1.000000 0.000000
0.985613 0.169016 0.000000 137.600696 -0.169016 0.985613 0.000000 -9.266729 0.000000 0.000000 1.000000 0.000000
0.984718 0.174158 0.000000 141.413203 -0.174158 0.984718 0.000000 -10.050058 0.000000 0.000000 1.000000 0.000000
0.984653 0.174526 0.000000 141.929788 -0.174526 0.984653 0.000000 -10.148315 0.000000 0.000000 1.000000 0.000000
0.987167 0.159689 0.000000 143.071900 -0.159689 0.987167 0.000000 -10.400929 0.000000 0.000000 1.000000 0.000000
0.986354 0.164641 0.000000 144.190142 -0.164641 0.986354 0.000000 -10.630532 0.000000 0.000000 1.000000 0.000000
0.986243 0.165302 0.000000 144.754258 -0.165302 0.986243 0.000000 -10.745094 0.000000 0.000000 1.000000 0.000000
0.986087 0.166231 0.000000 145.319021 -0.166231 0.986087 0.000000 -10.862778 0.000000 0.000000 1.000000 0.000000
0.986126 0.165998 0.000000 145.887398 -0.165998 0.986126 0.000000 -10.981086 0.000000 0.000000 1.000000 0.000000
0.986277 0.165101 0.000000 146.456638 -0.165101 0.986277 0.000000 -11.111657 0.000000 0.000000 1.000000 0.000000
0.986850 0.161636 0.000000 147.022813 -0.161636 0.986850 0.000000 -11.233867 0.000000 0.000000 1.000000 0.000000
0.986243 0.165300 0.000000 147.591792 -0.165300 0.986243 0.000000 -11.347375 0.000000 0.000000 1.000000 0.000000
0.985950 0.167039 0.000000 148.163293 -0.167039 0.985950 0.000000 -11.462916 0.000000 0.000000 1.000000 0.000000
0.986245 0.165290 0.000000 148.736001 -0.165290 0.986245 0.000000 -11.591576 0.000000 0.000000 1.000000 0.000000
0.985990 0.166802 0.000000 149.654808 -0.166802 0.985990 0.000000 -11.783716 0.000000 0.000000 1.000000 0.000000
0.985079 0.172101 0.000000 150.227993 -0.172101 0.985079 0.000000 -11.902892 0.000000 0.000000 1.000000 0.000000
0.985115 0.171896 0.000000 150.794909 -0.171896 0.985115 0.000000 -12.035814 0.000000 0.000000 1.000000 0.000000
0.984316 0.176417 0.000000 151.372758 -0.176417 0.984316 0.000000 -12.153896 0.000000 0.000000 1.000000 0.000000
0.983297 0.182010 0.000000 151.992043 -0.182010 0.983297 0.000000 -12.281410 0.000000 0.000000 1.000000 0.000000
0.982500 0.186263 0.000000 152.522142 -0.186263 0.982500 0.000000 -12.396211 0.000000 0.000000 1.000000 0.000000
0.982076 0.188486 0.000000 153.132033 -0.188486 0.982076 0.000000 -12.534074 0.000000 0.000000 1.000000 0.000000
0.981872 0.189545 0.000000 153.699433 -0.189545 0.981872 0.000000 -12.669697 0.000000 0.000000 1.000000 0.000000
0.981664 0.190620 0.000000 154.277344 -0.190620 0.981664 0.000000 -12.793752 0.000000 0.000000 1.000000 0.000000
0.981262 0.192679 0.000000 154.854278 -0.192679 0.981262 0.000000 -12.912232 0.000000 0.000000 1.000000 0.000000
0.980782 0.195107 0.000000 155.429967 -0.195107 0.980782 0.000000 -13.030611 0.000000 0.000000 1.000000 0.000000
0.981013 0.193942 0.000000 155.995889 -0.193942 0.981013 0.000000 -13.154915 0.000000 0.000000 1.000000 0.000000
0.980994 0.194036 0.000000 156.562614 -0.194036 0.980994 0.000000 -13.273713 0.000000 0.000000 1.000000 0.000000
0.980775 0.195144 0.000000 157.120560 -0.195144 0.980775 0.000000 -13.383482 0.000000 0.000000 1.000000 0.000000
0.980942 0.194299 0.000000 157.685616 -0.194299 0.980942 0.000000 -13.510055 0.000000 0.000000 1.000000 0.000000
0.980193 0.198046 0.000000 158.254315 -0.198046 0.980193 0.000000 -13.628385 0.000000 0.000000 1.000000 0.000000
0.979521 0.201341 0.000000 159.384242 -0.201341 0.979521 0.000000 -13.879670 0.000000 0.000000 1.000000 0.000000
0.979172 0.203031 0.000000 159.943005 -0.203031 0.979172 0.000000 -14.005403 0.000000 0.000000 1.000000 0.000000
0.979517 0.201363 0.000000 160.470499 -0.201363 0.979517 0.000000 -14.134084 0.000000 0.000000 1.000000 0.000000
0.978132 0.207985 0.000000 161.049724 -0.207985 0.978132 0.000000 -14.253285 0.000000 0.000000 1.000000 0.000000
0.977528 0.210806 0.000000 161.602343 -0.210806 0.977528 0.000000 -14.377471 0.000000 0.000000 1.000000 0.000000
0.977698 0.210014 0.000000 162.704083 -0.210014 0.977698 0.000000 -14.642511 0.000000 0.000000 1.000000 0.000000
0.977774 0.209661 0.000000 163.262460 -0.209661 0.977774 0.000000 -14.772285 0.000000 0.000000 1.000000 0.000000
0.977607 0.210439 0.000000 163.787755 -0.210439 0.977607 0.000000 -14.903448 0.000000 0.000000 1.000000 0.000000
0.977323 0.211754 0.000000 164.342746 -0.211754 0.977323 0.000000 -15.033708 0.000000 0.000000 1.000000 0.000000
0.977631 0.210328 0.000000 164.907855 -0.210328 0.977631 0.000000 -15.164423 0.000000 0.000000 1.000000 0.000000
0.976989 0.213288 0.000000 165.433886 -0.213288 0.976989 0.000000 -15.279470 0.000000 0.000000 1.000000 0.000000
0.975874 0.218336 0.000000 166.189970 -0.218336 0.975874 0.000000 -15.442148 0.000000 0.000000 1.000000 0.000000
0.975320 0.220794 0.000000 166.751503 -0.220794 0.975320 0.000000 -15.574694 0.000000 0.000000 1.000000 0.000000
0.974639 0.223783 0.000000 167.314408 -0.223783 0.974639 0.000000 -15.704374 0.000000 0.000000 1.000000 0.000000
0.973025 0.230698 0.000000 167.914668 -0.230698 0.973025 0.000000 -15.846503 0.000000 0.000000 1.000000 0.000000
0.972988 0.230857 0.000000 168.445251 -0.230857 0.972988 0.000000 -15.979144 0.000000 0.000000 1.000000 0.000000
0.973364 0.229264 0.000000 169.046151 -0.229264 0.973364 0.000000 -16.141084 0.000000 0.000000 1.000000 0.000000
0.972164 0.234299 0.000000 169.613272 -0.234299 0.972164 0.000000 -16.281023 0.000000 0.000000 1.000000 0.000000
0.972424 0.233222 0.000000 170.179985 -0.233222 0.972424 0.000000 -16.429932 0.000000 0.000000 1.000000 0.000000
0.970812 0.239842 0.000000 170.755096 -0.239842 0.970812 0.000000 -16.570359 0.000000 0.000000 1.000000 0.000000
0.971782 0.235882 0.000000 171.312174 -0.235882 0.971782 0.000000 -16.733000 0.000000 0.000000 1.000000 0.000000
0.971994 0.235004 0.000000 171.880796 -0.235004 0.971994 0.000000 -16.882254 0.000000 0.000000 1.000000 0.000000
0.971863 0.235548 0.000000 172.442443 -0.235548 0.971863 0.000000 -17.038454 0.000000 0.000000 1.000000 0.000000
0.972614 0.232428 0.000000 173.010668 -0.232428 0.972614 0.000000 -17.196307 0.000000 0.000000 1.000000 0.000000
0.974094 0.226145 0.000000 173.577894 -0.226145 0.974094 0.000000 -17.356800 0.000000 0.000000 1.000000 0.000000
0.974789 0.223128 0.000000 174.146238 -0.223128 0.974789 0.000000 -17.511066 0.000000 0.000000 1.000000 0.000000
0.974517 0.224313 0.000000 174.719041 -0.224313 0.974517 0.000000 -17.653121 0.000000 0.000000 1.000000 0.000000
0.975070 0.221897 0.000000 175.291635 -0.221897 0.975070 0.000000 -17.805675 0.000000 0.000000 1.000000 0.000000
0.974453 0.224590 0.000000 175.827791 -0.224590 0.974453 0.000000 -17.939068 0.000000 0.000000 1.000000 0.000000
0.974254 0.225455 0.000000 176.439461 -0.225455 0.974254 0.000000 -18.097669 0.000000 0.000000 1.000000 0.000000
0.974295 0.225278 0.000000 176.970335 -0.225278 0.974295 0.000000 -18.229677 0.000000 0.000000 1.000000 0.000000
0.974186 0.225748 0.000000 177.544231 -0.225748 0.974186 0.000000 -18.382582 0.000000 0.000000 1.000000 0.000000
0.973629 0.228136 0.000000 178.118035 -0.228136 0.973629 0.000000 -18.528539 0.000000 0.000000 1.000000 0.000000
0.972793 0.231676 0.000000 178.693402 -0.231676 0.972793 0.000000 -18.677185 0.000000 0.000000 1.000000 0.000000
0.970714 0.240240 0.000000 179.270010 -0.240240 0.970714 0.000000 -18.828639 0.000000 0.000000 1.000000 0.000000
0.970344 0.241728 0.000000 179.841437 -0.241728 0.970344 0.000000 -18.979124 0.000000 0.000000 1.000000 0.000000
0.970171 0.242422 0.000000 180.415199 -0.242422 0.970171 0.000000 -19.136225 0.000000 0.000000 1.000000 0.000000
0.970003 0.243092 0.000000 180.984758 -0.243092 0.970003 0.000000 -19.291183 0.000000 0.000000 1.000000 0.000000
0.969439 0.245334 0.000000 181.563183 -0.245334 0.969439 0.000000 -19.443588 0.000000 0.000000 1.000000 0.000000
0.968696 0.248250 0.000000 182.141492 -0.248250 0.968696 0.000000 -19.597426 0.000000 0.000000 1.000000 0.000000
0.968977 0.247152 0.000000 182.705035 -0.247152 0.968977 0.000000 -19.755790 0.000000 0.000000 1.000000 0.000000
0.969131 0.246544 0.000000 183.278025 -0.246544 0.969131 0.000000 -19.921182 0.000000 0.000000 1.000000 0.000000
0.968361 0.249552 0.000000 183.845627 -0.249552 0.968361 0.000000 -20.081590 0.000000 0.000000 1.000000 0.000000
0.967958 0.251112 0.000000 184.383498 -0.251112 0.967958 0.000000 -20.224015 0.000000 0.000000 1.000000 0.000000
0.967968 0.251072 0.000000 184.948979 -0.251072 0.967968 0.000000 -20.385103 0.000000 0.000000 1.000000 0.000000
0.966595 0.256309 0.000000 185.516796 -0.256309 0.966595 0.000000 -20.549062 0.000000 0.000000 1.000000 0.000000
0.966397 0.257053 0.000000 186.064838 -0.257053 0.966397 0.000000 -20.704338 0.000000 0.000000 1.000000 0.000000
0.966973 0.254878 0.000000 186.626771 -0.254878 0.966973 0.000000 -20.866988 0.000000 0.000000 1.000000 0.000000
0.965889 0.258955 0.000000 187.190350 -0.258955 0.965889 0.000000 -21.031128 0.000000 0.000000 1.000000 0.000000
0.966704 0.255897 0.000000 187.719437 -0.255897 0.966704 0.000000 -21.189632 0.000000 0.000000 1.000000 0.000000
0.966452 0.256847 0.000000 188.275052 -0.256847 0.966452 0.000000 -21.354120 0.000000 0.000000 1.000000 0.000000
0.965430 0.260664 0.000000 188.841660 -0.260664 0.965430 0.000000 -21.518214 0.000000 0.000000 1.000000 0.000000
0.965188 0.261558 0.000000 189.371854 -0.261558 0.965188 0.000000 -21.668108 0.000000 0.000000 1.000000 0.000000
0.964722 0.263272 0.000000 189.933981 -0.263272 0.964722 0.000000 -21.834546 0.000000 0.000000 1.000000 0.000000
0.964117 0.265478 0.000000 190.490145 -0.265478 0.964117 0.000000 -21.999483 0.000000 0.000000 1.000000 0.000000
0.963241 0.268640 0.000000 191.297706 -0.268640 0.963241 0.000000 -22.250109 0.000000 0.000000 1.000000 0.000000
0.962396 0.271651 0.000000 191.853706 -0.271651 0.962396 0.000000 -22.416226 0.000000 0.000000 1.000000 0.000000
0.961449 0.274985 0.000000 192.412173 -0.274985 0.961449 0.000000 -22.584694 0.000000 0.000000 1.000000 0.000000
0.961493 0.274828 0.000000 192.967536 -0.274828 0.961493 0.000000 -22.753367 0.000000 0.000000 1.000000 0.000000
0.961030 0.276445 0.000000 193.522376 -0.276445 0.961030 0.000000 -22.921506 0.000000 0.000000 1.000000 0.000000
0.961354 0.275314 0.000000 194.080588 -0.275314 0.961354 0.000000 -23.084376 0.000000 0.000000 1.000000 0.000000
0.962220 0.272274 0.000000 194.634371 -0.272274 0.962220 0.000000 -23.257347 0.000000 0.000000 1.000000 0.000000
0.962069 0.272807 0.000000 195.209277 -0.272807 0.962069 0.000000 -23.432271 0.000000 0.000000 1.000000 0.000000
0.962138 0.272562 0.000000 195.704620 -0.272562 0.962138 0.000000 -23.582490 0.000000 0.000000 1.000000 0.000000
0.961703 0.274095 0.000000 196.667994 -0.274095 0.961703 0.000000 -23.875406 0.000000 0.000000 1.000000 0.000000
0.961561 0.274591 0.000000 197.227406 -0.274591 0.961561 0.000000 -24.037675 0.000000 0.000000 1.000000 0.000000
0.961063 0.276330 0.000000 197.928220 -0.276330 0.961063 0.000000 -24.252942 0.000000 0.000000 1.000000 0.000000
0.960482 0.278343 0.000000 198.634906 -0.278343 0.960482 0.000000 -24.479881 0.000000 0.000000 1.000000 0.000000
0.959565 0.281487 0.000000 199.581511 -0.281487 0.959565 0.000000 -24.781845 0.000000 0.000000 1.000000 0.000000
0.959507 0.281686 0.000000 200.131020 -0.281686 0.959507 0.000000 -24.955393 0.000000 0.000000 1.000000 0.000000
0.959637 0.281243 0.000000 200.685187 -0.281243 0.959637 0.000000 -25.138182 0.000000 0.000000 1.000000 0.000000
0.959380 0.282117 0.000000 201.231318 -0.282117 0.959380 0.000000 -25.310978 0.000000 0.000000 1.000000 0.000000
0.959083 0.283126 0.000000 201.748994 -0.283126 0.959083 0.000000 -25.473293 0.000000 0.000000 1.000000 0.000000
0.960160 0.279449 0.000000 202.300894 -0.279449 0.960160 0.000000 -25.648034 0.000000 0.000000 1.000000 0.000000
0.959493 0.281733 0.000000 202.842890 -0.281733 0.959493 0.000000 -25.823060 0.000000 0.000000 1.000000 0.000000
0.959331 0.282285 0.000000 203.613851 -0.282285 0.959331 0.000000 -26.081889 0.000000 0.000000 1.000000 0.000000
0.959809 0.280655 0.000000 204.165205 -0.280655 0.959809 0.000000 -26.257700 0.000000 0.000000 1.000000 0.000000
0.959971 0.280099 0.000000 204.716640 -0.280099 0.959971 0.000000 -26.429381 0.000000 0.000000 1.000000 0.000000
0.959912 0.280303 0.000000 205.263552 -0.280303 0.959912 0.000000 -26.606889 0.000000 0.000000 1.000000 0.000000
0.961211 0.275815 0.000000 205.852654 -0.275815 0.961211 0.000000 -26.792021 0.000000 0.000000 1.000000 0.000000
0.961336 0.275377 0.000000 206.365778 -0.275377 0.961336 0.000000 -26.955202 0.000000 0.000000 1.000000 0.000000
0.961332 0.275392 0.000000 206.946576 -0.275392 0.961332 0.000000 -27.139812 0.000000 0.000000 1.000000 0.000000
0.962007 0.273025 0.000000 207.459780 -0.273025 0.962007 0.000000 -27.307711 0.000000 0.000000 1.000000 0.000000
0.962159 0.272489 0.000000 208.044418 -0.272489 0.962159 0.000000 -27.492473 0.000000 0.000000 1.000000 0.000000
0.962705 0.270553 0.000000 208.589683 -0.270553 0.962705 0.000000 -27.666418 0.000000 0.000000 1.000000 0.000000
0.962496 0.271297 0.000000 209.138875 -0.271297 0.962496 0.000000 -27.831565 0.000000 0.000000 1.000000 0.000000
0.962999 0.269504 0.000000 209.689173 -0.269504 0.962999 0.000000 -28.005932 0.000000 0.000000 1.000000 0.000000
0.962859 0.270005 0.000000 210.226010 -0.270005 0.962859 0.000000 -28.167080 0.000000 0.000000 1.000000 0.000000
0.962961 0.269640 0.000000 210.775203 -0.269640 0.962961 0.000000 -28.334471 0.000000 0.000000 1.000000 0.000000
0.963593 0.267374 0.000000 211.324820 -0.267374 0.963593 0.000000 -28.503143 0.000000 0.000000 1.000000 0.000000
0.964211 0.265136 0.000000 211.868199 -0.265136 0.964211 0.000000 -28.672208 0.000000 0.000000 1.000000 0.000000
0.962603 0.270917 0.000000 212.403736 -0.270917 0.962603 0.000000 -28.837625 0.000000 0.000000 1.000000 0.000000
0.963233 0.268669 0.000000 212.948551 -0.268669 0.963233 0.000000 -29.005253 0.000000 0.000000 1.000000 0.000000
0.964132 0.265422 0.000000 213.525635 -0.265422 0.964132 0.000000 -29.180699 0.000000 0.000000 1.000000 0.000000
0.964673 0.263449 0.000000 214.067381 -0.263449 0.964673 0.000000 -29.340071 0.000000 0.000000 1.000000 0.000000
0.965564 0.260164 0.000000 214.610316 -0.260164 0.965564 0.000000 -29.501675 0.000000 0.000000 1.000000 0.000000
0.965720 0.259587 0.000000 215.119436 -0.259587 0.965720 0.000000 -29.653591 0.000000 0.000000 1.000000 0.000000
0.965647 0.259857 0.000000 215.655343 -0.259857 0.965647 0.000000 -29.814111 0.000000 0.000000 1.000000 0.000000
0.964939 0.262476 0.000000 216.233215 -0.262476 0.964939 0.000000 -29.985509 0.000000 0.000000 1.000000 0.000000
0.965786 0.259341 0.000000 216.774596 -0.259341 0.965786 0.000000 -30.147419 0.000000 0.000000 1.000000 0.000000
0.966465 0.256800 0.000000 217.317851 -0.256800 0.966465 0.000000 -30.307542 0.000000 0.000000 1.000000 0.000000
0.966577 0.256375 0.000000 217.832443 -0.256375 0.966577 0.000000 -30.462107 0.000000 0.000000 1.000000 0.000000
0.966976 0.254867 0.000000 218.902603 -0.254867 0.966976 0.000000 -30.772664 0.000000 0.000000 1.000000 0.000000
0.967954 0.251128 0.000000 219.429408 -0.251128 0.967954 0.000000 -30.928621 0.000000 0.000000 1.000000 0.000000
0.968535 0.248876 0.000000 219.952891 -0.248876 0.968535 0.000000 -31.076960 0.000000 0.000000 1.000000 0.000000
0.969225 0.246175 0.000000 220.449592 -0.246175 0.969225 0.000000 -31.216974 0.000000 0.000000 1.000000 0.000000
0.969213 0.246225 0.000000 220.986027 -0.246225 0.969213 0.000000 -31.368448 0.000000 0.000000 1.000000 0.000000
0.969878 0.243591 0.000000 221.513764 -0.243591 0.969878 0.000000 -31.517919 0.000000 0.000000 1.000000 0.000000
0.970371 0.241618 0.000000 222.048632 -0.241618 0.970371 0.000000 -31.662885 0.000000 0.000000 1.000000 0.000000
0.970628 0.240587 0.000000 222.545906 -0.240587 0.970628 0.000000 -31.796834 0.000000 0.000000 1.000000 0.000000
0.971112 0.238622 0.000000 223.070493 -0.238622 0.971112 0.000000 -31.948189 0.000000 0.000000 1.000000 0.000000
0.970924 0.239389 0.000000 223.559760 -0.239389 0.970924 0.000000 -32.081416 0.000000 0.000000 1.000000 0.000000
0.970803 0.239879 0.000000 224.083922 -0.239879 0.970803 0.000000 -32.223799 0.000000 0.000000 1.000000 0.000000
0.970852 0.239678 0.000000 224.601439 -0.239678 0.970852 0.000000 -32.360088 0.000000 0.000000 1.000000 0.000000
0.971173 0.238378 0.000000 225.118696 -0.238378 0.971173 0.000000 -32.496747 0.000000 0.000000 1.000000 0.000000
0.971693 0.236247 0.000000 225.606632 -0.236247 0.971693 0.000000 -32.633478 0.000000 0.000000 1.000000 0.000000
0.971785 0.235870 0.000000 226.128487 -0.235870 0.971785 0.000000 -32.765766 0.000000 0.000000 1.000000 0.000000
0.972668 0.232201 0.000000 226.773560 -0.232201 0.972668 0.000000 -32.929971 0.000000 0.000000 1.000000 0.000000
0.972736 0.231914 0.000000 227.393963 -0.231914 0.972736 0.000000 -33.096105 0.000000 0.000000 1.000000 0.000000
0.972827 0.231531 0.000000 227.913433 -0.231531 0.972827 0.000000 -33.232509 0.000000 0.000000 1.000000 0.000000
0.972988 0.230856 0.000000 228.431482 -0.230856 0.972988 0.000000 -33.364148 0.000000 0.000000 1.000000 0.000000
0.973743 0.227652 0.000000 228.945478 -0.227652 0.973743 0.000000 -33.498268 0.000000 0.000000 1.000000 0.000000
0.974233 0.225543 0.000000 229.460750 -0.225543 0.974233 0.000000 -33.629827 0.000000 0.000000 1.000000 0.000000
0.974781 0.223164 0.000000 229.977551 -0.223164 0.974781 0.000000 -33.760870 0.000000 0.000000 1.000000 0.000000
0.976043 0.217578 0.000000 230.862937 -0.217578 0.976043 0.000000 -33.992637 0.000000 0.000000 1.000000 0.000000
0.975755 0.218867 0.000000 231.391019 -0.218867 0.975755 0.000000 -34.125507 0.000000 0.000000 1.000000 0.000000
0.975690 0.219154 0.000000 231.873711 -0.219154 0.975690 0.000000 -34.250493 0.000000 0.000000 1.000000 0.000000
0.975017 0.222129 0.000000 232.395133 -0.222129 0.975017 0.000000 -34.382606 0.000000 0.000000 1.000000 0.000000
0.974548 0.224179 0.000000 232.912047 -0.224179 0.974548 0.000000 -34.515150 0.000000 0.000000 1.000000 0.000000
0.974004 0.226530 0.000000 233.426235 -0.226530 0.974004 0.000000 -34.640834 0.000000 0.000000 1.000000 0.000000
0.974540 0.224213 0.000000 233.943762 -0.224213 0.974540 0.000000 -34.787030 0.000000 0.000000 1.000000 0.000000
0.974523 0.224287 0.000000 234.456830 -0.224287 0.974523 0.000000 -34.927296 0.000000 0.000000 1.000000 0.000000
0.973816 0.227339 0.000000 234.967046 -0.227339 0.973816 0.000000 -35.055203 0.000000 0.000000 1.000000 0.000000
0.973295 0.229559 0.000000 235.486483 -0.229559 0.973295 0.000000 -35.194267 0.000000 0.000000 1.000000 0.000000
0.973143 0.230201 0.000000 235.996217 -0.230201 0.973143 0.000000 -35.334502 0.000000 0.000000 1.000000 0.000000
0.972442 0.233146 0.000000 236.516194 -0.233146 0.972442 0.000000 -35.469329 0.000000 0.000000 1.000000 0.000000
0.972621 0.232397 0.000000 237.025552 -0.232397 0.972621 0.000000 -35.613735 0.000000 0.000000 1.000000 0.000000
0.972104 0.234552 0.000000 237.530987 -0.234552 0.972104 0.000000 -35.748809 0.000000 0.000000 1.000000 0.000000
0.972138 0.234411 0.000000 238.042441 -0.234411 0.972138 0.000000 -35.890476 0.000000 0.000000 1.000000 0.000000
0.971787 0.235860 0.000000 238.558282 -0.235860 0.971787 0.000000 -36.031489 0.000000 0.000000 1.000000 0.000000
0.971956 0.235161 0.000000 239.105724 -0.235161 0.971956 0.000000 -36.181876 0.000000 0.000000 1.000000 0.000000
0.971687 0.236274 0.000000 239.584525 -0.236274 0.971687 0.000000 -36.308814 0.000000 0.000000 1.000000 0.000000
0.971337 0.237708 0.000000 240.091637 -0.237708 0.971337 0.000000 -36.444822 0.000000 0.000000 1.000000 0.000000
0.970155 0.242484 0.000000 240.607001 -0.242484 0.970155 0.000000 -36.583738 0.000000 0.000000 1.000000 0.000000
0.969639 0.244540 0.000000 241.116498 -0.244540 0.969639 0.000000 -36.726713 0.000000 0.000000 1.000000 0.000000
0.970047 0.242918 0.000000 241.628845 -0.242918 0.970047 0.000000 -36.876643 0.000000 0.000000 1.000000 0.000000
0.970068 0.242835 0.000000 242.132583 -0.242835 0.970068 0.000000 -37.019036 0.000000 0.000000 1.000000 0.000000
0.969680 0.244379 0.000000 242.639162 -0.244379 0.969680 0.000000 -37.162305 0.000000 0.000000 1.000000 0.000000
0.969302 0.245875 0.000000 243.147379 -0.245875 0.969302 0.000000 -37.306677 0.000000 0.000000 1.000000 0.000000
0.969427 0.245378 0.000000 243.658311 -0.245378 0.969427 0.000000 -37.456100 0.000000 0.000000 1.000000 0.000000
0.968039 0.250801 0.000000 244.199376 -0.250801 0.968039 0.000000 -37.605052 0.000000 0.000000 1.000000 0.000000
0.967382 0.253321 0.000000 244.703348 -0.253321 0.967382 0.000000 -37.748578 0.000000 0.000000 1.000000 0.000000
0.966675 0.256008 0.000000 245.178272 -0.256008 0.966675 0.000000 -37.890770 0.000000 0.000000 1.000000 0.000000
0.966153 0.257971 0.000000 245.680880 -0.257971 0.966153 0.000000 -38.040823 0.000000 0.000000 1.000000 0.000000
0.964196 0.265191 0.000000 246.688270 -0.265191 0.964196 0.000000 -38.330006 0.000000 0.000000 1.000000 0.000000
0.963349 0.268250 0.000000 247.197668 -0.268250 0.963349 0.000000 -38.474249 0.000000 0.000000 1.000000 0.000000
0.961555 0.274613 0.000000 247.901922 -0.274613 0.961555 0.000000 -38.680983 0.000000 0.000000 1.000000 0.000000
0.962574 0.271019 0.000000 248.867259 -0.271019 0.962574 0.000000 -38.975532 0.000000 0.000000 1.000000 0.000000
0.962328 0.271893 0.000000 249.366012 -0.271893 0.962328 0.000000 -39.123719 0.000000 0.000000 1.000000 0.000000
0.961574 0.274547 0.000000 249.864656 -0.274547 0.961574 0.000000 -39.267977 0.000000 0.000000 1.000000 0.000000
0.961127 0.276107 0.000000 250.354914 -0.276107 0.961127 0.000000 -39.416948 0.000000 0.000000 1.000000 0.000000
0.960840 0.277105 0.000000 250.853720 -0.277105 0.960840 0.000000 -39.575106 0.000000 0.000000 1.000000 0.000000
0.960445 0.278469 0.000000 251.346921 -0.278469 0.960445 0.000000 -39.733036 0.000000 0.000000 1.000000 0.000000
0.960197 0.279324 0.000000 251.838985 -0.279324 0.960197 0.000000 -39.890435 0.000000 0.000000 1.000000 0.000000
0.960151 0.279481 0.000000 252.335128 -0.279481 0.960151 0.000000 -40.042379 0.000000 0.000000 1.000000 0.000000
0.960438 0.278492 0.000000 252.827672 -0.278492 0.960438 0.000000 -40.194940 0.000000 0.000000 1.000000 0.000000
0.962050 0.272874 0.000000 253.312232 -0.272874 0.962050 0.000000 -40.349878 0.000000 0.000000 1.000000 0.000000
0.962877 0.269940 0.000000 253.769277 -0.269940 0.962877 0.000000 -40.488440 0.000000 0.000000 1.000000 0.000000
0.963264 0.268556 0.000000 254.260893 -0.268556 0.963264 0.000000 -40.629309 0.000000 0.000000 1.000000 0.000000
0.963089 0.269183 0.000000 254.748962 -0.269183 0.963089 0.000000 -40.768156 0.000000 0.000000 1.000000 0.000000
0.963511 0.267669 0.000000 255.228310 -0.267669 0.963511 0.000000 -40.908402 0.000000 0.000000 1.000000 0.000000
0.963760 0.266771 0.000000 255.712500 -0.266771 0.963760 0.000000 -41.053473 0.000000 0.000000 1.000000 0.000000
0.964400 0.264447 0.000000 256.190988 -0.264447 0.964400 0.000000 -41.193649 0.000000 0.000000 1.000000 0.000000
0.964343 0.264655 0.000000 256.677665 -0.264655 0.964343 0.000000 -41.337360 0.000000 0.000000 1.000000 0.000000
0.963921 0.266190 0.000000 257.147736 -0.266190 0.963921 0.000000 -41.474730 0.000000 0.000000 1.000000 0.000000
0.963451 0.267884 0.000000 257.626424 -0.267884 0.963451 0.000000 -41.618253 0.000000 0.000000 1.000000 0.000000
0.962396 0.271651 0.000000 258.091501 -0.271651 0.962396 0.000000 -41.762133 0.000000 0.000000 1.000000 0.000000
0.962642 0.270778 0.000000 258.555128 -0.270778 0.962642 0.000000 -41.906062 0.000000 0.000000 1.000000 0.000000
0.963584 0.267406 0.000000 259.015617 -0.267406 0.963584 0.000000 -42.055449 0.000000 0.000000 1.000000 0.000000
0.963333 0.268307 0.000000 259.443929 -0.268307 0.963333 0.000000 -42.179925 0.000000 0.000000 1.000000 0.000000
0.962972 0.269600 0.000000 259.894190 -0.269600 0.962972 0.000000 -42.321513 0.000000 0.000000 1.000000 0.000000
0.962910 0.269821 0.000000 260.346980 -0.269821 0.962910 0.000000 -42.461726 0.000000 0.000000 1.000000 0.000000
0.963034 0.269381 0.000000 260.785992 -0.269381 0.963034 0.000000 -42.592708 0.000000 0.000000 1.000000 0.000000
0.963170 0.268892 0.000000 261.233889 -0.268892 0.963170 0.000000 -42.720779 0.000000 0.000000 1.000000 0.000000
0.963484 0.267767 0.000000 261.664257 -0.267767 0.963484 0.000000 -42.844236 0.000000 0.000000 1.000000 0.000000
0.963385 0.268120 0.000000 262.097731 -0.268120 0.963385 0.000000 -42.976424 0.000000 0.000000 1.000000 0.000000
0.964059 0.265687 0.000000 262.524814 -0.265687 0.964059 0.000000 -43.101160 0.000000 0.000000 1.000000 0.000000
0.964695 0.263370 0.000000 262.959175 -0.263370 0.964695 0.000000 -43.222652 0.000000 0.000000 1.000000 0.000000
0.965783 0.259350 0.000000 263.512945 -0.259350 0.965783 0.000000 -43.383987 0.000000 0.000000 1.000000 0.000000
0.965793 0.259316 0.000000 263.928456 -0.259316 0.965793 0.000000 -43.500357 0.000000 0.000000 1.000000 0.000000
0.965310 0.261108 0.000000 264.340015 -0.261108 0.965310 0.000000 -43.616900 0.000000 0.000000 1.000000 0.000000
0.966092 0.258199 0.000000 264.745794 -0.258199 0.966092 0.000000 -43.742516 0.000000 0.000000 1.000000 0.000000
0.965918 0.258849 0.000000 265.162804 -0.258849 0.965918 0.000000 -43.856077 0.000000 0.000000 1.000000 0.000000
0.966635 0.256157 0.000000 265.548839 -0.256157 0.966635 0.000000 -43.970398 0.000000 0.000000 1.000000 0.000000
0.966449 0.256858 0.000000 265.940790 -0.256858 0.966449 0.000000 -44.073766 0.000000 0.000000 1.000000 0.000000
0.965907 0.258890 0.000000 266.357647 -0.258890 0.965907 0.000000 -44.187014 0.000000 0.000000 1.000000 0.000000
0.965603 0.260020 0.000000 266.747134 -0.260020 0.965603 0.000000 -44.293782 0.000000 0.000000 1.000000 0.000000
0.964827 0.262885 0.000000 267.130987 -0.262885 0.964827 0.000000 -44.398707 0.000000 0.000000 1.000000 0.000000
0.965128 0.261778 0.000000 267.511071 -0.261778 0.965128 0.000000 -44.509648 0.000000 0.000000 1.000000 0.000000
0.965355 0.260940 0.000000 267.883796 -0.260940 0.965355 0.000000 -44.619171 0.000000 0.000000 1.000000 0.000000
0.964787 0.263032 0.000000 268.251617 -0.263032 0.964787 0.000000 -44.728547 0.000000 0.000000 1.000000 0.000000
0.964421 0.264371 0.000000 268.609835 -0.264371 0.964421 0.000000 -44.836726 0.000000 0.000000 1.000000 0.000000
0.964525 0.263991 0.000000 268.967017 -0.263991 0.964525 0.000000 -44.944527 0.000000 0.000000 1.000000 0.000000
0.964860 0.262763 0.000000 269.319116 -0.262763 0.964860 0.000000 -45.048101 0.000000 0.000000 1.000000 0.000000
0.965161 0.261655 0.000000 269.668175 -0.261655 0.965161 0.000000 -45.147728 0.000000 0.000000 1.000000 0.000000
0.964956 0.262411 0.000000 270.014786 -0.262411 0.964956 0.000000 -45.243904 0.000000 0.000000 1.000000 0.000000
0.964767 0.263104 0.000000 270.360850 -0.263104 0.964767 0.000000 -45.343629 0.000000 0.000000 1.000000 0.000000
0.965738 0.259521 0.000000 270.696342 -0.259521 0.965738 0.000000 -45.450223 0.000000 0.000000 1.000000 0.000000
0.965968 0.258662 0.000000 271.363219 -0.258662 0.965968 0.000000 -45.652258 0.000000 0.000000 1.000000 0.000000
0.965824 0.259200 0.000000 271.685558 -0.259200 0.965824 0.000000 -45.746187 0.000000 0.000000 1.000000 0.000000
0.965996 0.258556 0.000000 272.004305 -0.258556 0.965996 0.000000 -45.842651 0.000000 0.000000 1.000000 0.000000
0.966208 0.257762 0.000000 272.316614 -0.257762 0.966208 0.000000 -45.936882 0.000000 0.000000 1.000000 0.000000
0.966069 0.258285 0.000000 272.632889 -0.258285 0.966069 0.000000 -46.020084 0.000000 0.000000 1.000000 0.000000
0.964462 0.264221 0.000000 273.226016 -0.264221 0.964462 0.000000 -46.185450 0.000000 0.000000 1.000000 0.000000
0.964425 0.264356 0.000000 273.527646 -0.264356 0.964425 0.000000 -46.266649 0.000000 0.000000 1.000000 0.000000
0.964788 0.263028 0.000000 273.806100 -0.263028 0.964788 0.000000 -46.355766 0.000000 0.000000 1.000000 0.000000
0.965307 0.261118 0.000000 274.091390 -0.261118 0.965307 0.000000 -46.450256 0.000000 0.000000 1.000000 0.000000
0.965758 0.259444 0.000000 274.357908 -0.259444 0.965758 0.000000 -46.535296 0.000000 0.000000 1.000000 0.000000
0.966492 0.256697 0.000000 276.980057 -0.256697 0.966492 0.000000 -47.272846 0.000000 0.000000 1.000000 0.000000
0.965628 0.259926 0.000000 277.227667 -0.259926 0.965628 0.000000 -47.343426 0.000000 0.000000 1.000000 0.000000
0.965181 0.261584 0.000000 277.479399 -0.261584 0.965181 0.000000 -47.412493 0.000000 0.000000 1.000000 0.000000
0.966067 0.258292 0.000000 277.781016 -0.258292 0.966067 0.000000 -47.508540 0.000000 0.000000 1.000000 0.000000
0.967154 0.254190 0.000000 278.124845 -0.254190 0.967154 0.000000 -47.612758 0.000000 0.000000 1.000000 0.000000
0.967292 0.253664 0.000000 278.416776 -0.253664 0.967292 0.000000 -47.695674 0.000000 0.000000 1.000000 0.000000
0.966955 0.254946 0.000000 278.643140 -0.254946 0.966955 0.000000 -47.761864 0.000000 0.000000 1.000000 0.000000
0.967356 0.253420 0.000000 278.864794 -0.253420 0.967356 0.000000 -47.825227 0.000000 0.000000 1.000000 0.000000
0.967767 0.251847 0.000000 279.083492 -0.251847 0.967767 0.000000 -47.888862 0.000000 0.000000 1.000000 0.000000
0.967925 0.251240 0.000000 279.298640 -0.251240 0.967925 0.000000 -47.950383 0.000000 0.000000 1.000000 0.000000
0.967347 0.253457 0.000000 279.513990 -0.253457 0.967347 0.000000 -48.008949 0.000000 0.000000 1.000000 0.000000
0.966925 0.255061 0.000000 279.725113 -0.255061 0.966925 0.000000 -48.066171 0.000000 0.000000 1.000000 0.000000
0.967824 0.251628 0.000000 279.925230 -0.251628 0.967824 0.000000 -48.126899 0.000000 0.000000 1.000000 0.000000
0.967577 0.252577 0.000000 280.127359 -0.252577 0.967577 0.000000 -48.188980 0.000000 0.000000 1.000000 0.000000
0.966964 0.254914 0.000000 280.326315 -0.254914 0.966964 0.000000 -48.245045 0.000000 0.000000 1.000000 0.000000
0.966603 0.256280 0.000000 280.532517 -0.256280 0.966603 0.000000 -48.306062 0.000000 0.000000 1.000000 0.000000
0.966909 0.255123 0.000000 280.708984 -0.255123 0.966909 0.000000 -48.359831 0.000000 0.000000 1.000000 0.000000
0.967249 0.253828 0.000000 280.899046 -0.253828 0.967249 0.000000 -48.425174 0.000000 0.000000 1.000000 0.000000
0.967433 0.253126 0.000000 281.069789 -0.253126 0.967433 0.000000 -48.473446 0.000000 0.000000 1.000000 0.000000
0.967224 0.253925 0.000000 281.249571 -0.253925 0.967224 0.000000 -48.518761 0.000000 0.000000 1.000000 0.000000
0.966494 0.256688 0.000000 281.427866 -0.256688 0.966494 0.000000 -48.565518 0.000000 0.000000 1.000000 0.000000
0.966880 0.255231 0.000000 281.594517 -0.255231 0.966880 0.000000 -48.619507 0.000000 0.000000 1.000000 0.000000
0.966181 0.257863 0.000000 281.749089 -0.257863 0.966181 0.000000 -48.665416 0.000000 0.000000 1.000000 0.000000
0.965209 0.261479 0.000000 281.910112 -0.261479 0.965209 0.000000 -48.706097 0.000000 0.000000 1.000000 0.000000
0.964933 0.262496 0.000000 282.059085 -0.262496 0.964933 0.000000 -48.745507 0.000000 0.000000 1.000000 0.000000
0.965733 0.259539 0.000000 282.298089 -0.259539 0.965733 0.000000 -48.814452 0.000000 0.000000 1.000000 0.000000
0.965108 0.261853 0.000000 282.442895 -0.261853 0.965108 0.000000 -48.847638 0.000000 0.000000 1.000000 0.000000
0.964300 0.264813 0.000000 282.588037 -0.264813 0.964300 0.000000 -48.881118 0.000000 0.000000 1.000000 0.000000
0.964570 0.263826 0.000000 282.723188 -0.263826 0.964570 0.000000 -48.920619 0.000000 0.000000 1.000000 0.000000
0.963790 0.266662 0.000000 282.970117 -0.266662 0.963790 0.000000 -48.996370 0.000000 0.000000 1.000000 0.000000
0.964872 0.262720 0.000000 283.083466 -0.262720 0.964872 0.000000 -49.026691 0.000000 0.000000 1.000000 0.000000
0.963670 0.267095 0.000000 283.194957 -0.267095 0.963670 0.000000 -49.049194 0.000000 0.000000 1.000000 0.000000
0.963870 0.266374 0.000000 283.293059 -0.266374 0.963870 0.000000 -49.079527 0.000000 0.000000 1.000000 0.000000
0.963060 0.269287 0.000000 283.376767 -0.269287 0.963060 0.000000 -49.106289 0.000000 0.000000 1.000000 0.000000
0.964135 0.265411 0.000000 283.499817 -0.265411 0.964135 0.000000 -49.149896 0.000000 0.000000 1.000000 0.000000
0.964077 0.265622 0.000000 283.566838 -0.265622 0.964077 0.000000 -49.165638 0.000000 0.000000 1.000000 0.000000
0.963374 0.268162 0.000000 283.633689 -0.268162 0.963374 0.000000 -49.181003 0.000000 0.000000 1.000000 0.000000
0.963236 0.268656 0.000000 283.685127 -0.268656 0.963236 0.000000 -49.197475 0.000000 0.000000 1.000000 0.000000
0.962975 0.269592 0.000000 283.722672 -0.269592 0.962975 0.000000 -49.205912 0.000000 0.000000 1.000000 0.000000
0.963320 0.268354 0.000000 283.756416 -0.268354 0.963320 0.000000 -49.215348 0.000000 0.000000 1.000000 0.000000
0.963110 0.269109 0.000000 283.776562 -0.269109 0.963110 0.000000 -49.217284 0.000000 0.000000 1.000000 0.000000
0.963185 0.268840 0.000000 283.792538 -0.268840 0.963185 0.000000 -49.223978 0.000000 0.000000 1.000000 0.000000
0.963418 0.268002 0.000000 283.805713 -0.268002 0.963418 0.000000 -49.231268 0.000000 0.000000 1.000000 0.000000
0.963670 0.267094 0.000000 283.804954 -0.267094 0.963670 0.000000 -49.233636 0.000000 0.000000 1.000000 0.000000
0.963701 0.266985 0.000000 283.806834 -0.266985 0.963701 0.000000 -49.229681 0.000000 0.000000 1.000000 0.000000
0.963922 0.266186 0.000000 283.808498 -0.266186 0.963922 0.000000 -49.229189 0.000000 0.000000 1.000000 0.000000
0.964047 0.265733 0.000000 283.807518 -0.265733 0.964047 0.000000 -49.232809 0.000000 0.000000 1.000000 0.000000
0.964085 0.265594 0.000000 283.806844 -0.265594 0.964085 0.000000 -49.231049 0.000000 0.000000 1.000000 0.000000
0.964084 0.265598 0.000000 283.801012 -0.265598 0.964084 0.000000 -49.230217 0.000000 0.000000 1.000000 0.000000
0.964072 0.265643 0.000000 283.800865 -0.265643 0.964072 0.000000 -49.232924 0.000000 0.000000 1.000000 0.000000
0.964037 0.265767 0.000000 283.800196 -0.265767 0.964037 0.000000 -49.233387 0.000000 0.000000 1.000000 0.000000
0.964042 0.265748 0.000000 283.799773 -0.265748 0.964042 0.000000 -49.234853 0.000000 0.000000 1.000000 0.000000
0.964058 0.265690 0.000000 283.800978 -0.265690 0.964058 0.000000 -49.238525 0.000000 0.000000 1.000000 0.000000
0.964077 0.265623 0.000000 283.799906 -0.265623 0.964077 0.000000 -49.235492 0.000000 0.000000 1.000000 0.000000
0.964080 0.265610 0.000000 283.796361 -0.265610 0.964080 0.000000 -49.234802 0.000000 0.000000 1.000000 0.000000
0.964086 0.265589 0.000000 283.797979 -0.265589 0.964086 0.000000 -49.236238 0.000000 0.000000 1.000000 0.000000
0.964099 0.265544 0.000000 283.799986 -0.265544 0.964099 0.000000 -49.237174 0.000000 0.000000 1.000000 0.000000
0.964159 0.265326 0.000000 283.798261 -0.265326 0.964159 0.000000 -49.238827 0.000000 0.000000 1.000000 0.000000
0.964139 0.265398 0.000000 283.796939 -0.265398 0.964139 0.000000 -49.238098 0.000000 0.000000 1.000000 0.000000
0.964135 0.265412 0.000000 283.803028 -0.265412 0.964135 0.000000 -49.238614 0.000000 0.000000 1.000000 0.000000
0.964166 0.265301 0.000000 283.799289 -0.265301 0.964166 0.000000 -49.240521 0.000000 0.000000 1.000000 0.000000
0.964136 0.265408 0.000000 283.800571 -0.265408 0.964136 0.000000 -49.240699 0.000000 0.000000 1.000000 0.000000
0.964137 0.265407 0.000000 283.802087 -0.265407 0.964137 0.000000 -49.240379 0.000000 0.000000 1.000000 0.000000
0.964116 0.265483 0.000000 283.800349 -0.265483 0.964116 0.000000 -49.238734 0.000000 0.000000 1.000000 0.000000
0.964128 0.265438 0.000000 283.798734 -0.265438 0.964128 0.000000 -49.239480 0.000000 0.000000 1.000000 0.000000
0.964157 0.265332 0.000000 283.796578 -0.265332 0.964157 0.000000 -49.240449 0.000000 0.000000 1.000000 0.000000
0.964155 0.265339 0.000000 283.795044 -0.265339 0.964155 0.000000 -49.242553 0.000000 0.000000 1.000000 0.000000
0.964142 0.265387 0.000000 283.797274 -0.265387 0.964142 0.000000 -49.243485 0.000000 0.000000 1.000000 0.000000
0.964180 0.265249 0.000000 283.794880 -0.265249 0.964180 0.000000 -49.245703 0.000000 0.000000 1.000000 0.000000
0.964191 0.265209 0.000000 283.791132 -0.265209 0.964191 0.000000 -49.246041 0.000000 0.000000 1.000000 0.000000
0.964180 0.265248 0.000000 283.790800 -0.265248 0.964180 0.000000 -49.246332 0.000000 0.000000 1.000000 0.000000
0.964174 0.265271 0.000000 283.791873 -0.265271 0.964174 0.000000 -49.243648 0.000000 0.000000 1.000000 0.000000
0.964169 0.265289 0.000000 283.791640 -0.265289 0.964169 0.000000 -49.243601 0.000000 0.000000 1.000000 0.000000
0.964161 0.265318 0.000000 283.789236 -0.265318 0.964161 0.000000 -49.242726 0.000000 0.000000 1.000000 0.000000
0.964154 0.265344 0.000000 283.786412 -0.265344 0.964154 0.000000 -49.242979 0.000000 0.000000 1.000000 0.000000
0.964130 0.265432 0.000000 283.783619 -0.265432 0.964130 0.000000 -49.238781 0.000000 0.000000 1.000000 0.000000
0.964121 0.265462 0.000000 283.782864 -0.265462 0.964121 0.000000 -49.239645 0.000000 0.000000 1.000000 0.000000
0.964108 0.265511 0.000000 283.783372 -0.265511 0.964108 0.000000 -49.238143 0.000000 0.000000 1.000000 0.000000
0.964110 0.265504 0.000000 283.782494 -0.265504 0.964110 0.000000 -49.241093 0.000000 0.000000 1.000000 0.000000
0.964115 0.265486 0.000000 283.782341 -0.265486 0.964115 0.000000 -49.241525 0.000000 0.000000 1.000000 0.000000
0.964109 0.265508 0.000000 283.784736 -0.265508 0.964109 0.000000 -49.242088 0.000000 0.000000 1.000000 0.000000
0.964133 0.265419 0.000000 283.782722 -0.265419 0.964133 0.000000 -49.242503 0.000000 0.000000 1.000000 0.000000
0.964115 0.265486 0.000000 283.781116 -0.265486 0.964115 0.000000 -49.244878 0.000000 0.000000 1.000000 0.000000
0.964109 0.265507 0.000000 283.781719 -0.265507 0.964109 0.000000 -49.242216 0.000000 0.000000 1.000000 0.000000
0.964108 0.265512 0.000000 283.783557 -0.265512 0.964108 0.000000 -49.240460 0.000000 0.000000 1.000000 0.000000
0.964056 0.265699 0.000000 283.781274 -0.265699 0.964056 0.000000 -49.241512 0.000000 0.000000 1.000000 0.000000
0.964000 0.265902 0.000000 283.780813 -0.265902 0.964000 0.000000 -49.243511 0.000000 0.000000 1.000000 0.000000
0.963960 0.266047 0.000000 283.783181 -0.266047 0.963960 0.000000 -49.246618 0.000000 0.000000 1.000000 0.000000
0.963907 0.266238 0.000000 283.783979 -0.266238 0.963907 0.000000 -49.245157 0.000000 0.000000 1.000000 0.000000
0.963796 0.266640 0.000000 283.784889 -0.266640 0.963796 0.000000 -49.245212 0.000000 0.000000 1.000000 0.000000
0.963864 0.266395 0.000000 283.786111 -0.266395 0.963864 0.000000 -49.248630 0.000000 0.000000 1.000000 0.000000
0.963940 0.266121 0.000000 283.783535 -0.266121 0.963940 0.000000 -49.245849 0.000000 0.000000 1.000000 0.000000
0.964077 0.265624 0.000000 283.781778 -0.265624 0.964077 0.000000 -49.249035 0.000000 0.000000 1.000000 0.000000
0.964155 0.265341 0.000000 283.780356 -0.265341 0.964155 0.000000 -49.245582 0.000000 0.000000 1.000000 0.000000
0.964289 0.264853 0.000000 283.781506 -0.264853 0.964289 0.000000 -49.245548 0.000000 0.000000 1.000000 0.000000
0.964480 0.264156 0.000000 283.779293 -0.264156 0.964480 0.000000 -49.247789 0.000000 0.000000 1.000000 0.000000
0.964616 0.263660 0.000000 283.777843 -0.263660 0.964616 0.000000 -49.249800 0.000000 0.000000 1.000000 0.000000
0.964790 0.263022 0.000000 283.777294 -0.263022 0.964790 0.000000 -49.250208 0.000000 0.000000 1.000000 0.000000
0.964890 0.262653 0.000000 283.775300 -0.262653 0.964890 0.000000 -49.254179 0.000000 0.000000 1.000000 0.000000
0.964996 0.262265 0.000000 283.772973 -0.262265 0.964996 0.000000 -49.258643 0.000000 0.000000 1.000000 0.000000
0.965163 0.261649 0.000000 283.771686 -0.261649 0.965163 0.000000 -49.261772 0.000000 0.000000 1.000000 0.000000
0.965463 0.260540 0.000000 283.770129 -0.260540 0.965463 0.000000 -49.264748 0.000000 0.000000 1.000000 0.000000
0.965471 0.260509 0.000000 283.768250 -0.260509 0.965471 0.000000 -49.262531 0.000000 0.000000 1.000000 0.000000
0.965481 0.260473 0.000000 283.769982 -0.260473 0.965481 0.000000 -49.261406 0.000000 0.000000 1.000000 0.000000
0.965486 0.260456 0.000000 283.769628 -0.260456 0.965486 0.000000 -49.260750 0.000000 0.000000 1.000000 0.000000
0.965480 0.260477 0.000000 283.767463 -0.260477 0.965480 0.000000 -49.260901 0.000000 0.000000 1.000000 0.000000
0.965506 0.260383 0.000000 283.765020 -0.260383 0.965506 0.000000 -49.262185 0.000000 0.000000 1.000000 0.000000
0.965498 0.260409 0.000000 283.765174 -0.260409 0.965498 0.000000 -49.261634 0.000000 0.000000 1.000000 0.000000
0.965469 0.260518 0.000000 283.764953 -0.260518 0.965469 0.000000 -49.261839 0.000000 0.000000 1.000000 0.000000
0.965463 0.260541 0.000000 283.765417 -0.260541 0.965463 0.000000 -49.262648 0.000000 0.000000 1.000000 0.000000
0.965466 0.260528 0.000000 283.764457 -0.260528 0.965466 0.000000 -49.260805 0.000000 0.000000 1.000000 0.000000
0.965461 0.260549 0.000000 283.765257 -0.260549 0.965461 0.000000 -49.259676 0.000000 0.000000 1.000000 0.000000
0.965439 0.260627 0.000000 283.764759 -0.260627 0.965439 0.000000 -49.259115 0.000000 0.000000 1.000000 0.000000
0.965446 0.260604 0.000000 283.764958 -0.260604 0.965446 0.000000 -49.259099 0.000000 0.000000 1.000000 0.000000
0.965451 0.260583 0.000000 283.764052 -0.260583 0.965451 0.000000 -49.259621 0.000000 0.000000 1.000000 0.000000
0.965427 0.260672 0.000000 283.761955 -0.260672 0.965427 0.000000 -49.260778 0.000000 0.000000 1.000000 0.000000
0.965432 0.260654 0.000000 283.762187 -0.260654 0.965432 0.000000 -49.261083 0.000000 0.000000 1.000000 0.000000
0.965423 0.260688 0.000000 283.762333 -0.260688 0.965423 0.000000 -49.263745 0.000000 0.000000 1.000000 0.000000
0.965380 0.260847 0.000000 283.764439 -0.260847 0.965380 0.000000 -49.263282 0.000000 0.000000 1.000000 0.000000
0.965368 0.260892 0.000000 283.764035 -0.260892 0.965368 0.000000 -49.265173 0.000000 0.000000 1.000000 0.000000
0.965335 0.261014 0.000000 283.762826 -0.261014 0.965335 0.000000 -49.263316 0.000000 0.000000 1.000000 0.000000
0.965307 0.261116 0.000000 283.763653 -0.261116 0.965307 0.000000 -49.263120 0.000000 0.000000 1.000000 0.000000
0.965284 0.261202 0.000000 283.763932 -0.261202 0.965284 0.000000 -49.261554 0.000000 0.000000 1.000000 0.000000
0.965286 0.261195 0.000000 283.764834 -0.261195 0.965286 0.000000 -49.262087 0.000000 0.000000 1.000000 0.000000
0.965306 0.261121 0.000000 283.765936 -0.261121 0.965306 0.000000 -49.261854 0.000000 0.000000 1.000000 0.000000
0.965311 0.261103 0.000000 283.765679 -0.261103 0.965311 0.000000 -49.262706 0.000000 0.000000 1.000000 0.000000
0.965321 0.261064 0.000000 283.764858 -0.261064 0.965321 0.000000 -49.264210 0.000000 0.000000 1.000000 0.000000
0.965315 0.261088 0.000000 283.764892 -0.261088 0.965315 0.000000 -49.264100 0.000000 0.000000 1.000000 0.000000
0.965326 0.261046 0.000000 283.765409 -0.261046 0.965326 0.000000 -49.263671 0.000000 0.000000 1.000000 0.000000
0.965350 0.260959 0.000000 283.765710 -0.260959 0.965350 0.000000 -49.263499 0.000000 0.000000 1.000000 0.000000
0.965346 0.260974 0.000000 283.766123 -0.260974 0.965346 0.000000 -49.262960 0.000000 0.000000 1.000000 0.000000
0.965337 0.261007 0.000000 283.765564 -0.261007 0.965337 0.000000 -49.261323 0.000000 0.000000 1.000000 0.000000
0.965339 0.261000 0.000000 283.763318 -0.261000 0.965339 0.000000 -49.259644 0.000000 0.000000 1.000000 0.000000
0.965362 0.260913 0.000000 283.764816 -0.260913 0.965362 0.000000 -49.259493 0.000000 0.000000 1.000000 0.000000
0.965346 0.260974 0.000000 283.765635 -0.260974 0.965346 0.000000 -49.259633 0.000000 0.000000 1.000000 0.000000
0.965285 0.261197 0.000000 283.765905 -0.261197 0.965285 0.000000 -49.259631 0.000000 0.000000 1.000000 0.000000
0.965257 0.261302 0.000000 283.767710 -0.261302 0.965257 0.000000 -49.259414 0.000000 0.000000 1.000000 0.000000
0.965246 0.261341 0.000000 283.765630 -0.261341 0.965246 0.000000 -49.257972 0.000000 0.000000 1.000000 0.000000
0.965256 0.261306 0.000000 283.765919 -0.261306 0.965256 0.000000 -49.260211 0.000000 0.000000 1.000000 0.000000
0.965202 0.261506 0.000000 283.767364 -0.261506 0.965202 0.000000 -49.260027 0.000000 0.000000 1.000000 0.000000
0.965181 0.261582 0.000000 283.768992 -0.261582 0.965181 0.000000 -49.261049 0.000000 0.000000 1.000000 0.000000
0.965176 0.261601 0.000000 283.770957 -0.261601 0.965176 0.000000 -49.260905 0.000000 0.000000 1.000000 0.000000
0.965171 0.261619 0.000000 283.771844 -0.261619 0.965171 0.000000 -49.261362 0.000000 0.000000 1.000000 0.000000
0.965194 0.261536 0.000000 283.773279 -0.261536 0.965194 0.000000 -49.262884 0.000000 0.000000 1.000000 0.000000
0.965187 0.261561 0.000000 283.771846 -0.261561 0.965187 0.000000 -49.263760 0.000000 0.000000 1.000000 0.000000
0.965182 0.261578 0.000000 283.771872 -0.261578 0.965182 0.000000 -49.262325 0.000000 0.000000 1.000000 0.000000
0.965174 0.261608 0.000000 283.769708 -0.261608 0.965174 0.000000 -49.262692 0.000000 0.000000 1.000000 0.000000
0.965175 0.261606 0.000000 283.768144 -0.261606 0.965175 0.000000 -49.263922 0.000000 0.000000 1.000000 0.000000
0.965170 0.261622 0.000000 283.769153 -0.261622 0.965170 0.000000 -49.266057 0.000000 0.000000 1.000000 0.000000
0.965220 0.261438 0.000000 283.769452 -0.261438 0.965220 0.000000 -49.266316 0.000000 0.000000 1.000000 0.000000
0.965230 0.261404 0.000000 283.769607 -0.261404 0.965230 0.000000 -49.267540 0.000000 0.000000 1.000000 0.000000
0.965200 0.261512 0.000000 283.768214 -0.261512 0.965200 0.000000 -49.267778 0.000000 0.000000 1.000000 0.000000
0.965212 0.261470 0.000000 283.767474 -0.261470 0.965212 0.000000 -49.268398 0.000000 0.000000 1.000000 0.000000
0.965212 0.261469 0.000000 283.768097 -0.261469 0.965212 0.000000 -49.269293 0.000000 0.000000 1.000000 0.000000
0.965110 0.261844 0.000000 283.765911 -0.261844 0.965110 0.000000 -49.268081 0.000000 0.000000 1.000000 0.000000
0.965146 0.261712 0.000000 283.764718 -0.261712 0.965146 0.000000 -49.269560 0.000000 0.000000 1.000000 0.000000
0.965154 0.261684 0.000000 283.763532 -0.261684 0.965154 0.000000 -49.270554 0.000000 0.000000 1.000000 0.000000
0.965158 0.261667 0.000000 283.762385 -0.261667 0.965158 0.000000 -49.272765 0.000000 0.000000 1.000000 0.000000
0.965157 0.261673 0.000000 283.762057 -0.261673 0.965157 0.000000 -49.272615 0.000000 0.000000 1.000000 0.000000
0.965153 0.261686 0.000000 283.762299 -0.261686 0.965153 0.000000 -49.272668 0.000000 0.000000 1.000000 0.000000
0.965163 0.261651 0.000000 283.764158 -0.261651 0.965163 0.000000 -49.271605 0.000000 0.000000 1.000000 0.000000
0.965162 0.261655 0.000000 283.764819 -0.261655 0.965162 0.000000 -49.269217 0.000000 0.000000 1.000000 0.000000
0.965161 0.261656 0.000000 283.767422 -0.261656 0.965161 0.000000 -49.271636 0.000000 0.000000 1.000000 0.000000
0.965167 0.261635 0.000000 283.767295 -0.261635 0.965167 0.000000 -49.271981 0.000000 0.000000 1.000000 0.000000
0.965167 0.261635 0.000000 283.766620 -0.261635 0.965167 0.000000 -49.272603 0.000000 0.000000 1.000000 0.000000
0.965164 0.261646 0.000000 283.766065 -0.261646 0.965164 0.000000 -49.274551 0.000000 0.000000 1.000000 0.000000
0.965162 0.261654 0.000000 283.765748 -0.261654 0.965162 0.000000 -49.275303 0.000000 0.000000 1.000000 0.000000
0.965165 0.261641 0.000000 283.768351 -0.261641 0.965165 0.000000 -49.274173 0.000000 0.000000 1.000000 0.000000
0.965164 0.261647 0.000000 283.766963 -0.261647 0.965164 0.000000 -49.274550 0.000000 0.000000 1.000000 0.000000
0.965159 0.261664 0.000000 283.766427 -0.261664 0.965159 0.000000 -49.274786 0.000000 0.000000 1.000000 0.000000
0.965141 0.261732 0.000000 283.766870 -0.261732 0.965141 0.000000 -49.274236 0.000000 0.000000 1.000000 0.000000
0.965162 0.261653 0.000000 283.768472 -0.261653 0.965162 0.000000 -49.275283 0.000000 0.000000 1.000000 0.000000
0.965159 0.261665 0.000000 283.768721 -0.261665 0.965159 0.000000 -49.273347 0.000000 0.000000 1.000000 0.000000
0.965144 0.261719 0.000000 283.767466 -0.261719 0.965144 0.000000 -49.271675 0.000000 0.000000 1.000000 0.000000
0.965133 0.261759 0.000000 283.767483 -0.261759 0.965133 0.000000 -49.272591 0.000000 0.000000 1.000000 0.000000
0.965128 0.261777 0.000000 283.766252 -0.261777 0.965128 0.000000 -49.272497 0.000000 0.000000 1.000000 0.000000
0.965104 0.261865 0.000000 283.766948 -0.261865 0.965104 0.000000 -49.272372 0.000000 0.000000 1.000000 0.000000
0.965092 0.261913 0.000000 283.766923 -0.261913 0.965092 0.000000 -49.272652 0.000000 0.000000 1.000000 0.000000
0.965086 0.261933 0.000000 283.767742 -0.261933 0.965086 0.000000 -49.273200 0.000000 0.000000 1.000000 0.000000
0.965062 0.262021 0.000000 283.767696 -0.262021 0.965062 0.000000 -49.271139 0.000000 0.000000 1.000000 0.000000
0.965067 0.262002 0.000000 283.768378 -0.262002 0.965067 0.000000 -49.269714 0.000000 0.000000 1.000000 0.000000
0.965082 0.261949 0.000000 283.767730 -0.261949 0.965082 0.000000 -49.270085 0.000000 0.000000 1.000000 0.000000
0.965055 0.262047 0.000000 283.768341 -0.262047 0.965055 0.000000 -49.269273 0.000000 0.000000 1.000000 0.000000
0.965010 0.262213 0.000000 283.768159 -0.262213 0.965010 0.000000 -49.268040 0.000000 0.000000 1.000000 0.000000
0.964965 0.262378 0.000000 283.768502 -0.262378 0.964965 0.000000 -49.267775 0.000000 0.000000 1.000000 0.000000
0.964968 0.262369 0.000000 283.768337 -0.262369 0.964968 0.000000 -49.268336 0.000000 0.000000 1.000000 0.000000
0.964968 0.262367 0.000000 283.766655 -0.262367 0.964968 0.000000 -49.268125 0.000000 0.000000 1.000000 0.000000
0.964980 0.262322 0.000000 283.766554 -0.262322 0.964980 0.000000 -49.268578 0.000000 0.000000 1.000000 0.000000
0.964977 0.262334 0.000000 283.765136 -0.262334 0.964977 0.000000 -49.267553 0.000000 0.000000 1.000000 0.000000
0.964936 0.262485 0.000000 283.765320 -0.262485 0.964936 0.000000 -49.267870 0.000000 0.000000 1.000000 0.000000
0.964935 0.262489 0.000000 283.763672 -0.262489 0.964935 0.000000 -49.268623 0.000000 0.000000 1.000000 0.000000
0.964904 0.262604 0.000000 283.763069 -0.262604 0.964904 0.000000 -49.269685 0.000000 0.000000 1.000000 0.000000
0.964853 0.262791 0.000000 283.763384 -0.262791 0.964853 0.000000 -49.266087 0.000000 0.000000 1.000000 0.000000
0.964838 0.262846 0.000000 283.763721 -0.262846 0.964838 0.000000 -49.265597 0.000000 0.000000 1.000000 0.000000
0.964797 0.262996 0.000000 283.763264 -0.262996 0.964797 0.000000 -49.262295 0.000000 0.000000 1.000000 0.000000
0.964815 0.262931 0.000000 283.761582 -0.262931 0.964815 0.000000 -49.264064 0.000000 0.000000 1.000000 0.000000
0.964882 0.262683 0.000000 283.761483 -0.262683 0.964882 0.000000 -49.263416 0.000000 0.000000 1.000000 0.000000
0.964931 0.262505 0.000000 283.761423 -0.262505 0.964931 0.000000 -49.264463 0.000000 0.000000 1.000000 0.000000
0.964978 0.262329 0.000000 283.761310 -0.262329 0.964978 0.000000 -49.264910 0.000000 0.000000 1.000000 0.000000
0.965020 0.262177 0.000000 283.762207 -0.262177 0.965020 0.000000 -49.265750 0.000000 0.000000 1.000000 0.000000
0.965013 0.262202 0.000000 283.763439 -0.262202 0.965013 0.000000 -49.266395 0.000000 0.000000 1.000000 0.000000
0.965018 0.262184 0.000000 283.763049 -0.262184 0.965018 0.000000 -49.265316 0.000000 0.000000 1.000000 0.000000
0.965014 0.262200 0.000000 283.763764 -0.262200 0.965014 0.000000 -49.265369 0.000000 0.000000 1.000000 0.000000
0.964999 0.262255 0.000000 283.765267 -0.262255 0.964999 0.000000 -49.264904 0.000000 0.000000 1.000000 0.000000
0.964976 0.262339 0.000000 283.765412 -0.262339 0.964976 0.000000 -49.264262 0.000000 0.000000 1.000000 0.000000
0.964947 0.262445 0.000000 283.764511 -0.262445 0.964947 0.000000 -49.263162 0.000000 0.000000 1.000000 0.000000
0.964955 0.262415 0.000000 283.764931 -0.262415 0.964955 0.000000 -49.263623 0.000000 0.000000 1.000000 0.000000
0.964969 0.262364 0.000000 283.764260 -0.262364 0.964969 0.000000 -49.263558 0.000000 0.000000 1.000000 0.000000
0.964899 0.262622 0.000000 283.763710 -0.262622 0.964899 0.000000 -49.262370 0.000000 0.000000 1.000000 0.000000
0.964839 0.262843 0.000000 283.761259 -0.262843 0.964839 0.000000 -49.261783 0.000000 0.000000 1.000000 0.000000
0.964817 0.262922 0.000000 283.760562 -0.262922 0.964817 0.000000 -49.261672 0.000000 0.000000 1.000000 0.000000
0.964806 0.262962 0.000000 283.760555 -0.262962 0.964806 0.000000 -49.262218 0.000000 0.000000 1.000000 0.000000
0.964776 0.263073 0.000000 283.759942 -0.263073 0.964776 0.000000 -49.262309 0.000000 0.000000 1.000000 0.000000
0.964782 0.263050 0.000000 283.761702 -0.263050 0.964782 0.000000 -49.262126 0.000000 0.000000 1.000000 0.000000
0.964756 0.263147 0.000000 283.762954 -0.263147 0.964756 0.000000 -49.262217 0.000000 0.000000 1.000000 0.000000
0.964738 0.263212 0.000000 283.761417 -0.263212 0.964738 0.000000 -49.262936 0.000000 0.000000 1.000000 0.000000
0.964754 0.263154 0.000000 283.762800 -0.263154 0.964754 0.000000 -49.260729 0.000000 0.000000 1.000000 0.000000
0.964707 0.263326 0.000000 283.764498 -0.263326 0.964707 0.000000 -49.260237 0.000000 0.000000 1.000000 0.000000
0.964727 0.263251 0.000000 283.763933 -0.263251 0.964727 0.000000 -49.260770 0.000000 0.000000 1.000000 0.000000
0.964722 0.263269 0.000000 283.764531 -0.263269 0.964722 0.000000 -49.259993 0.000000 0.000000 1.000000 0.000000
0.964729 0.263245 0.000000 283.764536 -0.263245 0.964729 0.000000 -49.260036 0.000000 0.000000 1.000000 0.000000
0.964735 0.263223 0.000000 283.763552 -0.263223 0.964735 0.000000 -49.259197 0.000000 0.000000 1.000000 0.000000
0.964753 0.263156 0.000000 283.764473 -0.263156 0.964753 0.000000 -49.260372 0.000000 0.000000 1.000000 0.000000
0.964781 0.263054 0.000000 283.763111 -0.263054 0.964781 0.000000 -49.259361 0.000000 0.000000 1.000000 0.000000
0.964780 0.263059 0.000000 283.763692 -0.263059 0.964780 0.000000 -49.259693 0.000000 0.000000 1.000000 0.000000
0.964766 0.263109 0.000000 283.762614 -0.263109 0.964766 0.000000 -49.261956 0.000000 0.000000 1.000000 0.000000
0.964769 0.263098 0.000000 283.760110 -0.263098 0.964769 0.000000 -49.262933 0.000000 0.000000 1.000000 0.000000
0.964790 0.263023 0.000000 283.759173 -0.263023 0.964790 0.000000 -49.261656 0.000000 0.000000 1.000000 0.000000
0.964807 0.262958 0.000000 283.757492 -0.262958 0.964807 0.000000 -49.261256 0.000000 0.000000 1.000000 0.000000
0.964831 0.262870 0.000000 283.755982 -0.262870 0.964831 0.000000 -49.261777 0.000000 0.000000 1.000000 0.000000
0.964838 0.262846 0.000000 283.754367 -0.262846 0.964838 0.000000 -49.262216 0.000000 0.000000 1.000000 0.000000
0.964858 0.262770 0.000000 283.753846 -0.262770 0.964858 0.000000 -49.261383 0.000000 0.000000 1.000000 0.000000
0.964894 0.262640 0.000000 283.753174 -0.262640 0.964894 0.000000 -49.262486 0.000000 0.000000 1.000000 0.000000
0.964934 0.262491 0.000000 283.755020 -0.262491 0.964934 0.000000 -49.264686 0.000000 0.000000 1.000000 0.000000
0.964946 0.262450 0.000000 283.754478 -0.262450 0.964946 0.000000 -49.264615 0.000000 0.000000 1.000000 0.000000
0.964921 0.262541 0.000000 283.756240 -0.262541 0.964921 0.000000 -49.264125 0.000000 0.000000 1.000000 0.000000
0.964886 0.262669 0.000000 283.757300 -0.262669 0.964886 0.000000 -49.262548 0.000000 0.000000 1.000000 0.000000
0.964853 0.262789 0.000000 283.756189 -0.262789 0.964853 0.000000 -49.261812 0.000000 0.000000 1.000000 0.000000
0.964828 0.262883 0.000000 283.754187 -0.262883 0.964828 0.000000 -49.262459 0.000000 0.000000 1.000000 0.000000
