0.999997 -0.002587 0.000000 0.137391 0.002587 0.999997 0.000000 -0.010598 0.000000 0.000000 1.000000 0.000000
0.999997 -0.002418 0.000000 1.052583 0.002418 0.999997 0.000000 -0.020814 0.000000 0.000000 1.000000 0.000000
0.999981 -0.006181 0.000000 1.805179 0.006181 0.999981 0.000000 -0.023316 0.000000 0.000000 1.000000 0.000000
0.999981 -0.006137 0.000000 2.448751 0.006137 0.999981 0.000000 -0.017347 0.000000 0.000000 1.000000 0.000000
0.999989 -0.004728 0.000000 2.985453 0.004728 0.999989 0.000000 -0.029410 0.000000 0.000000 1.000000 0.000000
0.999974 -0.007154 0.000000 3.646994 0.007154 0.999974 0.000000 -0.035456 0.000000 0.000000 1.000000 0.000000
0.999979 -0.006466 0.000000 4.434134 0.006466 0.999979 0.000000 -0.056429 0.000000 0.000000 1.000000 0.000000
0.999984 -0.005671 0.000000 5.500825 0.005671 0.999984 0.000000 -0.010404 0.000000 0.000000 1.000000 0.000000
0.999973 -0.007359 0.000000 5.979481 0.007359 0.999973 0.000000 -0.009310 0.000000 0.000000 1.000000 0.000000
0.999963 -0.008567 0.000000 6.696591 0.008567 0.999963 0.000000 0.024685 0.000000 0.000000 1.000000 0.000000
0.999959 -0.009072 0.000000 7.484421 0.009072 0.999959 0.000000 -0.003484 0.000000 0.000000 1.000000 0.000000
0.999955 -0.009487 0.000000 8.351887 0.009487 0.999955 0.000000 0.003833 0.000000 0.000000 1.000000 0.000000
0.999956 -0.009377 0.000000 8.603578 0.009377 0.999956 0.000000 -0.044918 0.000000 0.000000 1.000000 0.000000
0.999950 -0.009983 0.000000 9.125821 0.009983 0.999950 0.000000 -0.084510 0.000000 0.000000 1.000000 0.000000
0.999949 -0.010057 0.000000 9.520131 0.010057 0.999949 0.000000 -0.096477 0.000000 0.000000 1.000000 0.000000
0.999945 -0.010509 0.000000 10.333738 0.010509 0.999945 0.000000 -0.150937 0.000000 0.000000 1.000000 0.000000
0.999935 -0.011366 0.000000 11.031645 0.011366 0.999935 0.000000 -0.164736 0.000000 0.000000 1.000000 0.000000
0.999937 -0.011269 0.000000 11.528375 0.011269 0.999937 0.000000 -0.170432 0.000000 0.000000 1.000000 0.000000
0.999927 -0.012102 0.000000 11.847271 0.012102 0.999927 0.000000 -0.180568 0.000000 0.000000 1.000000 0.000000
0.999922 -0.012488 0.000000 12.317088 0.012488 0.999922 0.000000 -0.217237 0.000000 0.000000 1.000000 0.000000
0.999928 -0.012017 0.000000 12.776032 0.012017 0.999928 0.000000 -0.225039 0.000000 0.000000 1.000000 0.000000
0.999922 -0.012503 0.000000 12.911369 0.012503 0.999922 0.000000 -0.231924 0.000000 0.000000 1.000000 0.000000
0.999912 -0.013256 0.000000 13.248788 0.013256 0.999912 0.000000 -0.248108 0.000000 0.000000 1.000000 0.000000
0.999900 -0.014144 0.000000 13.795815 0.014144 0.999900 0.000000 -0.230419 0.000000 0.000000 1.000000 0.000000
0.999902 -0.013970 0.000000 13.961415 0.013970 0.999902 0.000000 -0.219207 0.000000 0.000000 1.000000 0.000000
0.999886 -0.015106 0.000000 14.600450 0.015106 0.999886 0.000000 -0.265435 0.000000 0.000000 1.000000 0.000000
0.999864 -0.016470 0.000000 15.548755 0.016470 0.999864 0.000000 -0.293397 0.000000 0.000000 1.000000 0.000000
0.999833 -0.018296 0.000000 15.925513 0.018296 0.999833 0.000000 -0.265316 0.000000 0.000000 1.000000 0.000000
0.999821 -0.018901 0.000000 16.639918 0.018901 0.999821 0.000000 -0.265174 0.000000 0.000000 1.000000 0.000000
0.999792 -0.020402 0.000000 17.310802 0.020402 0.999792 0.000000 -0.299377 0.000000 0.000000 1.000000 0.000000
0.999798 -0.020090 0.000000 17.499294 0.020090 0.999798 0.000000 -0.287164 0.000000 0.000000 1.000000 0.000000
0.999794 -0.020272 0.000000 18.270096 0.020272 0.999794 0.000000 -0.296989 0.000000 0.000000 1.000000 0.000000
0.999776 -0.021156 0.000000 18.317136 0.021156 0.999776 0.000000 -0.325342 0.000000 0.000000 1.000000 0.000000
0.999784 -0.020770 0.000000 18.890184 0.020770 0.999784 0.000000 -0.304760 0.000000 0.000000 1.000000 0.000000
0.999770 -0.021455 0.000000 19.477059 0.021455 0.999770 0.000000 -0.324614 0.000000 0.000000 1.000000 0.000000
0.999759 -0.021957 0.000000 20.052177 0.021957 0.999759 0.000000 -0.367589 0.000000 0.000000 1.000000 0.000000
0.999744 -0.022642 0.000000 20.910367 0.022642 0.999744 0.000000 -0.373929 0.000000 0.000000 1.000000 0.000000
0.999737 -0.022927 0.000000 21.484747 0.022927 0.999737 0.000000 -0.372342 0.000000 0.000000 1.000000 0.000000
0.999692 -0.024809 0.000000 22.128080 0.024809 0.999692 0.000000 -0.382025 0.000000 0.000000 1.000000 0.000000
0.999660 -0.026056 0.000000 22.571195 0.026056 0.999660 0.000000 -0.422382 0.000000 0.000000 1.000000 0.000000
0.999655 -0.026270 0.000000 23.283287 0.026270 0.999655 0.000000 -0.392239 0.000000 0.000000 1.000000 0.000000
0.999645 -0.026629 0.000000 23.970791 0.026629 0.999645 0.000000 -0.385523 0.000000 0.000000 1.000000 0.000000
0.999607 -0.028020 0.000000 24.336846 0.028020 0.999607 0.000000 -0.409117 0.000000 0.000000 1.000000 0.000000
0.999578 -0.029059 0.000000 24.924345 0.029059 0.999578 0.000000 -0.376865 0.000000 0.000000 1.000000 0.000000
0.999564 -0.029515 0.000000 25.116770 0.029515 0.999564 0.000000 -0.405523 0.000000 0.000000 1.000000 0.000000
0.999579 -0.029029 0.000000 25.959191 0.029029 0.999579 0.000000 -0.384642 0.000000 0.000000 1.000000 0.000000
0.999560 -0.029662 0.000000 25.951342 0.029662 0.999560 0.000000 -0.401224 0.000000 0.000000 1.000000 0.000000
0.999552 -0.029937 0.000000 26.691308 0.029937 0.999552 0.000000 -0.389167 0.000000 0.000000 1.000000 0.000000
0.999457 -0.032935 0.000000 27.577248 0.032935 0.999457 0.000000 -0.381858 0.000000 0.000000 1.000000 0.000000
0.999416 -0.034169 0.000000 28.364926 0.034169 0.999416 0.000000 -0.347512 0.000000 0.000000 1.000000 0.000000
0.999429 -0.033802 0.000000 29.174535 0.033802 0.999429 0.000000 -0.333237 0.000000 0.000000 1.000000 0.000000
0.999437 -0.033556 0.000000 29.742741 0.033556 0.999437 0.000000 -0.321766 0.000000 0.000000 1.000000 0.000000
0.999457 -0.032936 0.000000 30.378986 0.032936 0.999457 0.000000 -0.294359 0.000000 0.000000 1.000000 0.000000
0.999423 -0.033966 0.000000 30.815048 0.033966 0.999423 0.000000 -0.295143 0.000000 0.000000 1.000000 0.000000
0.999441 -0.033442 0.000000 31.169101 0.033442 0.999441 0.000000 -0.301231 0.000000 0.000000 1.000000 0.000000
0.999447 -0.033240 0.000000 31.850833 0.033240 0.999447 0.000000 -0.277661 0.000000 0.000000 1.000000 0.000000
0.999504 -0.031478 0.000000 31.940581 0.031478 0.999504 0.000000 -0.255079 0.000000 0.000000 1.000000 0.000000
0.999483 -0.032156 0.000000 33.022072 0.032156 0.999483 0.000000 -0.251458 0.000000 0.000000 1.000000 0.000000
0.945890 -0.324488 0.000000 35.426905 0.324488 0.945890 0.000000 4.166279 0.000000 0.000000 1.000000 0.000000
0.945139 -0.326670 0.000000 35.973620 0.326670 0.945139 0.000000 4.263282 0.000000 0.000000 1.000000 0.000000
0.944638 -0.328114 0.000000 36.240446 0.328114 0.944638 0.000000 4.349284 0.000000 0.000000 1.000000 0.000000
0.944710 -0.327906 0.000000 37.458628 0.327906 0.944710 0.000000 4.744427 0.000000 0.000000 1.000000 0.000000
0.944725 -0.327863 0.000000 38.370603 0.327863 0.944725 0.000000 5.093106 0.000000 0.000000 1.000000 0.000000
0.944650 -0.328080 0.000000 39.055051 0.328080 0.944650 0.000000 5.278644 0.000000 0.000000 1.000000 0.000000
0.944553 -0.328360 0.000000 39.491709 0.328360 0.944553 0.000000 5.427602 0.000000 0.000000 1.000000 0.000000
0.945051 -0.326924 0.000000 39.490995 0.326924 0.945051 0.000000 5.425577 0.000000 0.000000 1.000000 0.000000
0.944737 -0.327828 0.000000 40.185183 0.327828 0.944737 0.000000 5.696212 0.000000 0.000000 1.000000 0.000000
0.944751 -0.327789 0.000000 40.448213 0.327789 0.944751 0.000000 5.800722 0.000000 0.000000 1.000000 0.000000
0.944743 -0.327813 0.000000 41.073203 0.327813 0.944743 0.000000 6.004305 0.000000 0.000000 1.000000 0.000000
0.944966 -0.327169 0.000000 41.628342 0.327169 0.944966 0.000000 6.216775 0.000000 0.000000 1.000000 0.000000
0.944892 -0.327381 0.000000 42.593595 0.327381 0.944892 0.000000 6.574873 0.000000 0.000000 1.000000 0.000000
0.944968 -0.327164 0.000000 42.795745 0.327164 0.944968 0.000000 6.675302 0.000000 0.000000 1.000000 0.000000
0.945023 -0.327003 0.000000 43.767568 0.327003 0.945023 0.000000 6.983347 0.000000 0.000000 1.000000 0.000000
0.944513 -0.328474 0.000000 44.469196 0.328474 0.944513 0.000000 7.217275 0.000000 0.000000 1.000000 0.000000
0.944411 -0.328769 0.000000 45.538594 0.328769 0.944411 0.000000 7.615482 0.000000 0.000000 1.000000 0.000000
0.943926 -0.330157 0.000000 46.161500 0.330157 0.943926 0.000000 7.800676 0.000000 0.000000 1.000000 0.000000
0.944858 -0.327481 0.000000 46.666445 0.327481 0.944858 0.000000 7.970392 0.000000 0.000000 1.000000 0.000000
0.944422 -0.328736 0.000000 47.221811 0.328736 0.944422 0.000000 8.163673 0.000000 0.000000 1.000000 0.000000
0.943586 -0.331127 0.000000 46.738613 0.331127 0.943586 0.000000 7.979104 0.000000 0.000000 1.000000 0.000000
0.943518 -0.331322 0.000000 46.721268 0.331322 0.943518 0.000000 7.987926 0.000000 0.000000 1.000000 0.000000
0.943538 -0.331263 0.000000 46.910046 0.331263 0.943538 0.000000 8.103076 0.000000 0.000000 1.000000 0.000000
0.943842 -0.330398 0.000000 47.486000 0.330398 0.943842 0.000000 8.315787 0.000000 0.000000 1.000000 0.000000
0.943633 -0.330993 0.000000 48.059283 0.330993 0.943633 0.000000 8.499068 0.000000 0.000000 1.000000 0.000000
0.942864 -0.333179 0.000000 48.958867 0.333179 0.942864 0.000000 8.823092 0.000000 0.000000 1.000000 0.000000
0.942272 -0.334847 0.000000 49.038065 0.334847 0.942272 0.000000 8.847857 0.000000 0.000000 1.000000 0.000000
0.942277 -0.334834 0.000000 49.625022 0.334834 0.942277 0.000000 9.038114 0.000000 0.000000 1.000000 0.000000
0.941577 -0.336797 0.000000 49.734238 0.336797 0.941577 0.000000 9.083268 0.000000 0.000000 1.000000 0.000000
0.941097 -0.338138 0.000000 49.721198 0.338138 0.941097 0.000000 9.052847 0.000000 0.000000 1.000000 0.000000
0.940894 -0.338700 0.000000 50.258333 0.338700 0.940894 0.000000 9.228332 0.000000 0.000000 1.000000 0.000000
0.940614 -0.339479 0.000000 50.873011 0.339479 0.940614 0.000000 9.448367 0.000000 0.000000 1.000000 0.000000
0.940901 -0.338680 0.000000 51.301931 0.338680 0.940901 0.000000 9.575439 0.000000 0.000000 1.000000 0.000000
0.940110 -0.340870 0.000000 51.924945 0.340870 0.940110 0.000000 9.775769 0.000000 0.000000 1.000000 0.000000
0.939648 -0.342142 0.000000 52.370686 0.342142 0.939648 0.000000 9.948558 0.000000 0.000000 1.000000 0.000000
0.939386 -0.342862 0.000000 53.639293 0.342862 0.939386 0.000000 10.405023 0.000000 0.000000 1.000000 0.000000
0.939416 -0.342779 0.000000 54.484350 0.342779 0.939416 0.000000 10.762611 0.000000 0.000000 1.000000 0.000000
0.939331 -0.343013 0.000000 55.277063 0.343013 0.939331 0.000000 11.028197 0.000000 0.000000 1.000000 0.000000
0.939172 -0.343447 0.000000 55.508800 0.343447 0.939172 0.000000 11.113611 0.000000 0.000000 1.000000 0.000000
0.939267 -0.343187 0.000000 56.016787 0.343187 0.939267 0.000000 11.296394 0.000000 0.000000 1.000000 0.000000
0.939136 -0.343546 0.000000 56.443436 0.343546 0.939136 0.000000 11.446043 0.000000 0.000000 1.000000 0.000000
0.938953 -0.344045 0.000000 56.934525 0.344045 0.938953 0.000000 11.633695 0.000000 0.000000 1.000000 0.000000
0.938574 -0.345077 0.000000 57.557374 0.345077 0.938574 0.000000 11.846856 0.000000 0.000000 1.000000 0.000000
0.938520 -0.345225 0.000000 57.917985 0.345225 0.938520 0.000000 11.965287 0.000000 0.000000 1.000000 0.000000
0.937796 -0.347188 0.000000 58.236449 0.347188 0.937796 0.000000 12.079178 0.000000 0.000000 1.000000 0.000000
0.937872 -0.346982 0.000000 58.763659 0.346982 0.937872 0.000000 12.253743 0.000000 0.000000 1.000000 0.000000
0.937915 -0.346864 0.000000 59.314757 0.346864 0.937915 0.000000 12.449660 0.000000 0.000000 1.000000 0.000000
0.937611 -0.347687 0.000000 60.019933 0.347687 0.937611 0.000000 12.693600 0.000000 0.000000 1.000000 0.000000
0.937172 -0.348867 0.000000 60.132332 0.348867 0.937172 0.000000 12.709769 0.000000 0.000000 1.000000 0.000000
0.936526 -0.350599 0.000000 60.668772 0.350599 0.936526 0.000000 12.904700 0.000000 0.000000 1.000000 0.000000
0.936509 -0.350644 0.000000 61.335260 0.350644 0.936509 0.000000 13.117948 0.000000 0.000000 1.000000 0.000000
0.935903 -0.352259 0.000000 61.662154 0.352259 0.935903 0.000000 13.235140 0.000000 0.000000 1.000000 0.000000
0.935090 -0.354410 0.000000 62.303511 0.354410 0.935090 0.000000 13.454924 0.000000 0.000000 1.000000 0.000000
0.935283 -0.353901 0.000000 62.861689 0.353901 0.935283 0.000000 13.681474 0.000000 0.000000 1.000000 0.000000
0.934697 -0.355447 0.000000 63.464150 0.355447 0.934697 0.000000 13.899071 0.000000 0.000000 1.000000 0.000000
0.934035 -0.357180 0.000000 64.362742 0.357180 0.934035 0.000000 14.209680 0.000000 0.000000 1.000000 0.000000
0.933700 -0.358056 0.000000 64.948243 0.358056 0.933700 0.000000 14.409734 0.000000 0.000000 1.000000 0.000000
0.933793 -0.357814 0.000000 65.452853 0.357814 0.933793 0.000000 14.608769 0.000000 0.000000 1.000000 0.000000
0.933580 -0.358370 0.000000 65.900476 0.358370 0.933580 0.000000 14.799362 0.000000 0.000000 1.000000 0.000000
0.933725 -0.357992 0.000000 66.517624 0.357992 0.933725 0.000000 15.039133 0.000000 0.000000 1.000000 0.000000
0.932611 -0.360882 0.000000 67.128630 0.360882 0.932611 0.000000 15.292817 0.000000 0.000000 1.000000 0.000000
0.932357 -0.361538 0.000000 67.462540 0.361538 0.932357 0.000000 15.395815 0.000000 0.000000 1.000000 0.000000
0.932296 -0.361695 0.000000 68.055605 0.361695 0.932296 0.000000 15.617156 0.000000 0.000000 1.000000 0.000000
0.932183 -0.361987 0.000000 68.575588 0.361987 0.932183 0.000000 15.818443 0.000000 0.000000 1.000000 0.000000
0.931689 -0.363257 0.000000 69.708651 0.363257 0.931689 0.000000 16.229603 0.000000 0.000000 1.000000 0.000000
0.930451 -0.366416 0.000000 70.344568 0.366416 0.930451 0.000000 16.518227 0.000000 0.000000 1.000000 0.000000
0.931051 -0.364889 0.000000 70.940078 0.364889 0.931051 0.000000 16.719364 0.000000 0.000000 1.000000 0.000000
0.930660 -0.365886 0.000000 71.552005 0.365886 0.930660 0.000000 16.933432 0.000000 0.000000 1.000000 0.000000
0.931211 -0.364480 0.000000 72.101096 0.364480 0.931211 0.000000 17.103260 0.000000 0.000000 1.000000 0.000000
0.930498 -0.366297 0.000000 72.557144 0.366297 0.930498 0.000000 17.294309 0.000000 0.000000 1.000000 0.000000
0.931729 -0.363154 0.000000 73.194894 0.363154 0.931729 0.000000 17.462553 0.000000 0.000000 1.000000 0.000000
0.931741 -0.363123 0.000000 73.724736 0.363123 0.931741 0.000000 17.702996 0.000000 0.000000 1.000000 0.000000
0.931796 -0.362982 0.000000 74.339918 0.362982 0.931796 0.000000 17.928066 0.000000 0.000000 1.000000 0.000000
0.931520 -0.363691 0.000000 74.838567 0.363691 0.931520 0.000000 18.136176 0.000000 0.000000 1.000000 0.000000
0.930817 -0.365486 0.000000 75.425729 0.365486 0.930817 0.000000 18.427066 0.000000 0.000000 1.000000 0.000000
0.930725 -0.365721 0.000000 75.924697 0.365721 0.930725 0.000000 18.604939 0.000000 0.000000 1.000000 0.000000
0.930899 -0.365275 0.000000 76.418877 0.365275 0.930899 0.000000 18.790184 0.000000 0.000000 1.000000 0.000000
0.930416 -0.366506 0.000000 76.986175 0.366506 0.930416 0.000000 19.020204 0.000000 0.000000 1.000000 0.000000
0.930558 -0.366145 0.000000 77.537019 0.366145 0.930558 0.000000 19.241836 0.000000 0.000000 1.000000 0.000000
0.931972 -0.362530 0.000000 78.117945 0.362530 0.931972 0.000000 19.368255 0.000000 0.000000 1.000000 0.000000
0.932255 -0.361802 0.000000 78.559774 0.361802 0.932255 0.000000 19.545081 0.000000 0.000000 1.000000 0.000000
0.932172 -0.362016 0.000000 79.059842 0.362016 0.932172 0.000000 19.749282 0.000000 0.000000 1.000000 0.000000
0.932081 -0.362249 0.000000 79.573429 0.362249 0.932081 0.000000 19.961816 0.000000 0.000000 1.000000 0.000000
0.931801 -0.362970 0.000000 79.874193 0.362970 0.931801 0.000000 20.020215 0.000000 0.000000 1.000000 0.000000
0.932917 -0.360091 0.000000 80.332747 0.360091 0.932917 0.000000 20.156156 0.000000 0.000000 1.000000 0.000000
0.933504 -0.358566 0.000000 80.900561 0.358566 0.933504 0.000000 20.364561 0.000000 0.000000 1.000000 0.000000
0.933740 -0.357952 0.000000 81.384081 0.357952 0.933740 0.000000 20.540114 0.000000 0.000000 1.000000 0.000000
0.933738 -0.357958 0.000000 82.074968 0.357958 0.933738 0.000000 20.830084 0.000000 0.000000 1.000000 0.000000
0.934376 -0.356289 0.000000 82.540893 0.356289 0.934376 0.000000 20.983042 0.000000 0.000000 1.000000 0.000000
0.934320 -0.356436 0.000000 83.059809 0.356436 0.934320 0.000000 21.211260 0.000000 0.000000 1.000000 0.000000
0.933561 -0.358418 0.000000 83.578610 0.358418 0.933561 0.000000 21.466934 0.000000 0.000000 1.000000 0.000000
0.933433 -0.358753 0.000000 84.195183 0.358753 0.933433 0.000000 21.701832 0.000000 0.000000 1.000000 0.000000
0.932942 -0.360026 0.000000 84.713614 0.360026 0.932942 0.000000 21.958756 0.000000 0.000000 1.000000 0.000000
0.933176 -0.359419 0.000000 85.384845 0.359419 0.933176 0.000000 22.264102 0.000000 0.000000 1.000000 0.000000
0.935193 -0.354139 0.000000 85.927424 0.354139 0.935193 0.000000 22.360781 0.000000 0.000000 1.000000 0.000000
0.935764 -0.352627 0.000000 86.187140 0.352627 0.935764 0.000000 22.469848 0.000000 0.000000 1.000000 0.000000
0.936427 -0.350863 0.000000 86.647533 0.350863 0.936427 0.000000 22.618990 0.000000 0.000000 1.000000 0.000000
0.936796 -0.349877 0.000000 87.109866 0.349877 0.936796 0.000000 22.512910 0.000000 0.000000 1.000000 0.000000
0.936758 -0.349978 0.000000 87.620671 0.349978 0.936758 0.000000 22.692641 0.000000 0.000000 1.000000 0.000000
0.937437 -0.348155 0.000000 88.077606 0.348155 0.937437 0.000000 22.812246 0.000000 0.000000 1.000000 0.000000
0.939101 -0.343642 0.000000 89.163138 0.343642 0.939101 0.000000 23.186544 0.000000 0.000000 1.000000 0.000000
0.938694 -0.344752 0.000000 89.648626 0.344752 0.938694 0.000000 23.420801 0.000000 0.000000 1.000000 0.000000
0.940021 -0.341117 0.000000 90.114468 0.341117 0.940021 0.000000 23.533404 0.000000 0.000000 1.000000 0.000000
0.941240 -0.337738 0.000000 90.687272 0.337738 0.941240 0.000000 23.740139 0.000000 0.000000 1.000000 0.000000
0.941735 -0.336355 0.000000 91.187810 0.336355 0.941735 0.000000 23.920192 0.000000 0.000000 1.000000 0.000000
0.943379 -0.331717 0.000000 91.624658 0.331717 0.943379 0.000000 24.004227 0.000000 0.000000 1.000000 0.000000
0.943424 -0.331588 0.000000 92.184635 0.331588 0.943424 0.000000 24.180125 0.000000 0.000000 1.000000 0.000000
0.944129 -0.329575 0.000000 92.586669 0.329575 0.944129 0.000000 24.365075 0.000000 0.000000 1.000000 0.000000
0.945538 -0.325512 0.000000 92.971708 0.325512 0.945538 0.000000 24.419101 0.000000 0.000000 1.000000 0.000000
0.946585 -0.322455 0.000000 93.560460 0.322455 0.946585 0.000000 24.612579 0.000000 0.000000 1.000000 0.000000
0.948056 -0.318104 0.000000 94.226924 0.318104 0.948056 0.000000 24.756431 0.000000 0.000000 1.000000 0.000000
0.948208 -0.317650 0.000000 94.543283 0.317650 0.948208 0.000000 24.841867 0.000000 0.000000 1.000000 0.000000
0.949510 -0.313737 0.000000 94.880724 0.313737 0.949510 0.000000 24.921727 0.000000 0.000000 1.000000 0.000000
0.950721 -0.310047 0.000000 95.331469 0.310047 0.950721 0.000000 25.061496 0.000000 0.000000 1.000000 0.000000
0.950671 -0.310201 0.000000 95.840899 0.310201 0.950671 0.000000 25.173083 0.000000 0.000000 1.000000 0.000000
0.951626 -0.307258 0.000000 96.158222 0.307258 0.951626 0.000000 25.313526 0.000000 0.000000 1.000000 0.000000
0.954469 -0.298311 0.000000 96.259405 0.298311 0.954469 0.000000 25.232824 0.000000 0.000000 1.000000 0.000000
0.955890 -0.293724 0.000000 96.542703 0.293724 0.955890 0.000000 25.252481 0.000000 0.000000 1.000000 0.000000
0.957657 -0.287911 0.000000 96.698815 0.287911 0.957657 0.000000 25.249504 0.000000 0.000000 1.000000 0.000000
0.958081 -0.286498 0.000000 97.011016 0.286498 0.958081 0.000000 25.428800 0.000000 0.000000 1.000000 0.000000
0.959618 -0.281307 0.000000 97.672368 0.281307 0.959618 0.000000 25.604142 0.000000 0.000000 1.000000 0.000000
0.960799 -0.277246 0.000000 98.167155 0.277246 0.960799 0.000000 25.738436 0.000000 0.000000 1.000000 0.000000
0.961708 -0.274076 0.000000 98.506626 0.274076 0.961708 0.000000 25.774251 0.000000 0.000000 1.000000 0.000000
0.962842 -0.270066 0.000000 99.008150 0.270066 0.962842 0.000000 25.906418 0.000000 0.000000 1.000000 0.000000
0.962792 -0.270245 0.000000 99.398812 0.270245 0.962792 0.000000 26.021193 0.000000 0.000000 1.000000 0.000000
0.963005 -0.269484 0.000000 99.772093 0.269484 0.963005 0.000000 26.132766 0.000000 0.000000 1.000000 0.000000
0.964065 -0.265665 0.000000 100.168647 0.265665 0.964065 0.000000 26.213111 0.000000 0.000000 1.000000 0.000000
0.965070 -0.261991 0.000000 100.855123 0.261991 0.965070 0.000000 26.355381 0.000000 0.000000 1.000000 0.000000
0.965728 -0.259555 0.000000 101.488500 0.259555 0.965728 0.000000 26.505665 0.000000 0.000000 1.000000 0.000000
0.966036 -0.258408 0.000000 101.704974 0.258408 0.966036 0.000000 26.508028 0.000000 0.000000 1.000000 0.000000
0.966718 -0.255845 0.000000 101.928661 0.255845 0.966718 0.000000 26.453583 0.000000 0.000000 1.000000 0.000000
0.967333 -0.253510 0.000000 102.265613 0.253510 0.967333 0.000000 26.528382 0.000000 0.000000 1.000000 0.000000
0.968240 -0.250022 0.000000 102.720438 0.250022 0.968240 0.000000 26.644118 0.000000 0.000000 1.000000 0.000000
0.968598 -0.248634 0.000000 103.136416 0.248634 0.968598 0.000000 26.707581 0.000000 0.000000 1.000000 0.000000
0.968438 -0.249255 0.000000 103.716229 0.249255 0.968438 0.000000 26.838208 0.000000 0.000000 1.000000 0.000000
0.968623 -0.248534 0.000000 104.057054 0.248534 0.968623 0.000000 26.902538 0.000000 0.000000 1.000000 0.000000
0.968856 -0.247623 0.000000 104.791661 0.247623 0.968856 0.000000 27.138553 0.000000 0.000000 1.000000 0.000000
0.970238 -0.242152 0.000000 105.189542 0.242152 0.970238 0.000000 27.135549 0.000000 0.000000 1.000000 0.000000
0.970318 -0.241831 0.000000 105.570996 0.241831 0.970318 0.000000 27.211087 0.000000 0.000000 1.000000 0.000000
0.971074 -0.238777 0.000000 106.352276 0.238777 0.971074 0.000000 27.278593 0.000000 0.000000 1.000000 0.000000
0.970834 -0.239751 0.000000 106.837788 0.239751 0.970834 0.000000 27.336735 0.000000 0.000000 1.000000 0.000000
0.971846 -0.235617 0.000000 107.526827 0.235617 0.971846 0.000000 27.419110 0.000000 0.000000 1.000000 0.000000
0.971909 -0.235359 0.000000 107.981599 0.235359 0.971909 0.000000 27.544656 0.000000 0.000000 1.000000 0.000000
0.971977 -0.235076 0.000000 108.450487 0.235076 0.971977 0.000000 27.738217 0.000000 0.000000 1.000000 0.000000
0.971979 -0.235068 0.000000 108.858685 0.235068 0.971979 0.000000 27.807949 0.000000 0.000000 1.000000 0.000000
0.971681 -0.236297 0.000000 109.240300 0.236297 0.971681 0.000000 27.849514 0.000000 0.000000 1.000000 0.000000
0.972496 -0.232920 0.000000 109.542363 0.232920 0.972496 0.000000 27.920331 0.000000 0.000000 1.000000 0.000000
0.972530 -0.232776 0.000000 110.314442 0.232776 0.972530 0.000000 28.080309 0.000000 0.000000 1.000000 0.000000
0.972365 -0.233467 0.000000 110.820366 0.233467 0.972365 0.000000 28.048327 0.000000 0.000000 1.000000 0.000000
0.972288 -0.233788 0.000000 111.255127 0.233788 0.972288 0.000000 28.170460 0.000000 0.000000 1.000000 0.000000
0.972944 -0.231041 0.000000 111.587856 0.231041 0.972944 0.000000 28.287678 0.000000 0.000000 1.000000 0.000000
0.973295 -0.229558 0.000000 111.921889 0.229558 0.973295 0.000000 28.391773 0.000000 0.000000 1.000000 0.000000
0.973989 -0.226595 0.000000 112.336796 0.226595 0.973989 0.000000 28.455497 0.000000 0.000000 1.000000 0.000000
0.973795 -0.227426 0.000000 113.029789 0.227426 0.973795 0.000000 28.563187 0.000000 0.000000 1.000000 0.000000
0.974155 -0.225881 0.000000 113.602038 0.225881 0.974155 0.000000 28.677835 0.000000 0.000000 1.000000 0.000000
0.974882 -0.222723 0.000000 114.161039 0.222723 0.974882 0.000000 28.746017 0.000000 0.000000 1.000000 0.000000
0.975544 -0.219802 0.000000 114.610206 0.219802 0.975544 0.000000 28.851544 0.000000 0.000000 1.000000 0.000000
0.975908 -0.218181 0.000000 115.139563 0.218181 0.975908 0.000000 28.975649 0.000000 0.000000 1.000000 0.000000
0.976374 -0.216089 0.000000 115.760109 0.216089 0.976374 0.000000 29.024059 0.000000 0.000000 1.000000 0.000000
0.977909 -0.209032 0.000000 116.534670 0.209032 0.977909 0.000000 29.085199 0.000000 0.000000 1.000000 0.000000
0.978142 -0.207939 0.000000 116.981415 0.207939 0.978142 0.000000 29.149986 0.000000 0.000000 1.000000 0.000000
0.978511 -0.206194 0.000000 117.623373 0.206194 0.978511 0.000000 29.305787 0.000000 0.000000 1.000000 0.000000
0.978425 -0.206602 0.000000 118.022346 0.206602 0.978425 0.000000 29.379568 0.000000 0.000000 1.000000 0.000000
0.979073 -0.203508 0.000000 118.489241 0.203508 0.979073 0.000000 29.472911 0.000000 0.000000 1.000000 0.000000
0.979475 -0.201566 0.000000 118.925160 0.201566 0.979475 0.000000 29.509099 0.000000 0.000000 1.000000 0.000000
0.979861 -0.199683 0.000000 119.220336 0.199683 0.979861 0.000000 29.565689 0.000000 0.000000 1.000000 0.000000
0.979877 -0.199605 0.000000 119.744283 0.199605 0.979877 0.000000 29.657587 0.000000 0.000000 1.000000 0.000000
0.979974 -0.199125 0.000000 120.319068 0.199125 0.979974 0.000000 29.760598 0.000000 0.000000 1.000000 0.000000
0.979988 -0.199059 0.000000 121.265393 0.199059 0.979988 0.000000 29.984023 0.000000 0.000000 1.000000 0.000000
0.979271 -0.202554 0.000000 121.482952 0.202554 0.979271 0.000000 30.107941 0.000000 0.000000 1.000000 0.000000
0.979034 -0.203699 0.000000 122.494188 0.203699 0.979034 0.000000 30.376626 0.000000 0.000000 1.000000 0.000000
0.978964 -0.204035 0.000000 122.898885 0.204035 0.978964 0.000000 30.320638 0.000000 0.000000 1.000000 0.000000
0.979125 -0.203260 0.000000 123.297416 0.203260 0.979125 0.000000 30.424094 0.000000 0.000000 1.000000 0.000000
0.979343 -0.202205 0.000000 123.799516 0.202205 0.979343 0.000000 30.360207 0.000000 0.000000 1.000000 0.000000
0.979058 -0.203581 0.000000 124.263493 0.203581 0.979058 0.000000 30.519677 0.000000 0.000000 1.000000 0.000000
0.978985 -0.203934 0.000000 124.729110 0.203934 0.978985 0.000000 30.637658 0.000000 0.000000 1.000000 0.000000
0.978818 -0.204733 0.000000 125.161210 0.204733 0.978818 0.000000 30.760769 0.000000 0.000000 1.000000 0.000000
0.979061 -0.203565 0.000000 125.629652 0.203565 0.979061 0.000000 30.851357 0.000000 0.000000 1.000000 0.000000
0.978719 -0.205207 0.000000 125.884151 0.205207 0.978719 0.000000 30.730204 0.000000 0.000000 1.000000 0.000000
0.979183 -0.202977 0.000000 126.431584 0.202977 0.979183 0.000000 30.944815 0.000000 0.000000 1.000000 0.000000
0.978886 -0.204408 0.000000 126.779270 0.204408 0.978886 0.000000 31.170761 0.000000 0.000000 1.000000 0.000000
0.979147 -0.203152 0.000000 127.242009 0.203152 0.979147 0.000000 31.278610 0.000000 0.000000 1.000000 0.000000
0.979290 -0.202463 0.000000 127.338499 0.202463 0.979290 0.000000 31.381623 0.000000 0.000000 1.000000 0.000000
0.979915 -0.199417 0.000000 127.858983 0.199417 0.979915 0.000000 31.342440 0.000000 0.000000 1.000000 0.000000
0.979499 -0.201448 0.000000 128.370814 0.201448 0.979499 0.000000 31.574258 0.000000 0.000000 1.000000 0.000000
0.980158 -0.198216 0.000000 128.815277 0.198216 0.980158 0.000000 31.507218 0.000000 0.000000 1.000000 0.000000
0.980124 -0.198385 0.000000 129.496449 0.198385 0.980124 0.000000 31.637106 0.000000 0.000000 1.000000 0.000000
0.980494 -0.196550 0.000000 129.935772 0.196550 0.980494 0.000000 31.698492 0.000000 0.000000 1.000000 0.000000
0.981263 -0.192674 0.000000 130.278067 0.192674 0.981263 0.000000 31.661543 0.000000 0.000000 1.000000 0.000000
0.981238 -0.192800 0.000000 130.758591 0.192800 0.981238 0.000000 31.697384 0.000000 0.000000 1.000000 0.000000
0.981469 -0.191622 0.000000 131.323164 0.191622 0.981469 0.000000 31.798745 0.000000 0.000000 1.000000 0.000000
0.981857 -0.189621 0.000000 131.924032 0.189621 0.981857 0.000000 31.940186 0.000000 0.000000 1.000000 0.000000
0.983665 -0.180010 0.000000 135.839155 0.180010 0.983665 0.000000 32.495542 0.000000 0.000000 1.000000 0.000000
0.983238 -0.182328 0.000000 136.259145 0.182328 0.983238 0.000000 32.582893 0.000000 0.000000 1.000000 0.000000
0.982360 -0.187001 0.000000 137.509976 0.187001 0.982360 0.000000 32.805119 0.000000 0.000000 1.000000 0.000000
0.982699 -0.185210 0.000000 138.735955 0.185210 0.982699 0.000000 33.000239 0.000000 0.000000 1.000000 0.000000
0.982503 -0.186246 0.000000 139.345471 0.186246 0.982503 0.000000 33.080871 0.000000 0.000000 1.000000 0.000000
0.982174 -0.187973 0.000000 139.910832 0.187973 0.982174 0.000000 33.285721 0.000000 0.000000 1.000000 0.000000
0.982485 -0.186344 0.000000 140.377019 0.186344 0.982485 0.000000 33.286740 0.000000 0.000000 1.000000 0.000000
0.982625 -0.185604 0.000000 140.882569 0.185604 0.982625 0.000000 33.331308 0.000000 0.000000 1.000000 0.000000
0.982345 -0.187080 0.000000 141.542662 0.187080 0.982345 0.000000 33.541102 0.000000 0.000000 1.000000 0.000000
0.983120 -0.182962 0.000000 142.086356 0.182962 0.983120 0.000000 33.500682 0.000000 0.000000 1.000000 0.000000
0.982155 -0.188071 0.000000 142.857511 0.188071 0.982155 0.000000 33.656260 0.000000 0.000000 1.000000 0.000000
0.982060 -0.188569 0.000000 143.485778 0.188569 0.982060 0.000000 33.681913 0.000000 0.000000 1.000000 0.000000
0.981247 -0.192755 0.000000 144.405240 0.192755 0.981247 0.000000 33.904661 0.000000 0.000000 1.000000 0.000000
0.981338 -0.192292 0.000000 145.071087 0.192292 0.981338 0.000000 34.000667 0.000000 0.000000 1.000000 0.000000
0.980938 -0.194323 0.000000 145.659347 0.194323 0.980938 0.000000 34.061500 0.000000 0.000000 1.000000 0.000000
0.980461 -0.196713 0.000000 146.255410 0.196713 0.980461 0.000000 34.175274 0.000000 0.000000 1.000000 0.000000
0.979993 -0.199032 0.000000 147.013963 0.199032 0.979993 0.000000 34.225135 0.000000 0.000000 1.000000 0.000000
0.980116 -0.198424 0.000000 147.564382 0.198424 0.980116 0.000000 34.324205 0.000000 0.000000 1.000000 0.000000
0.980198 -0.198022 0.000000 148.166281 0.198022 0.980198 0.000000 34.496086 0.000000 0.000000 1.000000 0.000000
0.980396 -0.197039 0.000000 148.799721 0.197039 0.980396 0.000000 34.625123 0.000000 0.000000 1.000000 0.000000
0.980132 -0.198346 0.000000 149.524890 0.198346 0.980132 0.000000 34.741840 0.000000 0.000000 1.000000 0.000000
0.979901 -0.199485 0.000000 150.057730 0.199485 0.979901 0.000000 34.785029 0.000000 0.000000 1.000000 0.000000
0.979696 -0.200487 0.000000 150.639573 0.200487 0.979696 0.000000 34.845091 0.000000 0.000000 1.000000 0.000000
0.979264 -0.202590 0.000000 151.156923 0.202590 0.979264 0.000000 34.916904 0.000000 0.000000 1.000000 0.000000
0.978963 -0.204039 0.000000 151.744997 0.204039 0.978963 0.000000 35.009253 0.000000 0.000000 1.000000 0.000000
0.979108 -0.203342 0.000000 152.324616 0.203342 0.979108 0.000000 35.156292 0.000000 0.000000 1.000000 0.000000
0.978425 -0.206604 0.000000 152.873070 0.206604 0.978425 0.000000 35.224508 0.000000 0.000000 1.000000 0.000000
0.978669 -0.205445 0.000000 153.494965 0.205445 0.978669 0.000000 35.348999 0.000000 0.000000 1.000000 0.000000
0.977913 -0.209010 0.000000 154.519287 0.209010 0.977913 0.000000 35.560423 0.000000 0.000000 1.000000 0.000000
0.977578 -0.210575 0.000000 154.974248 0.210575 0.977578 0.000000 35.599444 0.000000 0.000000 1.000000 0.000000
0.977324 -0.211749 0.000000 155.524705 0.211749 0.977324 0.000000 35.727361 0.000000 0.000000 1.000000 0.000000
0.977558 -0.210665 0.000000 156.131815 0.210665 0.977558 0.000000 35.932579 0.000000 0.000000 1.000000 0.000000
0.977617 -0.210392 0.000000 156.693406 0.210392 0.977617 0.000000 36.041380 0.000000 0.000000 1.000000 0.000000
0.978036 -0.208438 0.000000 157.766392 0.208438 0.978036 0.000000 36.253484 0.000000 0.000000 1.000000 0.000000
0.978300 -0.207196 0.000000 158.540518 0.207196 0.978300 0.000000 36.281550 0.000000 0.000000 1.000000 0.000000
0.978286 -0.207261 0.000000 159.048934 0.207261 0.978286 0.000000 36.217937 0.000000 0.000000 1.000000 0.000000
0.978409 -0.206676 0.000000 159.700234 0.206676 0.978409 0.000000 36.391976 0.000000 0.000000 1.000000 0.000000
0.977875 -0.209192 0.000000 160.276900 0.209192 0.977875 0.000000 36.429430 0.000000 0.000000 1.000000 0.000000
0.993493 -0.113895 0.000000 159.559010 0.113895 0.993493 0.000000 36.182259 0.000000 0.000000 1.000000 0.000000
0.993266 -0.115859 0.000000 160.095385 0.115859 0.993266 0.000000 36.145225 0.000000 0.000000 1.000000 0.000000
0.993309 -0.115488 0.000000 160.706061 0.115488 0.993309 0.000000 36.260183 0.000000 0.000000 1.000000 0.000000
0.993227 -0.116188 0.000000 161.449228 0.116188 0.993227 0.000000 36.318553 0.000000 0.000000 1.000000 0.000000
0.993202 -0.116407 0.000000 162.094244 0.116407 0.993202 0.000000 36.482856 0.000000 0.000000 1.000000 0.000000
0.992950 -0.118535 0.000000 162.626978 0.118535 0.992950 0.000000 36.552065 0.000000 0.000000 1.000000 0.000000
0.992791 -0.119862 0.000000 163.197870 0.119862 0.992791 0.000000 36.597225 0.000000 0.000000 1.000000 0.000000
0.993121 -0.117094 0.000000 163.799233 0.117094 0.993121 0.000000 36.551435 0.000000 0.000000 1.000000 0.000000
0.992641 -0.121095 0.000000 164.453223 0.121095 0.992641 0.000000 36.599214 0.000000 0.000000 1.000000 0.000000
0.992843 -0.119426 0.000000 165.187058 0.119426 0.992843 0.000000 36.680549 0.000000 0.000000 1.000000 0.000000
0.992760 -0.120116 0.000000 165.792896 0.120116 0.992760 0.000000 36.713451 0.000000 0.000000 1.000000 0.000000
0.992613 -0.121320 0.000000 166.287187 0.121320 0.992613 0.000000 36.790665 0.000000 0.000000 1.000000 0.000000
0.992703 -0.120582 0.000000 166.809843 0.120582 0.992703 0.000000 36.888306 0.000000 0.000000 1.000000 0.000000
0.992527 -0.122024 0.000000 167.420566 0.122024 0.992527 0.000000 36.938215 0.000000 0.000000 1.000000 0.000000
0.992284 -0.123986 0.000000 167.979444 0.123986 0.992284 0.000000 36.912041 0.000000 0.000000 1.000000 0.000000
0.991909 -0.126948 0.000000 168.494885 0.126948 0.991909 0.000000 36.935194 0.000000 0.000000 1.000000 0.000000
0.991936 -0.126736 0.000000 169.089822 0.126736 0.991936 0.000000 36.942330 0.000000 0.000000 1.000000 0.000000
0.991951 -0.126619 0.000000 169.756428 0.126619 0.991951 0.000000 37.020887 0.000000 0.000000 1.000000 0.000000
0.991975 -0.126430 0.000000 170.491301 0.126430 0.991975 0.000000 37.182164 0.000000 0.000000 1.000000 0.000000
0.991756 -0.128142 0.000000 171.122261 0.128142 0.991756 0.000000 37.200194 0.000000 0.000000 1.000000 0.000000
0.991516 -0.129987 0.000000 171.951559 0.129987 0.991516 0.000000 37.283468 0.000000 0.000000 1.000000 0.000000
0.991498 -0.130121 0.000000 172.147883 0.130121 0.991498 0.000000 37.329336 0.000000 0.000000 1.000000 0.000000
0.991403 -0.130846 0.000000 172.887635 0.130846 0.991403 0.000000 37.378314 0.000000 0.000000 1.000000 0.000000
0.990762 -0.135613 0.000000 173.579231 0.135613 0.990762 0.000000 37.422779 0.000000 0.000000 1.000000 0.000000
0.991161 -0.132664 0.000000 174.164935 0.132664 0.991161 0.000000 37.464946 0.000000 0.000000 1.000000 0.000000
0.990993 -0.133917 0.000000 174.570712 0.133917 0.990993 0.000000 37.501778 0.000000 0.000000 1.000000 0.000000
0.991073 -0.133323 0.000000 175.179048 0.133323 0.991073 0.000000 37.634564 0.000000 0.000000 1.000000 0.000000
0.990899 -0.134608 0.000000 175.881356 0.134608 0.990899 0.000000 37.720394 0.000000 0.000000 1.000000 0.000000
0.990682 -0.136197 0.000000 176.518239 0.136197 0.990682 0.000000 37.678007 0.000000 0.000000 1.000000 0.000000
0.990621 -0.136641 0.000000 177.240836 0.136641 0.990621 0.000000 37.796752 0.000000 0.000000 1.000000 0.000000
0.990420 -0.138089 0.000000 177.960162 0.138089 0.990420 0.000000 37.856981 0.000000 0.000000 1.000000 0.000000
0.989986 -0.141164 0.000000 178.640443 0.141164 0.989986 0.000000 37.952578 0.000000 0.000000 1.000000 0.000000
0.990199 -0.139664 0.000000 179.250016 0.139664 0.990199 0.000000 38.047591 0.000000 0.000000 1.000000 0.000000
0.989865 -0.142012 0.000000 179.767944 0.142012 0.989865 0.000000 38.048145 0.000000 0.000000 1.000000 0.000000
0.990149 -0.140016 0.000000 180.464174 0.140016 0.990149 0.000000 38.149057 0.000000 0.000000 1.000000 0.000000
0.989721 -0.143011 0.000000 180.926579 0.143011 0.989721 0.000000 38.146044 0.000000 0.000000 1.000000 0.000000
0.990055 -0.140684 0.000000 181.528663 0.140684 0.990055 0.000000 38.249742 0.000000 0.000000 1.000000 0.000000
0.989798 -0.142477 0.000000 182.203846 0.142477 0.989798 0.000000 38.344553 0.000000 0.000000 1.000000 0.000000
0.989795 -0.142497 0.000000 182.947172 0.142497 0.989795 0.000000 38.427862 0.000000 0.000000 1.000000 0.000000
0.989651 -0.143495 0.000000 183.578820 0.143495 0.989651 0.000000 38.578025 0.000000 0.000000 1.000000 0.000000
0.989750 -0.142808 0.000000 184.076077 0.142808 0.989750 0.000000 38.647518 0.000000 0.000000 1.000000 0.000000
0.990080 -0.140507 0.000000 184.748482 0.140507 0.990080 0.000000 38.685463 0.000000 0.000000 1.000000 0.000000
0.989628 -0.143652 0.000000 185.388111 0.143652 0.989628 0.000000 38.842853 0.000000 0.000000 1.000000 0.000000
0.989713 -0.143068 0.000000 186.028553 0.143068 0.989713 0.000000 38.890760 0.000000 0.000000 1.000000 0.000000
0.989706 -0.143113 0.000000 186.811320 0.143113 0.989706 0.000000 39.020420 0.000000 0.000000 1.000000 0.000000
0.989651 -0.143497 0.000000 187.430278 0.143497 0.989651 0.000000 39.029963 0.000000 0.000000 1.000000 0.000000
0.990118 -0.140235 0.000000 188.051297 0.140235 0.990118 0.000000 39.134503 0.000000 0.000000 1.000000 0.000000
0.990418 -0.138101 0.000000 188.621445 0.138101 0.990418 0.000000 39.204186 0.000000 0.000000 1.000000 0.000000
0.990435 -0.137977 0.000000 189.096946 0.137977 0.990435 0.000000 39.248193 0.000000 0.000000 1.000000 0.000000
0.990798 -0.135348 0.000000 189.883990 0.135348 0.990798 0.000000 39.417284 0.000000 0.000000 1.000000 0.000000
0.990677 -0.136235 0.000000 190.493238 0.136235 0.990677 0.000000 39.495105 0.000000 0.000000 1.000000 0.000000
0.990500 -0.137515 0.000000 191.146167 0.137515 0.990500 0.000000 39.611092 0.000000 0.000000 1.000000 0.000000
0.989914 -0.141672 0.000000 191.772688 0.141672 0.989914 0.000000 39.676883 0.000000 0.000000 1.000000 0.000000
0.990066 -0.140606 0.000000 192.272704 0.140606 0.990066 0.000000 39.718882 0.000000 0.000000 1.000000 0.000000
0.989869 -0.141984 0.000000 193.419503 0.141984 0.989869 0.000000 39.850940 0.000000 0.000000 1.000000 0.000000
0.989551 -0.144185 0.000000 193.935871 0.144185 0.989551 0.000000 39.948644 0.000000 0.000000 1.000000 0.000000
0.989447 -0.144898 0.000000 194.929635 0.144898 0.989447 0.000000 40.020678 0.000000 0.000000 1.000000 0.000000
0.989522 -0.144383 0.000000 195.709452 0.144383 0.989522 0.000000 40.136947 0.000000 0.000000 1.000000 0.000000
0.989069 -0.147454 0.000000 196.745154 0.147454 0.989069 0.000000 40.265173 0.000000 0.000000 1.000000 0.000000
0.989014 -0.147820 0.000000 197.449133 0.147820 0.989014 0.000000 40.257133 0.000000 0.000000 1.000000 0.000000
0.989155 -0.146875 0.000000 198.161779 0.146875 0.989155 0.000000 40.340373 0.000000 0.000000 1.000000 0.000000
0.989327 -0.145715 0.000000 198.797777 0.145715 0.989327 0.000000 40.441026 0.000000 0.000000 1.000000 0.000000
0.989490 -0.144599 0.000000 199.455660 0.144599 0.989490 0.000000 40.543519 0.000000 0.000000 1.000000 0.000000
0.989293 -0.145944 0.000000 200.197028 0.145944 0.989293 0.000000 40.643550 0.000000 0.000000 1.000000 0.000000
0.989424 -0.145055 0.000000 200.927794 0.145055 0.989424 0.000000 40.734382 0.000000 0.000000 1.000000 0.000000
0.989828 -0.142269 0.000000 202.053355 0.142269 0.989828 0.000000 40.805016 0.000000 0.000000 1.000000 0.000000
0.989752 -0.142794 0.000000 202.604597 0.142794 0.989752 0.000000 40.832143 0.000000 0.000000 1.000000 0.000000
0.989646 -0.143530 0.000000 203.191764 0.143530 0.989646 0.000000 40.864837 0.000000 0.000000 1.000000 0.000000
0.989408 -0.145163 0.000000 203.650662 0.145163 0.989408 0.000000 40.994340 0.000000 0.000000 1.000000 0.000000
0.989322 -0.145748 0.000000 204.241612 0.145748 0.989322 0.000000 41.098456 0.000000 0.000000 1.000000 0.000000
0.989171 -0.146765 0.000000 204.960950 0.146765 0.989171 0.000000 41.199070 0.000000 0.000000 1.000000 0.000000
0.989224 -0.146412 0.000000 205.594847 0.146412 0.989224 0.000000 41.249475 0.000000 0.000000 1.000000 0.000000
0.989308 -0.145844 0.000000 206.051481 0.145844 0.989308 0.000000 41.333884 0.000000 0.000000 1.000000 0.000000
0.989151 -0.146901 0.000000 206.718931 0.146901 0.989151 0.000000 41.385444 0.000000 0.000000 1.000000 0.000000
0.989089 -0.147321 0.000000 207.204312 0.147321 0.989089 0.000000 41.426441 0.000000 0.000000 1.000000 0.000000
0.989089 -0.147316 0.000000 207.852230 0.147316 0.989089 0.000000 41.566811 0.000000 0.000000 1.000000 0.000000
0.989100 -0.147244 0.000000 208.302711 0.147244 0.989100 0.000000 41.622240 0.000000 0.000000 1.000000 0.000000
0.989705 -0.143124 0.000000 208.908255 0.143124 0.989705 0.000000 41.689065 0.000000 0.000000 1.000000 0.000000
0.989409 -0.145153 0.000000 209.964234 0.145153 0.989409 0.000000 41.786924 0.000000 0.000000 1.000000 0.000000
0.989360 -0.145487 0.000000 210.293151 0.145487 0.989360 0.000000 41.863427 0.000000 0.000000 1.000000 0.000000
0.989304 -0.145865 0.000000 210.804147 0.145865 0.989304 0.000000 41.940016 0.000000 0.000000 1.000000 0.000000
0.989390 -0.145285 0.000000 211.320191 0.145285 0.989390 0.000000 42.092475 0.000000 0.000000 1.000000 0.000000
0.988962 -0.148167 0.000000 211.966900 0.148167 0.988962 0.000000 42.159001 0.000000 0.000000 1.000000 0.000000
0.988699 -0.149912 0.000000 212.592032 0.149912 0.988699 0.000000 42.245886 0.000000 0.000000 1.000000 0.000000
0.988345 -0.152231 0.000000 213.273332 0.152231 0.988345 0.000000 42.268178 0.000000 0.000000 1.000000 0.000000
0.987811 -0.155660 0.000000 213.776730 0.155660 0.987811 0.000000 42.412326 0.000000 0.000000 1.000000 0.000000
0.987639 -0.156744 0.000000 214.446995 0.156744 0.987639 0.000000 42.502845 0.000000 0.000000 1.000000 0.000000
0.987717 -0.156254 0.000000 215.003545 0.156254 0.987717 0.000000 42.590798 0.000000 0.000000 1.000000 0.000000
0.987211 -0.159418 0.000000 215.906410 0.159418 0.987211 0.000000 42.692785 0.000000 0.000000 1.000000 0.000000
0.986637 -0.162933 0.000000 216.591597 0.162933 0.986637 0.000000 42.846218 0.000000 0.000000 1.000000 0.000000
0.986383 -0.164464 0.000000 217.199912 0.164464 0.986383 0.000000 43.042809 0.000000 0.000000 1.000000 0.000000
0.986359 -0.164610 0.000000 217.619405 0.164610 0.986359 0.000000 43.091678 0.000000 0.000000 1.000000 0.000000
0.986114 -0.166067 0.000000 218.589651 0.166067 0.986114 0.000000 43.217730 0.000000 0.000000 1.000000 0.000000
0.985855 -0.167603 0.000000 219.236080 0.167603 0.985855 0.000000 43.273784 0.000000 0.000000 1.000000 0.000000
0.985626 -0.168940 0.000000 219.886381 0.168940 0.985626 0.000000 43.357136 0.000000 0.000000 1.000000 0.000000
0.985188 -0.171475 0.000000 220.229222 0.171475 0.985188 0.000000 43.399842 0.000000 0.000000 1.000000 0.000000
0.984806 -0.173657 0.000000 221.119033 0.173657 0.984806 0.000000 43.527000 0.000000 0.000000 1.000000 0.000000
0.984372 -0.176100 0.000000 221.881374 0.176100 0.984372 0.000000 43.674973 0.000000 0.000000 1.000000 0.000000
0.984059 -0.177841 0.000000 222.424439 0.177841 0.984059 0.000000 43.758247 0.000000 0.000000 1.000000 0.000000
0.983795 -0.179298 0.000000 223.035568 0.179298 0.983795 0.000000 43.831301 0.000000 0.000000 1.000000 0.000000
0.983363 -0.181652 0.000000 223.425288 0.181652 0.983363 0.000000 43.904175 0.000000 0.000000 1.000000 0.000000
0.983101 -0.183064 0.000000 223.901666 0.183064 0.983101 0.000000 43.951812 0.000000 0.000000 1.000000 0.000000
0.982878 -0.184257 0.000000 224.462659 0.184257 0.982878 0.000000 44.048952 0.000000 0.000000 1.000000 0.000000
0.982616 -0.185650 0.000000 225.018546 0.185650 0.982616 0.000000 44.123862 0.000000 0.000000 1.000000 0.000000
0.982340 -0.187104 0.000000 225.566033 0.187104 0.982340 0.000000 44.148338 0.000000 0.000000 1.000000 0.000000
0.981970 -0.189039 0.000000 225.294625 0.189039 0.981970 0.000000 44.084178 0.000000 0.000000 1.000000 0.000000
0.982537 -0.186066 0.000000 225.727769 0.186066 0.982537 0.000000 44.164690 0.000000 0.000000 1.000000 0.000000
0.982145 -0.188125 0.000000 226.420190 0.188125 0.982145 0.000000 44.242684 0.000000 0.000000 1.000000 0.000000
0.981949 -0.189144 0.000000 227.198198 0.189144 0.981949 0.000000 44.403211 0.000000 0.000000 1.000000 0.000000
0.982030 -0.188726 0.000000 228.070731 0.188726 0.982030 0.000000 44.539340 0.000000 0.000000 1.000000 0.000000
0.982221 -0.187726 0.000000 228.546922 0.187726 0.982221 0.000000 44.626726 0.000000 0.000000 1.000000 0.000000
0.981793 -0.189954 0.000000 229.309130 0.189954 0.981793 0.000000 44.844547 0.000000 0.000000 1.000000 0.000000
0.981401 -0.191967 0.000000 229.931159 0.191967 0.981401 0.000000 44.966638 0.000000 0.000000 1.000000 0.000000
0.981171 -0.193143 0.000000 230.378537 0.193143 0.981171 0.000000 44.993840 0.000000 0.000000 1.000000 0.000000
0.981084 -0.193583 0.000000 231.319109 0.193583 0.981084 0.000000 45.162156 0.000000 0.000000 1.000000 0.000000
0.981016 -0.193926 0.000000 231.906277 0.193926 0.981016 0.000000 45.305466 0.000000 0.000000 1.000000 0.000000
0.980763 -0.195202 0.000000 232.443069 0.195202 0.980763 0.000000 45.375237 0.000000 0.000000 1.000000 0.000000
0.980530 -0.196370 0.000000 233.040941 0.196370 0.980530 0.000000 45.500741 0.000000 0.000000 1.000000 0.000000
0.994039 -0.109028 0.000000 234.377171 0.109028 0.994039 0.000000 45.559160 0.000000 0.000000 1.000000 0.000000
0.994102 -0.108449 0.000000 234.931313 0.108449 0.994102 0.000000 45.634855 0.000000 0.000000 1.000000 0.000000
0.993836 -0.110862 0.000000 235.563184 0.110862 0.993836 0.000000 45.545363 0.000000 0.000000 1.000000 0.000000
0.993854 -0.110703 0.000000 236.141597 0.110703 0.993854 0.000000 45.617562 0.000000 0.000000 1.000000 0.000000
0.993787 -0.111295 0.000000 236.741635 0.111295 0.993787 0.000000 45.666530 0.000000 0.000000 1.000000 0.000000
0.993880 -0.110469 0.000000 237.369359 0.110469 0.993880 0.000000 45.652728 0.000000 0.000000 1.000000 0.000000
0.993510 -0.113743 0.000000 238.084522 0.113743 0.993510 0.000000 45.641158 0.000000 0.000000 1.000000 0.000000
0.993443 -0.114326 0.000000 238.555653 0.114326 0.993443 0.000000 45.594836 0.000000 0.000000 1.000000 0.000000
0.993548 -0.113415 0.000000 239.128561 0.113415 0.993548 0.000000 45.722492 0.000000 0.000000 1.000000 0.000000
0.993600 -0.112957 0.000000 239.639224 0.112957 0.993600 0.000000 45.707642 0.000000 0.000000 1.000000 0.000000
0.993386 -0.114821 0.000000 240.330372 0.114821 0.993386 0.000000 45.740579 0.000000 0.000000 1.000000 0.000000
0.993363 -0.115021 0.000000 240.865403 0.115021 0.993363 0.000000 45.771807 0.000000 0.000000 1.000000 0.000000
0.993375 -0.114917 0.000000 241.464135 0.114917 0.993375 0.000000 45.782028 0.000000 0.000000 1.000000 0.000000
0.993050 -0.117692 0.000000 242.359633 0.117692 0.993050 0.000000 45.737382 0.000000 0.000000 1.000000 0.000000
0.993300 -0.115562 0.000000 242.733028 0.115562 0.993300 0.000000 45.793162 0.000000 0.000000 1.000000 0.000000
0.993654 -0.112480 0.000000 243.196710 0.112480 0.993654 0.000000 45.736423 0.000000 0.000000 1.000000 0.000000
0.993724 -0.111863 0.000000 243.799042 0.111863 0.993724 0.000000 45.817803 0.000000 0.000000 1.000000 0.000000
0.993612 -0.112847 0.000000 244.395937 0.112847 0.993612 0.000000 45.884993 0.000000 0.000000 1.000000 0.000000
0.993818 -0.111025 0.000000 244.835933 0.111025 0.993818 0.000000 45.946503 0.000000 0.000000 1.000000 0.000000
0.993589 -0.113056 0.000000 245.408865 0.113056 0.993589 0.000000 45.913072 0.000000 0.000000 1.000000 0.000000
0.993626 -0.112725 0.000000 245.910807 0.112725 0.993626 0.000000 45.958487 0.000000 0.000000 1.000000 0.000000
0.993479 -0.114018 0.000000 246.415827 0.114018 0.993479 0.000000 46.104518 0.000000 0.000000 1.000000 0.000000
0.993492 -0.113898 0.000000 246.990528 0.113898 0.993492 0.000000 46.159431 0.000000 0.000000 1.000000 0.000000
0.993571 -0.113210 0.000000 247.488621 0.113210 0.993571 0.000000 46.151439 0.000000 0.000000 1.000000 0.000000
0.993372 -0.114948 0.000000 248.101450 0.114948 0.993372 0.000000 46.261149 0.000000 0.000000 1.000000 0.000000
0.993073 -0.117498 0.000000 248.900163 0.117498 0.993073 0.000000 46.397105 0.000000 0.000000 1.000000 0.000000
0.993202 -0.116407 0.000000 249.942167 0.116407 0.993202 0.000000 46.500338 0.000000 0.000000 1.000000 0.000000
0.993375 -0.114917 0.000000 250.499191 0.114917 0.993375 0.000000 46.550840 0.000000 0.000000 1.000000 0.000000
0.993414 -0.114577 0.000000 251.322072 0.114577 0.993414 0.000000 46.580077 0.000000 0.000000 1.000000 0.000000
0.993492 -0.113901 0.000000 252.407484 0.113901 0.993492 0.000000 46.652456 0.000000 0.000000 1.000000 0.000000
0.993559 -0.113315 0.000000 253.222870 0.113315 0.993559 0.000000 46.733777 0.000000 0.000000 1.000000 0.000000
0.993713 -0.111955 0.000000 253.759774 0.111955 0.993713 0.000000 46.718365 0.000000 0.000000 1.000000 0.000000
0.993742 -0.111698 0.000000 254.276519 0.111698 0.993742 0.000000 46.794669 0.000000 0.000000 1.000000 0.000000
0.993927 -0.110037 0.000000 254.884388 0.110037 0.993927 0.000000 46.862343 0.000000 0.000000 1.000000 0.000000
0.993849 -0.110745 0.000000 255.161014 0.110745 0.993849 0.000000 46.890068 0.000000 0.000000 1.000000 0.000000
0.994189 -0.107652 0.000000 255.534779 0.107652 0.994189 0.000000 46.810180 0.000000 0.000000 1.000000 0.000000
0.994254 -0.107051 0.000000 255.924683 0.107051 0.994254 0.000000 46.843371 0.000000 0.000000 1.000000 0.000000
0.994547 -0.104290 0.000000 256.390538 0.104290 0.994547 0.000000 46.918095 0.000000 0.000000 1.000000 0.000000
0.994555 -0.104210 0.000000 256.886367 0.104210 0.994555 0.000000 46.999455 0.000000 0.000000 1.000000 0.000000
0.994590 -0.103878 0.000000 257.250224 0.103878 0.994590 0.000000 47.035829 0.000000 0.000000 1.000000 0.000000
0.994596 -0.103821 0.000000 257.905159 0.103821 0.994596 0.000000 46.997347 0.000000 0.000000 1.000000 0.000000
0.994549 -0.104269 0.000000 258.435565 0.104269 0.994549 0.000000 47.018940 0.000000 0.000000 1.000000 0.000000
0.994949 -0.100384 0.000000 259.080838 0.100384 0.994949 0.000000 47.080692 0.000000 0.000000 1.000000 0.000000
0.994706 -0.102767 0.000000 259.657412 0.102767 0.994706 0.000000 47.166494 0.000000 0.000000 1.000000 0.000000
0.994558 -0.104186 0.000000 260.113059 0.104186 0.994558 0.000000 47.197893 0.000000 0.000000 1.000000 0.000000
0.994522 -0.104525 0.000000 260.782287 0.104525 0.994522 0.000000 47.312170 0.000000 0.000000 1.000000 0.000000
0.994592 -0.103863 0.000000 261.241915 0.103863 0.994592 0.000000 47.373728 0.000000 0.000000 1.000000 0.000000
0.994982 -0.100057 0.000000 261.913408 0.100057 0.994982 0.000000 47.430882 0.000000 0.000000 1.000000 0.000000
0.994975 -0.100122 0.000000 262.550796 0.100122 0.994975 0.000000 47.484767 0.000000 0.000000 1.000000 0.000000
0.994960 -0.100272 0.000000 263.174944 0.100272 0.994960 0.000000 47.526662 0.000000 0.000000 1.000000 0.000000
0.994933 -0.100540 0.000000 263.527601 0.100540 0.994933 0.000000 47.600266 0.000000 0.000000 1.000000 0.000000
0.995068 -0.099196 0.000000 263.875255 0.099196 0.995068 0.000000 47.617414 0.000000 0.000000 1.000000 0.000000
0.995144 -0.098427 0.000000 264.364630 0.098427 0.995144 0.000000 47.659061 0.000000 0.000000 1.000000 0.000000
0.995265 -0.097197 0.000000 264.760845 0.097197 0.995265 0.000000 47.691732 0.000000 0.000000 1.000000 0.000000
0.995044 -0.099439 0.000000 265.091983 0.099439 0.995044 0.000000 47.739669 0.000000 0.000000 1.000000 0.000000
0.995251 -0.097341 0.000000 265.839114 0.097341 0.995251 0.000000 47.833390 0.000000 0.000000 1.000000 0.000000
0.995292 -0.096919 0.000000 265.891556 0.096919 0.995292 0.000000 47.820827 0.000000 0.000000 1.000000 0.000000
0.995352 -0.096304 0.000000 266.346288 0.096304 0.995352 0.000000 47.879224 0.000000 0.000000 1.000000 0.000000
0.995495 -0.094812 0.000000 266.839803 0.094812 0.995495 0.000000 47.907092 0.000000 0.000000 1.000000 0.000000
0.995475 -0.095027 0.000000 267.393977 0.095027 0.995475 0.000000 47.929583 0.000000 0.000000 1.000000 0.000000
0.995561 -0.094120 0.000000 268.099673 0.094120 0.995561 0.000000 47.998974 0.000000 0.000000 1.000000 0.000000
0.995556 -0.094176 0.000000 268.342308 0.094176 0.995556 0.000000 48.016912 0.000000 0.000000 1.000000 0.000000
0.995826 -0.091273 0.000000 268.706451 0.091273 0.995826 0.000000 48.049500 0.000000 0.000000 1.000000 0.000000
0.995731 -0.092303 0.000000 268.952892 0.092303 0.995731 0.000000 48.070812 0.000000 0.000000 1.000000 0.000000
0.995839 -0.091134 0.000000 269.476003 0.091134 0.995839 0.000000 48.083015 0.000000 0.000000 1.000000 0.000000
0.995559 -0.094143 0.000000 269.865185 0.094143 0.995559 0.000000 48.210280 0.000000 0.000000 1.000000 0.000000
0.995495 -0.094815 0.000000 270.232610 0.094815 0.995495 0.000000 48.214342 0.000000 0.000000 1.000000 0.000000
0.995630 -0.093385 0.000000 271.009275 0.093385 0.995630 0.000000 48.226041 0.000000 0.000000 1.000000 0.000000
0.995540 -0.094339 0.000000 271.404319 0.094339 0.995540 0.000000 48.294893 0.000000 0.000000 1.000000 0.000000
0.995625 -0.093437 0.000000 271.661643 0.093437 0.995625 0.000000 48.297459 0.000000 0.000000 1.000000 0.000000
0.995644 -0.093237 0.000000 271.902074 0.093237 0.995644 0.000000 48.263223 0.000000 0.000000 1.000000 0.000000
0.995621 -0.093478 0.000000 272.027475 0.093478 0.995621 0.000000 48.194388 0.000000 0.000000 1.000000 0.000000
0.995633 -0.093351 0.000000 272.667781 0.093351 0.995633 0.000000 48.246823 0.000000 0.000000 1.000000 0.000000
0.995620 -0.093496 0.000000 273.080447 0.093496 0.995620 0.000000 48.242046 0.000000 0.000000 1.000000 0.000000
0.995737 -0.092233 0.000000 273.625500 0.092233 0.995737 0.000000 48.206040 0.000000 0.000000 1.000000 0.000000
0.995616 -0.093532 0.000000 273.918905 0.093532 0.995616 0.000000 48.255876 0.000000 0.000000 1.000000 0.000000
0.995812 -0.091426 0.000000 274.375195 0.091426 0.995812 0.000000 48.265326 0.000000 0.000000 1.000000 0.000000
0.995841 -0.091104 0.000000 274.391293 0.091104 0.995841 0.000000 48.304541 0.000000 0.000000 1.000000 0.000000
0.995863 -0.090866 0.000000 274.903259 0.090866 0.995863 0.000000 48.347104 0.000000 0.000000 1.000000 0.000000
0.996008 -0.089267 0.000000 275.046543 0.089267 0.996008 0.000000 48.360358 0.000000 0.000000 1.000000 0.000000
0.996098 -0.088257 0.000000 276.172187 0.088257 0.996098 0.000000 48.503662 0.000000 0.000000 1.000000 0.000000
0.995976 -0.089624 0.000000 276.532186 0.089624 0.995976 0.000000 48.485961 0.000000 0.000000 1.000000 0.000000
0.996019 -0.089138 0.000000 276.761545 0.089138 0.996019 0.000000 48.536562 0.000000 0.000000 1.000000 0.000000
0.996017 -0.089168 0.000000 277.227751 0.089168 0.996017 0.000000 48.573110 0.000000 0.000000 1.000000 0.000000
0.996004 -0.089305 0.000000 277.232168 0.089305 0.996004 0.000000 48.574010 0.000000 0.000000 1.000000 0.000000
0.995997 -0.089388 0.000000 278.055436 0.089388 0.995997 0.000000 48.648704 0.000000 0.000000 1.000000 0.000000
0.995961 -0.089782 0.000000 277.993951 0.089782 0.995961 0.000000 48.569111 0.000000 0.000000 1.000000 0.000000
0.996057 -0.088717 0.000000 278.393081 0.088717 0.996057 0.000000 48.607845 0.000000 0.000000 1.000000 0.000000
0.996169 -0.087445 0.000000 278.563272 0.087445 0.996169 0.000000 48.622063 0.000000 0.000000 1.000000 0.000000
0.996142 -0.087762 0.000000 278.763339 0.087762 0.996142 0.000000 48.698850 0.000000 0.000000 1.000000 0.000000
0.996209 -0.086992 0.000000 281.144117 0.086992 0.996209 0.000000 48.895633 0.000000 0.000000 1.000000 0.000000
0.996255 -0.086469 0.000000 281.696791 0.086469 0.996255 0.000000 48.760619 0.000000 0.000000 1.000000 0.000000
0.996525 -0.083289 0.000000 282.040650 0.083289 0.996525 0.000000 48.735518 0.000000 0.000000 1.000000 0.000000
0.996592 -0.082493 0.000000 282.587145 0.082493 0.996592 0.000000 48.781482 0.000000 0.000000 1.000000 0.000000
0.996664 -0.081615 0.000000 282.661707 0.081615 0.996664 0.000000 48.660118 0.000000 0.000000 1.000000 0.000000
0.996619 -0.082161 0.000000 282.737319 0.082161 0.996619 0.000000 48.703609 0.000000 0.000000 1.000000 0.000000
0.996799 -0.079948 0.000000 282.955466 0.079948 0.996799 0.000000 48.635821 0.000000 0.000000 1.000000 0.000000
0.996841 -0.079422 0.000000 283.126583 0.079422 0.996841 0.000000 48.681384 0.000000 0.000000 1.000000 0.000000
0.997050 -0.076761 0.000000 283.174047 0.076761 0.997050 0.000000 48.777608 0.000000 0.000000 1.000000 0.000000
0.997029 -0.077022 0.000000 283.388919 0.077022 0.997029 0.000000 48.719351 0.000000 0.000000 1.000000 0.000000
0.997007 -0.077305 0.000000 283.599037 0.077305 0.997007 0.000000 48.796285 0.000000 0.000000 1.000000 0.000000
0.996974 -0.077736 0.000000 283.829770 0.077736 0.996974 0.000000 48.845996 0.000000 0.000000 1.000000 0.000000
0.996795 -0.080002 0.000000 284.069953 0.080002 0.996795 0.000000 48.922026 0.000000 0.000000 1.000000 0.000000
0.996942 -0.078143 0.000000 284.353209 0.078143 0.996942 0.000000 48.931893 0.000000 0.000000 1.000000 0.000000
0.996999 -0.077410 0.000000 284.393604 0.077410 0.996999 0.000000 48.935270 0.000000 0.000000 1.000000 0.000000
0.997034 -0.076958 0.000000 284.570820 0.076958 0.997034 0.000000 48.940389 0.000000 0.000000 1.000000 0.000000
0.997044 -0.076838 0.000000 284.707319 0.076838 0.997044 0.000000 48.989632 0.000000 0.000000 1.000000 0.000000
0.997132 -0.075685 0.000000 284.923550 0.075685 0.997132 0.000000 49.063725 0.000000 0.000000 1.000000 0.000000
0.997015 -0.077207 0.000000 285.075302 0.077207 0.997015 0.000000 49.069406 0.000000 0.000000 1.000000 0.000000
0.997019 -0.077151 0.000000 285.228208 0.077151 0.997019 0.000000 49.075805 0.000000 0.000000 1.000000 0.000000
0.997246 -0.074165 0.000000 285.487943 0.074165 0.997246 0.000000 48.865170 0.000000 0.000000 1.000000 0.000000
0.997181 -0.075037 0.000000 285.660830 0.075037 0.997181 0.000000 48.895849 0.000000 0.000000 1.000000 0.000000
0.996963 -0.077882 0.000000 285.932327 0.077882 0.996963 0.000000 49.018654 0.000000 0.000000 1.000000 0.000000
0.997000 -0.077407 0.000000 285.937769 0.077407 0.997000 0.000000 48.965688 0.000000 0.000000 1.000000 0.000000
0.997027 -0.077051 0.000000 285.928119 0.077051 0.997027 0.000000 48.964317 0.000000 0.000000 1.000000 0.000000
0.997088 -0.076254 0.000000 286.192359 0.076254 0.997088 0.000000 48.979797 0.000000 0.000000 1.000000 0.000000
0.996871 -0.079049 0.000000 286.442402 0.079049 0.996871 0.000000 49.054259 0.000000 0.000000 1.000000 0.000000
0.997082 -0.076338 0.000000 286.806342 0.076338 0.997082 0.000000 49.096633 0.000000 0.000000 1.000000 0.000000
0.996883 -0.078897 0.000000 286.877639 0.078897 0.996883 0.000000 49.149107 0.000000 0.000000 1.000000 0.000000
0.997152 -0.075421 0.000000 287.173576 0.075421 0.997152 0.000000 49.224052 0.000000 0.000000 1.000000 0.000000
0.997047 -0.076790 0.000000 287.349194 0.076790 0.997047 0.000000 49.214640 0.000000 0.000000 1.000000 0.000000
0.997183 -0.075005 0.000000 287.256815 0.075005 0.997183 0.000000 49.273872 0.000000 0.000000 1.000000 0.000000
0.997057 -0.076669 0.000000 287.288750 0.076669 0.997057 0.000000 49.282117 0.000000 0.000000 1.000000 0.000000
0.997164 -0.075256 0.000000 287.474748 0.075256 0.997164 0.000000 49.272532 0.000000 0.000000 1.000000 0.000000
0.997109 -0.075987 0.000000 287.523594 0.075987 0.997109 0.000000 49.241697 0.000000 0.000000 1.000000 0.000000
0.996966 -0.077841 0.000000 287.679569 0.077841 0.996966 0.000000 49.391544 0.000000 0.000000 1.000000 0.000000
0.997031 -0.077006 0.000000 287.819418 0.077006 0.997031 0.000000 49.372270 0.000000 0.000000 1.000000 0.000000
0.997002 -0.077372 0.000000 287.822201 0.077372 0.997002 0.000000 49.379904 0.000000 0.000000 1.000000 0.000000
0.996974 -0.077733 0.000000 287.843228 0.077733 0.996974 0.000000 49.292830 0.000000 0.000000 1.000000 0.000000
0.996894 -0.078761 0.000000 287.838603 0.078761 0.996894 0.000000 49.287720 0.000000 0.000000 1.000000 0.000000
0.996954 -0.077990 0.000000 287.852575 0.077990 0.996954 0.000000 49.275564 0.000000 0.000000 1.000000 0.000000
0.997028 -0.077038 0.000000 287.879279 0.077038 0.997028 0.000000 49.317162 0.000000 0.000000 1.000000 0.000000
0.997012 -0.077243 0.000000 287.886986 0.077243 0.997012 0.000000 49.320253 0.000000 0.000000 1.000000 0.000000
0.997126 -0.075767 0.000000 287.897643 0.075767 0.997126 0.000000 49.346890 0.000000 0.000000 1.000000 0.000000
0.997173 -0.075138 0.000000 287.936977 0.075138 0.997173 0.000000 49.409389 0.000000 0.000000 1.000000 0.000000
0.997187 -0.074954 0.000000 287.922379 0.074954 0.997187 0.000000 49.433069 0.000000 0.000000 1.000000 0.000000
0.997266 -0.073900 0.000000 287.923445 0.073900 0.997266 0.000000 49.411872 0.000000 0.000000 1.000000 0.000000
0.997234 -0.074321 0.000000 287.927947 0.074321 0.997234 0.000000 49.417604 0.000000 0.000000 1.000000 0.000000
0.997226 -0.074428 0.000000 287.924398 0.074428 0.997226 0.000000 49.429131 0.000000 0.000000 1.000000 0.000000
0.997315 -0.073234 0.000000 287.950761 0.073234 0.997315 0.000000 49.473049 0.000000 0.000000 1.000000 0.000000
0.997418 -0.071820 0.000000 288.003961 0.071820 0.997418 0.000000 49.469725 0.000000 0.000000 1.000000 0.000000
0.997415 -0.071855 0.000000 287.996519 0.071855 0.997415 0.000000 49.458697 0.000000 0.000000 1.000000 0.000000
0.997481 -0.070928 0.000000 288.010099 0.070928 0.997481 0.000000 49.477554 0.000000 0.000000 1.000000 0.000000
0.997503 -0.070626 0.000000 288.039664 0.070626 0.997503 0.000000 49.459517 0.000000 0.000000 1.000000 0.000000
0.997467 -0.071131 0.000000 288.043919 0.071131 0.997467 0.000000 49.471906 0.000000 0.000000 1.000000 0.000000
0.997476 -0.071008 0.000000 288.044258 0.071008 0.997476 0.000000 49.470946 0.000000 0.000000 1.000000 0.000000
0.997468 -0.071113 0.000000 288.044029 0.071113 0.997468 0.000000 49.459454 0.000000 0.000000 1.000000 0.000000
0.997441 -0.071491 0.000000 288.051786 0.071491 0.997441 0.000000 49.458696 0.000000 0.000000 1.000000 0.000000
0.997489 -0.070817 0.000000 288.086657 0.070817 0.997489 0.000000 49.434765 0.000000 0.000000 1.000000 0.000000
0.997533 -0.070203 0.000000 288.115340 0.070203 0.997533 0.000000 49.451456 0.000000 0.000000 1.000000 0.000000
0.997549 -0.069969 0.000000 288.101435 0.069969 0.997549 0.000000 49.433624 0.000000 0.000000 1.000000 0.000000
0.997545 -0.070030 0.000000 288.086122 0.070030 0.997545 0.000000 49.413888 0.000000 0.000000 1.000000 0.000000
0.997571 -0.069650 0.000000 288.119040 0.069650 0.997571 0.000000 49.414265 0.000000 0.000000 1.000000 0.000000
0.997592 -0.069354 0.000000 288.132402 0.069354 0.997592 0.000000 49.422535 0.000000 0.000000 1.000000 0.000000
0.997609 -0.069111 0.000000 288.138674 0.069111 0.997609 0.000000 49.392611 0.000000 0.000000 1.000000 0.000000
0.997596 -0.069292 0.000000 288.125787 0.069292 0.997596 0.000000 49.334896 0.000000 0.000000 1.000000 0.000000
0.997592 -0.069358 0.000000 288.110328 0.069358 0.997592 0.000000 49.324166 0.000000 0.000000 1.000000 0.000000
0.997601 -0.069231 0.000000 288.104747 0.069231 0.997601 0.000000 49.323867 0.000000 0.000000 1.000000 0.000000
0.997593 -0.069344 0.000000 288.088327 0.069344 0.997593 0.000000 49.322007 0.000000 0.000000 1.000000 0.000000
0.997600 -0.069243 0.000000 288.035382 0.069243 0.997600 0.000000 49.316035 0.000000 0.000000 1.000000 0.000000
0.997607 -0.069143 0.000000 288.024090 0.069143 0.997607 0.000000 49.307624 0.000000 0.000000 1.000000 0.000000
0.997574 -0.069610 0.000000 288.002143 0.069610 0.997574 0.000000 49.291345 0.000000 0.000000 1.000000 0.000000
0.997613 -0.069057 0.000000 288.027052 0.069057 0.997613 0.000000 49.303621 0.000000 0.000000 1.000000 0.000000
0.997633 -0.068770 0.000000 287.996646 0.068770 0.997633 0.000000 49.282674 0.000000 0.000000 1.000000 0.000000
0.997644 -0.068600 0.000000 287.995483 0.068600 0.997644 0.000000 49.278968 0.000000 0.000000 1.000000 0.000000
0.997637 -0.068711 0.000000 288.023146 0.068711 0.997637 0.000000 49.284556 0.000000 0.000000 1.000000 0.000000
0.997615 -0.069026 0.000000 288.026230 0.069026 0.997615 0.000000 49.297552 0.000000 0.000000 1.000000 0.000000
0.997667 -0.068264 0.000000 288.054742 0.068264 0.997667 0.000000 49.331580 0.000000 0.000000 1.000000 0.000000
0.997679 -0.068095 0.000000 288.033813 0.068095 0.997679 0.000000 49.327257 0.000000 0.000000 1.000000 0.000000
0.997648 -0.068545 0.000000 288.039039 0.068545 0.997648 0.000000 49.330009 0.000000 0.000000 1.000000 0.000000
0.997682 -0.068044 0.000000 288.038626 0.068044 0.997682 0.000000 49.346744 0.000000 0.000000 1.000000 0.000000
0.997699 -0.067805 0.000000 288.051859 0.067805 0.997699 0.000000 49.368743 0.000000 0.000000 1.000000 0.000000
0.997680 -0.068082 0.000000 288.050324 0.068082 0.997680 0.000000 49.374580 0.000000 0.000000 1.000000 0.000000
0.997691 -0.067913 0.000000 288.064267 0.067913 0.997691 0.000000 49.399647 0.000000 0.000000 1.000000 0.000000
0.997677 -0.068115 0.000000 288.073873 0.068115 0.997677 0.000000 49.405554 0.000000 0.000000 1.000000 0.000000
0.997706 -0.067689 0.000000 288.082338 0.067689 0.997706 0.000000 49.424098 0.000000 0.000000 1.000000 0.000000
0.997708 -0.067660 0.000000 288.065427 0.067660 0.997708 0.000000 49.431744 0.000000 0.000000 1.000000 0.000000
0.997727 -0.067385 0.000000 288.072378 0.067385 0.997727 0.000000 49.431686 0.000000 0.000000 1.000000 0.000000
0.997711 -0.067629 0.000000 288.096392 0.067629 0.997711 0.000000 49.425173 0.000000 0.000000 1.000000 0.000000
0.997727 -0.067385 0.000000 288.102834 0.067385 0.997727 0.000000 49.430801 0.000000 0.000000 1.000000 0.000000
0.997731 -0.067320 0.000000 288.072026 0.067320 0.997731 0.000000 49.406183 0.000000 0.000000 1.000000 0.000000
0.997742 -0.067167 0.000000 288.080382 0.067167 0.997742 0.000000 49.396585 0.000000 0.000000 1.000000 0.000000
0.997737 -0.067237 0.000000 288.081706 0.067237 0.997737 0.000000 49.401715 0.000000 0.000000 1.000000 0.000000
0.997691 -0.067915 0.000000 288.062583 0.067915 0.997691 0.000000 49.393681 0.000000 0.000000 1.000000 0.000000
0.997719 -0.067501 0.000000 288.092454 0.067501 0.997719 0.000000 49.386412 0.000000 0.000000 1.000000 0.000000
0.997752 -0.067008 0.000000 288.088722 0.067008 0.997752 0.000000 49.344671 0.000000 0.000000 1.000000 0.000000
0.997784 -0.066540 0.000000 288.099648 0.066540 0.997784 0.000000 49.341388 0.000000 0.000000 1.000000 0.000000
0.997795 -0.066365 0.000000 288.108160 0.066365 0.997795 0.000000 49.339665 0.000000 0.000000 1.000000 0.000000
0.997801 -0.066278 0.000000 288.108911 0.066278 0.997801 0.000000 49.348547 0.000000 0.000000 1.000000 0.000000
0.997801 -0.066288 0.000000 288.098339 0.066288 0.997801 0.000000 49.313898 0.000000 0.000000 1.000000 0.000000
0.997840 -0.065688 0.000000 288.073414 0.065688 0.997840 0.000000 49.306778 0.000000 0.000000 1.000000 0.000000
0.997791 -0.066438 0.000000 288.029183 0.066438 0.997791 0.000000 49.271312 0.000000 0.000000 1.000000 0.000000
0.997853 -0.065490 0.000000 288.010271 0.065490 0.997853 0.000000 49.279535 0.000000 0.000000 1.000000 0.000000
0.997802 -0.066269 0.000000 287.996944 0.066269 0.997802 0.000000 49.273177 0.000000 0.000000 1.000000 0.000000
0.997801 -0.066284 0.000000 288.019256 0.066284 0.997801 0.000000 49.288361 0.000000 0.000000 1.000000 0.000000
0.997791 -0.066426 0.000000 288.108226 0.066426 0.997791 0.000000 49.293198 0.000000 0.000000 1.000000 0.000000
0.997819 -0.066005 0.000000 288.116405 0.066005 0.997819 0.000000 49.309985 0.000000 0.000000 1.000000 0.000000
0.997833 -0.065790 0.000000 288.123115 0.065790 0.997833 0.000000 49.306239 0.000000 0.000000 1.000000 0.000000
0.997846 -0.065593 0.000000 288.175713 0.065593 0.997846 0.000000 49.328309 0.000000 0.000000 1.000000 0.000000
0.997846 -0.065596 0.000000 288.167596 0.065596 0.997846 0.000000 49.330914 0.000000 0.000000 1.000000 0.000000
0.997856 -0.065451 0.000000 288.150337 0.065451 0.997856 0.000000 49.335249 0.000000 0.000000 1.000000 0.000000
0.997863 -0.065339 0.000000 288.162483 0.065339 0.997863 0.000000 49.360215 0.000000 0.000000 1.000000 0.000000
0.997862 -0.065352 0.000000 288.161831 0.065352 0.997862 0.000000 49.365375 0.000000 0.000000 1.000000 0.000000
0.997879 -0.065090 0.000000 288.182351 0.065090 0.997879 0.000000 49.409057 0.000000 0.000000 1.000000 0.000000
0.997882 -0.065043 0.000000 288.189461 0.065043 0.997882 0.000000 49.416448 0.000000 0.000000 1.000000 0.000000
0.997897 -0.064812 0.000000 288.230458 0.064812 0.997897 0.000000 49.434575 0.000000 0.000000 1.000000 0.000000
0.997893 -0.064880 0.000000 288.230340 0.064880 0.997893 0.000000 49.457137 0.000000 0.000000 1.000000 0.000000
0.997880 -0.065074 0.000000 288.236864 0.065074 0.997880 0.000000 49.470118 0.000000 0.000000 1.000000 0.000000
0.997899 -0.064783 0.000000 288.231210 0.064783 0.997899 0.000000 49.452653 0.000000 0.000000 1.000000 0.000000
0.997880 -0.065080 0.000000 288.201188 0.065080 0.997880 0.000000 49.446360 0.000000 0.000000 1.000000 0.000000
0.997899 -0.064785 0.000000 288.198648 0.064785 0.997899 0.000000 49.451934 0.000000 0.000000 1.000000 0.000000
0.997841 -0.065681 0.000000 288.207653 0.065681 0.997841 0.000000 49.492879 0.000000 0.000000 1.000000 0.000000
0.997871 -0.065216 0.000000 288.208617 0.065216 0.997871 0.000000 49.495248 0.000000 0.000000 1.000000 0.000000
0.997871 -0.065225 0.000000 288.216464 0.065225 0.997871 0.000000 49.509142 0.000000 0.000000 1.000000 0.000000
0.997902 -0.064743 0.000000 288.238057 0.064743 0.997902 0.000000 49.513731 0.000000 0.000000 1.000000 0.000000
0.997867 -0.065286 0.000000 288.186862 0.065286 0.997867 0.000000 49.531394 0.000000 0.000000 1.000000 0.000000
0.997785 -0.066525 0.000000 288.184239 0.066525 0.997785 0.000000 49.581338 0.000000 0.000000 1.000000 0.000000
0.997686 -0.067997 0.000000 288.148297 0.067997 0.997686 0.000000 49.624338 0.000000 0.000000 1.000000 0.000000
0.997686 -0.067994 0.000000 288.183173 0.067994 0.997686 0.000000 49.646242 0.000000 0.000000 1.000000 0.000000
0.997758 -0.066926 0.000000 288.207151 0.066926 0.997758 0.000000 49.669010 0.000000 0.000000 1.000000 0.000000
0.997753 -0.066995 0.000000 288.203688 0.066995 0.997753 0.000000 49.668540 0.000000 0.000000 1.000000 0.000000
0.997745 -0.067117 0.000000 288.176471 0.067117 0.997745 0.000000 49.681096 0.000000 0.000000 1.000000 0.000000
0.997739 -0.067212 0.000000 288.175907 0.067212 0.997739 0.000000 49.681150 0.000000 0.000000 1.000000 0.000000
0.997689 -0.067943 0.000000 288.156735 0.067943 0.997689 0.000000 49.678484 0.000000 0.000000 1.000000 0.000000
0.997692 -0.067903 0.000000 288.156213 0.067903 0.997692 0.000000 49.669131 0.000000 0.000000 1.000000 0.000000
0.997706 -0.067694 0.000000 288.152748 0.067694 0.997706 0.000000 49.653250 0.000000 0.000000 1.000000 0.000000
0.997716 -0.067549 0.000000 288.193233 0.067549 0.997716 0.000000 49.707942 0.000000 0.000000 1.000000 0.000000
0.997694 -0.067879 0.000000 288.208737 0.067879 0.997694 0.000000 49.724845 0.000000 0.000000 1.000000 0.000000
0.997720 -0.067496 0.000000 288.188139 0.067496 0.997720 0.000000 49.713249 0.000000 0.000000 1.000000 0.000000
0.997738 -0.067228 0.000000 288.155962 0.067228 0.997738 0.000000 49.694060 0.000000 0.000000 1.000000 0.000000
0.997752 -0.067011 0.000000 288.158255 0.067011 0.997752 0.000000 49.688090 0.000000 0.000000 1.000000 0.000000
0.997762 -0.066866 0.000000 288.157892 0.066866 0.997762 0.000000 49.675780 0.000000 0.000000 1.000000 0.000000
0.997773 -0.066702 0.000000 288.177155 0.066702 0.997773 0.000000 49.693096 0.000000 0.000000 1.000000 0.000000
0.997791 -0.066428 0.000000 288.288238 0.066428 0.997791 0.000000 49.706623 0.000000 0.000000 1.000000 0.000000
0.997811 -0.066135 0.000000 288.299095 0.066135 0.997811 0.000000 49.738454 0.000000 0.000000 1.000000 0.000000
0.997805 -0.066222 0.000000 288.289798 0.066222 0.997805 0.000000 49.723205 0.000000 0.000000 1.000000 0.000000
0.997834 -0.065780 0.000000 288.353428 0.065780 0.997834 0.000000 49.726711 0.000000 0.000000 1.000000 0.000000
0.997859 -0.065402 0.000000 288.354680 0.065402 0.997859 0.000000 49.715889 0.000000 0.000000 1.000000 0.000000
0.997837 -0.065735 0.000000 288.350071 0.065735 0.997837 0.000000 49.709927 0.000000 0.000000 1.000000 0.000000
0.997833 -0.065799 0.000000 288.353601 0.065799 0.997833 0.000000 49.715836 0.000000 0.000000 1.000000 0.000000
0.997817 -0.066045 0.000000 288.371218 0.066045 0.997817 0.000000 49.708328 0.000000 0.000000 1.000000 0.000000
0.997824 -0.065931 0.000000 288.367333 0.065931 0.997824 0.000000 49.700722 0.000000 0.000000 1.000000 0.000000
0.997825 -0.065920 0.000000 288.316375 0.065920 0.997825 0.000000 49.696298 0.000000 0.000000 1.000000 0.000000
0.997820 -0.065994 0.000000 288.363156 0.065994 0.997820 0.000000 49.711187 0.000000 0.000000 1.000000 0.000000
0.997834 -0.065775 0.000000 288.380252 0.065775 0.997834 0.000000 49.702302 0.000000 0.000000 1.000000 0.000000
0.997841 -0.065680 0.000000 288.386193 0.065680 0.997841 0.000000 49.716112 0.000000 0.000000 1.000000 0.000000
0.997843 -0.065649 0.000000 288.347200 0.065649 0.997843 0.000000 49.711114 0.000000 0.000000 1.000000 0.000000
0.997856 -0.065447 0.000000 288.381749 0.065447 0.997856 0.000000 49.724756 0.000000 0.000000 1.000000 0.000000
0.997879 -0.065094 0.000000 288.335134 0.065094 0.997879 0.000000 49.713648 0.000000 0.000000 1.000000 0.000000
0.997871 -0.065222 0.000000 288.314328 0.065222 0.997871 0.000000 49.711663 0.000000 0.000000 1.000000 0.000000
0.997854 -0.065472 0.000000 288.291931 0.065472 0.997854 0.000000 49.714177 0.000000 0.000000 1.000000 0.000000
0.997867 -0.065283 0.000000 288.289452 0.065283 0.997867 0.000000 49.715925 0.000000 0.000000 1.000000 0.000000
0.997872 -0.065203 0.000000 288.288581 0.065203 0.997872 0.000000 49.721651 0.000000 0.000000 1.000000 0.000000
0.997866 -0.065295 0.000000 288.280272 0.065295 0.997866 0.000000 49.724399 0.000000 0.000000 1.000000 0.000000
0.997898 -0.064806 0.000000 288.306506 0.064806 0.997898 0.000000 49.729635 0.000000 0.000000 1.000000 0.000000
0.997902 -0.064739 0.000000 288.321175 0.064739 0.997902 0.000000 49.734963 0.000000 0.000000 1.000000 0.000000
0.997902 -0.064739 0.000000 288.331929 0.064739 0.997902 0.000000 49.743203 0.000000 0.000000 1.000000 0.000000
0.997906 -0.064682 0.000000 288.327529 0.064682 0.997906 0.000000 49.740675 0.000000 0.000000 1.000000 0.000000
0.997919 -0.064483 0.000000 288.349585 0.064483 0.997919 0.000000 49.738080 0.000000 0.000000 1.000000 0.000000
0.997926 -0.064366 0.000000 288.332229 0.064366 0.997926 0.000000 49.727498 0.000000 0.000000 1.000000 0.000000
0.997945 -0.064069 0.000000 288.328447 0.064069 0.997945 0.000000 49.711500 0.000000 0.000000 1.000000 0.000000
0.997946 -0.064068 0.000000 288.365831 0.064068 0.997946 0.000000 49.733924 0.000000 0.000000 1.000000 0.000000
0.997952 -0.063970 0.000000 288.365133 0.063970 0.997952 0.000000 49.737127 0.000000 0.000000 1.000000 0.000000
0.997952 -0.063966 0.000000 288.336268 0.063966 0.997952 0.000000 49.736077 0.000000 0.000000 1.000000 0.000000
0.997986 -0.063432 0.000000 288.362378 0.063432 0.997986 0.000000 49.766722 0.000000 0.000000 1.000000 0.000000
0.997985 -0.063451 0.000000 288.378016 0.063451 0.997985 0.000000 49.774674 0.000000 0.000000 1.000000 0.000000
0.997998 -0.063249 0.000000 288.368122 0.063249 0.997998 0.000000 49.784505 0.000000 0.000000 1.000000 0.000000
0.998033 -0.062693 0.000000 288.361829 0.062693 0.998033 0.000000 49.791084 0.000000 0.000000 1.000000 0.000000
0.998008 -0.063083 0.000000 288.378870 0.063083 0.998008 0.000000 49.771314 0.000000 0.000000 1.000000 0.000000
0.997968 -0.063720 0.000000 288.389362 0.063720 0.997968 0.000000 49.793904 0.000000 0.000000 1.000000 0.000000
0.997968 -0.063714 0.000000 288.418949 0.063714 0.997968 0.000000 49.817624 0.000000 0.000000 1.000000 0.000000
0.997960 -0.063848 0.000000 288.485496 0.063848 0.997960 0.000000 49.844254 0.000000 0.000000 1.000000 0.000000
0.997978 -0.063553 0.000000 288.444196 0.063553 0.997978 0.000000 49.817964 0.000000 0.000000 1.000000 0.000000
0.998008 -0.063080 0.000000 288.496248 0.063080 0.998008 0.000000 49.831810 0.000000 0.000000 1.000000 0.000000
0.998003 -0.063160 0.000000 288.498513 0.063160 0.998003 0.000000 49.827545 0.000000 0.000000 1.000000 0.000000
0.998015 -0.062982 0.000000 288.513504 0.062982 0.998015 0.000000 49.843435 0.000000 0.000000 1.000000 0.000000
0.998011 -0.063041 0.000000 288.509531 0.063041 0.998011 0.000000 49.838654 0.000000 0.000000 1.000000 0.000000
0.998038 -0.062612 0.000000 288.534092 0.062612 0.998038 0.000000 49.842160 0.000000 0.000000 1.000000 0.000000
0.998034 -0.062680 0.000000 288.489593 0.062680 0.998034 0.000000 49.826318 0.000000 0.000000 1.000000 0.000000
0.998051 -0.062405 0.000000 288.488473 0.062405 0.998051 0.000000 49.830803 0.000000 0.000000 1.000000 0.000000
0.998029 -0.062752 0.000000 288.529565 0.062752 0.998029 0.000000 49.812014 0.000000 0.000000 1.000000 0.000000
0.998040 -0.062585 0.000000 288.545353 0.062585 0.998040 0.000000 49.820618 0.000000 0.000000 1.000000 0.000000
0.998067 -0.062148 0.000000 288.589830 0.062148 0.998067 0.000000 49.832256 0.000000 0.000000 1.000000 0.000000
0.998087 -0.061826 0.000000 288.651541 0.061826 0.998087 0.000000 49.830733 0.000000 0.000000 1.000000 0.000000
0.998121 -0.061280 0.000000 288.707405 0.061280 0.998121 0.000000 49.864942 0.000000 0.000000 1.000000 0.000000
0.998138 -0.060995 0.000000 288.739064 0.060995 0.998138 0.000000 49.879967 0.000000 0.000000 1.000000 0.000000
0.998142 -0.060934 0.000000 288.781839 0.060934 0.998142 0.000000 49.867610 0.000000 0.000000 1.000000 0.000000
0.998129 -0.061139 0.000000 288.813050 0.061139 0.998129 0.000000 49.842145 0.000000 0.000000 1.000000 0.000000
0.998136 -0.061033 0.000000 288.829138 0.061033 0.998136 0.000000 49.844840 0.000000 0.000000 1.000000 0.000000
0.998165 -0.060558 0.000000 288.871639 0.060558 0.998165 0.000000 49.881010 0.000000 0.000000 1.000000 0.000000
0.998152 -0.060763 0.000000 288.853928 0.060763 0.998152 0.000000 49.856319 0.000000 0.000000 1.000000 0.000000
0.998188 -0.060177 0.000000 288.877602 0.060177 0.998188 0.000000 49.880236 0.000000 0.000000 1.000000 0.000000
0.998205 -0.059892 0.000000 288.864223 0.059892 0.998205 0.000000 49.860769 0.000000 0.000000 1.000000 0.000000
0.998194 -0.060076 0.000000 288.859453 0.060076 0.998194 0.000000 49.856997 0.000000 0.000000 1.000000 0.000000
0.998184 -0.060232 0.000000 288.869099 0.060232 0.998184 0.000000 49.862386 0.000000 0.000000 1.000000 0.000000
0.998192 -0.060110 0.000000 288.868570 0.060110 0.998192 0.000000 49.857889 0.000000 0.000000 1.000000 0.000000
0.998215 -0.059719 0.000000 288.896335 0.059719 0.998215 0.000000 49.888474 0.000000 0.000000 1.000000 0.000000
0.998158 -0.060672 0.000000 288.911446 0.060672 0.998158 0.000000 49.871051 0.000000 0.000000 1.000000 0.000000
0.998168 -0.060496 0.000000 288.893543 0.060496 0.998168 0.000000 49.865867 0.000000 0.000000 1.000000 0.000000
0.998181 -0.060288 0.000000 288.863235 0.060288 0.998181 0.000000 49.868510 0.000000 0.000000 1.000000 0.000000
0.998183 -0.060249 0.000000 288.864364 0.060249 0.998183 0.000000 49.872260 0.000000 0.000000 1.000000 0.000000
0.998219 -0.059659 0.000000 288.857105 0.059659 0.998219 0.000000 49.892409 0.000000 0.000000 1.000000 0.000000
0.998243 -0.059258 0.000000 288.855151 0.059258 0.998243 0.000000 49.928465 0.000000 0.000000 1.000000 0.000000
0.998246 -0.059206 0.000000 288.852266 0.059206 0.998246 0.000000 49.944267 0.000000 0.000000 1.000000 0.000000
0.998223 -0.059590 0.000000 288.893001 0.059590 0.998223 0.000000 49.968907 0.000000 0.000000 1.000000 0.000000
0.998180 -0.060308 0.000000 288.900167 0.060308 0.998180 0.000000 49.979912 0.000000 0.000000 1.000000 0.000000
0.998189 -0.060152 0.000000 288.996839 0.060152 0.998189 0.000000 50.001168 0.000000 0.000000 1.000000 0.000000
0.998156 -0.060706 0.000000 289.012541 0.060706 0.998156 0.000000 50.026625 0.000000 0.000000 1.000000 0.000000
0.998152 -0.060763 0.000000 289.007139 0.060763 0.998152 0.000000 50.004848 0.000000 0.000000 1.000000 0.000000
0.998151 -0.060776 0.000000 289.015700 0.060776 0.998151 0.000000 50.010691 0.000000 0.000000 1.000000 0.000000
0.998127 -0.061175 0.000000 288.998904 0.061175 0.998127 0.000000 49.993075 0.000000 0.000000 1.000000 0.000000
0.998141 -0.060944 0.000000 289.007758 0.060944 0.998141 0.000000 49.965531 0.000000 0.000000 1.000000 0.000000
0.998152 -0.060760 0.000000 289.019724 0.060760 0.998152 0.000000 49.946743 0.000000 0.000000 1.000000 0.000000
0.998140 -0.060969 0.000000 289.002397 0.060969 0.998140 0.000000 49.913827 0.000000 0.000000 1.000000 0.000000
0.998137 -0.061018 0.000000 288.983403 0.061018 0.998137 0.000000 49.911036 0.000000 0.000000 1.000000 0.000000
0.998186 -0.060206 0.000000 288.954728 0.060206 0.998186 0.000000 49.892125 0.000000 0.000000 1.000000 0.000000
0.998218 -0.059680 0.000000 288.930494 0.059680 0.998218 0.000000 49.891270 0.000000 0.000000 1.000000 0.000000
0.998170 -0.060472 0.000000 288.968731 0.060472 0.998170 0.000000 49.868211 0.000000 0.000000 1.000000 0.000000
0.998107 -0.061508 0.000000 288.939677 0.061508 0.998107 0.000000 49.871201 0.000000 0.000000 1.000000 0.000000
0.998160 -0.060635 0.000000 288.955225 0.060635 0.998160 0.000000 49.854115 0.000000 0.000000 1.000000 0.000000
0.998129 -0.061135 0.000000 288.938522 0.061135 0.998129 0.000000 49.875365 0.000000 0.000000 1.000000 0.000000
0.998143 -0.060918 0.000000 288.941241 0.060918 0.998143 0.000000 49.856856 0.000000 0.000000 1.000000 0.000000
0.998196 -0.060045 0.000000 288.955145 0.060045 0.998196 0.000000 49.836594 0.000000 0.000000 1.000000 0.000000
0.998138 -0.061002 0.000000 288.882875 0.061002 0.998138 0.000000 49.853741 0.000000 0.000000 1.000000 0.000000
0.998103 -0.061568 0.000000 288.868089 0.061568 0.998103 0.000000 49.863166 0.000000 0.000000 1.000000 0.000000
0.998109 -0.061468 0.000000 288.847109 0.061468 0.998109 0.000000 49.865404 0.000000 0.000000 1.000000 0.000000
0.998061 -0.062247 0.000000 288.915511 0.062247 0.998061 0.000000 49.903145 0.000000 0.000000 1.000000 0.000000
0.998079 -0.061956 0.000000 288.859202 0.061956 0.998079 0.000000 49.897678 0.000000 0.000000 1.000000 0.000000
0.998040 -0.062582 0.000000 288.825694 0.062582 0.998040 0.000000 49.918554 0.000000 0.000000 1.000000 0.000000
0.998028 -0.062769 0.000000 288.801469 0.062769 0.998028 0.000000 49.926741 0.000000 0.000000 1.000000 0.000000
