0.999997 -0.002569 0.000000 0.161937 0.002569 0.999997 0.000000 -0.010597 0.000000 0.000000 1.000000 0.000000
0.999997 -0.002353 0.000000 1.032578 0.002353 0.999997 0.000000 -0.016900 0.000000 0.000000 1.000000 0.000000
0.999980 -0.006254 0.000000 1.773862 0.006254 0.999980 0.000000 -0.018812 0.000000 0.000000 1.000000 0.000000
0.999982 -0.006066 0.000000 2.412105 0.006066 0.999982 0.000000 -0.013957 0.000000 0.000000 1.000000 0.000000
0.999989 -0.004608 0.000000 2.986407 0.004608 0.999989 0.000000 -0.027631 0.000000 0.000000 1.000000 0.000000
0.999967 -0.008076 0.000000 3.729216 0.008076 0.999967 0.000000 -0.041576 0.000000 0.000000 1.000000 0.000000
0.999970 -0.007790 0.000000 4.506812 0.007790 0.999970 0.000000 -0.064095 0.000000 0.000000 1.000000 0.000000
0.999975 -0.007137 0.000000 5.565163 0.007137 0.999975 0.000000 -0.021806 0.000000 0.000000 1.000000 0.000000
0.999963 -0.008568 0.000000 6.049497 0.008568 0.999963 0.000000 -0.025064 0.000000 0.000000 1.000000 0.000000
0.999951 -0.009905 0.000000 6.749325 0.009905 0.999951 0.000000 0.005085 0.000000 0.000000 1.000000 0.000000
0.999946 -0.010431 0.000000 7.546176 0.010431 0.999946 0.000000 -0.022317 0.000000 0.000000 1.000000 0.000000
0.999942 -0.010784 0.000000 8.445783 0.010784 0.999942 0.000000 -0.013114 0.000000 0.000000 1.000000 0.000000
0.999941 -0.010851 0.000000 8.854039 0.010851 0.999941 0.000000 -0.059889 0.000000 0.000000 1.000000 0.000000
0.999935 -0.011419 0.000000 9.391655 0.011419 0.999935 0.000000 -0.096747 0.000000 0.000000 1.000000 0.000000
0.999933 -0.011592 0.000000 9.799751 0.011592 0.999933 0.000000 -0.109075 0.000000 0.000000 1.000000 0.000000
0.999927 -0.012059 0.000000 10.605098 0.012059 0.999927 0.000000 -0.160993 0.000000 0.000000 1.000000 0.000000
0.999917 -0.012885 0.000000 11.295034 0.012885 0.999917 0.000000 -0.172826 0.000000 0.000000 1.000000 0.000000
0.999918 -0.012822 0.000000 11.801311 0.012822 0.999918 0.000000 -0.178448 0.000000 0.000000 1.000000 0.000000
0.999907 -0.013628 0.000000 12.134227 0.013628 0.999907 0.000000 -0.188908 0.000000 0.000000 1.000000 0.000000
0.999902 -0.013996 0.000000 12.610125 0.013996 0.999902 0.000000 -0.220662 0.000000 0.000000 1.000000 0.000000
0.999909 -0.013527 0.000000 13.078205 0.013527 0.999909 0.000000 -0.228013 0.000000 0.000000 1.000000 0.000000
0.999886 -0.015104 0.000000 13.702878 0.015104 0.999886 0.000000 -0.243074 0.000000 0.000000 1.000000 0.000000
0.999873 -0.015922 0.000000 14.156864 0.015922 0.999873 0.000000 -0.261124 0.000000 0.000000 1.000000 0.000000
0.999858 -0.016851 0.000000 14.710426 0.016851 0.999858 0.000000 -0.244915 0.000000 0.000000 1.000000 0.000000
0.999861 -0.016681 0.000000 14.885469 0.016681 0.999861 0.000000 -0.233385 0.000000 0.000000 1.000000 0.000000
0.999841 -0.017804 0.000000 15.529608 0.017804 0.999841 0.000000 -0.282683 0.000000 0.000000 1.000000 0.000000
0.999784 -0.020760 0.000000 16.333381 0.020760 0.999784 0.000000 -0.274909 0.000000 0.000000 1.000000 0.000000
0.999746 -0.022553 0.000000 16.718159 0.022553 0.999746 0.000000 -0.246245 0.000000 0.000000 1.000000 0.000000
0.999731 -0.023176 0.000000 17.424401 0.023176 0.999731 0.000000 -0.244317 0.000000 0.000000 1.000000 0.000000
0.999698 -0.024579 0.000000 18.092575 0.024579 0.999698 0.000000 -0.267516 0.000000 0.000000 1.000000 0.000000
0.999704 -0.024325 0.000000 18.358228 0.024325 0.999704 0.000000 -0.251800 0.000000 0.000000 1.000000 0.000000
0.999636 -0.026967 0.000000 18.982573 0.026967 0.999636 0.000000 -0.256107 0.000000 0.000000 1.000000 0.000000
0.999608 -0.028011 0.000000 19.183104 0.028011 0.999608 0.000000 -0.287077 0.000000 0.000000 1.000000 0.000000
0.999617 -0.027676 0.000000 19.759832 0.027676 0.999617 0.000000 -0.268327 0.000000 0.000000 1.000000 0.000000
0.999606 -0.028081 0.000000 20.348114 0.028081 0.999606 0.000000 -0.276131 0.000000 0.000000 1.000000 0.000000
0.999593 -0.028540 0.000000 20.916220 0.028540 0.999593 0.000000 -0.313268 0.000000 0.000000 1.000000 0.000000
0.999571 -0.029280 0.000000 21.765746 0.029280 0.999571 0.000000 -0.315007 0.000000 0.000000 1.000000 0.000000
0.999501 -0.031593 0.000000 22.375709 0.031593 0.999501 0.000000 -0.308920 0.000000 0.000000 1.000000 0.000000
0.999433 -0.033672 0.000000 23.003267 0.033672 0.999433 0.000000 -0.313125 0.000000 0.000000 1.000000 0.000000
0.999392 -0.034875 0.000000 23.453941 0.034875 0.999392 0.000000 -0.347210 0.000000 0.000000 1.000000 0.000000
0.999386 -0.035042 0.000000 24.158410 0.035042 0.999386 0.000000 -0.314213 0.000000 0.000000 1.000000 0.000000
0.999374 -0.035378 0.000000 24.832912 0.035378 0.999374 0.000000 -0.303097 0.000000 0.000000 1.000000 0.000000
0.999322 -0.036805 0.000000 25.206725 0.036805 0.999322 0.000000 -0.325826 0.000000 0.000000 1.000000 0.000000
0.999283 -0.037848 0.000000 25.792014 0.037848 0.999283 0.000000 -0.297042 0.000000 0.000000 1.000000 0.000000
0.999270 -0.038211 0.000000 26.385618 0.038211 0.999270 0.000000 -0.308708 0.000000 0.000000 1.000000 0.000000
0.999289 -0.037712 0.000000 27.215382 0.037712 0.999289 0.000000 -0.281969 0.000000 0.000000 1.000000 0.000000
0.999268 -0.038244 0.000000 27.235874 0.038244 0.999268 0.000000 -0.296766 0.000000 0.000000 1.000000 0.000000
0.999258 -0.038527 0.000000 27.967287 0.038527 0.999258 0.000000 -0.279757 0.000000 0.000000 1.000000 0.000000
0.999133 -0.041633 0.000000 28.764579 0.041633 0.999133 0.000000 -0.257399 0.000000 0.000000 1.000000 0.000000
0.999087 -0.042725 0.000000 29.537162 0.042725 0.999087 0.000000 -0.216259 0.000000 0.000000 1.000000 0.000000
0.999110 -0.042181 0.000000 30.337332 0.042181 0.999110 0.000000 -0.196103 0.000000 0.000000 1.000000 0.000000
0.999135 -0.041585 0.000000 30.911081 0.041585 0.999135 0.000000 -0.181618 0.000000 0.000000 1.000000 0.000000
0.999145 -0.041343 0.000000 31.548547 0.041343 0.999145 0.000000 -0.157719 0.000000 0.000000 1.000000 0.000000
0.999104 -0.042331 0.000000 31.943186 0.042331 0.999104 0.000000 -0.152440 0.000000 0.000000 1.000000 0.000000
0.999126 -0.041797 0.000000 32.310631 0.041797 0.999126 0.000000 -0.153936 0.000000 0.000000 1.000000 0.000000
0.999174 -0.040637 0.000000 32.985037 0.040637 0.999174 0.000000 -0.115745 0.000000 0.000000 1.000000 0.000000
0.999244 -0.038879 0.000000 33.083010 0.038879 0.999244 0.000000 -0.093175 0.000000 0.000000 1.000000 0.000000
0.999230 -0.039231 0.000000 33.748172 0.039231 0.999230 0.000000 -0.080091 0.000000 0.000000 1.000000 0.000000
0.999294 -0.037563 0.000000 33.995708 0.037563 0.999294 0.000000 -0.097934 0.000000 0.000000 1.000000 0.000000
0.999206 -0.039845 0.000000 34.564322 0.039845 0.999206 0.000000 -0.160268 0.000000 0.000000 1.000000 0.000000
0.999128 -0.041752 0.000000 34.718467 0.041752 0.999128 0.000000 -0.168200 0.000000 0.000000 1.000000 0.000000
0.999145 -0.041339 0.000000 35.299998 0.041339 0.999145 0.000000 -0.158456 0.000000 0.000000 1.000000 0.000000
0.999149 -0.041249 0.000000 36.231995 0.041249 0.999149 0.000000 -0.090689 0.000000 0.000000 1.000000 0.000000
0.999165 -0.040853 0.000000 36.940046 0.040853 0.999165 0.000000 -0.103364 0.000000 0.000000 1.000000 0.000000
0.999152 -0.041162 0.000000 37.408331 0.041162 0.999152 0.000000 -0.089140 0.000000 0.000000 1.000000 0.000000
0.999230 -0.039230 0.000000 37.899383 0.039230 0.999230 0.000000 -0.068632 0.000000 0.000000 1.000000 0.000000
0.999193 -0.040162 0.000000 38.607046 0.040162 0.999193 0.000000 -0.013377 0.000000 0.000000 1.000000 0.000000
0.999183 -0.040416 0.000000 39.053687 0.040416 0.999183 0.000000 0.013525 0.000000 0.000000 1.000000 0.000000
0.999184 -0.040397 0.000000 39.702842 0.040397 0.999184 0.000000 0.025946 0.000000 0.000000 1.000000 0.000000
0.999211 -0.039708 0.000000 40.302819 0.039708 0.999211 0.000000 0.066532 0.000000 0.000000 1.000000 0.000000
0.999202 -0.039954 0.000000 41.355257 0.039954 0.999202 0.000000 0.132060 0.000000 0.000000 1.000000 0.000000
0.999208 -0.039800 0.000000 41.611314 0.039800 0.999208 0.000000 0.168739 0.000000 0.000000 1.000000 0.000000
0.999211 -0.039722 0.000000 42.617676 0.039722 0.999211 0.000000 0.182014 0.000000 0.000000 1.000000 0.000000
0.999153 -0.041142 0.000000 43.350048 0.041142 0.999153 0.000000 0.205086 0.000000 0.000000 1.000000 0.000000
0.999145 -0.041336 0.000000 44.403182 0.041336 0.999145 0.000000 0.273837 0.000000 0.000000 1.000000 0.000000
0.999101 -0.042392 0.000000 45.049950 0.042392 0.999101 0.000000 0.275860 0.000000 0.000000 1.000000 0.000000
0.999197 -0.040069 0.000000 45.593064 0.040069 0.999197 0.000000 0.293722 0.000000 0.000000 1.000000 0.000000
0.999138 -0.041513 0.000000 46.175393 0.041513 0.999138 0.000000 0.313981 0.000000 0.000000 1.000000 0.000000
0.999026 -0.044118 0.000000 45.824803 0.044118 0.999026 0.000000 0.279773 0.000000 0.000000 1.000000 0.000000
0.999025 -0.044143 0.000000 45.844824 0.044143 0.999025 0.000000 0.298678 0.000000 0.000000 1.000000 0.000000
0.999035 -0.043931 0.000000 46.071251 0.043931 0.999035 0.000000 0.352617 0.000000 0.000000 1.000000 0.000000
0.999078 -0.042933 0.000000 46.690295 0.042933 0.999078 0.000000 0.386403 0.000000 0.000000 1.000000 0.000000
0.999052 -0.043529 0.000000 47.316008 0.043529 0.999052 0.000000 0.396358 0.000000 0.000000 1.000000 0.000000
0.998948 -0.045851 0.000000 48.261882 0.045851 0.998948 0.000000 0.445125 0.000000 0.000000 1.000000 0.000000
0.998871 -0.047504 0.000000 48.427957 0.047504 0.998871 0.000000 0.448999 0.000000 0.000000 1.000000 0.000000
0.998873 -0.047461 0.000000 49.318465 0.047461 0.998873 0.000000 0.472054 0.000000 0.000000 1.000000 0.000000
0.998804 -0.048890 0.000000 49.727645 0.048890 0.998804 0.000000 0.494993 0.000000 0.000000 1.000000 0.000000
0.998740 -0.050186 0.000000 49.794947 0.050186 0.998740 0.000000 0.474552 0.000000 0.000000 1.000000 0.000000
0.998730 -0.050391 0.000000 50.369366 0.050391 0.998730 0.000000 0.486235 0.000000 0.000000 1.000000 0.000000
0.998697 -0.051026 0.000000 51.024328 0.051026 0.998697 0.000000 0.511111 0.000000 0.000000 1.000000 0.000000
0.998739 -0.050211 0.000000 51.485404 0.050211 0.998739 0.000000 0.507833 0.000000 0.000000 1.000000 0.000000
0.998686 -0.051245 0.000000 52.141162 0.051245 0.998686 0.000000 0.519809 0.000000 0.000000 1.000000 0.000000
0.998617 -0.052570 0.000000 52.622081 0.052570 0.998617 0.000000 0.548711 0.000000 0.000000 1.000000 0.000000
0.998589 -0.053107 0.000000 53.966281 0.053107 0.998589 0.000000 0.608354 0.000000 0.000000 1.000000 0.000000
0.998626 -0.052411 0.000000 54.497784 0.052411 0.998626 0.000000 0.675120 0.000000 0.000000 1.000000 0.000000
0.998606 -0.052782 0.000000 55.300900 0.052782 0.998606 0.000000 0.695528 0.000000 0.000000 1.000000 0.000000
0.998706 -0.050866 0.000000 55.941517 0.050866 0.998706 0.000000 0.709763 0.000000 0.000000 1.000000 0.000000
0.998734 -0.050309 0.000000 56.486010 0.050309 0.998734 0.000000 0.729777 0.000000 0.000000 1.000000 0.000000
0.998716 -0.050650 0.000000 56.950699 0.050650 0.998716 0.000000 0.746795 0.000000 0.000000 1.000000 0.000000
0.998688 -0.051206 0.000000 57.484917 0.051206 0.998688 0.000000 0.776770 0.000000 0.000000 1.000000 0.000000
0.998640 -0.052145 0.000000 58.127001 0.052145 0.998640 0.000000 0.794523 0.000000 0.000000 1.000000 0.000000
0.998634 -0.052252 0.000000 58.518432 0.052252 0.998634 0.000000 0.800838 0.000000 0.000000 1.000000 0.000000
0.998516 -0.054458 0.000000 58.846755 0.054458 0.998516 0.000000 0.814133 0.000000 0.000000 1.000000 0.000000
0.998550 -0.053825 0.000000 59.413068 0.053825 0.998550 0.000000 0.824867 0.000000 0.000000 1.000000 0.000000
0.998455 -0.055568 0.000000 59.944293 0.055568 0.998455 0.000000 0.861991 0.000000 0.000000 1.000000 0.000000
0.998433 -0.055955 0.000000 60.684051 0.055955 0.998433 0.000000 0.886046 0.000000 0.000000 1.000000 0.000000
0.998350 -0.057429 0.000000 60.860021 0.057429 0.998350 0.000000 0.873576 0.000000 0.000000 1.000000 0.000000
0.998266 -0.058861 0.000000 61.442506 0.058861 0.998266 0.000000 0.899170 0.000000 0.000000 1.000000 0.000000
0.998257 -0.059023 0.000000 62.134513 0.059023 0.998257 0.000000 0.906957 0.000000 0.000000 1.000000 0.000000
0.998203 -0.059915 0.000000 62.673640 0.059915 0.998203 0.000000 0.930083 0.000000 0.000000 1.000000 0.000000
0.998063 -0.062218 0.000000 63.359718 0.062218 0.998063 0.000000 0.952487 0.000000 0.000000 1.000000 0.000000
0.998105 -0.061530 0.000000 63.957972 0.061530 0.998105 0.000000 0.996923 0.000000 0.000000 1.000000 0.000000
0.998028 -0.062776 0.000000 64.591414 0.062776 0.998028 0.000000 1.023984 0.000000 0.000000 1.000000 0.000000
0.997907 -0.064665 0.000000 65.541502 0.064665 0.997907 0.000000 1.063775 0.000000 0.000000 1.000000 0.000000
0.997922 -0.064428 0.000000 66.179012 0.064428 0.997922 0.000000 1.084852 0.000000 0.000000 1.000000 0.000000
0.997933 -0.064262 0.000000 66.770033 0.064262 0.997933 0.000000 1.120826 0.000000 0.000000 1.000000 0.000000
0.997895 -0.064850 0.000000 67.263093 0.064850 0.997895 0.000000 1.169800 0.000000 0.000000 1.000000 0.000000
0.997905 -0.064700 0.000000 67.921892 0.064700 0.997905 0.000000 1.209252 0.000000 0.000000 1.000000 0.000000
0.997708 -0.067664 0.000000 68.574288 0.067664 0.997708 0.000000 1.267179 0.000000 0.000000 1.000000 0.000000
0.997670 -0.068226 0.000000 68.930573 0.068226 0.997670 0.000000 1.268326 0.000000 0.000000 1.000000 0.000000
0.997652 -0.068486 0.000000 69.564682 0.068486 0.997652 0.000000 1.294798 0.000000 0.000000 1.000000 0.000000
0.997614 -0.069037 0.000000 70.124438 0.069037 0.997614 0.000000 1.326351 0.000000 0.000000 1.000000 0.000000
0.997490 -0.070804 0.000000 71.345818 0.070804 0.997490 0.000000 1.377424 0.000000 0.000000 1.000000 0.000000
0.997210 -0.074647 0.000000 71.866764 0.074647 0.997210 0.000000 1.455042 0.000000 0.000000 1.000000 0.000000
0.997321 -0.073148 0.000000 72.484613 0.073148 0.997321 0.000000 1.470577 0.000000 0.000000 1.000000 0.000000
0.997295 -0.073504 0.000000 73.148505 0.073504 0.997295 0.000000 1.501035 0.000000 0.000000 1.000000 0.000000
0.997423 -0.071744 0.000000 73.724564 0.071744 0.997423 0.000000 1.506851 0.000000 0.000000 1.000000 0.000000
0.997298 -0.073463 0.000000 74.221195 0.073463 0.997298 0.000000 1.548969 0.000000 0.000000 1.000000 0.000000
0.997409 -0.071938 0.000000 74.622956 0.071938 0.997409 0.000000 1.545853 0.000000 0.000000 1.000000 0.000000
0.997411 -0.071907 0.000000 75.201032 0.071907 0.997411 0.000000 1.609866 0.000000 0.000000 1.000000 0.000000
0.997415 -0.071857 0.000000 75.848847 0.071857 0.997415 0.000000 1.642850 0.000000 0.000000 1.000000 0.000000
0.997369 -0.072492 0.000000 76.378878 0.072492 0.997369 0.000000 1.688658 0.000000 0.000000 1.000000 0.000000
0.997232 -0.074355 0.000000 77.023069 0.074355 0.997232 0.000000 1.787372 0.000000 0.000000 1.000000 0.000000
0.997221 -0.074495 0.000000 77.558558 0.074495 0.997221 0.000000 1.806846 0.000000 0.000000 1.000000 0.000000
0.997292 -0.073546 0.000000 78.090061 0.073546 0.997292 0.000000 1.833316 0.000000 0.000000 1.000000 0.000000
0.997251 -0.074104 0.000000 78.700036 0.074104 0.997251 0.000000 1.882857 0.000000 0.000000 1.000000 0.000000
0.997456 -0.071281 0.000000 79.242851 0.071281 0.997456 0.000000 1.906893 0.000000 0.000000 1.000000 0.000000
0.997722 -0.067458 0.000000 79.830197 0.067458 0.997722 0.000000 1.858338 0.000000 0.000000 1.000000 0.000000
0.997588 -0.069420 0.000000 80.293701 0.069420 0.997588 0.000000 1.934699 0.000000 0.000000 1.000000 0.000000
0.997570 -0.069665 0.000000 80.830933 0.069665 0.997570 0.000000 1.973547 0.000000 0.000000 1.000000 0.000000
0.997554 -0.069894 0.000000 81.385840 0.069894 0.997554 0.000000 2.021021 0.000000 0.000000 1.000000 0.000000
0.997481 -0.070928 0.000000 81.687472 0.070928 0.997481 0.000000 1.982272 0.000000 0.000000 1.000000 0.000000
0.997696 -0.067850 0.000000 82.171767 0.067850 0.997696 0.000000 1.980077 0.000000 0.000000 1.000000 0.000000
0.997805 -0.066226 0.000000 82.768668 0.066226 0.997805 0.000000 2.008967 0.000000 0.000000 1.000000 0.000000
0.997837 -0.065740 0.000000 83.273680 0.065740 0.997837 0.000000 2.032053 0.000000 0.000000 1.000000 0.000000
0.997950 -0.063995 0.000000 83.792363 0.063995 0.997950 0.000000 2.053919 0.000000 0.000000 1.000000 0.000000
0.998060 -0.062253 0.000000 84.294319 0.062253 0.998060 0.000000 2.065793 0.000000 0.000000 1.000000 0.000000
0.998054 -0.062359 0.000000 84.849946 0.062359 0.998054 0.000000 2.125271 0.000000 0.000000 1.000000 0.000000
0.997917 -0.064510 0.000000 85.426230 0.064510 0.997917 0.000000 2.215168 0.000000 0.000000 1.000000 0.000000
0.997898 -0.064806 0.000000 86.075775 0.064806 0.997898 0.000000 2.255813 0.000000 0.000000 1.000000 0.000000
0.997810 -0.066144 0.000000 86.641591 0.066144 0.997810 0.000000 2.342437 0.000000 0.000000 1.000000 0.000000
0.997924 -0.064397 0.000000 87.345686 0.064397 0.997924 0.000000 2.387457 0.000000 0.000000 1.000000 0.000000
0.998154 -0.060737 0.000000 87.895275 0.060737 0.998154 0.000000 2.379898 0.000000 0.000000 1.000000 0.000000
0.998250 -0.059138 0.000000 88.184824 0.059138 0.998250 0.000000 2.407486 0.000000 0.000000 1.000000 0.000000
0.998238 -0.059334 0.000000 88.625001 0.059334 0.998238 0.000000 2.430940 0.000000 0.000000 1.000000 0.000000
0.998300 -0.058289 0.000000 89.038159 0.058289 0.998300 0.000000 2.201588 0.000000 0.000000 1.000000 0.000000
0.998299 -0.058295 0.000000 89.570999 0.058295 0.998299 0.000000 2.220391 0.000000 0.000000 1.000000 0.000000
0.998411 -0.056353 0.000000 90.074146 0.056353 0.998411 0.000000 2.230120 0.000000 0.000000 1.000000 0.000000
0.998675 -0.051459 0.000000 91.211947 0.051459 0.998675 0.000000 2.266565 0.000000 0.000000 1.000000 0.000000
0.998614 -0.052637 0.000000 91.754025 0.052637 0.998614 0.000000 2.345202 0.000000 0.000000 1.000000 0.000000
0.998803 -0.048913 0.000000 92.224517 0.048913 0.998803 0.000000 2.317732 0.000000 0.000000 1.000000 0.000000
0.998968 -0.045410 0.000000 92.841531 0.045410 0.998968 0.000000 2.346064 0.000000 0.000000 1.000000 0.000000
0.999037 -0.043869 0.000000 93.364391 0.043869 0.999037 0.000000 2.370696 0.000000 0.000000 1.000000 0.000000
0.999253 -0.038651 0.000000 93.853393 0.038651 0.999253 0.000000 2.334296 0.000000 0.000000 1.000000 0.000000
0.999283 -0.037862 0.000000 94.356318 0.037862 0.999283 0.000000 2.333817 0.000000 0.000000 1.000000 0.000000
0.999369 -0.035517 0.000000 94.816789 0.035517 0.999369 0.000000 2.336472 0.000000 0.000000 1.000000 0.000000
0.999513 -0.031213 0.000000 95.201683 0.031213 0.999513 0.000000 2.283270 0.000000 0.000000 1.000000 0.000000
0.999558 -0.029729 0.000000 95.997900 0.029729 0.999558 0.000000 2.343037 0.000000 0.000000 1.000000 0.000000
0.999686 -0.025060 0.000000 96.666254 0.025060 0.999686 0.000000 2.281819 0.000000 0.000000 1.000000 0.000000
0.999699 -0.024550 0.000000 97.001211 0.024550 0.999699 0.000000 2.271527 0.000000 0.000000 1.000000 0.000000
0.999785 -0.020754 0.000000 97.450931 0.020754 0.999785 0.000000 2.222373 0.000000 0.000000 1.000000 0.000000
0.999856 -0.016965 0.000000 97.916279 0.016965 0.999856 0.000000 2.220335 0.000000 0.000000 1.000000 0.000000
0.999855 -0.017007 0.000000 98.427246 0.017007 0.999855 0.000000 2.179694 0.000000 0.000000 1.000000 0.000000
0.999905 -0.013801 0.000000 98.776056 0.013801 0.999905 0.000000 2.229100 0.000000 0.000000 1.000000 0.000000
0.999992 -0.003877 0.000000 99.107114 0.003877 0.999992 0.000000 2.116773 0.000000 0.000000 1.000000 0.000000
1.000000 -0.000360 0.000000 99.501354 0.000360 1.000000 0.000000 2.114441 0.000000 0.000000 1.000000 0.000000
0.999988 0.004979 0.000000 99.702016 -0.004979 0.999988 -0.000000 2.104370 -0.000000 0.000000 1.000000 0.000000
0.999976 0.006960 0.000000 100.112944 -0.006960 0.999976 -0.000000 2.088846 -0.000000 0.000000 1.000000 0.000000
0.999924 0.012328 0.000000 100.769284 -0.012328 0.999924 -0.000000 2.056229 -0.000000 0.000000 1.000000 0.000000
0.999863 0.016549 0.000000 101.281433 -0.016549 0.999863 -0.000000 2.048662 -0.000000 0.000000 1.000000 0.000000
0.999806 0.019714 0.000000 101.618768 -0.019714 0.999806 -0.000000 1.990587 -0.000000 0.000000 1.000000 0.000000
0.999715 0.023891 0.000000 102.130160 -0.023891 0.999715 -0.000000 1.967666 -0.000000 0.000000 1.000000 0.000000
0.999690 0.024913 0.000000 102.541740 -0.024913 0.999690 -0.000000 1.970501 -0.000000 0.000000 1.000000 0.000000
0.999605 0.028100 0.000000 102.922485 -0.028100 0.999605 -0.000000 1.948940 -0.000000 0.000000 1.000000 0.000000
0.999481 0.032213 0.000000 103.327937 -0.032213 0.999481 -0.000000 1.915398 -0.000000 0.000000 1.000000 0.000000
0.999402 0.034581 0.000000 103.985558 -0.034581 0.999402 -0.000000 1.915415 -0.000000 0.000000 1.000000 0.000000
0.999311 0.037108 0.000000 104.621192 -0.037108 0.999311 -0.000000 1.872250 -0.000000 0.000000 1.000000 0.000000
0.999267 0.038287 0.000000 104.852169 -0.038287 0.999267 -0.000000 1.812364 -0.000000 0.000000 1.000000 0.000000
0.999161 0.040947 0.000000 105.055496 -0.040947 0.999161 -0.000000 1.697237 -0.000000 0.000000 1.000000 0.000000
0.999059 0.043366 0.000000 105.409071 -0.043366 0.999059 -0.000000 1.668960 -0.000000 0.000000 1.000000 0.000000
0.998898 0.046929 0.000000 105.867814 -0.046929 0.998898 -0.000000 1.644299 -0.000000 0.000000 1.000000 0.000000
0.998843 0.048087 0.000000 106.282644 -0.048087 0.998843 -0.000000 1.589435 -0.000000 0.000000 1.000000 0.000000
0.999421 0.034027 0.000000 107.960826 -0.034027 0.999421 -0.000000 1.392675 -0.000000 0.000000 1.000000 0.000000
0.999397 0.034727 0.000000 108.294846 -0.034727 0.999397 -0.000000 1.358411 -0.000000 0.000000 1.000000 0.000000
0.999330 0.036609 0.000000 109.045589 -0.036609 0.999330 -0.000000 1.326694 -0.000000 0.000000 1.000000 0.000000
0.999102 0.042366 0.000000 109.431389 -0.042366 0.999102 -0.000000 1.205763 -0.000000 0.000000 1.000000 0.000000
0.999095 0.042523 0.000000 109.830283 -0.042523 0.999095 -0.000000 1.174127 -0.000000 0.000000 1.000000 0.000000
0.999134 0.041599 0.000000 110.018520 -0.041599 0.999134 -0.000000 1.139105 -0.000000 0.000000 1.000000 0.000000
0.999175 0.040617 0.000000 110.507355 -0.040617 0.999175 -0.000000 1.062411 -0.000000 0.000000 1.000000 0.000000
0.998993 0.044872 0.000000 111.200212 -0.044872 0.998993 -0.000000 0.946745 -0.000000 0.000000 1.000000 0.000000
0.998986 0.045028 0.000000 111.667173 -0.045028 0.998986 -0.000000 0.936292 -0.000000 0.000000 1.000000 0.000000
0.998974 0.045294 0.000000 112.163032 -0.045294 0.998974 -0.000000 0.988317 -0.000000 0.000000 1.000000 0.000000
0.998985 0.045041 0.000000 112.582365 -0.045041 0.998985 -0.000000 0.945443 -0.000000 0.000000 1.000000 0.000000
0.999043 0.043744 0.000000 112.961985 -0.043744 0.999043 -0.000000 0.869768 -0.000000 0.000000 1.000000 0.000000
0.998877 0.047372 0.000000 113.282343 -0.047372 0.998877 -0.000000 0.854016 -0.000000 0.000000 1.000000 0.000000
0.998879 0.047329 0.000000 114.075996 -0.047329 0.998879 -0.000000 0.789690 -0.000000 0.000000 1.000000 0.000000
0.998912 0.046644 0.000000 114.546829 -0.046644 0.998912 -0.000000 0.621048 -0.000000 0.000000 1.000000 0.000000
0.999004 0.044613 0.000000 114.966237 -0.044613 0.999004 -0.000000 0.574223 -0.000000 0.000000 1.000000 0.000000
0.998831 0.048345 0.000000 115.326478 -0.048345 0.998831 -0.000000 0.553496 -0.000000 0.000000 1.000000 0.000000
0.998757 0.049852 0.000000 115.683813 -0.049852 0.998757 -0.000000 0.558476 -0.000000 0.000000 1.000000 0.000000
0.998632 0.052282 0.000000 116.104204 -0.052282 0.998632 -0.000000 0.504512 -0.000000 0.000000 1.000000 0.000000
0.998593 0.053032 0.000000 116.719584 -0.053032 0.998593 -0.000000 0.356479 -0.000000 0.000000 1.000000 0.000000
0.998504 0.054672 0.000000 117.295090 -0.054672 0.998504 -0.000000 0.310952 -0.000000 0.000000 1.000000 0.000000
0.998330 0.057767 0.000000 117.857487 -0.057767 0.998330 -0.000000 0.217936 -0.000000 0.000000 1.000000 0.000000
0.998152 0.060773 0.000000 118.324481 -0.060773 0.998152 -0.000000 0.189738 -0.000000 0.000000 1.000000 0.000000
0.998046 0.062483 0.000000 118.861943 -0.062483 0.998046 -0.000000 0.157466 -0.000000 0.000000 1.000000 0.000000
0.998056 0.062329 0.000000 119.300787 -0.062329 0.998056 -0.000000 0.116693 -0.000000 0.000000 1.000000 0.000000
0.997841 0.065679 0.000000 119.929728 -0.065679 0.997841 -0.000000 0.107824 -0.000000 0.000000 1.000000 0.000000
0.997743 0.067155 0.000000 120.377667 -0.067155 0.997743 -0.000000 0.057375 -0.000000 0.000000 1.000000 0.000000
0.997610 0.069092 0.000000 121.026773 -0.069092 0.997610 -0.000000 0.026646 -0.000000 0.000000 1.000000 0.000000
0.997636 0.068721 0.000000 121.437191 -0.068721 0.997636 -0.000000 -0.009290 -0.000000 0.000000 1.000000 0.000000
0.997376 0.072397 0.000000 121.975157 -0.072397 0.997376 -0.000000 -0.047955 -0.000000 0.000000 1.000000 0.000000
0.997223 0.074475 0.000000 122.410255 -0.074475 0.997223 -0.000000 -0.129267 -0.000000 0.000000 1.000000 0.000000
0.997085 0.076299 0.000000 122.717903 -0.076299 0.997085 -0.000000 -0.156899 -0.000000 0.000000 1.000000 0.000000
0.997085 0.076298 0.000000 123.232703 -0.076298 0.997085 -0.000000 -0.210815 -0.000000 0.000000 1.000000 0.000000
0.997044 0.076835 0.000000 123.804834 -0.076835 0.997044 -0.000000 -0.268798 -0.000000 0.000000 1.000000 0.000000
0.997040 0.076890 0.000000 124.768850 -0.076890 0.997040 -0.000000 -0.315016 -0.000000 0.000000 1.000000 0.000000
0.997310 0.073305 0.000000 125.020085 -0.073305 0.997310 -0.000000 -0.257928 -0.000000 0.000000 1.000000 0.000000
0.997399 0.072077 0.000000 126.056654 -0.072077 0.997399 -0.000000 -0.283428 -0.000000 0.000000 1.000000 0.000000
0.997431 0.071631 0.000000 126.442309 -0.071631 0.997431 -0.000000 -0.448041 -0.000000 0.000000 1.000000 0.000000
0.997379 0.072350 0.000000 126.848819 -0.072350 0.997379 -0.000000 -0.461631 -0.000000 0.000000 1.000000 0.000000
0.997305 0.073373 0.000000 127.320373 -0.073373 0.997305 -0.000000 -0.663895 -0.000000 0.000000 1.000000 0.000000
0.997306 0.073349 0.000000 127.806070 -0.073349 0.997306 -0.000000 -0.650466 -0.000000 0.000000 1.000000 0.000000
0.997334 0.072966 0.000000 128.290662 -0.072966 0.997334 -0.000000 -0.670235 -0.000000 0.000000 1.000000 0.000000
0.997374 0.072430 0.000000 128.735010 -0.072430 0.997374 -0.000000 -0.664900 -0.000000 0.000000 1.000000 0.000000
0.997270 0.073848 0.000000 129.218073 -0.073848 0.997270 -0.000000 -0.707732 -0.000000 0.000000 1.000000 0.000000
0.997391 0.072190 0.000000 129.436153 -0.072190 0.997391 -0.000000 -0.890907 -0.000000 0.000000 1.000000 0.000000
0.997629 0.068821 0.000000 130.072678 -0.068821 0.997629 -0.000000 -0.977569 -0.000000 0.000000 1.000000 0.000000
0.997727 0.067390 0.000000 130.472284 -0.067390 0.997727 -0.000000 -0.859879 -0.000000 0.000000 1.000000 0.000000
0.997648 0.068546 0.000000 130.952145 -0.068546 0.997648 -0.000000 -0.885316 -0.000000 0.000000 1.000000 0.000000
0.997693 0.067885 0.000000 131.429052 -0.067885 0.997693 -0.000000 -0.893238 -0.000000 0.000000 1.000000 0.000000
0.997488 0.070836 0.000000 131.922614 -0.070836 0.997488 -0.000000 -1.062769 -0.000000 0.000000 1.000000 0.000000
0.997620 0.068949 0.000000 132.477188 -0.068949 0.997620 -0.000000 -0.969844 -0.000000 0.000000 1.000000 0.000000
0.997387 0.072240 0.000000 132.890628 -0.072240 0.997387 -0.000000 -1.147045 -0.000000 0.000000 1.000000 0.000000
0.997369 0.072489 0.000000 133.583382 -0.072489 0.997369 -0.000000 -1.205994 -0.000000 0.000000 1.000000 0.000000
0.997231 0.074371 0.000000 134.037486 -0.074371 0.997231 -0.000000 -1.265289 -0.000000 0.000000 1.000000 0.000000
0.996911 0.078538 0.000000 134.623792 -0.078538 0.996911 -0.000000 -1.425222 -0.000000 0.000000 1.000000 0.000000
0.996914 0.078507 0.000000 135.101360 -0.078507 0.996914 -0.000000 -1.513407 -0.000000 0.000000 1.000000 0.000000
0.996896 0.078728 0.000000 135.680629 -0.078728 0.996896 -0.000000 -1.567309 -0.000000 0.000000 1.000000 0.000000
0.996747 0.080599 0.000000 136.294025 -0.080599 0.996747 -0.000000 -1.597771 -0.000000 0.000000 1.000000 0.000000
0.995932 0.090109 0.000000 140.216863 -0.090109 0.995932 -0.000000 -2.111431 -0.000000 0.000000 1.000000 0.000000
0.996145 0.087727 0.000000 140.653405 -0.087727 0.996145 -0.000000 -2.141669 -0.000000 0.000000 1.000000 0.000000
0.996533 0.083199 0.000000 141.909399 -0.083199 0.996533 -0.000000 -2.274101 -0.000000 0.000000 1.000000 0.000000
0.996383 0.084982 0.000000 143.132103 -0.084982 0.996383 -0.000000 -2.412564 -0.000000 0.000000 1.000000 0.000000
0.996426 0.084474 0.000000 143.751744 -0.084474 0.996426 -0.000000 -2.503197 -0.000000 0.000000 1.000000 0.000000
0.996568 0.082779 0.000000 144.354159 -0.082779 0.996568 -0.000000 -2.463682 -0.000000 0.000000 1.000000 0.000000
0.996446 0.084238 0.000000 144.807364 -0.084238 0.996446 -0.000000 -2.585919 -0.000000 0.000000 1.000000 0.000000
0.996506 0.083523 0.000000 145.476389 -0.083523 0.996506 -0.000000 -2.680805 -0.000000 0.000000 1.000000 0.000000
0.996630 0.082025 0.000000 146.163180 -0.082025 0.996630 -0.000000 -2.659225 -0.000000 0.000000 1.000000 0.000000
0.996290 0.086056 0.000000 146.679908 -0.086056 0.996290 -0.000000 -2.836056 -0.000000 0.000000 1.000000 0.000000
0.996345 0.085415 0.000000 147.375468 -0.085415 0.996345 -0.000000 -2.919769 -0.000000 0.000000 1.000000 0.000000
0.996272 0.086264 0.000000 147.959375 -0.086264 0.996272 -0.000000 -2.989906 -0.000000 0.000000 1.000000 0.000000
0.996996 0.077456 0.000000 148.977006 -0.077456 0.996996 -0.000000 -3.097785 -0.000000 0.000000 1.000000 0.000000
0.996961 0.077903 0.000000 149.636566 -0.077903 0.996961 -0.000000 -3.185132 -0.000000 0.000000 1.000000 0.000000
0.997223 0.074472 0.000000 150.292744 -0.074472 0.997223 -0.000000 -3.282168 -0.000000 0.000000 1.000000 0.000000
0.997411 0.071912 0.000000 150.891516 -0.071912 0.997411 -0.000000 -3.334348 -0.000000 0.000000 1.000000 0.000000
0.997576 0.069587 0.000000 151.631292 -0.069587 0.997576 -0.000000 -3.482603 -0.000000 0.000000 1.000000 0.000000
0.997492 0.070780 0.000000 152.185064 -0.070780 0.997492 -0.000000 -3.534124 -0.000000 0.000000 1.000000 0.000000
0.997439 0.071520 0.000000 152.815667 -0.071520 0.997439 -0.000000 -3.526958 -0.000000 0.000000 1.000000 0.000000
0.997364 0.072564 0.000000 153.452159 -0.072564 0.997364 -0.000000 -3.572508 -0.000000 0.000000 1.000000 0.000000
0.997274 0.073784 0.000000 154.162792 -0.073784 0.997274 -0.000000 -3.666159 -0.000000 0.000000 1.000000 0.000000
0.997350 0.072750 0.000000 154.692561 -0.072750 0.997350 -0.000000 -3.760532 -0.000000 0.000000 1.000000 0.000000
0.997422 0.071761 0.000000 155.270061 -0.071761 0.997422 -0.000000 -3.851972 -0.000000 0.000000 1.000000 0.000000
0.997679 0.068094 0.000000 155.732580 -0.068094 0.997679 -0.000000 -3.874422 -0.000000 0.000000 1.000000 0.000000
0.997766 0.066803 0.000000 156.321521 -0.066803 0.997766 -0.000000 -3.937509 -0.000000 0.000000 1.000000 0.000000
0.997735 0.067271 0.000000 156.916640 -0.067271 0.997735 -0.000000 -3.958300 -0.000000 0.000000 1.000000 0.000000
0.997947 0.064048 0.000000 157.470230 -0.064048 0.997947 -0.000000 -4.043432 -0.000000 0.000000 1.000000 0.000000
0.997870 0.065230 0.000000 158.097941 -0.065230 0.997870 -0.000000 -4.095152 -0.000000 0.000000 1.000000 0.000000
0.998107 0.061498 0.000000 159.136164 -0.061498 0.998107 -0.000000 -4.162113 -0.000000 0.000000 1.000000 0.000000
0.998222 0.059605 0.000000 159.687536 -0.059605 0.998222 -0.000000 -4.266051 -0.000000 0.000000 1.000000 0.000000
0.998269 0.058816 0.000000 160.247456 -0.058816 0.998269 -0.000000 -4.296836 -0.000000 0.000000 1.000000 0.000000
0.998183 0.060250 0.000000 160.879393 -0.060250 0.998183 -0.000000 -4.265794 -0.000000 0.000000 1.000000 0.000000
0.998182 0.060271 0.000000 161.448551 -0.060271 0.998182 -0.000000 -4.312572 -0.000000 0.000000 1.000000 0.000000
0.998084 0.061869 0.000000 162.536504 -0.061869 0.998084 -0.000000 -4.388953 -0.000000 0.000000 1.000000 0.000000
0.997951 0.063986 0.000000 163.142369 -0.063986 0.997951 -0.000000 -4.429646 -0.000000 0.000000 1.000000 0.000000
0.997958 0.063870 0.000000 163.616679 -0.063870 0.997958 -0.000000 -4.619225 -0.000000 0.000000 1.000000 0.000000
0.997881 0.065062 0.000000 164.050502 -0.065062 0.997881 -0.000000 -4.618629 -0.000000 0.000000 1.000000 0.000000
0.998054 0.062348 0.000000 164.603319 -0.062348 0.998054 -0.000000 -4.744934 -0.000000 0.000000 1.000000 0.000000
0.998042 0.062543 0.000000 165.046372 -0.062543 0.998042 -0.000000 -4.833799 -0.000000 0.000000 1.000000 0.000000
0.997955 0.063923 0.000000 165.781646 -0.063923 0.997955 -0.000000 -4.832989 -0.000000 0.000000 1.000000 0.000000
0.997905 0.064701 0.000000 166.402505 -0.064701 0.997905 -0.000000 -4.838232 -0.000000 0.000000 1.000000 0.000000
0.997998 0.063243 0.000000 167.133481 -0.063243 0.997998 -0.000000 -4.913632 -0.000000 0.000000 1.000000 0.000000
0.998005 0.063138 0.000000 167.795702 -0.063138 0.998005 -0.000000 -4.874081 -0.000000 0.000000 1.000000 0.000000
0.998129 0.061149 0.000000 168.333407 -0.061149 0.998129 -0.000000 -4.907309 -0.000000 0.000000 1.000000 0.000000
0.998208 0.059841 0.000000 168.906048 -0.059841 0.998208 -0.000000 -4.972049 -0.000000 0.000000 1.000000 0.000000
0.998214 0.059732 0.000000 169.529462 -0.059732 0.998214 -0.000000 -5.013284 -0.000000 0.000000 1.000000 0.000000
0.998292 0.058415 0.000000 170.204322 -0.058415 0.998292 -0.000000 -5.067282 -0.000000 0.000000 1.000000 0.000000
0.998197 0.060015 0.000000 170.932110 -0.060015 0.998197 -0.000000 -5.117721 -0.000000 0.000000 1.000000 0.000000
0.998238 0.059332 0.000000 171.530356 -0.059332 0.998238 -0.000000 -5.187901 -0.000000 0.000000 1.000000 0.000000
0.998309 0.058133 0.000000 172.033361 -0.058133 0.998309 -0.000000 -5.207219 -0.000000 0.000000 1.000000 0.000000
0.998268 0.058826 0.000000 172.567499 -0.058826 0.998268 -0.000000 -5.211862 -0.000000 0.000000 1.000000 0.000000
0.998342 0.057559 0.000000 173.174309 -0.057559 0.998342 -0.000000 -5.275917 -0.000000 0.000000 1.000000 0.000000
0.998450 0.055663 0.000000 173.723595 -0.055663 0.998450 -0.000000 -5.397610 -0.000000 0.000000 1.000000 0.000000
0.998449 0.055682 0.000000 174.194434 -0.055682 0.998449 -0.000000 -5.499831 -0.000000 0.000000 1.000000 0.000000
0.998433 0.055964 0.000000 174.782263 -0.055964 0.998433 -0.000000 -5.592020 -0.000000 0.000000 1.000000 0.000000
0.998402 0.056504 0.000000 175.404232 -0.056504 0.998402 -0.000000 -5.629577 -0.000000 0.000000 1.000000 0.000000
0.998385 0.056816 0.000000 176.145837 -0.056816 0.998385 -0.000000 -5.606400 -0.000000 0.000000 1.000000 0.000000
0.998479 0.055135 0.000000 176.772571 -0.055135 0.998479 -0.000000 -5.697742 -0.000000 0.000000 1.000000 0.000000
0.998584 0.053199 0.000000 177.600621 -0.053199 0.998584 -0.000000 -5.756948 -0.000000 0.000000 1.000000 0.000000
0.998526 0.054284 0.000000 178.221646 -0.054284 0.998526 -0.000000 -5.871748 -0.000000 0.000000 1.000000 0.000000
0.998572 0.053422 0.000000 178.956652 -0.053422 0.998572 -0.000000 -5.952361 -0.000000 0.000000 1.000000 0.000000
0.998842 0.048120 0.000000 179.521787 -0.048120 0.998842 -0.000000 -6.033211 -0.000000 0.000000 1.000000 0.000000
0.998752 0.049953 0.000000 180.109422 -0.049953 0.998752 -0.000000 -6.072985 -0.000000 0.000000 1.000000 0.000000
0.998811 0.048745 0.000000 180.524462 -0.048745 0.998811 -0.000000 -6.110864 -0.000000 0.000000 1.000000 0.000000
0.998769 0.049607 0.000000 181.114231 -0.049607 0.998769 -0.000000 -6.152428 -0.000000 0.000000 1.000000 0.000000
0.998831 0.048330 0.000000 181.812846 -0.048330 0.998831 -0.000000 -6.197131 -0.000000 0.000000 1.000000 0.000000
0.998969 0.045397 0.000000 182.472234 -0.045397 0.998969 -0.000000 -6.239227 -0.000000 0.000000 1.000000 0.000000
0.998993 0.044865 0.000000 183.200766 -0.044865 0.998993 -0.000000 -6.259032 -0.000000 0.000000 1.000000 0.000000
0.999041 0.043791 0.000000 183.909718 -0.043791 0.999041 -0.000000 -6.314043 -0.000000 0.000000 1.000000 0.000000
0.999068 0.043154 0.000000 184.532960 -0.043154 0.999068 -0.000000 -6.330851 -0.000000 0.000000 1.000000 0.000000
0.999000 0.044708 0.000000 185.141455 -0.044708 0.999000 -0.000000 -6.352040 -0.000000 0.000000 1.000000 0.000000
0.999095 0.042530 0.000000 185.655802 -0.042530 0.999095 -0.000000 -6.442740 -0.000000 0.000000 1.000000 0.000000
0.999000 0.044705 0.000000 186.354749 -0.044705 0.999000 -0.000000 -6.467674 -0.000000 0.000000 1.000000 0.000000
0.999128 0.041744 0.000000 186.817107 -0.041744 0.999128 -0.000000 -6.555135 -0.000000 0.000000 1.000000 0.000000
0.999008 0.044534 0.000000 187.427935 -0.044534 0.999008 -0.000000 -6.559733 -0.000000 0.000000 1.000000 0.000000
0.999090 0.042660 0.000000 188.116331 -0.042660 0.999090 -0.000000 -6.593570 -0.000000 0.000000 1.000000 0.000000
0.999229 0.039252 0.000000 188.701146 -0.039252 0.999229 -0.000000 -6.639164 -0.000000 0.000000 1.000000 0.000000
0.999262 0.038417 0.000000 189.263600 -0.038417 0.999262 -0.000000 -6.617022 -0.000000 0.000000 1.000000 0.000000
0.999227 0.039321 0.000000 189.769616 -0.039321 0.999227 -0.000000 -6.643954 -0.000000 0.000000 1.000000 0.000000
0.999145 0.041345 0.000000 190.434012 -0.041345 0.999145 -0.000000 -6.717258 -0.000000 0.000000 1.000000 0.000000
0.999274 0.038086 0.000000 191.081457 -0.038086 0.999274 -0.000000 -6.678877 -0.000000 0.000000 1.000000 0.000000
0.999239 0.038997 0.000000 191.711926 -0.038997 0.999239 -0.000000 -6.750649 -0.000000 0.000000 1.000000 0.000000
0.999240 0.038986 0.000000 192.498152 -0.038986 0.999240 -0.000000 -6.768069 -0.000000 0.000000 1.000000 0.000000
0.999261 0.038431 0.000000 193.321678 -0.038431 0.999261 -0.000000 -6.827608 -0.000000 0.000000 1.000000 0.000000
0.999161 0.040948 0.000000 193.899636 -0.040948 0.999161 -0.000000 -6.863224 -0.000000 0.000000 1.000000 0.000000
0.999061 0.043318 0.000000 194.472311 -0.043318 0.999061 -0.000000 -6.906082 -0.000000 0.000000 1.000000 0.000000
0.999046 0.043679 0.000000 194.954800 -0.043679 0.999046 -0.000000 -6.947626 -0.000000 0.000000 1.000000 0.000000
0.998871 0.047500 0.000000 195.629673 -0.047500 0.998871 -0.000000 -6.987891 -0.000000 0.000000 1.000000 0.000000
0.998940 0.046022 0.000000 196.247508 -0.046022 0.998940 -0.000000 -7.025957 -0.000000 0.000000 1.000000 0.000000
0.998994 0.044850 0.000000 196.901655 -0.044850 0.998994 -0.000000 -7.031526 -0.000000 0.000000 1.000000 0.000000
0.999175 0.040601 0.000000 197.533829 -0.040601 0.999175 -0.000000 -7.077231 -0.000000 0.000000 1.000000 0.000000
0.999133 0.041642 0.000000 198.037995 -0.041642 0.999133 -0.000000 -7.122076 -0.000000 0.000000 1.000000 0.000000
0.999184 0.040379 0.000000 199.182122 -0.040379 0.999184 -0.000000 -7.197396 -0.000000 0.000000 1.000000 0.000000
0.999215 0.039606 0.000000 199.738704 -0.039606 0.999215 -0.000000 -7.187438 -0.000000 0.000000 1.000000 0.000000
0.999243 0.038908 0.000000 200.720628 -0.038908 0.999243 -0.000000 -7.297186 -0.000000 0.000000 1.000000 0.000000
0.999208 0.039785 0.000000 201.507386 -0.039785 0.999208 -0.000000 -7.329760 -0.000000 0.000000 1.000000 0.000000
0.999317 0.036955 0.000000 202.544445 -0.036955 0.999317 -0.000000 -7.389530 -0.000000 0.000000 1.000000 0.000000
0.999333 0.036520 0.000000 203.237502 -0.036520 0.999333 -0.000000 -7.518892 -0.000000 0.000000 1.000000 0.000000
0.999297 0.037478 0.000000 203.870304 -0.037478 0.999297 -0.000000 -7.568645 -0.000000 0.000000 1.000000 0.000000
0.999253 0.038653 0.000000 204.505064 -0.038653 0.999253 -0.000000 -7.587791 -0.000000 0.000000 1.000000 0.000000
0.999316 0.036978 0.000000 205.044328 -0.036978 0.999316 -0.000000 -7.647952 -0.000000 0.000000 1.000000 0.000000
0.999374 0.035379 0.000000 205.790064 -0.035379 0.999374 -0.000000 -7.692547 -0.000000 0.000000 1.000000 0.000000
0.999342 0.036271 0.000000 206.515719 -0.036271 0.999342 -0.000000 -7.735160 -0.000000 0.000000 1.000000 0.000000
0.999237 0.039053 0.000000 207.629819 -0.039053 0.999237 -0.000000 -7.873480 -0.000000 0.000000 1.000000 0.000000
0.999257 0.038550 0.000000 208.183326 -0.038550 0.999257 -0.000000 -7.943797 -0.000000 0.000000 1.000000 0.000000
0.999276 0.038039 0.000000 208.767974 -0.038039 0.999276 -0.000000 -8.011166 -0.000000 0.000000 1.000000 0.000000
0.999337 0.036399 0.000000 209.248287 -0.036399 0.999337 -0.000000 -7.970928 -0.000000 0.000000 1.000000 0.000000
0.999359 0.035797 0.000000 209.849514 -0.035797 0.999359 -0.000000 -7.983313 -0.000000 0.000000 1.000000 0.000000
0.999393 0.034835 0.000000 210.562089 -0.034835 0.999393 -0.000000 -8.014505 -0.000000 0.000000 1.000000 0.000000
0.999389 0.034958 0.000000 211.186083 -0.034958 0.999389 -0.000000 -8.079988 -0.000000 0.000000 1.000000 0.000000
0.999370 0.035487 0.000000 211.665282 -0.035487 0.999370 -0.000000 -8.081462 -0.000000 0.000000 1.000000 0.000000
0.999409 0.034370 0.000000 212.326844 -0.034370 0.999409 -0.000000 -8.146092 -0.000000 0.000000 1.000000 0.000000
0.999428 0.033810 0.000000 212.806543 -0.033810 0.999428 -0.000000 -8.189016 -0.000000 0.000000 1.000000 0.000000
0.999435 0.033602 0.000000 213.445653 -0.033602 0.999435 -0.000000 -8.172745 -0.000000 0.000000 1.000000 0.000000
0.999432 0.033693 0.000000 213.908629 -0.033693 0.999432 -0.000000 -8.200049 -0.000000 0.000000 1.000000 0.000000
0.999398 0.034680 0.000000 214.477199 -0.034680 0.999398 -0.000000 -8.194035 -0.000000 0.000000 1.000000 0.000000
0.999473 0.032446 0.000000 215.286041 -0.032446 0.999473 -0.000000 -8.261136 -0.000000 0.000000 1.000000 0.000000
0.999473 0.032465 0.000000 215.836847 -0.032465 0.999473 -0.000000 -8.258555 -0.000000 0.000000 1.000000 0.000000
0.999483 0.032158 0.000000 216.356363 -0.032158 0.999483 -0.000000 -8.266614 -0.000000 0.000000 1.000000 0.000000
0.999485 0.032102 0.000000 216.892269 -0.032102 0.999485 -0.000000 -8.214757 -0.000000 0.000000 1.000000 0.000000
0.999574 0.029178 0.000000 217.532663 -0.029178 0.999574 -0.000000 -8.261924 -0.000000 0.000000 1.000000 0.000000
0.999634 0.027046 0.000000 218.137859 -0.027046 0.999634 -0.000000 -8.294997 -0.000000 0.000000 1.000000 0.000000
0.999646 0.026604 0.000000 218.781855 -0.026604 0.999646 -0.000000 -8.349033 -0.000000 0.000000 1.000000 0.000000
0.999731 0.023199 0.000000 219.305757 -0.023199 0.999731 -0.000000 -8.302762 -0.000000 0.000000 1.000000 0.000000
0.999758 0.022009 0.000000 219.990112 -0.022009 0.999758 -0.000000 -8.334535 -0.000000 0.000000 1.000000 0.000000
0.999722 0.023572 0.000000 220.553512 -0.023572 0.999722 -0.000000 -8.359682 -0.000000 0.000000 1.000000 0.000000
0.999793 0.020367 0.000000 221.449968 -0.020367 0.999793 -0.000000 -8.420122 -0.000000 0.000000 1.000000 0.000000
0.999859 0.016811 0.000000 222.146103 -0.016811 0.999859 -0.000000 -8.395117 -0.000000 0.000000 1.000000 0.000000
0.999884 0.015225 0.000000 222.777656 -0.015225 0.999884 -0.000000 -8.318082 -0.000000 0.000000 1.000000 0.000000
0.999887 0.015018 0.000000 223.208566 -0.015018 0.999887 -0.000000 -8.344983 -0.000000 0.000000 1.000000 0.000000
0.999919 0.012744 0.000000 224.381560 -0.012744 0.999919 -0.000000 -8.410660 -0.000000 0.000000 1.000000 0.000000
0.999938 0.011131 0.000000 225.020098 -0.011131 0.999938 -0.000000 -8.468788 -0.000000 0.000000 1.000000 0.000000
0.999952 0.009752 0.000000 225.665562 -0.009752 0.999952 -0.000000 -8.502537 -0.000000 0.000000 1.000000 0.000000
0.999973 0.007354 0.000000 226.019104 -0.007354 0.999973 -0.000000 -8.521452 -0.000000 0.000000 1.000000 0.000000
0.999987 0.005156 0.000000 226.908125 -0.005156 0.999987 -0.000000 -8.555082 -0.000000 0.000000 1.000000 0.000000
0.999996 0.002676 0.000000 227.662758 -0.002676 0.999996 -0.000000 -8.546207 -0.000000 0.000000 1.000000 0.000000
0.999999 0.001472 0.000000 228.214296 -0.001472 0.999999 -0.000000 -8.559757 -0.000000 0.000000 1.000000 0.000000
1.000000 -0.000049 0.000000 228.820301 0.000049 1.000000 0.000000 -8.596034 0.000000 0.000000 1.000000 0.000000
0.999997 -0.002431 0.000000 229.215626 0.002431 0.999997 0.000000 -8.594267 0.000000 0.000000 1.000000 0.000000
0.999993 -0.003685 0.000000 229.691611 0.003685 0.999993 0.000000 -8.626629 0.000000 0.000000 1.000000 0.000000
0.999988 -0.004980 0.000000 230.253413 0.004980 0.999988 0.000000 -8.634206 0.000000 0.000000 1.000000 0.000000
0.999980 -0.006362 0.000000 230.808268 0.006362 0.999980 0.000000 -8.656338 0.000000 0.000000 1.000000 0.000000
0.999969 -0.007823 0.000000 231.351718 0.007823 0.999969 0.000000 -8.721362 0.000000 0.000000 1.000000 0.000000
0.999944 -0.010547 0.000000 231.460991 0.010547 0.999944 0.000000 -8.749021 0.000000 0.000000 1.000000 0.000000
0.999970 -0.007733 0.000000 231.911580 0.007733 0.999970 0.000000 -8.748415 0.000000 0.000000 1.000000 0.000000
0.999955 -0.009528 0.000000 232.608223 0.009528 0.999955 0.000000 -8.793272 0.000000 0.000000 1.000000 0.000000
0.999944 -0.010623 0.000000 233.395395 0.010623 0.999944 0.000000 -8.797304 0.000000 0.000000 1.000000 0.000000
0.999946 -0.010393 0.000000 234.268847 0.010393 0.999946 0.000000 -8.821434 0.000000 0.000000 1.000000 0.000000
0.999951 -0.009859 0.000000 234.743540 0.009859 0.999951 0.000000 -8.822236 0.000000 0.000000 1.000000 0.000000
0.999926 -0.012157 0.000000 235.512135 0.012157 0.999926 0.000000 -8.748670 0.000000 0.000000 1.000000 0.000000
0.999899 -0.014226 0.000000 236.138870 0.014226 0.999899 0.000000 -8.741759 0.000000 0.000000 1.000000 0.000000
0.999861 -0.016644 0.000000 236.671582 0.016644 0.999861 0.000000 -8.753893 0.000000 0.000000 1.000000 0.000000
0.999857 -0.016895 0.000000 237.631131 0.016895 0.999857 0.000000 -8.748538 0.000000 0.000000 1.000000 0.000000
0.999835 -0.018174 0.000000 238.201030 0.018174 0.999835 0.000000 -8.708029 0.000000 0.000000 1.000000 0.000000
0.999816 -0.019202 0.000000 238.738124 0.019202 0.999816 0.000000 -8.728490 0.000000 0.000000 1.000000 0.000000
0.999791 -0.020438 0.000000 239.340308 0.020438 0.999791 0.000000 -8.709007 0.000000 0.000000 1.000000 0.000000
0.999809 -0.019546 0.000000 239.790173 0.019546 0.999809 0.000000 -8.701462 0.000000 0.000000 1.000000 0.000000
0.999779 -0.021000 0.000000 240.318479 0.021000 0.999779 0.000000 -8.714968 0.000000 0.000000 1.000000 0.000000
0.999733 -0.023123 0.000000 240.932741 0.023123 0.999733 0.000000 -8.857263 0.000000 0.000000 1.000000 0.000000
0.999745 -0.022565 0.000000 241.506668 0.022565 0.999745 0.000000 -8.831928 0.000000 0.000000 1.000000 0.000000
0.999740 -0.022816 0.000000 242.100555 0.022816 0.999740 0.000000 -8.837677 0.000000 0.000000 1.000000 0.000000
0.999760 -0.021913 0.000000 242.718277 0.021913 0.999760 0.000000 -8.895495 0.000000 0.000000 1.000000 0.000000
0.999676 -0.025468 0.000000 243.433401 0.025468 0.999676 0.000000 -8.973503 0.000000 0.000000 1.000000 0.000000
0.999663 -0.025959 0.000000 243.895525 0.025959 0.999663 0.000000 -9.052231 0.000000 0.000000 1.000000 0.000000
0.999688 -0.024964 0.000000 244.472530 0.024964 0.999688 0.000000 -8.981386 0.000000 0.000000 1.000000 0.000000
0.999699 -0.024550 0.000000 244.981748 0.024550 0.999699 0.000000 -9.034645 0.000000 0.000000 1.000000 0.000000
0.999652 -0.026361 0.000000 245.666299 0.026361 0.999652 0.000000 -9.059843 0.000000 0.000000 1.000000 0.000000
0.999647 -0.026573 0.000000 246.200362 0.026573 0.999647 0.000000 -9.067815 0.000000 0.000000 1.000000 0.000000
0.999653 -0.026333 0.000000 246.800009 0.026333 0.999653 0.000000 -9.102675 0.000000 0.000000 1.000000 0.000000
0.999519 -0.030999 0.000000 247.726589 0.030999 0.999519 0.000000 -9.300197 0.000000 0.000000 1.000000 0.000000
0.999589 -0.028678 0.000000 248.106547 0.028678 0.999589 0.000000 -9.269942 0.000000 0.000000 1.000000 0.000000
0.999671 -0.025632 0.000000 248.570560 0.025632 0.999671 0.000000 -9.361566 0.000000 0.000000 1.000000 0.000000
0.999688 -0.024972 0.000000 249.172502 0.024972 0.999688 0.000000 -9.336953 0.000000 0.000000 1.000000 0.000000
0.999664 -0.025905 0.000000 249.765726 0.025905 0.999664 0.000000 -9.325777 0.000000 0.000000 1.000000 0.000000
0.999709 -0.024110 0.000000 250.217211 0.024110 0.999709 0.000000 -9.305344 0.000000 0.000000 1.000000 0.000000
0.999660 -0.026057 0.000000 250.783553 0.026057 0.999660 0.000000 -9.379542 0.000000 0.000000 1.000000 0.000000
0.999678 -0.025378 0.000000 251.293970 0.025378 0.999678 0.000000 -9.378263 0.000000 0.000000 1.000000 0.000000
0.999662 -0.026010 0.000000 251.904655 0.026010 0.999662 0.000000 -9.292672 0.000000 0.000000 1.000000 0.000000
0.999667 -0.025798 0.000000 252.473708 0.025798 0.999667 0.000000 -9.290124 0.000000 0.000000 1.000000 0.000000
0.999754 -0.022184 0.000000 252.996762 0.022184 0.999754 0.000000 -9.294669 0.000000 0.000000 1.000000 0.000000
0.999717 -0.023792 0.000000 253.618930 0.023792 0.999717 0.000000 -9.234191 0.000000 0.000000 1.000000 0.000000
0.999654 -0.026288 0.000000 254.415851 0.026288 0.999654 0.000000 -9.172031 0.000000 0.000000 1.000000 0.000000
0.999758 -0.022002 0.000000 255.529141 0.022002 0.999758 0.000000 -9.210785 0.000000 0.000000 1.000000 0.000000
0.999792 -0.020389 0.000000 256.081030 0.020389 0.999792 0.000000 -9.207440 0.000000 0.000000 1.000000 0.000000
0.999797 -0.020153 0.000000 256.893018 0.020153 0.999797 0.000000 -9.255278 0.000000 0.000000 1.000000 0.000000
0.999812 -0.019388 0.000000 257.974084 0.019388 0.999812 0.000000 -9.282620 0.000000 0.000000 1.000000 0.000000
0.999824 -0.018775 0.000000 258.781076 0.018775 0.999824 0.000000 -9.278850 0.000000 0.000000 1.000000 0.000000
0.999845 -0.017606 0.000000 259.305503 0.017606 0.999845 0.000000 -9.337476 0.000000 0.000000 1.000000 0.000000
0.999849 -0.017403 0.000000 259.826544 0.017403 0.999849 0.000000 -9.319226 0.000000 0.000000 1.000000 0.000000
0.999877 -0.015705 0.000000 260.430065 0.015705 0.999877 0.000000 -9.310827 0.000000 0.000000 1.000000 0.000000
0.999873 -0.015934 0.000000 260.883607 0.015934 0.999873 0.000000 -9.279249 0.000000 0.000000 1.000000 0.000000
0.999917 -0.012853 0.000000 261.256487 0.012853 0.999917 0.000000 -9.394391 0.000000 0.000000 1.000000 0.000000
0.999921 -0.012595 0.000000 261.657440 0.012595 0.999921 0.000000 -9.398630 0.000000 0.000000 1.000000 0.000000
0.999952 -0.009835 0.000000 262.135652 0.009835 0.999952 0.000000 -9.370846 0.000000 0.000000 1.000000 0.000000
0.999952 -0.009824 0.000000 262.643553 0.009824 0.999952 0.000000 -9.340539 0.000000 0.000000 1.000000 0.000000
0.999956 -0.009412 0.000000 263.014401 0.009412 0.999956 0.000000 -9.342294 0.000000 0.000000 1.000000 0.000000
0.999957 -0.009297 0.000000 263.659007 0.009297 0.999957 0.000000 -9.436095 0.000000 0.000000 1.000000 0.000000
0.999952 -0.009837 0.000000 264.184979 0.009837 0.999952 0.000000 -9.459790 0.000000 0.000000 1.000000 0.000000
0.999945 -0.010453 0.000000 264.703779 0.010453 0.999945 0.000000 -9.463849 0.000000 0.000000 1.000000 0.000000
0.999918 -0.012837 0.000000 265.277036 0.012837 0.999918 0.000000 -9.431585 0.000000 0.000000 1.000000 0.000000
0.999895 -0.014522 0.000000 265.741114 0.014522 0.999895 0.000000 -9.438869 0.000000 0.000000 1.000000 0.000000
0.999891 -0.014765 0.000000 266.423429 0.014765 0.999891 0.000000 -9.387834 0.000000 0.000000 1.000000 0.000000
0.999906 -0.013695 0.000000 266.891177 0.013695 0.999906 0.000000 -9.372828 0.000000 0.000000 1.000000 0.000000
0.999953 -0.009711 0.000000 267.555399 0.009711 0.999953 0.000000 -9.384709 0.000000 0.000000 1.000000 0.000000
0.999951 -0.009891 0.000000 268.202521 0.009891 0.999951 0.000000 -9.391015 0.000000 0.000000 1.000000 0.000000
0.999950 -0.009992 0.000000 268.818216 0.009992 0.999950 0.000000 -9.406338 0.000000 0.000000 1.000000 0.000000
0.999950 -0.010014 0.000000 269.173795 0.010014 0.999950 0.000000 -9.362801 0.000000 0.000000 1.000000 0.000000
0.999962 -0.008697 0.000000 269.530355 0.008697 0.999962 0.000000 -9.376245 0.000000 0.000000 1.000000 0.000000
0.999970 -0.007809 0.000000 270.012172 0.007809 0.999970 0.000000 -9.379302 0.000000 0.000000 1.000000 0.000000
0.999977 -0.006833 0.000000 270.419787 0.006833 0.999977 0.000000 -9.383496 0.000000 0.000000 1.000000 0.000000
0.999973 -0.007374 0.000000 270.874003 0.007374 0.999973 0.000000 -9.386485 0.000000 0.000000 1.000000 0.000000
0.999985 -0.005487 0.000000 271.624640 0.005487 0.999985 0.000000 -9.366471 0.000000 0.000000 1.000000 0.000000
0.999987 -0.005079 0.000000 271.683216 0.005079 0.999987 0.000000 -9.382992 0.000000 0.000000 1.000000 0.000000
0.999989 -0.004589 0.000000 272.136182 0.004589 0.999989 0.000000 -9.374686 0.000000 0.000000 1.000000 0.000000
0.999994 -0.003526 0.000000 272.626907 0.003526 0.999994 0.000000 -9.398511 0.000000 0.000000 1.000000 0.000000
0.999993 -0.003862 0.000000 273.171951 0.003862 0.999993 0.000000 -9.427147 0.000000 0.000000 1.000000 0.000000
0.999995 -0.003079 0.000000 273.873322 0.003079 0.999995 0.000000 -9.428895 0.000000 0.000000 1.000000 0.000000
0.999996 -0.002684 0.000000 274.121121 0.002684 0.999996 0.000000 -9.430442 0.000000 0.000000 1.000000 0.000000
0.999994 -0.003385 0.000000 274.523232 0.003385 0.999994 0.000000 -9.443138 0.000000 0.000000 1.000000 0.000000
0.999990 -0.004379 0.000000 274.772542 0.004379 0.999990 0.000000 -9.440455 0.000000 0.000000 1.000000 0.000000
0.999994 -0.003510 0.000000 275.293152 0.003510 0.999994 0.000000 -9.476661 0.000000 0.000000 1.000000 0.000000
0.999995 -0.003027 0.000000 275.692918 0.003027 0.999995 0.000000 -9.475531 0.000000 0.000000 1.000000 0.000000
0.999994 -0.003459 0.000000 276.060661 0.003459 0.999994 0.000000 -9.499224 0.000000 0.000000 1.000000 0.000000
0.999998 -0.001983 0.000000 276.553716 0.001983 0.999998 0.000000 -9.549029 0.000000 0.000000 1.000000 0.000000
0.999998 -0.001942 0.000000 276.952965 0.001942 0.999998 0.000000 -9.538960 0.000000 0.000000 1.000000 0.000000
0.999999 -0.001185 0.000000 277.226119 0.001185 0.999999 0.000000 -9.562380 0.000000 0.000000 1.000000 0.000000
0.999999 -0.001252 0.000000 277.472644 0.001252 0.999999 0.000000 -9.616784 0.000000 0.000000 1.000000 0.000000
0.999999 -0.001397 0.000000 277.583910 0.001397 0.999999 0.000000 -9.694489 0.000000 0.000000 1.000000 0.000000
0.999999 -0.001265 0.000000 278.203298 0.001265 0.999999 0.000000 -9.700972 0.000000 0.000000 1.000000 0.000000
0.999999 -0.001492 0.000000 278.609758 0.001492 0.999999 0.000000 -9.738406 0.000000 0.000000 1.000000 0.000000
0.999998 -0.001759 0.000000 279.002280 0.001759 0.999998 0.000000 -9.770200 0.000000 0.000000 1.000000 0.000000
0.999995 -0.003096 0.000000 279.305081 0.003096 0.999995 0.000000 -9.752649 0.000000 0.000000 1.000000 0.000000
0.999999 -0.001139 0.000000 279.687442 0.001139 0.999999 0.000000 -9.788586 0.000000 0.000000 1.000000 0.000000
0.999999 -0.001006 0.000000 279.888997 0.001006 0.999999 0.000000 -9.762293 0.000000 0.000000 1.000000 0.000000
1.000000 -0.000830 0.000000 280.390714 0.000830 1.000000 0.000000 -9.767516 0.000000 0.000000 1.000000 0.000000
1.000000 0.000760 0.000000 280.544470 -0.000760 1.000000 -0.000000 -9.767601 -0.000000 0.000000 1.000000 0.000000
0.999998 0.001755 0.000000 281.637694 -0.001755 0.999998 -0.000000 -9.723688 -0.000000 0.000000 1.000000 0.000000
1.000000 0.000492 0.000000 281.991496 -0.000492 1.000000 -0.000000 -9.767338 -0.000000 0.000000 1.000000 0.000000
1.000000 0.000914 0.000000 282.234257 -0.000914 1.000000 -0.000000 -9.739153 -0.000000 0.000000 1.000000 0.000000
1.000000 0.000828 0.000000 282.690211 -0.000828 1.000000 -0.000000 -9.743461 -0.000000 0.000000 1.000000 0.000000
1.000000 0.000846 0.000000 282.703469 -0.000846 1.000000 -0.000000 -9.743300 -0.000000 0.000000 1.000000 0.000000
1.000000 0.000519 0.000000 283.341827 -0.000519 1.000000 -0.000000 -9.753212 -0.000000 0.000000 1.000000 0.000000
1.000000 0.000140 0.000000 283.283138 -0.000140 1.000000 -0.000000 -9.827328 -0.000000 0.000000 1.000000 0.000000
0.999999 -0.001382 0.000000 283.628743 0.001382 0.999999 0.000000 -9.835946 0.000000 0.000000 1.000000 0.000000
1.000000 -0.000059 0.000000 283.818079 0.000059 1.000000 0.000000 -9.837113 0.000000 0.000000 1.000000 0.000000
1.000000 -0.000335 0.000000 284.030614 0.000335 1.000000 0.000000 -9.781758 0.000000 0.000000 1.000000 0.000000
1.000000 0.000192 0.000000 286.649711 -0.000192 1.000000 -0.000000 -9.827051 -0.000000 0.000000 1.000000 0.000000
0.999999 -0.001024 0.000000 287.075623 0.001024 0.999999 0.000000 -9.861920 0.000000 0.000000 1.000000 0.000000
0.999998 0.002155 0.000000 287.402862 -0.002155 0.999998 -0.000000 -9.914979 -0.000000 0.000000 1.000000 0.000000
0.999996 0.002887 0.000000 287.942948 -0.002887 0.999996 -0.000000 -9.918426 -0.000000 0.000000 1.000000 0.000000
1.000000 0.000189 0.000000 287.989295 -0.000189 1.000000 -0.000000 -9.985289 -0.000000 0.000000 1.000000 0.000000
1.000000 0.000114 0.000000 288.205996 -0.000114 1.000000 -0.000000 -9.923853 -0.000000 0.000000 1.000000 0.000000
0.999999 0.001197 0.000000 288.435358 -0.001197 0.999999 -0.000000 -9.963996 -0.000000 0.000000 1.000000 0.000000
0.999999 0.001552 0.000000 288.612899 -0.001552 0.999999 -0.000000 -9.936211 -0.000000 0.000000 1.000000 0.000000
0.999994 0.003464 0.000000 288.660682 -0.003464 0.999994 -0.000000 -9.855483 -0.000000 0.000000 1.000000 0.000000
0.999995 0.003194 0.000000 288.871097 -0.003194 0.999995 -0.000000 -9.922126 -0.000000 0.000000 1.000000 0.000000
0.999995 0.003048 0.000000 289.087302 -0.003048 0.999995 -0.000000 -9.871606 -0.000000 0.000000 1.000000 0.000000
0.999983 0.005747 0.000000 289.736646 -0.005747 0.999983 -0.000000 -9.852807 -0.000000 0.000000 1.000000 0.000000
0.999994 0.003508 0.000000 289.979216 -0.003508 0.999994 -0.000000 -9.803952 -0.000000 0.000000 1.000000 0.000000
0.999985 0.005431 0.000000 290.255354 -0.005431 0.999985 -0.000000 -9.815260 -0.000000 0.000000 1.000000 0.000000
0.999981 0.006166 0.000000 290.307679 -0.006166 0.999981 -0.000000 -9.814922 -0.000000 0.000000 1.000000 0.000000
0.999979 0.006533 0.000000 290.490188 -0.006533 0.999979 -0.000000 -9.829373 -0.000000 0.000000 1.000000 0.000000
0.999979 0.006445 0.000000 290.620943 -0.006445 0.999979 -0.000000 -9.800834 -0.000000 0.000000 1.000000 0.000000
0.999979 0.006435 0.000000 290.832149 -0.006435 0.999979 -0.000000 -9.795506 -0.000000 0.000000 1.000000 0.000000
0.999981 0.006222 0.000000 291.008954 -0.006222 0.999981 -0.000000 -9.800976 -0.000000 0.000000 1.000000 0.000000
0.999977 0.006745 0.000000 291.165838 -0.006745 0.999977 -0.000000 -9.802701 -0.000000 0.000000 1.000000 0.000000
0.999963 0.008605 0.000000 291.184558 -0.008605 0.999963 -0.000000 -9.831318 -0.000000 0.000000 1.000000 0.000000
0.999970 0.007721 0.000000 291.357665 -0.007721 0.999970 -0.000000 -9.822892 -0.000000 0.000000 1.000000 0.000000
0.999983 0.005823 0.000000 291.596578 -0.005823 0.999983 -0.000000 -9.746454 -0.000000 0.000000 1.000000 0.000000
0.999979 0.006463 0.000000 291.598363 -0.006463 0.999979 -0.000000 -9.788298 -0.000000 0.000000 1.000000 0.000000
0.999975 0.007028 0.000000 291.724777 -0.007028 0.999975 -0.000000 -9.764954 -0.000000 0.000000 1.000000 0.000000
0.999968 0.008020 0.000000 291.981089 -0.008020 0.999968 -0.000000 -9.769323 -0.000000 0.000000 1.000000 0.000000
0.999964 0.008475 0.000000 292.179326 -0.008475 0.999964 -0.000000 -9.773669 -0.000000 0.000000 1.000000 0.000000
0.999938 0.011128 0.000000 292.538993 -0.011128 0.999938 -0.000000 -9.761063 -0.000000 0.000000 1.000000 0.000000
0.999943 0.010717 0.000000 292.612011 -0.010717 0.999943 -0.000000 -9.771758 -0.000000 0.000000 1.000000 0.000000
0.999896 0.014408 0.000000 292.917604 -0.014408 0.999896 -0.000000 -9.727913 -0.000000 0.000000 1.000000 0.000000
0.999883 0.015268 0.000000 293.150819 -0.015268 0.999883 -0.000000 -9.787775 -0.000000 0.000000 1.000000 0.000000
0.999857 0.016908 0.000000 293.074863 -0.016908 0.999857 -0.000000 -9.718711 -0.000000 0.000000 1.000000 0.000000
0.999861 0.016675 0.000000 293.117254 -0.016675 0.999861 -0.000000 -9.729807 -0.000000 0.000000 1.000000 0.000000
0.999838 0.018013 0.000000 293.293747 -0.018013 0.999838 -0.000000 -9.751714 -0.000000 0.000000 1.000000 0.000000
0.999850 0.017293 0.000000 293.346123 -0.017293 0.999850 -0.000000 -9.784286 -0.000000 0.000000 1.000000 0.000000
0.999869 0.016202 0.000000 293.426038 -0.016202 0.999869 -0.000000 -9.718306 -0.000000 0.000000 1.000000 0.000000
0.999859 0.016778 0.000000 293.566844 -0.016778 0.999859 -0.000000 -9.756881 -0.000000 0.000000 1.000000 0.000000
0.999866 0.016369 0.000000 293.572449 -0.016369 0.999866 -0.000000 -9.741521 -0.000000 0.000000 1.000000 0.000000
0.999870 0.016104 0.000000 293.587002 -0.016104 0.999870 -0.000000 -9.819752 -0.000000 0.000000 1.000000 0.000000
0.999881 0.015425 0.000000 293.599397 -0.015425 0.999881 -0.000000 -9.810664 -0.000000 0.000000 1.000000 0.000000
0.999877 0.015698 0.000000 293.611359 -0.015698 0.999877 -0.000000 -9.823566 -0.000000 0.000000 1.000000 0.000000
0.999864 0.016522 0.000000 293.639979 -0.016522 0.999864 -0.000000 -9.792466 -0.000000 0.000000 1.000000 0.000000
0.999875 0.015780 0.000000 293.640439 -0.015780 0.999875 -0.000000 -9.795679 -0.000000 0.000000 1.000000 0.000000
0.999854 0.017103 0.000000 293.658300 -0.017103 0.999854 -0.000000 -9.775258 -0.000000 0.000000 1.000000 0.000000
0.999846 0.017566 0.000000 293.694180 -0.017566 0.999846 -0.000000 -9.715200 -0.000000 0.000000 1.000000 0.000000
0.999853 0.017161 0.000000 293.693889 -0.017161 0.999853 -0.000000 -9.716328 -0.000000 0.000000 1.000000 0.000000
0.999856 0.016975 0.000000 293.693832 -0.016975 0.999856 -0.000000 -9.716921 -0.000000 0.000000 1.000000 0.000000
0.999858 0.016869 0.000000 293.694827 -0.016869 0.999858 -0.000000 -9.715928 -0.000000 0.000000 1.000000 0.000000
0.999858 0.016825 0.000000 293.694043 -0.016825 0.999858 -0.000000 -9.711469 -0.000000 0.000000 1.000000 0.000000
0.999841 0.017858 0.000000 293.720078 -0.017858 0.999841 -0.000000 -9.674848 -0.000000 0.000000 1.000000 0.000000
0.999817 0.019124 0.000000 293.765032 -0.019124 0.999817 -0.000000 -9.684719 -0.000000 0.000000 1.000000 0.000000
0.999818 0.019097 0.000000 293.761094 -0.019097 0.999818 -0.000000 -9.689740 -0.000000 0.000000 1.000000 0.000000
0.999797 0.020134 0.000000 293.771508 -0.020134 0.999797 -0.000000 -9.676285 -0.000000 0.000000 1.000000 0.000000
0.999792 0.020393 0.000000 293.792042 -0.020393 0.999792 -0.000000 -9.694470 -0.000000 0.000000 1.000000 0.000000
0.999798 0.020111 0.000000 293.794950 -0.020111 0.999798 -0.000000 -9.686892 -0.000000 0.000000 1.000000 0.000000
0.999798 0.020115 0.000000 293.795077 -0.020115 0.999798 -0.000000 -9.686773 -0.000000 0.000000 1.000000 0.000000
0.999801 0.019963 0.000000 293.795232 -0.019963 0.999801 -0.000000 -9.690931 -0.000000 0.000000 1.000000 0.000000
0.999799 0.020026 0.000000 293.795221 -0.020026 0.999799 -0.000000 -9.690821 -0.000000 0.000000 1.000000 0.000000
0.999786 0.020679 0.000000 293.822723 -0.020679 0.999786 -0.000000 -9.713376 -0.000000 0.000000 1.000000 0.000000
0.999777 0.021141 0.000000 293.847367 -0.021141 0.999777 -0.000000 -9.704881 -0.000000 0.000000 1.000000 0.000000
0.999772 0.021362 0.000000 293.837110 -0.021362 0.999772 -0.000000 -9.717157 -0.000000 0.000000 1.000000 0.000000
0.999773 0.021299 0.000000 293.825748 -0.021299 0.999773 -0.000000 -9.730719 -0.000000 0.000000 1.000000 0.000000
0.999766 0.021629 0.000000 293.849948 -0.021629 0.999766 -0.000000 -9.737096 -0.000000 0.000000 1.000000 0.000000
0.999762 0.021803 0.000000 293.861260 -0.021803 0.999762 -0.000000 -9.735869 -0.000000 0.000000 1.000000 0.000000
0.999757 0.022024 0.000000 293.865760 -0.022024 0.999757 -0.000000 -9.757945 -0.000000 0.000000 1.000000 0.000000
0.999761 0.021868 0.000000 293.849996 -0.021868 0.999761 -0.000000 -9.807224 -0.000000 0.000000 1.000000 0.000000
0.999761 0.021856 0.000000 293.841401 -0.021856 0.999761 -0.000000 -9.813828 -0.000000 0.000000 1.000000 0.000000
0.999765 0.021691 0.000000 293.841193 -0.021691 0.999765 -0.000000 -9.814731 -0.000000 0.000000 1.000000 0.000000
0.999766 0.021613 0.000000 293.833233 -0.021613 0.999766 -0.000000 -9.814709 -0.000000 0.000000 1.000000 0.000000
0.999765 0.021698 0.000000 293.788484 -0.021698 0.999765 -0.000000 -9.815898 -0.000000 0.000000 1.000000 0.000000
0.999764 0.021747 0.000000 293.782028 -0.021747 0.999764 -0.000000 -9.819860 -0.000000 0.000000 1.000000 0.000000
0.999770 0.021444 0.000000 293.764024 -0.021444 0.999770 -0.000000 -9.829520 -0.000000 0.000000 1.000000 0.000000
0.999760 0.021891 0.000000 293.784253 -0.021891 0.999760 -0.000000 -9.822091 -0.000000 0.000000 1.000000 0.000000
0.999754 0.022160 0.000000 293.759039 -0.022160 0.999754 -0.000000 -9.837472 -0.000000 0.000000 1.000000 0.000000
0.999752 0.022253 0.000000 293.759153 -0.022253 0.999752 -0.000000 -9.837417 -0.000000 0.000000 1.000000 0.000000
0.999754 0.022173 0.000000 293.778431 -0.022173 0.999754 -0.000000 -9.835658 -0.000000 0.000000 1.000000 0.000000
0.999758 0.022014 0.000000 293.779613 -0.022014 0.999758 -0.000000 -9.828744 -0.000000 0.000000 1.000000 0.000000
0.999743 0.022688 0.000000 293.807105 -0.022688 0.999743 -0.000000 -9.802381 -0.000000 0.000000 1.000000 0.000000
0.999741 0.022775 0.000000 293.801771 -0.022775 0.999741 -0.000000 -9.800492 -0.000000 0.000000 1.000000 0.000000
0.999742 0.022708 0.000000 293.801224 -0.022708 0.999742 -0.000000 -9.799291 -0.000000 0.000000 1.000000 0.000000
0.999736 0.022984 0.000000 293.804323 -0.022984 0.999736 -0.000000 -9.788136 -0.000000 0.000000 1.000000 0.000000
0.999731 0.023173 0.000000 293.816300 -0.023173 0.999731 -0.000000 -9.773196 -0.000000 0.000000 1.000000 0.000000
0.999732 0.023169 0.000000 293.814726 -0.023169 0.999732 -0.000000 -9.770737 -0.000000 0.000000 1.000000 0.000000
0.999729 0.023289 0.000000 293.827078 -0.023289 0.999729 -0.000000 -9.752361 -0.000000 0.000000 1.000000 0.000000
0.999729 0.023271 0.000000 293.830198 -0.023271 0.999729 -0.000000 -9.749934 -0.000000 0.000000 1.000000 0.000000
0.999723 0.023550 0.000000 293.835635 -0.023550 0.999723 -0.000000 -9.740299 -0.000000 0.000000 1.000000 0.000000
0.999721 0.023610 0.000000 293.825228 -0.023610 0.999721 -0.000000 -9.734055 -0.000000 0.000000 1.000000 0.000000
0.999719 0.023714 0.000000 293.824986 -0.023714 0.999719 -0.000000 -9.733577 -0.000000 0.000000 1.000000 0.000000
0.999724 0.023477 0.000000 293.842756 -0.023477 0.999724 -0.000000 -9.745610 -0.000000 0.000000 1.000000 0.000000
0.999728 0.023314 0.000000 293.844907 -0.023314 0.999728 -0.000000 -9.745590 -0.000000 0.000000 1.000000 0.000000
0.999727 0.023358 0.000000 293.810414 -0.023358 0.999727 -0.000000 -9.760980 -0.000000 0.000000 1.000000 0.000000
0.999722 0.023593 0.000000 293.813585 -0.023593 0.999722 -0.000000 -9.742166 -0.000000 0.000000 1.000000 0.000000
0.999728 0.023309 0.000000 293.812918 -0.023309 0.999728 -0.000000 -9.743253 -0.000000 0.000000 1.000000 0.000000
0.999742 0.022710 0.000000 293.801154 -0.022710 0.999742 -0.000000 -9.747144 -0.000000 0.000000 1.000000 0.000000
0.999752 0.022278 0.000000 293.847444 -0.022278 0.999752 -0.000000 -9.746323 -0.000000 0.000000 1.000000 0.000000
0.999743 0.022680 0.000000 293.841598 -0.022680 0.999743 -0.000000 -9.780424 -0.000000 0.000000 1.000000 0.000000
0.999739 0.022860 0.000000 293.855995 -0.022860 0.999739 -0.000000 -9.780646 -0.000000 0.000000 1.000000 0.000000
0.999744 0.022614 0.000000 293.856377 -0.022614 0.999744 -0.000000 -9.781817 -0.000000 0.000000 1.000000 0.000000
0.999754 0.022166 0.000000 293.855884 -0.022166 0.999754 -0.000000 -9.783594 -0.000000 0.000000 1.000000 0.000000
0.999756 0.022085 0.000000 293.844181 -0.022085 0.999756 -0.000000 -9.810512 -0.000000 0.000000 1.000000 0.000000
0.999769 0.021482 0.000000 293.843569 -0.021482 0.999769 -0.000000 -9.812544 -0.000000 0.000000 1.000000 0.000000
0.999784 0.020782 0.000000 293.801680 -0.020782 0.999784 -0.000000 -9.839899 -0.000000 0.000000 1.000000 0.000000
0.999768 0.021521 0.000000 293.787565 -0.021521 0.999768 -0.000000 -9.835202 -0.000000 0.000000 1.000000 0.000000
0.999780 0.020991 0.000000 293.780265 -0.020991 0.999780 -0.000000 -9.837835 -0.000000 0.000000 1.000000 0.000000
0.999780 0.020965 0.000000 293.797721 -0.020965 0.999780 -0.000000 -9.828010 -0.000000 0.000000 1.000000 0.000000
0.999783 0.020851 0.000000 293.878508 -0.020851 0.999783 -0.000000 -9.832331 -0.000000 0.000000 1.000000 0.000000
0.999781 0.020909 0.000000 293.878587 -0.020909 0.999781 -0.000000 -9.826557 -0.000000 0.000000 1.000000 0.000000
0.999779 0.021028 0.000000 293.880862 -0.021028 0.999779 -0.000000 -9.827770 -0.000000 0.000000 1.000000 0.000000
0.999775 0.021196 0.000000 293.928372 -0.021196 0.999775 -0.000000 -9.812487 -0.000000 0.000000 1.000000 0.000000
0.999777 0.021138 0.000000 293.928222 -0.021138 0.999777 -0.000000 -9.812509 -0.000000 0.000000 1.000000 0.000000
0.999773 0.021285 0.000000 293.915328 -0.021285 0.999773 -0.000000 -9.806409 -0.000000 0.000000 1.000000 0.000000
0.999771 0.021386 0.000000 293.926022 -0.021386 0.999771 -0.000000 -9.788168 -0.000000 0.000000 1.000000 0.000000
0.999771 0.021378 0.000000 293.926094 -0.021378 0.999771 -0.000000 -9.788032 -0.000000 0.000000 1.000000 0.000000
0.999767 0.021582 0.000000 293.946475 -0.021582 0.999767 -0.000000 -9.752865 -0.000000 0.000000 1.000000 0.000000
0.999768 0.021531 0.000000 293.949122 -0.021531 0.999768 -0.000000 -9.750826 -0.000000 0.000000 1.000000 0.000000
0.999765 0.021688 0.000000 293.983852 -0.021688 0.999765 -0.000000 -9.739841 -0.000000 0.000000 1.000000 0.000000
0.999766 0.021625 0.000000 293.983954 -0.021625 0.999766 -0.000000 -9.727197 -0.000000 0.000000 1.000000 0.000000
0.999767 0.021576 0.000000 293.985753 -0.021576 0.999767 -0.000000 -9.720305 -0.000000 0.000000 1.000000 0.000000
0.999762 0.021833 0.000000 293.983772 -0.021833 0.999762 -0.000000 -9.733190 -0.000000 0.000000 1.000000 0.000000
0.999765 0.021669 0.000000 293.961866 -0.021669 0.999765 -0.000000 -9.736761 -0.000000 0.000000 1.000000 0.000000
0.999763 0.021792 0.000000 293.962224 -0.021792 0.999763 -0.000000 -9.736648 -0.000000 0.000000 1.000000 0.000000
0.999781 0.020909 0.000000 293.972590 -0.020909 0.999781 -0.000000 -9.706204 -0.000000 0.000000 1.000000 0.000000
0.999782 0.020885 0.000000 293.972702 -0.020885 0.999782 -0.000000 -9.706257 -0.000000 0.000000 1.000000 0.000000
0.999783 0.020840 0.000000 293.975815 -0.020840 0.999783 -0.000000 -9.699871 -0.000000 0.000000 1.000000 0.000000
0.999776 0.021156 0.000000 293.990934 -0.021156 0.999776 -0.000000 -9.697499 -0.000000 0.000000 1.000000 0.000000
0.999786 0.020665 0.000000 293.947803 -0.020665 0.999786 -0.000000 -9.678368 -0.000000 0.000000 1.000000 0.000000
0.999813 0.019333 0.000000 293.950595 -0.019333 0.999813 -0.000000 -9.637441 -0.000000 0.000000 1.000000 0.000000
0.999821 0.018899 0.000000 293.969741 -0.018899 0.999821 -0.000000 -9.622074 -0.000000 0.000000 1.000000 0.000000
0.999821 0.018896 0.000000 293.999873 -0.018896 0.999821 -0.000000 -9.606318 -0.000000 0.000000 1.000000 0.000000
0.999804 0.019800 0.000000 294.020681 -0.019800 0.999804 -0.000000 -9.589428 -0.000000 0.000000 1.000000 0.000000
0.999803 0.019827 0.000000 294.020640 -0.019827 0.999803 -0.000000 -9.589436 -0.000000 0.000000 1.000000 0.000000
0.999805 0.019732 0.000000 294.000554 -0.019732 0.999805 -0.000000 -9.578308 -0.000000 0.000000 1.000000 0.000000
0.999806 0.019677 0.000000 294.000543 -0.019677 0.999806 -0.000000 -9.578400 -0.000000 0.000000 1.000000 0.000000
0.999822 0.018879 0.000000 293.991062 -0.018879 0.999822 -0.000000 -9.583339 -0.000000 0.000000 1.000000 0.000000
0.999819 0.019023 0.000000 293.991021 -0.019023 0.999819 -0.000000 -9.584477 -0.000000 0.000000 1.000000 0.000000
0.999815 0.019243 0.000000 293.989190 -0.019243 0.999815 -0.000000 -9.593201 -0.000000 0.000000 1.000000 0.000000
0.999812 0.019377 0.000000 294.034940 -0.019377 0.999812 -0.000000 -9.551464 -0.000000 0.000000 1.000000 0.000000
0.999818 0.019096 0.000000 294.045660 -0.019096 0.999818 -0.000000 -9.539503 -0.000000 0.000000 1.000000 0.000000
0.999813 0.019352 0.000000 294.030431 -0.019352 0.999813 -0.000000 -9.546307 -0.000000 0.000000 1.000000 0.000000
0.999808 0.019616 0.000000 294.003858 -0.019616 0.999808 -0.000000 -9.559331 -0.000000 0.000000 1.000000 0.000000
0.999808 0.019600 0.000000 294.003957 -0.019600 0.999808 -0.000000 -9.559466 -0.000000 0.000000 1.000000 0.000000
0.999804 0.019782 0.000000 294.006491 -0.019782 0.999804 -0.000000 -9.562398 -0.000000 0.000000 1.000000 0.000000
0.999802 0.019889 0.000000 294.022663 -0.019889 0.999802 -0.000000 -9.551664 -0.000000 0.000000 1.000000 0.000000
0.999797 0.020146 0.000000 294.126723 -0.020146 0.999797 -0.000000 -9.549196 -0.000000 0.000000 1.000000 0.000000
0.999792 0.020387 0.000000 294.136292 -0.020387 0.999792 -0.000000 -9.525005 -0.000000 0.000000 1.000000 0.000000
0.999793 0.020335 0.000000 294.129387 -0.020335 0.999793 -0.000000 -9.534049 -0.000000 0.000000 1.000000 0.000000
0.999785 0.020741 0.000000 294.184431 -0.020741 0.999785 -0.000000 -9.536157 -0.000000 0.000000 1.000000 0.000000
0.999781 0.020947 0.000000 294.184957 -0.020947 0.999781 -0.000000 -9.542227 -0.000000 0.000000 1.000000 0.000000
0.999783 0.020811 0.000000 294.183295 -0.020811 0.999783 -0.000000 -9.543390 -0.000000 0.000000 1.000000 0.000000
0.999784 0.020778 0.000000 294.184787 -0.020778 0.999784 -0.000000 -9.542341 -0.000000 0.000000 1.000000 0.000000
0.999787 0.020645 0.000000 294.196380 -0.020645 0.999787 -0.000000 -9.549105 -0.000000 0.000000 1.000000 0.000000
0.999787 0.020630 0.000000 294.194436 -0.020630 0.999787 -0.000000 -9.550992 -0.000000 0.000000 1.000000 0.000000
0.999787 0.020621 0.000000 294.151749 -0.020621 0.999787 -0.000000 -9.551623 -0.000000 0.000000 1.000000 0.000000
0.999788 0.020604 0.000000 294.192380 -0.020604 0.999788 -0.000000 -9.542592 -0.000000 0.000000 1.000000 0.000000
0.999787 0.020661 0.000000 294.202186 -0.020661 0.999787 -0.000000 -9.550396 -0.000000 0.000000 1.000000 0.000000
0.999786 0.020683 0.000000 294.204299 -0.020683 0.999786 -0.000000 -9.544636 -0.000000 0.000000 1.000000 0.000000
0.999786 0.020684 0.000000 294.174507 -0.020684 0.999786 -0.000000 -9.546323 -0.000000 0.000000 1.000000 0.000000
0.999783 0.020842 0.000000 294.203827 -0.020842 0.999783 -0.000000 -9.538445 -0.000000 0.000000 1.000000 0.000000
0.999777 0.021137 0.000000 294.164053 -0.021137 0.999777 -0.000000 -9.544676 -0.000000 0.000000 1.000000 0.000000
0.999779 0.021043 0.000000 294.151006 -0.021043 0.999779 -0.000000 -9.546132 -0.000000 0.000000 1.000000 0.000000
0.999783 0.020854 0.000000 294.135787 -0.020854 0.999783 -0.000000 -9.543726 -0.000000 0.000000 1.000000 0.000000
0.999782 0.020873 0.000000 294.135169 -0.020873 0.999782 -0.000000 -9.543447 -0.000000 0.000000 1.000000 0.000000
0.999783 0.020836 0.000000 294.135106 -0.020836 0.999783 -0.000000 -9.543421 -0.000000 0.000000 1.000000 0.000000
0.999783 0.020817 0.000000 294.133225 -0.020817 0.999783 -0.000000 -9.542597 -0.000000 0.000000 1.000000 0.000000
0.999776 0.021180 0.000000 294.153420 -0.021180 0.999776 -0.000000 -9.542075 -0.000000 0.000000 1.000000 0.000000
0.999775 0.021216 0.000000 294.161161 -0.021216 0.999775 -0.000000 -9.539959 -0.000000 0.000000 1.000000 0.000000
0.999775 0.021205 0.000000 294.167008 -0.021205 0.999775 -0.000000 -9.536218 -0.000000 0.000000 1.000000 0.000000
0.999775 0.021205 0.000000 294.166959 -0.021205 0.999775 -0.000000 -9.536242 -0.000000 0.000000 1.000000 0.000000
0.999772 0.021339 0.000000 294.181293 -0.021339 0.999772 -0.000000 -9.539459 -0.000000 0.000000 1.000000 0.000000
0.999770 0.021444 0.000000 294.169415 -0.021444 0.999770 -0.000000 -9.545493 -0.000000 0.000000 1.000000 0.000000
0.999766 0.021612 0.000000 294.166107 -0.021612 0.999766 -0.000000 -9.554377 -0.000000 0.000000 1.000000 0.000000
0.999766 0.021616 0.000000 294.198391 -0.021616 0.999766 -0.000000 -9.538162 -0.000000 0.000000 1.000000 0.000000
0.999765 0.021660 0.000000 294.198449 -0.021660 0.999765 -0.000000 -9.538086 -0.000000 0.000000 1.000000 0.000000
0.999765 0.021684 0.000000 294.179292 -0.021684 0.999765 -0.000000 -9.536747 -0.000000 0.000000 1.000000 0.000000
0.999755 0.022120 0.000000 294.202786 -0.022120 0.999755 -0.000000 -9.516222 -0.000000 0.000000 1.000000 0.000000
0.999755 0.022133 0.000000 294.211339 -0.022133 0.999755 -0.000000 -9.512937 -0.000000 0.000000 1.000000 0.000000
0.999752 0.022291 0.000000 294.207032 -0.022291 0.999752 -0.000000 -9.507543 -0.000000 0.000000 1.000000 0.000000
0.999747 0.022490 0.000000 294.205097 -0.022490 0.999747 -0.000000 -9.504654 -0.000000 0.000000 1.000000 0.000000
0.999753 0.022210 0.000000 294.216899 -0.022210 0.999753 -0.000000 -9.521060 -0.000000 0.000000 1.000000 0.000000
0.999769 0.021494 0.000000 294.220352 -0.021494 0.999769 -0.000000 -9.496916 -0.000000 0.000000 1.000000 0.000000
0.999769 0.021480 0.000000 294.245984 -0.021480 0.999769 -0.000000 -9.479597 -0.000000 0.000000 1.000000 0.000000
0.999771 0.021389 0.000000 294.308632 -0.021389 0.999771 -0.000000 -9.459978 -0.000000 0.000000 1.000000 0.000000
0.999765 0.021670 0.000000 294.272859 -0.021670 0.999765 -0.000000 -9.478003 -0.000000 0.000000 1.000000 0.000000
0.999755 0.022123 0.000000 294.318387 -0.022123 0.999755 -0.000000 -9.470394 -0.000000 0.000000 1.000000 0.000000
0.999755 0.022122 0.000000 294.318419 -0.022122 0.999755 -0.000000 -9.470438 -0.000000 0.000000 1.000000 0.000000
0.999753 0.022242 0.000000 294.329057 -0.022242 0.999753 -0.000000 -9.460780 -0.000000 0.000000 1.000000 0.000000
0.999754 0.022179 0.000000 294.328994 -0.022179 0.999754 -0.000000 -9.460626 -0.000000 0.000000 1.000000 0.000000
0.999747 0.022515 0.000000 294.345595 -0.022515 0.999747 -0.000000 -9.460642 -0.000000 0.000000 1.000000 0.000000
0.999747 0.022475 0.000000 294.307000 -0.022475 0.999747 -0.000000 -9.470584 -0.000000 0.000000 1.000000 0.000000
0.999747 0.022478 0.000000 294.307003 -0.022478 0.999747 -0.000000 -9.470560 -0.000000 0.000000 1.000000 0.000000
0.999755 0.022157 0.000000 294.336936 -0.022157 0.999755 -0.000000 -9.492615 -0.000000 0.000000 1.000000 0.000000
0.999751 0.022301 0.000000 294.346983 -0.022301 0.999751 -0.000000 -9.487729 -0.000000 0.000000 1.000000 0.000000
0.999744 0.022647 0.000000 294.384394 -0.022647 0.999744 -0.000000 -9.481772 -0.000000 0.000000 1.000000 0.000000
0.999742 0.022698 0.000000 294.384342 -0.022698 0.999742 -0.000000 -9.481624 -0.000000 0.000000 1.000000 0.000000
0.999732 0.023166 0.000000 294.436659 -0.023166 0.999732 -0.000000 -9.456653 -0.000000 0.000000 1.000000 0.000000
0.999727 0.023355 0.000000 294.462686 -0.023355 0.999727 -0.000000 -9.447082 -0.000000 0.000000 1.000000 0.000000
0.999649 0.026499 0.000000 294.550914 -0.026499 0.999649 -0.000000 -9.469509 -0.000000 0.000000 1.000000 0.000000
0.999659 0.026110 0.000000 294.575622 -0.026110 0.999659 -0.000000 -9.494469 -0.000000 0.000000 1.000000 0.000000
0.999659 0.026094 0.000000 294.584321 -0.026094 0.999659 -0.000000 -9.493632 -0.000000 0.000000 1.000000 0.000000
0.999649 0.026495 0.000000 294.625733 -0.026495 0.999649 -0.000000 -9.465927 -0.000000 0.000000 1.000000 0.000000
0.999653 0.026335 0.000000 294.609430 -0.026335 0.999653 -0.000000 -9.483630 -0.000000 0.000000 1.000000 0.000000
0.999640 0.026828 0.000000 294.630878 -0.026828 0.999640 -0.000000 -9.466665 -0.000000 0.000000 1.000000 0.000000
0.999634 0.027068 0.000000 294.619680 -0.027068 0.999634 -0.000000 -9.479950 -0.000000 0.000000 1.000000 0.000000
0.999633 0.027099 0.000000 294.619259 -0.027099 0.999633 -0.000000 -9.480088 -0.000000 0.000000 1.000000 0.000000
0.999633 0.027093 0.000000 294.623263 -0.027093 0.999633 -0.000000 -9.477960 -0.000000 0.000000 1.000000 0.000000
0.999633 0.027094 0.000000 294.623250 -0.027094 0.999633 -0.000000 -9.478011 -0.000000 0.000000 1.000000 0.000000
0.999624 0.027413 0.000000 294.648305 -0.027413 0.999624 -0.000000 -9.454018 -0.000000 0.000000 1.000000 0.000000
0.999642 0.026755 0.000000 294.657655 -0.026755 0.999642 -0.000000 -9.464120 -0.000000 0.000000 1.000000 0.000000
0.999637 0.026955 0.000000 294.647053 -0.026955 0.999637 -0.000000 -9.465783 -0.000000 0.000000 1.000000 0.000000
0.999632 0.027125 0.000000 294.626411 -0.027125 0.999632 -0.000000 -9.462384 -0.000000 0.000000 1.000000 0.000000
0.999631 0.027161 0.000000 294.626397 -0.027161 0.999631 -0.000000 -9.462686 -0.000000 0.000000 1.000000 0.000000
0.999620 0.027577 0.000000 294.622176 -0.027577 0.999620 -0.000000 -9.449735 -0.000000 0.000000 1.000000 0.000000
0.999612 0.027866 0.000000 294.623014 -0.027866 0.999612 -0.000000 -9.423799 -0.000000 0.000000 1.000000 0.000000
0.999609 0.027951 0.000000 294.622689 -0.027951 0.999609 -0.000000 -9.416742 -0.000000 0.000000 1.000000 0.000000
0.999618 0.027622 0.000000 294.658451 -0.027622 0.999618 -0.000000 -9.398479 -0.000000 0.000000 1.000000 0.000000
0.999631 0.027162 0.000000 294.663946 -0.027162 0.999631 -0.000000 -9.392109 -0.000000 0.000000 1.000000 0.000000
0.999627 0.027312 0.000000 294.753930 -0.027312 0.999627 -0.000000 -9.380449 -0.000000 0.000000 1.000000 0.000000
0.999638 0.026916 0.000000 294.766580 -0.026916 0.999638 -0.000000 -9.359908 -0.000000 0.000000 1.000000 0.000000
0.999638 0.026919 0.000000 294.761520 -0.026919 0.999638 -0.000000 -9.372425 -0.000000 0.000000 1.000000 0.000000
0.999638 0.026909 0.000000 294.764653 -0.026909 0.999638 -0.000000 -9.370621 -0.000000 0.000000 1.000000 0.000000
0.999647 0.026584 0.000000 294.750620 -0.026584 0.999647 -0.000000 -9.381884 -0.000000 0.000000 1.000000 0.000000
0.999642 0.026754 0.000000 294.754021 -0.026754 0.999642 -0.000000 -9.404428 -0.000000 0.000000 1.000000 0.000000
0.999637 0.026947 0.000000 294.758351 -0.026947 0.999637 -0.000000 -9.430110 -0.000000 0.000000 1.000000 0.000000
0.999641 0.026779 0.000000 294.742295 -0.026779 0.999641 -0.000000 -9.455286 -0.000000 0.000000 1.000000 0.000000
0.999641 0.026778 0.000000 294.731522 -0.026778 0.999641 -0.000000 -9.455290 -0.000000 0.000000 1.000000 0.000000
0.999622 0.027490 0.000000 294.707714 -0.027490 0.999622 -0.000000 -9.468988 -0.000000 0.000000 1.000000 0.000000
0.999643 0.026718 0.000000 294.695997 -0.026718 0.999643 -0.000000 -9.448040 -0.000000 0.000000 1.000000 0.000000
0.999661 0.026031 0.000000 294.726171 -0.026031 0.999661 -0.000000 -9.470535 -0.000000 0.000000 1.000000 0.000000
0.999664 0.025928 0.000000 294.726051 -0.025928 0.999664 -0.000000 -9.470635 -0.000000 0.000000 1.000000 0.000000
0.999623 0.027465 0.000000 294.762712 -0.027465 0.999623 -0.000000 -9.514795 -0.000000 0.000000 1.000000 0.000000
0.999634 0.027054 0.000000 294.751053 -0.027054 0.999634 -0.000000 -9.497597 -0.000000 0.000000 1.000000 0.000000
0.999630 0.027186 0.000000 294.751225 -0.027186 0.999630 -0.000000 -9.509398 -0.000000 0.000000 1.000000 0.000000
0.999610 0.027928 0.000000 294.752127 -0.027928 0.999610 -0.000000 -9.527452 -0.000000 0.000000 1.000000 0.000000
0.999634 0.027046 0.000000 294.688269 -0.027046 0.999634 -0.000000 -9.506108 -0.000000 0.000000 1.000000 0.000000
0.999641 0.026794 0.000000 294.678820 -0.026794 0.999641 -0.000000 -9.500263 -0.000000 0.000000 1.000000 0.000000
0.999639 0.026878 0.000000 294.663701 -0.026878 0.999639 -0.000000 -9.498832 -0.000000 0.000000 1.000000 0.000000
0.999658 0.026167 0.000000 294.728342 -0.026167 0.999658 -0.000000 -9.469229 -0.000000 0.000000 1.000000 0.000000
0.999651 0.026412 0.000000 294.681871 -0.026412 0.999651 -0.000000 -9.469527 -0.000000 0.000000 1.000000 0.000000
0.999666 0.025848 0.000000 294.655595 -0.025848 0.999666 -0.000000 -9.449855 -0.000000 0.000000 1.000000 0.000000
0.999669 0.025708 0.000000 294.640737 -0.025708 0.999669 -0.000000 -9.442537 -0.000000 0.000000 1.000000 0.000000
