0.999997 -0.002442 0.000000 0.713001 0.002442 0.999997 0.000000 -0.023511 0.000000 0.000000 1.000000 0.000000
0.999998 -0.002039 0.000000 0.989163 0.002039 0.999998 0.000000 -0.025152 0.000000 0.000000 1.000000 0.000000
0.999982 -0.006020 0.000000 1.713839 0.006020 0.999982 0.000000 -0.033104 0.000000 0.000000 1.000000 0.000000
0.999985 -0.005465 0.000000 2.405366 0.005465 0.999985 0.000000 -0.018376 0.000000 0.000000 1.000000 0.000000
0.999992 -0.003963 0.000000 3.138214 0.003963 0.999992 0.000000 -0.035744 0.000000 0.000000 1.000000 0.000000
0.999969 -0.007919 0.000000 3.918450 0.007919 0.999969 0.000000 -0.024243 0.000000 0.000000 1.000000 0.000000
0.999972 -0.007483 0.000000 4.693140 0.007483 0.999972 0.000000 -0.043537 0.000000 0.000000 1.000000 0.000000
0.999977 -0.006826 0.000000 5.772104 0.006826 0.999977 0.000000 -0.007200 0.000000 0.000000 1.000000 0.000000
0.999965 -0.008330 0.000000 6.285192 0.008330 0.999965 0.000000 -0.009749 0.000000 0.000000 1.000000 0.000000
0.999950 -0.009963 0.000000 7.058321 0.009963 0.999950 0.000000 0.024542 0.000000 0.000000 1.000000 0.000000
0.999947 -0.010305 0.000000 7.746574 0.010305 0.999947 0.000000 0.002653 0.000000 0.000000 1.000000 0.000000
0.999943 -0.010696 0.000000 9.063373 0.010696 0.999943 0.000000 -0.011073 0.000000 0.000000 1.000000 0.000000
0.999937 -0.011226 0.000000 10.018707 0.011226 0.999937 0.000000 -0.055797 0.000000 0.000000 1.000000 0.000000
0.999932 -0.011637 0.000000 10.473145 0.011637 0.999932 0.000000 -0.081380 0.000000 0.000000 1.000000 0.000000
0.999926 -0.012125 0.000000 11.465658 0.012125 0.999926 0.000000 -0.090053 0.000000 0.000000 1.000000 0.000000
0.999920 -0.012610 0.000000 12.239636 0.012610 0.999920 0.000000 -0.138686 0.000000 0.000000 1.000000 0.000000
0.999911 -0.013374 0.000000 12.934971 0.013374 0.999911 0.000000 -0.145589 0.000000 0.000000 1.000000 0.000000
0.999912 -0.013244 0.000000 13.428981 0.013244 0.999912 0.000000 -0.143612 0.000000 0.000000 1.000000 0.000000
0.999901 -0.014093 0.000000 13.763095 0.014093 0.999901 0.000000 -0.152820 0.000000 0.000000 1.000000 0.000000
0.999896 -0.014400 0.000000 14.299123 0.014400 0.999896 0.000000 -0.180719 0.000000 0.000000 1.000000 0.000000
0.999907 -0.013645 0.000000 14.721940 0.013645 0.999907 0.000000 -0.188815 0.000000 0.000000 1.000000 0.000000
0.999884 -0.015250 0.000000 15.359608 0.015250 0.999884 0.000000 -0.206404 0.000000 0.000000 1.000000 0.000000
0.999873 -0.015955 0.000000 15.788783 0.015955 0.999873 0.000000 -0.221972 0.000000 0.000000 1.000000 0.000000
0.999857 -0.016917 0.000000 16.344937 0.016917 0.999857 0.000000 -0.209734 0.000000 0.000000 1.000000 0.000000
0.999860 -0.016729 0.000000 16.485851 0.016729 0.999860 0.000000 -0.197744 0.000000 0.000000 1.000000 0.000000
0.999838 -0.017989 0.000000 17.132858 0.017989 0.999838 0.000000 -0.239549 0.000000 0.000000 1.000000 0.000000
0.999790 -0.020481 0.000000 17.933940 0.020481 0.999790 0.000000 -0.238775 0.000000 0.000000 1.000000 0.000000
0.999756 -0.022069 0.000000 18.355340 0.022069 0.999756 0.000000 -0.207710 0.000000 0.000000 1.000000 0.000000
0.999740 -0.022784 0.000000 19.066605 0.022784 0.999740 0.000000 -0.208661 0.000000 0.000000 1.000000 0.000000
0.999719 -0.023723 0.000000 19.634073 0.023723 0.999719 0.000000 -0.221404 0.000000 0.000000 1.000000 0.000000
0.999726 -0.023409 0.000000 20.457513 0.023409 0.999726 0.000000 -0.202355 0.000000 0.000000 1.000000 0.000000
0.999725 -0.023438 0.000000 21.217192 0.023438 0.999725 0.000000 -0.209532 0.000000 0.000000 1.000000 0.000000
0.999709 -0.024105 0.000000 21.775170 0.024105 0.999709 0.000000 -0.234163 0.000000 0.000000 1.000000 0.000000
0.999715 -0.023870 0.000000 22.392270 0.023870 0.999715 0.000000 -0.217690 0.000000 0.000000 1.000000 0.000000
0.999707 -0.024209 0.000000 22.983166 0.024209 0.999707 0.000000 -0.224534 0.000000 0.000000 1.000000 0.000000
0.999725 -0.023440 0.000000 23.435145 0.023440 0.999725 0.000000 -0.272245 0.000000 0.000000 1.000000 0.000000
0.999702 -0.024415 0.000000 24.046614 0.024415 0.999702 0.000000 -0.286105 0.000000 0.000000 1.000000 0.000000
0.999694 -0.024747 0.000000 24.629259 0.024747 0.999694 0.000000 -0.281900 0.000000 0.000000 1.000000 0.000000
0.999642 -0.026760 0.000000 25.273647 0.026760 0.999642 0.000000 -0.291938 0.000000 0.000000 1.000000 0.000000
0.999619 -0.027611 0.000000 25.434599 0.027611 0.999619 0.000000 -0.316245 0.000000 0.000000 1.000000 0.000000
0.999614 -0.027790 0.000000 26.125756 0.027790 0.999614 0.000000 -0.294611 0.000000 0.000000 1.000000 0.000000
0.999603 -0.028168 0.000000 26.887606 0.028168 0.999603 0.000000 -0.284439 0.000000 0.000000 1.000000 0.000000
0.999568 -0.029377 0.000000 27.240445 0.029377 0.999568 0.000000 -0.298948 0.000000 0.000000 1.000000 0.000000
0.999586 -0.028762 0.000000 27.815518 0.028762 0.999586 0.000000 -0.258471 0.000000 0.000000 1.000000 0.000000
0.999588 -0.028686 0.000000 28.438321 0.028686 0.999588 0.000000 -0.264366 0.000000 0.000000 1.000000 0.000000
0.999604 -0.028143 0.000000 29.049399 0.028143 0.999604 0.000000 -0.247063 0.000000 0.000000 1.000000 0.000000
0.999586 -0.028786 0.000000 29.317410 0.028786 0.999586 0.000000 -0.264934 0.000000 0.000000 1.000000 0.000000
0.999578 -0.029041 0.000000 30.081719 0.029041 0.999578 0.000000 -0.251959 0.000000 0.000000 1.000000 0.000000
0.999481 -0.032227 0.000000 30.974597 0.032227 0.999481 0.000000 -0.237083 0.000000 0.000000 1.000000 0.000000
0.999480 -0.032237 0.000000 31.636692 0.032237 0.999480 0.000000 -0.207830 0.000000 0.000000 1.000000 0.000000
0.999504 -0.031488 0.000000 32.435431 0.031488 0.999504 0.000000 -0.193556 0.000000 0.000000 1.000000 0.000000
0.999552 -0.029914 0.000000 33.075196 0.029914 0.999552 0.000000 -0.187372 0.000000 0.000000 1.000000 0.000000
0.999563 -0.029568 0.000000 33.721905 0.029568 0.999563 0.000000 -0.167805 0.000000 0.000000 1.000000 0.000000
0.999541 -0.030306 0.000000 34.172373 0.030306 0.999541 0.000000 -0.165814 0.000000 0.000000 1.000000 0.000000
0.999568 -0.029383 0.000000 34.726624 0.029383 0.999568 0.000000 -0.166287 0.000000 0.000000 1.000000 0.000000
0.999603 -0.028193 0.000000 35.400117 0.028193 0.999603 0.000000 -0.131607 0.000000 0.000000 1.000000 0.000000
0.999649 -0.026498 0.000000 35.514653 0.026498 0.999649 0.000000 -0.116427 0.000000 0.000000 1.000000 0.000000
0.999640 -0.026835 0.000000 36.192430 0.026835 0.999640 0.000000 -0.113462 0.000000 0.000000 1.000000 0.000000
0.999687 -0.025033 0.000000 36.616779 0.025033 0.999687 0.000000 -0.130643 0.000000 0.000000 1.000000 0.000000
0.999634 -0.027049 0.000000 37.124438 0.027049 0.999634 0.000000 -0.196196 0.000000 0.000000 1.000000 0.000000
0.999575 -0.029163 0.000000 37.674603 0.029163 0.999575 0.000000 -0.192979 0.000000 0.000000 1.000000 0.000000
0.999617 -0.027683 0.000000 38.254144 0.027683 0.999617 0.000000 -0.171381 0.000000 0.000000 1.000000 0.000000
0.999625 -0.027374 0.000000 39.055823 0.027374 0.999625 0.000000 -0.122915 0.000000 0.000000 1.000000 0.000000
0.999650 -0.026451 0.000000 39.750223 0.026451 0.999650 0.000000 -0.129173 0.000000 0.000000 1.000000 0.000000
0.999644 -0.026670 0.000000 40.209961 0.026670 0.999644 0.000000 -0.115346 0.000000 0.000000 1.000000 0.000000
0.999687 -0.025000 0.000000 40.668712 0.025000 0.999687 0.000000 -0.095835 0.000000 0.000000 1.000000 0.000000
0.999663 -0.025969 0.000000 41.372066 0.025969 0.999663 0.000000 -0.057983 0.000000 0.000000 1.000000 0.000000
0.999660 -0.026087 0.000000 41.793437 0.026087 0.999660 0.000000 -0.042187 0.000000 0.000000 1.000000 0.000000
0.999669 -0.025715 0.000000 42.440179 0.025715 0.999669 0.000000 -0.039904 0.000000 0.000000 1.000000 0.000000
0.999691 -0.024876 0.000000 43.081706 0.024876 0.999691 0.000000 -0.013951 0.000000 0.000000 1.000000 0.000000
0.999677 -0.025414 0.000000 44.096758 0.025414 0.999677 0.000000 0.016726 0.000000 0.000000 1.000000 0.000000
0.999686 -0.025060 0.000000 44.341692 0.025060 0.999686 0.000000 0.054611 0.000000 0.000000 1.000000 0.000000
0.999693 -0.024784 0.000000 45.306406 0.024784 0.999693 0.000000 0.054730 0.000000 0.000000 1.000000 0.000000
0.999748 -0.022467 0.000000 45.912642 0.022467 0.999748 0.000000 0.060007 0.000000 0.000000 1.000000 0.000000
0.999752 -0.022251 0.000000 46.695214 0.022251 0.999752 0.000000 0.104817 0.000000 0.000000 1.000000 0.000000
0.999724 -0.023500 0.000000 47.346247 0.023500 0.999724 0.000000 0.094621 0.000000 0.000000 1.000000 0.000000
0.999783 -0.020842 0.000000 47.891500 0.020842 0.999783 0.000000 0.095252 0.000000 0.000000 1.000000 0.000000
0.999758 -0.021979 0.000000 48.491602 0.021979 0.999758 0.000000 0.113884 0.000000 0.000000 1.000000 0.000000
0.999703 -0.024351 0.000000 48.381017 0.024351 0.999703 0.000000 0.094063 0.000000 0.000000 1.000000 0.000000
0.999691 -0.024844 0.000000 48.596689 0.024844 0.999691 0.000000 0.105461 0.000000 0.000000 1.000000 0.000000
0.999691 -0.024844 0.000000 48.827236 0.024844 0.999691 0.000000 0.147423 0.000000 0.000000 1.000000 0.000000
0.999713 -0.023955 0.000000 49.435315 0.023955 0.999713 0.000000 0.166112 0.000000 0.000000 1.000000 0.000000
0.999700 -0.024486 0.000000 50.102536 0.024486 0.999700 0.000000 0.162492 0.000000 0.000000 1.000000 0.000000
0.999651 -0.026410 0.000000 50.991653 0.026410 0.999651 0.000000 0.190977 0.000000 0.000000 1.000000 0.000000
0.999634 -0.027047 0.000000 51.349207 0.027047 0.999634 0.000000 0.197874 0.000000 0.000000 1.000000 0.000000
0.999639 -0.026876 0.000000 51.966223 0.026876 0.999639 0.000000 0.198918 0.000000 0.000000 1.000000 0.000000
0.999652 -0.026372 0.000000 52.319369 0.026372 0.999652 0.000000 0.210707 0.000000 0.000000 1.000000 0.000000
0.999627 -0.027306 0.000000 52.404564 0.027306 0.999627 0.000000 0.196631 0.000000 0.000000 1.000000 0.000000
0.999640 -0.026849 0.000000 52.973628 0.026849 0.999640 0.000000 0.194993 0.000000 0.000000 1.000000 0.000000
0.999631 -0.027151 0.000000 53.629636 0.027151 0.999631 0.000000 0.206782 0.000000 0.000000 1.000000 0.000000
0.999668 -0.025766 0.000000 54.140390 0.025766 0.999668 0.000000 0.189451 0.000000 0.000000 1.000000 0.000000
0.999616 -0.027717 0.000000 54.779831 0.027717 0.999616 0.000000 0.178645 0.000000 0.000000 1.000000 0.000000
0.999576 -0.029115 0.000000 55.253601 0.029115 0.999576 0.000000 0.186047 0.000000 0.000000 1.000000 0.000000
0.999564 -0.029534 0.000000 56.591481 0.029534 0.999564 0.000000 0.222304 0.000000 0.000000 1.000000 0.000000
0.999579 -0.028999 0.000000 57.124253 0.028999 0.999579 0.000000 0.271737 0.000000 0.000000 1.000000 0.000000
0.999600 -0.028291 0.000000 57.783488 0.028291 0.999600 0.000000 0.276178 0.000000 0.000000 1.000000 0.000000
0.999652 -0.026365 0.000000 58.424261 0.026365 0.999652 0.000000 0.274702 0.000000 0.000000 1.000000 0.000000
0.999664 -0.025939 0.000000 58.936902 0.025939 0.999664 0.000000 0.278518 0.000000 0.000000 1.000000 0.000000
0.999657 -0.026190 0.000000 59.391116 0.026190 0.999657 0.000000 0.282101 0.000000 0.000000 1.000000 0.000000
0.999647 -0.026559 0.000000 59.899331 0.026559 0.999647 0.000000 0.313417 0.000000 0.000000 1.000000 0.000000
0.999635 -0.027030 0.000000 60.513918 0.027030 0.999635 0.000000 0.315544 0.000000 0.000000 1.000000 0.000000
0.999650 -0.026452 0.000000 60.933088 0.026452 0.999650 0.000000 0.311309 0.000000 0.000000 1.000000 0.000000
0.999605 -0.028091 0.000000 61.315541 0.028091 0.999605 0.000000 0.314813 0.000000 0.000000 1.000000 0.000000
0.999622 -0.027505 0.000000 61.840616 0.027505 0.999622 0.000000 0.315140 0.000000 0.000000 1.000000 0.000000
0.999624 -0.027407 0.000000 62.433616 0.027407 0.999624 0.000000 0.330303 0.000000 0.000000 1.000000 0.000000
0.999605 -0.028121 0.000000 63.180544 0.028121 0.999605 0.000000 0.336261 0.000000 0.000000 1.000000 0.000000
0.999574 -0.029200 0.000000 63.310267 0.029200 0.999574 0.000000 0.326917 0.000000 0.000000 1.000000 0.000000
0.999533 -0.030566 0.000000 63.970777 0.030566 0.999533 0.000000 0.339323 0.000000 0.000000 1.000000 0.000000
0.999518 -0.031033 0.000000 64.572934 0.031033 0.999518 0.000000 0.331367 0.000000 0.000000 1.000000 0.000000
0.999500 -0.031610 0.000000 65.107250 0.031610 0.999500 0.000000 0.333444 0.000000 0.000000 1.000000 0.000000
0.999428 -0.033814 0.000000 65.798832 0.033814 0.999428 0.000000 0.338219 0.000000 0.000000 1.000000 0.000000
0.999456 -0.032966 0.000000 66.393172 0.032966 0.999456 0.000000 0.362432 0.000000 0.000000 1.000000 0.000000
0.999428 -0.033832 0.000000 67.005485 0.033832 0.999428 0.000000 0.367754 0.000000 0.000000 1.000000 0.000000
0.999363 -0.035692 0.000000 67.939870 0.035692 0.999363 0.000000 0.367994 0.000000 0.000000 1.000000 0.000000
0.999399 -0.034664 0.000000 68.453708 0.034664 0.999399 0.000000 0.367121 0.000000 0.000000 1.000000 0.000000
0.999408 -0.034416 0.000000 68.912933 0.034416 0.999408 0.000000 0.389324 0.000000 0.000000 1.000000 0.000000
0.999397 -0.034712 0.000000 69.292913 0.034712 0.999397 0.000000 0.414172 0.000000 0.000000 1.000000 0.000000
0.999407 -0.034422 0.000000 69.955080 0.034422 0.999407 0.000000 0.432212 0.000000 0.000000 1.000000 0.000000
0.999302 -0.037351 0.000000 70.598272 0.037351 0.999302 0.000000 0.466652 0.000000 0.000000 1.000000 0.000000
0.999274 -0.038106 0.000000 71.079693 0.038106 0.999274 0.000000 0.459210 0.000000 0.000000 1.000000 0.000000
0.999263 -0.038373 0.000000 71.715093 0.038373 0.999263 0.000000 0.461061 0.000000 0.000000 1.000000 0.000000
0.999262 -0.038423 0.000000 72.275824 0.038423 0.999262 0.000000 0.469769 0.000000 0.000000 1.000000 0.000000
0.999211 -0.039708 0.000000 73.293200 0.039708 0.999211 0.000000 0.487358 0.000000 0.000000 1.000000 0.000000
0.999212 -0.039687 0.000000 73.912155 0.039687 0.999212 0.000000 0.508370 0.000000 0.000000 1.000000 0.000000
0.999269 -0.038233 0.000000 74.530229 0.038233 0.999269 0.000000 0.505240 0.000000 0.000000 1.000000 0.000000
0.999249 -0.038750 0.000000 75.209426 0.038750 0.999249 0.000000 0.505599 0.000000 0.000000 1.000000 0.000000
0.999267 -0.038274 0.000000 75.767086 0.038274 0.999267 0.000000 0.523162 0.000000 0.000000 1.000000 0.000000
0.999206 -0.039845 0.000000 76.276113 0.039845 0.999206 0.000000 0.557744 0.000000 0.000000 1.000000 0.000000
0.999259 -0.038490 0.000000 76.829378 0.038490 0.999259 0.000000 0.535685 0.000000 0.000000 1.000000 0.000000
0.999259 -0.038478 0.000000 77.419144 0.038478 0.999259 0.000000 0.594328 0.000000 0.000000 1.000000 0.000000
0.999269 -0.038241 0.000000 78.065653 0.038241 0.999269 0.000000 0.606179 0.000000 0.000000 1.000000 0.000000
0.999242 -0.038933 0.000000 78.601931 0.038933 0.999242 0.000000 0.631664 0.000000 0.000000 1.000000 0.000000
0.999167 -0.040813 0.000000 79.248943 0.040813 0.999167 0.000000 0.716174 0.000000 0.000000 1.000000 0.000000
0.999186 -0.040331 0.000000 79.810951 0.040331 0.999186 0.000000 0.705618 0.000000 0.000000 1.000000 0.000000
0.999226 -0.039337 0.000000 80.345230 0.039337 0.999226 0.000000 0.722454 0.000000 0.000000 1.000000 0.000000
0.999257 -0.038533 0.000000 80.673047 0.038533 0.999257 0.000000 0.716076 0.000000 0.000000 1.000000 0.000000
0.999274 -0.038098 0.000000 81.077526 0.038098 0.999274 0.000000 0.757843 0.000000 0.000000 1.000000 0.000000
0.999407 -0.034428 0.000000 81.655541 0.034428 0.999407 0.000000 0.707882 0.000000 0.000000 1.000000 0.000000
0.999438 -0.033534 0.000000 82.146581 0.033534 0.999438 0.000000 0.731016 0.000000 0.000000 1.000000 0.000000
0.999428 -0.033806 0.000000 82.685279 0.033806 0.999428 0.000000 0.760909 0.000000 0.000000 1.000000 0.000000
0.999431 -0.033733 0.000000 83.244561 0.033733 0.999431 0.000000 0.783409 0.000000 0.000000 1.000000 0.000000
0.999471 -0.032537 0.000000 83.754224 0.032537 0.999471 0.000000 0.771311 0.000000 0.000000 1.000000 0.000000
0.999565 -0.029499 0.000000 84.254121 0.029499 0.999565 0.000000 0.760799 0.000000 0.000000 1.000000 0.000000
0.999616 -0.027703 0.000000 84.855943 0.027703 0.999616 0.000000 0.776349 0.000000 0.000000 1.000000 0.000000
0.999621 -0.027519 0.000000 85.344480 0.027519 0.999621 0.000000 0.776301 0.000000 0.000000 1.000000 0.000000
0.999664 -0.025924 0.000000 85.863610 0.025924 0.999664 0.000000 0.778169 0.000000 0.000000 1.000000 0.000000
0.999710 -0.024077 0.000000 86.320175 0.024077 0.999710 0.000000 0.767620 0.000000 0.000000 1.000000 0.000000
0.999738 -0.022886 0.000000 86.795102 0.022886 0.999738 0.000000 0.793850 0.000000 0.000000 1.000000 0.000000
0.999729 -0.023263 0.000000 87.285194 0.023263 0.999729 0.000000 0.858454 0.000000 0.000000 1.000000 0.000000
0.999722 -0.023586 0.000000 87.934669 0.023586 0.999722 0.000000 0.868821 0.000000 0.000000 1.000000 0.000000
0.999743 -0.022673 0.000000 88.538502 0.022673 0.999743 0.000000 0.884760 0.000000 0.000000 1.000000 0.000000
0.999758 -0.022010 0.000000 89.190568 0.022010 0.999758 0.000000 0.901316 0.000000 0.000000 1.000000 0.000000
0.999825 -0.018700 0.000000 89.865837 0.018700 0.999825 0.000000 0.883937 0.000000 0.000000 1.000000 0.000000
0.999849 -0.017384 0.000000 90.221211 0.017384 0.999849 0.000000 0.871666 0.000000 0.000000 1.000000 0.000000
0.999851 -0.017251 0.000000 90.908397 0.017251 0.999851 0.000000 0.904041 0.000000 0.000000 1.000000 0.000000
0.999868 -0.016233 0.000000 91.319032 0.016233 0.999868 0.000000 0.727987 0.000000 0.000000 1.000000 0.000000
0.999871 -0.016039 0.000000 91.908488 0.016039 0.999871 0.000000 0.735896 0.000000 0.000000 1.000000 0.000000
0.999879 -0.015548 0.000000 92.475687 0.015548 0.999879 0.000000 0.724225 0.000000 0.000000 1.000000 0.000000
0.999943 -0.010675 0.000000 93.616173 0.010675 0.999943 0.000000 0.714769 0.000000 0.000000 1.000000 0.000000
0.999932 -0.011644 0.000000 94.132402 0.011644 0.999932 0.000000 0.773100 0.000000 0.000000 1.000000 0.000000
0.999970 -0.007784 0.000000 94.636224 0.007784 0.999970 0.000000 0.713359 0.000000 0.000000 1.000000 0.000000
0.999987 -0.005183 0.000000 95.416667 0.005183 0.999987 0.000000 0.794048 0.000000 0.000000 1.000000 0.000000
0.999994 -0.003474 0.000000 95.933133 0.003474 0.999994 0.000000 0.806216 0.000000 0.000000 1.000000 0.000000
0.999999 0.001054 0.000000 96.401022 -0.001054 0.999999 -0.000000 0.757158 -0.000000 0.000000 1.000000 0.000000
0.999998 0.001999 0.000000 96.827925 -0.001999 0.999998 -0.000000 0.732382 -0.000000 0.000000 1.000000 0.000000
0.999991 0.004168 0.000000 97.290504 -0.004168 0.999991 -0.000000 0.785077 -0.000000 0.000000 1.000000 0.000000
0.999978 0.006592 0.000000 97.749991 -0.006592 0.999978 -0.000000 0.766424 -0.000000 0.000000 1.000000 0.000000
0.999969 0.007837 0.000000 98.574409 -0.007837 0.999969 -0.000000 0.791428 -0.000000 0.000000 1.000000 0.000000
0.999923 0.012426 0.000000 99.229707 -0.012426 0.999923 -0.000000 0.712938 -0.000000 0.000000 1.000000 0.000000
0.999886 0.015118 0.000000 99.670577 -0.015118 0.999886 -0.000000 0.692324 -0.000000 0.000000 1.000000 0.000000
0.999735 0.023011 0.000000 100.194997 -0.023011 0.999735 -0.000000 0.615515 -0.000000 0.000000 1.000000 0.000000
0.999639 0.026864 0.000000 100.672649 -0.026864 0.999639 -0.000000 0.603366 -0.000000 0.000000 1.000000 0.000000
0.999634 0.027063 0.000000 101.145965 -0.027063 0.999634 -0.000000 0.573216 -0.000000 0.000000 1.000000 0.000000
0.999546 0.030119 0.000000 101.537245 -0.030119 0.999546 -0.000000 0.611758 -0.000000 0.000000 1.000000 0.000000
0.999356 0.035870 0.000000 102.085562 -0.035870 0.999356 -0.000000 0.586286 -0.000000 0.000000 1.000000 0.000000
0.999154 0.041131 0.000000 102.550689 -0.041131 0.999154 -0.000000 0.501993 -0.000000 0.000000 1.000000 0.000000
0.998913 0.046606 0.000000 102.978345 -0.046606 0.998913 -0.000000 0.463405 -0.000000 0.000000 1.000000 0.000000
0.998818 0.048606 0.000000 103.388270 -0.048606 0.998818 -0.000000 0.430778 -0.000000 0.000000 1.000000 0.000000
0.998543 0.053961 0.000000 104.157126 -0.053961 0.998543 -0.000000 0.391695 -0.000000 0.000000 1.000000 0.000000
0.998307 0.058168 0.000000 104.627541 -0.058168 0.998307 -0.000000 0.361715 -0.000000 0.000000 1.000000 0.000000
0.998117 0.061337 0.000000 105.062301 -0.061337 0.998117 -0.000000 0.293128 -0.000000 0.000000 1.000000 0.000000
0.997859 0.065400 0.000000 105.597861 -0.065400 0.997859 -0.000000 0.254549 -0.000000 0.000000 1.000000 0.000000
0.997798 0.066328 0.000000 106.011277 -0.066328 0.997798 -0.000000 0.237228 -0.000000 0.000000 1.000000 0.000000
0.997702 0.067754 0.000000 106.408288 -0.067754 0.997702 -0.000000 0.203009 -0.000000 0.000000 1.000000 0.000000
0.997398 0.072088 0.000000 106.816760 -0.072088 0.997398 -0.000000 0.166924 -0.000000 0.000000 1.000000 0.000000
0.997163 0.075268 0.000000 107.436675 -0.075268 0.997163 -0.000000 0.112816 -0.000000 0.000000 1.000000 0.000000
0.996923 0.078383 0.000000 108.240846 -0.078383 0.996923 -0.000000 0.035533 -0.000000 0.000000 1.000000 0.000000
0.996805 0.079868 0.000000 108.629678 -0.079868 0.996805 -0.000000 -0.046190 -0.000000 0.000000 1.000000 0.000000
0.996648 0.081809 0.000000 109.046522 -0.081809 0.996648 -0.000000 -0.089877 -0.000000 0.000000 1.000000 0.000000
0.996402 0.084751 0.000000 109.621593 -0.084751 0.996402 -0.000000 -0.149316 -0.000000 0.000000 1.000000 0.000000
0.996121 0.087994 0.000000 110.340016 -0.087994 0.996121 -0.000000 -0.215108 -0.000000 0.000000 1.000000 0.000000
0.996035 0.088965 0.000000 110.783576 -0.088965 0.996035 -0.000000 -0.281911 -0.000000 0.000000 1.000000 0.000000
0.996109 0.088128 0.000000 111.384357 -0.088128 0.996109 -0.000000 -0.354550 -0.000000 0.000000 1.000000 0.000000
0.996041 0.088893 0.000000 111.744101 -0.088893 0.996041 -0.000000 -0.410869 -0.000000 0.000000 1.000000 0.000000
0.995943 0.089982 0.000000 112.487812 -0.089982 0.995943 -0.000000 -0.509366 -0.000000 0.000000 1.000000 0.000000
0.995410 0.095705 0.000000 112.866257 -0.095705 0.995410 -0.000000 -0.652345 -0.000000 0.000000 1.000000 0.000000
0.995407 0.095734 0.000000 113.270144 -0.095734 0.995407 -0.000000 -0.704576 -0.000000 0.000000 1.000000 0.000000
0.995224 0.097613 0.000000 113.767946 -0.097613 0.995224 -0.000000 -0.830605 -0.000000 0.000000 1.000000 0.000000
0.995475 0.095029 0.000000 114.176627 -0.095029 0.995475 -0.000000 -0.893105 -0.000000 0.000000 1.000000 0.000000
0.995171 0.098161 0.000000 114.631710 -0.098161 0.995171 -0.000000 -1.001667 -0.000000 0.000000 1.000000 0.000000
0.995158 0.098285 0.000000 115.083620 -0.098285 0.995158 -0.000000 -1.038594 -0.000000 0.000000 1.000000 0.000000
0.994920 0.100672 0.000000 115.558559 -0.100672 0.994920 -0.000000 -1.136405 -0.000000 0.000000 1.000000 0.000000
0.994796 0.101890 0.000000 116.003925 -0.101890 0.994796 -0.000000 -1.195649 -0.000000 0.000000 1.000000 0.000000
0.994798 0.101868 0.000000 116.400227 -0.101868 0.994798 -0.000000 -1.312179 -0.000000 0.000000 1.000000 0.000000
0.994402 0.105664 0.000000 116.707171 -0.105664 0.994402 -0.000000 -1.359169 -0.000000 0.000000 1.000000 0.000000
0.994373 0.105934 0.000000 117.506900 -0.105934 0.994373 -0.000000 -1.459658 -0.000000 0.000000 1.000000 0.000000
0.994292 0.106695 0.000000 117.967581 -0.106695 0.994292 -0.000000 -1.519549 -0.000000 0.000000 1.000000 0.000000
0.994300 0.106620 0.000000 118.427684 -0.106620 0.994300 -0.000000 -1.550480 -0.000000 0.000000 1.000000 0.000000
0.993897 0.110316 0.000000 118.779778 -0.110316 0.993897 -0.000000 -1.590887 -0.000000 0.000000 1.000000 0.000000
0.993726 0.111844 0.000000 119.139994 -0.111844 0.993726 -0.000000 -1.612012 -0.000000 0.000000 1.000000 0.000000
0.993355 0.115089 0.000000 119.568838 -0.115089 0.993355 -0.000000 -1.682837 -0.000000 0.000000 1.000000 0.000000
0.993127 0.117040 0.000000 120.148703 -0.117040 0.993127 -0.000000 -1.878476 -0.000000 0.000000 1.000000 0.000000
0.992864 0.119252 0.000000 120.726709 -0.119252 0.992864 -0.000000 -1.966451 -0.000000 0.000000 1.000000 0.000000
0.992670 0.120859 0.000000 121.282889 -0.120859 0.992670 -0.000000 -2.050889 -0.000000 0.000000 1.000000 0.000000
0.992312 0.123762 0.000000 121.690599 -0.123762 0.992312 -0.000000 -2.087844 -0.000000 0.000000 1.000000 0.000000
0.992099 0.125458 0.000000 122.225097 -0.125458 0.992099 -0.000000 -2.156338 -0.000000 0.000000 1.000000 0.000000
0.991829 0.127578 0.000000 122.784208 -0.127578 0.991829 -0.000000 -2.282803 -0.000000 0.000000 1.000000 0.000000
0.991495 0.130147 0.000000 123.205424 -0.130147 0.991495 -0.000000 -2.331774 -0.000000 0.000000 1.000000 0.000000
0.991248 0.132013 0.000000 123.654970 -0.132013 0.991248 -0.000000 -2.400613 -0.000000 0.000000 1.000000 0.000000
0.990976 0.134036 0.000000 124.300920 -0.134036 0.990976 -0.000000 -2.471253 -0.000000 0.000000 1.000000 0.000000
0.991007 0.133807 0.000000 124.743718 -0.133807 0.991007 -0.000000 -2.540524 -0.000000 0.000000 1.000000 0.000000
0.990657 0.136379 0.000000 125.106088 -0.136379 0.990657 -0.000000 -2.633214 -0.000000 0.000000 1.000000 0.000000
0.990349 0.138594 0.000000 125.567550 -0.138594 0.990349 -0.000000 -2.740338 -0.000000 0.000000 1.000000 0.000000
0.990181 0.139793 0.000000 125.888725 -0.139793 0.990181 -0.000000 -2.792353 -0.000000 0.000000 1.000000 0.000000
0.990130 0.140149 0.000000 126.400945 -0.140149 0.990130 -0.000000 -2.881218 -0.000000 0.000000 1.000000 0.000000
0.989742 0.142869 0.000000 127.050830 -0.142869 0.989742 -0.000000 -2.984425 -0.000000 0.000000 1.000000 0.000000
0.989712 0.143071 0.000000 127.979487 -0.143071 0.989712 -0.000000 -3.086930 -0.000000 0.000000 1.000000 0.000000
0.989773 0.142652 0.000000 128.196809 -0.142652 0.989773 -0.000000 -3.271113 -0.000000 0.000000 1.000000 0.000000
0.989876 0.141933 0.000000 129.148617 -0.141933 0.989876 -0.000000 -3.382290 -0.000000 0.000000 1.000000 0.000000
0.989875 0.141942 0.000000 129.442188 -0.141942 0.989875 -0.000000 -3.542288 -0.000000 0.000000 1.000000 0.000000
0.989757 0.142762 0.000000 129.862005 -0.142762 0.989757 -0.000000 -3.587267 -0.000000 0.000000 1.000000 0.000000
0.989385 0.145317 0.000000 130.227708 -0.145317 0.989385 -0.000000 -3.700260 -0.000000 0.000000 1.000000 0.000000
0.989426 0.145042 0.000000 130.711888 -0.145042 0.989426 -0.000000 -3.713660 -0.000000 0.000000 1.000000 0.000000
0.989473 0.144719 0.000000 131.188572 -0.144719 0.989473 -0.000000 -3.763356 -0.000000 0.000000 1.000000 0.000000
0.989673 0.143346 0.000000 131.640063 -0.143346 0.989673 -0.000000 -3.839892 -0.000000 0.000000 1.000000 0.000000
0.989458 0.144818 0.000000 132.242232 -0.144818 0.989458 -0.000000 -3.937193 -0.000000 0.000000 1.000000 0.000000
0.989626 0.143670 0.000000 132.754257 -0.143670 0.989626 -0.000000 -4.017416 -0.000000 0.000000 1.000000 0.000000
0.990013 0.140977 0.000000 133.529273 -0.140977 0.990013 -0.000000 -4.163976 -0.000000 0.000000 1.000000 0.000000
0.990215 0.139553 0.000000 133.947506 -0.139553 0.990215 -0.000000 -4.085067 -0.000000 0.000000 1.000000 0.000000
0.990063 0.140622 0.000000 134.441691 -0.140622 0.990063 -0.000000 -4.145079 -0.000000 0.000000 1.000000 0.000000
0.990064 0.140616 0.000000 134.626813 -0.140616 0.990064 -0.000000 -4.141272 -0.000000 0.000000 1.000000 0.000000
0.989566 0.144079 0.000000 135.101394 -0.144079 0.989566 -0.000000 -4.335093 -0.000000 0.000000 1.000000 0.000000
0.989860 0.142047 0.000000 135.707667 -0.142047 0.989860 -0.000000 -4.314029 -0.000000 0.000000 1.000000 0.000000
0.989568 0.144068 0.000000 136.119773 -0.144068 0.989568 -0.000000 -4.462529 -0.000000 0.000000 1.000000 0.000000
0.989515 0.144432 0.000000 136.825455 -0.144432 0.989515 -0.000000 -4.562255 -0.000000 0.000000 1.000000 0.000000
0.989439 0.144947 0.000000 137.277130 -0.144947 0.989439 -0.000000 -4.753011 -0.000000 0.000000 1.000000 0.000000
0.988890 0.148652 0.000000 137.646347 -0.148652 0.988890 -0.000000 -4.902886 -0.000000 0.000000 1.000000 0.000000
0.988882 0.148702 0.000000 138.127847 -0.148702 0.988882 -0.000000 -5.021069 -0.000000 0.000000 1.000000 0.000000
0.988618 0.150448 0.000000 138.687286 -0.150448 0.988618 -0.000000 -5.115210 -0.000000 0.000000 1.000000 0.000000
0.988222 0.153024 0.000000 139.340973 -0.153024 0.988222 -0.000000 -5.186753 -0.000000 0.000000 1.000000 0.000000
0.985425 0.170110 0.000000 143.202862 -0.170110 0.985425 -0.000000 -6.030682 -0.000000 0.000000 1.000000 0.000000
0.985665 0.168714 0.000000 143.755026 -0.168714 0.985665 -0.000000 -6.152286 -0.000000 0.000000 1.000000 0.000000
0.985556 0.169351 0.000000 144.860847 -0.169351 0.985556 -0.000000 -6.435272 -0.000000 0.000000 1.000000 0.000000
0.985269 0.171012 0.000000 146.046671 -0.171012 0.985269 -0.000000 -6.667645 -0.000000 0.000000 1.000000 0.000000
0.985450 0.169967 0.000000 146.641907 -0.169967 0.985450 -0.000000 -6.804701 -0.000000 0.000000 1.000000 0.000000
0.985727 0.168353 0.000000 147.243249 -0.168353 0.985727 -0.000000 -6.835080 -0.000000 0.000000 1.000000 0.000000
0.985487 0.169754 0.000000 147.703733 -0.169754 0.985487 -0.000000 -7.005847 -0.000000 0.000000 1.000000 0.000000
0.985318 0.170727 0.000000 148.184746 -0.170727 0.985318 -0.000000 -7.100665 -0.000000 0.000000 1.000000 0.000000
0.985591 0.169145 0.000000 148.855277 -0.169145 0.985591 -0.000000 -7.153840 -0.000000 0.000000 1.000000 0.000000
0.984940 0.172896 0.000000 149.383778 -0.172896 0.984940 -0.000000 -7.357666 -0.000000 0.000000 1.000000 0.000000
0.985235 0.171208 0.000000 150.015237 -0.171208 0.985235 -0.000000 -7.531338 -0.000000 0.000000 1.000000 0.000000
0.985280 0.170949 0.000000 150.601735 -0.170949 0.985280 -0.000000 -7.719080 -0.000000 0.000000 1.000000 0.000000
0.986094 0.166188 0.000000 151.541730 -0.166188 0.986094 -0.000000 -7.802531 -0.000000 0.000000 1.000000 0.000000
0.986025 0.166595 0.000000 152.196723 -0.166595 0.986025 -0.000000 -7.948643 -0.000000 0.000000 1.000000 0.000000
0.986535 0.163549 0.000000 152.773923 -0.163549 0.986535 -0.000000 -8.058470 -0.000000 0.000000 1.000000 0.000000
0.986937 0.161107 0.000000 153.369418 -0.161107 0.986937 -0.000000 -8.158932 -0.000000 0.000000 1.000000 0.000000
0.987297 0.158884 0.000000 154.084307 -0.158884 0.987297 -0.000000 -8.375154 -0.000000 0.000000 1.000000 0.000000
0.987094 0.160143 0.000000 154.630326 -0.160143 0.987094 -0.000000 -8.475563 -0.000000 0.000000 1.000000 0.000000
0.987006 0.160685 0.000000 155.254940 -0.160685 0.987006 -0.000000 -8.547444 -0.000000 0.000000 1.000000 0.000000
0.986845 0.161671 0.000000 155.886039 -0.161671 0.986845 -0.000000 -8.655260 -0.000000 0.000000 1.000000 0.000000
0.986696 0.162575 0.000000 156.633364 -0.162575 0.986696 -0.000000 -8.820185 -0.000000 0.000000 1.000000 0.000000
0.986548 0.163473 0.000000 157.206060 -0.163473 0.986548 -0.000000 -8.926020 -0.000000 0.000000 1.000000 0.000000
0.986699 0.162558 0.000000 157.778330 -0.162558 0.986699 -0.000000 -9.072264 -0.000000 0.000000 1.000000 0.000000
0.987021 0.160594 0.000000 158.293828 -0.160594 0.987021 -0.000000 -9.188283 -0.000000 0.000000 1.000000 0.000000
0.986993 0.160764 0.000000 158.914383 -0.160764 0.986993 -0.000000 -9.272498 -0.000000 0.000000 1.000000 0.000000
0.986984 0.160819 0.000000 159.493456 -0.160819 0.986984 -0.000000 -9.382993 -0.000000 0.000000 1.000000 0.000000
0.987441 0.157991 0.000000 160.044146 -0.157991 0.987441 -0.000000 -9.526430 -0.000000 0.000000 1.000000 0.000000
0.987260 0.159118 0.000000 160.661857 -0.159118 0.987260 -0.000000 -9.638968 -0.000000 0.000000 1.000000 0.000000
0.986957 0.160983 0.000000 161.845695 -0.160983 0.986957 -0.000000 -9.885796 -0.000000 0.000000 1.000000 0.000000
0.987170 0.159671 0.000000 162.367821 -0.159671 0.987170 -0.000000 -10.003178 -0.000000 0.000000 1.000000 0.000000
0.987322 0.158732 0.000000 162.931980 -0.158732 0.987322 -0.000000 -10.088798 -0.000000 0.000000 1.000000 0.000000
0.987124 0.159954 0.000000 163.606047 -0.159954 0.987124 -0.000000 -10.109945 -0.000000 0.000000 1.000000 0.000000
0.987109 0.160047 0.000000 164.167632 -0.160047 0.987109 -0.000000 -10.210246 -0.000000 0.000000 1.000000 0.000000
0.986664 0.162772 0.000000 165.296939 -0.162772 0.986664 -0.000000 -10.399937 -0.000000 0.000000 1.000000 0.000000
0.986373 0.164523 0.000000 166.044034 -0.164523 0.986373 -0.000000 -10.554706 -0.000000 0.000000 1.000000 0.000000
0.986201 0.165551 0.000000 166.560865 -0.165551 0.986201 -0.000000 -10.705512 -0.000000 0.000000 1.000000 0.000000
0.986129 0.165982 0.000000 167.218995 -0.165982 0.986129 -0.000000 -10.795563 -0.000000 0.000000 1.000000 0.000000
0.985915 0.167249 0.000000 167.912873 -0.167249 0.985915 -0.000000 -10.967366 -0.000000 0.000000 1.000000 0.000000
0.985888 0.167406 0.000000 168.415631 -0.167406 0.985888 -0.000000 -11.118727 -0.000000 0.000000 1.000000 0.000000
0.986225 0.165411 0.000000 168.913266 -0.165411 0.986225 -0.000000 -11.298681 -0.000000 0.000000 1.000000 0.000000
0.986355 0.164635 0.000000 169.534918 -0.164635 0.986355 -0.000000 -11.361691 -0.000000 0.000000 1.000000 0.000000
0.986258 0.165210 0.000000 170.093439 -0.165210 0.986258 -0.000000 -11.470550 -0.000000 0.000000 1.000000 0.000000
0.986241 0.165317 0.000000 170.760848 -0.165317 0.986241 -0.000000 -11.517078 -0.000000 0.000000 1.000000 0.000000
0.986467 0.163958 0.000000 171.294461 -0.163958 0.986467 -0.000000 -11.626483 -0.000000 0.000000 1.000000 0.000000
0.986630 0.162974 0.000000 171.840093 -0.162974 0.986630 -0.000000 -11.735815 -0.000000 0.000000 1.000000 0.000000
0.986560 0.163401 0.000000 172.451032 -0.163401 0.986560 -0.000000 -11.830017 -0.000000 0.000000 1.000000 0.000000
0.986897 0.161351 0.000000 173.094158 -0.161351 0.986897 -0.000000 -11.934620 -0.000000 0.000000 1.000000 0.000000
0.986612 0.163083 0.000000 173.851658 -0.163083 0.986612 -0.000000 -12.056779 -0.000000 0.000000 1.000000 0.000000
0.986708 0.162504 0.000000 174.486766 -0.162504 0.986708 -0.000000 -12.186598 -0.000000 0.000000 1.000000 0.000000
0.986839 0.161708 0.000000 174.983387 -0.161708 0.986839 -0.000000 -12.252611 -0.000000 0.000000 1.000000 0.000000
0.987016 0.160622 0.000000 175.529070 -0.160622 0.987016 -0.000000 -12.233288 -0.000000 0.000000 1.000000 0.000000
0.987202 0.159476 0.000000 176.129089 -0.159476 0.987202 -0.000000 -12.350304 -0.000000 0.000000 1.000000 0.000000
0.987339 0.158625 0.000000 176.724767 -0.158625 0.987339 -0.000000 -12.479274 -0.000000 0.000000 1.000000 0.000000
0.987187 0.159568 0.000000 177.365659 -0.159568 0.987187 -0.000000 -12.600290 -0.000000 0.000000 1.000000 0.000000
0.987127 0.159936 0.000000 177.963703 -0.159936 0.987127 -0.000000 -12.767657 -0.000000 0.000000 1.000000 0.000000
0.986989 0.160787 0.000000 178.582087 -0.160787 0.986989 -0.000000 -12.879125 -0.000000 0.000000 1.000000 0.000000
0.986957 0.160984 0.000000 179.330682 -0.160984 0.986957 -0.000000 -12.925805 -0.000000 0.000000 1.000000 0.000000
0.987339 0.158626 0.000000 179.918273 -0.158626 0.987339 -0.000000 -12.972070 -0.000000 0.000000 1.000000 0.000000
0.987612 0.156915 0.000000 180.757694 -0.156915 0.987612 -0.000000 -13.106559 -0.000000 0.000000 1.000000 0.000000
0.987359 0.158501 0.000000 181.370825 -0.158501 0.987359 -0.000000 -13.290549 -0.000000 0.000000 1.000000 0.000000
0.987447 0.157954 0.000000 182.089493 -0.157954 0.987447 -0.000000 -13.454183 -0.000000 0.000000 1.000000 0.000000
0.987877 0.155238 0.000000 182.654886 -0.155238 0.987877 -0.000000 -13.593438 -0.000000 0.000000 1.000000 0.000000
0.987350 0.158556 0.000000 183.236053 -0.158556 0.987350 -0.000000 -13.727765 -0.000000 0.000000 1.000000 0.000000
0.987475 0.157778 0.000000 183.686724 -0.157778 0.987475 -0.000000 -13.817429 -0.000000 0.000000 1.000000 0.000000
0.987358 0.158506 0.000000 184.353216 -0.158506 0.987358 -0.000000 -13.875233 -0.000000 0.000000 1.000000 0.000000
0.987453 0.157913 0.000000 184.864810 -0.157913 0.987453 -0.000000 -13.985347 -0.000000 0.000000 1.000000 0.000000
0.987821 0.155592 0.000000 185.522046 -0.155592 0.987821 -0.000000 -14.058976 -0.000000 0.000000 1.000000 0.000000
0.987889 0.155162 0.000000 186.253161 -0.155162 0.987889 -0.000000 -14.151504 -0.000000 0.000000 1.000000 0.000000
0.988189 0.153240 0.000000 186.967796 -0.153240 0.988189 -0.000000 -14.317859 -0.000000 0.000000 1.000000 0.000000
0.988657 0.150192 0.000000 187.659816 -0.150192 0.988657 -0.000000 -14.414742 -0.000000 0.000000 1.000000 0.000000
0.988526 0.151053 0.000000 188.269546 -0.151053 0.988526 -0.000000 -14.527860 -0.000000 0.000000 1.000000 0.000000
0.988697 0.149925 0.000000 188.799751 -0.149925 0.988697 -0.000000 -14.649900 -0.000000 0.000000 1.000000 0.000000
0.988453 0.151528 0.000000 189.499327 -0.151528 0.988453 -0.000000 -14.744272 -0.000000 0.000000 1.000000 0.000000
0.988866 0.148807 0.000000 189.986058 -0.148807 0.988866 -0.000000 -14.861311 -0.000000 0.000000 1.000000 0.000000
0.988519 0.151097 0.000000 190.590726 -0.151097 0.988519 -0.000000 -14.937793 -0.000000 0.000000 1.000000 0.000000
0.988782 0.149363 0.000000 191.283782 -0.149363 0.988782 -0.000000 -15.045702 -0.000000 0.000000 1.000000 0.000000
0.988752 0.149564 0.000000 192.013292 -0.149564 0.988752 -0.000000 -15.176834 -0.000000 0.000000 1.000000 0.000000
0.988829 0.149052 0.000000 192.576791 -0.149052 0.988829 -0.000000 -15.231747 -0.000000 0.000000 1.000000 0.000000
0.988690 0.149972 0.000000 193.097377 -0.149972 0.988690 -0.000000 -15.319857 -0.000000 0.000000 1.000000 0.000000
0.988100 0.153812 0.000000 193.787951 -0.153812 0.988100 -0.000000 -15.552671 -0.000000 0.000000 1.000000 0.000000
0.988604 0.150538 0.000000 194.424334 -0.150538 0.988604 -0.000000 -15.587041 -0.000000 0.000000 1.000000 0.000000
0.988524 0.151066 0.000000 195.055680 -0.151066 0.988524 -0.000000 -15.713581 -0.000000 0.000000 1.000000 0.000000
0.988467 0.151434 0.000000 195.736865 -0.151434 0.988467 -0.000000 -15.811766 -0.000000 0.000000 1.000000 0.000000
0.988614 0.150472 0.000000 196.524569 -0.150472 0.988614 -0.000000 -16.030444 -0.000000 0.000000 1.000000 0.000000
0.988093 0.153858 0.000000 197.128435 -0.153858 0.988093 -0.000000 -16.116004 -0.000000 0.000000 1.000000 0.000000
0.987945 0.154805 0.000000 197.569597 -0.154805 0.987945 -0.000000 -16.198634 -0.000000 0.000000 1.000000 0.000000
0.987861 0.155341 0.000000 198.069954 -0.155341 0.987861 -0.000000 -16.290469 -0.000000 0.000000 1.000000 0.000000
0.987236 0.159264 0.000000 198.466932 -0.159264 0.987236 -0.000000 -16.360281 -0.000000 0.000000 1.000000 0.000000
0.987400 0.158243 0.000000 199.084005 -0.158243 0.987400 -0.000000 -16.468000 -0.000000 0.000000 1.000000 0.000000
0.987794 0.155769 0.000000 199.722195 -0.155769 0.987794 -0.000000 -16.522321 -0.000000 0.000000 1.000000 0.000000
0.988402 0.151863 0.000000 200.336348 -0.151863 0.988402 -0.000000 -16.627235 -0.000000 0.000000 1.000000 0.000000
0.988255 0.152813 0.000000 200.824326 -0.152813 0.988255 -0.000000 -16.727833 -0.000000 0.000000 1.000000 0.000000
0.988336 0.152290 0.000000 201.831768 -0.152290 0.988336 -0.000000 -16.892949 -0.000000 0.000000 1.000000 0.000000
0.988649 0.150246 0.000000 202.337769 -0.150246 0.988649 -0.000000 -16.947610 -0.000000 0.000000 1.000000 0.000000
0.988723 0.149757 0.000000 203.296843 -0.149757 0.988723 -0.000000 -17.154347 -0.000000 0.000000 1.000000 0.000000
0.988589 0.150639 0.000000 204.058364 -0.150639 0.988589 -0.000000 -17.269273 -0.000000 0.000000 1.000000 0.000000
0.988642 0.150290 0.000000 205.035115 -0.150290 0.988642 -0.000000 -17.445956 -0.000000 0.000000 1.000000 0.000000
0.988707 0.149863 0.000000 205.712015 -0.149863 0.988707 -0.000000 -17.651785 -0.000000 0.000000 1.000000 0.000000
0.988547 0.150913 0.000000 206.288350 -0.150913 0.988547 -0.000000 -17.757978 -0.000000 0.000000 1.000000 0.000000
0.988393 0.151922 0.000000 206.876715 -0.151922 0.988393 -0.000000 -17.861712 -0.000000 0.000000 1.000000 0.000000
0.988714 0.149814 0.000000 207.404281 -0.149814 0.988714 -0.000000 -17.915320 -0.000000 0.000000 1.000000 0.000000
0.988914 0.148489 0.000000 208.114696 -0.148489 0.988914 -0.000000 -18.029942 -0.000000 0.000000 1.000000 0.000000
0.988779 0.149383 0.000000 208.807847 -0.149383 0.988779 -0.000000 -18.152178 -0.000000 0.000000 1.000000 0.000000
0.988356 0.152160 0.000000 209.924061 -0.152160 0.988356 -0.000000 -18.400811 -0.000000 0.000000 1.000000 0.000000
0.988427 0.151701 0.000000 210.476142 -0.151701 0.988427 -0.000000 -18.535176 -0.000000 0.000000 1.000000 0.000000
0.988441 0.151604 0.000000 211.022799 -0.151604 0.988441 -0.000000 -18.672981 -0.000000 0.000000 1.000000 0.000000
0.988765 0.149475 0.000000 211.627938 -0.149475 0.988765 -0.000000 -18.748804 -0.000000 0.000000 1.000000 0.000000
0.988810 0.149177 0.000000 211.870575 -0.149177 0.988810 -0.000000 -18.773211 -0.000000 0.000000 1.000000 0.000000
0.988943 0.148295 0.000000 212.538932 -0.148295 0.988943 -0.000000 -18.877606 -0.000000 0.000000 1.000000 0.000000
0.988899 0.148591 0.000000 213.148887 -0.148591 0.988899 -0.000000 -19.013512 -0.000000 0.000000 1.000000 0.000000
0.988837 0.149004 0.000000 213.339754 -0.149004 0.988837 -0.000000 -19.012856 -0.000000 0.000000 1.000000 0.000000
0.988983 0.148026 0.000000 213.989383 -0.148026 0.988983 -0.000000 -19.148204 -0.000000 0.000000 1.000000 0.000000
0.989030 0.147712 0.000000 214.469188 -0.147712 0.989030 -0.000000 -19.240887 -0.000000 0.000000 1.000000 0.000000
0.988985 0.148015 0.000000 215.143038 -0.148015 0.988985 -0.000000 -19.307318 -0.000000 0.000000 1.000000 0.000000
0.988966 0.148143 0.000000 215.590942 -0.148143 0.988966 -0.000000 -19.385590 -0.000000 0.000000 1.000000 0.000000
0.988356 0.152156 0.000000 216.198258 -0.152156 0.988356 -0.000000 -19.499445 -0.000000 0.000000 1.000000 0.000000
0.988428 0.151692 0.000000 216.821346 -0.151692 0.988428 -0.000000 -19.652026 -0.000000 0.000000 1.000000 0.000000
0.988549 0.150900 0.000000 217.376217 -0.150900 0.988549 -0.000000 -19.706284 -0.000000 0.000000 1.000000 0.000000
0.988587 0.150653 0.000000 217.877341 -0.150653 0.988587 -0.000000 -19.769911 -0.000000 0.000000 1.000000 0.000000
0.988483 0.151334 0.000000 218.384162 -0.151334 0.988483 -0.000000 -19.744260 -0.000000 0.000000 1.000000 0.000000
0.988906 0.148544 0.000000 218.983256 -0.148544 0.988906 -0.000000 -19.860953 -0.000000 0.000000 1.000000 0.000000
0.988530 0.151024 0.000000 219.610584 -0.151024 0.988530 -0.000000 -19.988371 -0.000000 0.000000 1.000000 0.000000
0.988854 0.148890 0.000000 220.172730 -0.148890 0.988854 -0.000000 -20.122739 -0.000000 0.000000 1.000000 0.000000
0.989315 0.145796 0.000000 220.708220 -0.145796 0.989315 -0.000000 -20.129113 -0.000000 0.000000 1.000000 0.000000
0.989487 0.144622 0.000000 221.376889 -0.144622 0.989487 -0.000000 -20.234588 -0.000000 0.000000 1.000000 0.000000
0.989569 0.144057 0.000000 222.039660 -0.144057 0.989569 -0.000000 -20.288466 -0.000000 0.000000 1.000000 0.000000
0.990036 0.140816 0.000000 222.885471 -0.140816 0.990036 -0.000000 -20.445348 -0.000000 0.000000 1.000000 0.000000
0.990528 0.137310 0.000000 223.567030 -0.137310 0.990528 -0.000000 -20.504105 -0.000000 0.000000 1.000000 0.000000
0.990717 0.135941 0.000000 224.212077 -0.135941 0.990717 -0.000000 -20.499540 -0.000000 0.000000 1.000000 0.000000
0.990741 0.135768 0.000000 224.634394 -0.135768 0.990741 -0.000000 -20.575230 -0.000000 0.000000 1.000000 0.000000
0.991154 0.132720 0.000000 225.785333 -0.132720 0.991154 -0.000000 -20.776602 -0.000000 0.000000 1.000000 0.000000
0.991372 0.131078 0.000000 226.399830 -0.131078 0.991372 -0.000000 -20.904671 -0.000000 0.000000 1.000000 0.000000
0.991563 0.129627 0.000000 227.021250 -0.129627 0.991563 -0.000000 -21.018136 -0.000000 0.000000 1.000000 0.000000
0.991870 0.127256 0.000000 227.398651 -0.127256 0.991870 -0.000000 -21.083534 -0.000000 0.000000 1.000000 0.000000
0.992141 0.125129 0.000000 228.272101 -0.125129 0.992141 -0.000000 -21.222995 -0.000000 0.000000 1.000000 0.000000
0.992441 0.122726 0.000000 229.029464 -0.122726 0.992441 -0.000000 -21.302287 -0.000000 0.000000 1.000000 0.000000
0.992588 0.121532 0.000000 229.575432 -0.121532 0.992588 -0.000000 -21.381969 -0.000000 0.000000 1.000000 0.000000
0.992757 0.120137 0.000000 230.163461 -0.120137 0.992757 -0.000000 -21.482399 -0.000000 0.000000 1.000000 0.000000
0.993038 0.117792 0.000000 230.519770 -0.117792 0.993038 -0.000000 -21.516670 -0.000000 0.000000 1.000000 0.000000
0.993188 0.116520 0.000000 230.986525 -0.116520 0.993188 -0.000000 -21.604673 -0.000000 0.000000 1.000000 0.000000
0.993326 0.115339 0.000000 231.546288 -0.115339 0.993326 -0.000000 -21.676544 -0.000000 0.000000 1.000000 0.000000
0.993484 0.113975 0.000000 232.096144 -0.113975 0.993484 -0.000000 -21.762232 -0.000000 0.000000 1.000000 0.000000
0.993647 0.112542 0.000000 232.642488 -0.112542 0.993647 -0.000000 -21.898352 -0.000000 0.000000 1.000000 0.000000
0.993952 0.109816 0.000000 232.716589 -0.109816 0.993952 -0.000000 -21.928378 -0.000000 0.000000 1.000000 0.000000
0.993604 0.112919 0.000000 233.166195 -0.112919 0.993604 -0.000000 -21.980807 -0.000000 0.000000 1.000000 0.000000
0.993801 0.111173 0.000000 233.867035 -0.111173 0.993801 -0.000000 -22.109268 -0.000000 0.000000 1.000000 0.000000
0.994045 0.108974 0.000000 234.181862 -0.108974 0.994045 -0.000000 -22.151733 -0.000000 0.000000 1.000000 0.000000
0.994020 0.109199 0.000000 235.034389 -0.109199 0.994020 -0.000000 -22.273827 -0.000000 0.000000 1.000000 0.000000
0.993915 0.110146 0.000000 235.507443 -0.110146 0.993915 -0.000000 -22.328844 -0.000000 0.000000 1.000000 0.000000
0.994165 0.107871 0.000000 236.286332 -0.107871 0.994165 -0.000000 -22.354030 -0.000000 0.000000 1.000000 0.000000
0.994388 0.105790 0.000000 236.914773 -0.105790 0.994388 -0.000000 -22.421397 -0.000000 0.000000 1.000000 0.000000
0.994544 0.104314 0.000000 237.616950 -0.104314 0.994544 -0.000000 -22.576906 -0.000000 0.000000 1.000000 0.000000
0.994517 0.104576 0.000000 238.559947 -0.104576 0.994517 -0.000000 -22.680804 -0.000000 0.000000 1.000000 0.000000
0.994598 0.103799 0.000000 239.132280 -0.103799 0.994598 -0.000000 -22.705883 -0.000000 0.000000 1.000000 0.000000
0.994705 0.102770 0.000000 239.663205 -0.102770 0.994705 -0.000000 -22.794062 -0.000000 0.000000 1.000000 0.000000
0.994705 0.102769 0.000000 240.222463 -0.102769 0.994705 -0.000000 -22.876763 -0.000000 0.000000 1.000000 0.000000
0.994657 0.103238 0.000000 240.756744 -0.103238 0.994657 -0.000000 -22.917810 -0.000000 0.000000 1.000000 0.000000
0.994588 0.103894 0.000000 241.310419 -0.103894 0.994588 -0.000000 -22.964496 -0.000000 0.000000 1.000000 0.000000
0.994965 0.100222 0.000000 241.864617 -0.100222 0.994965 -0.000000 -23.116461 -0.000000 0.000000 1.000000 0.000000
0.994888 0.100988 0.000000 242.435983 -0.100988 0.994888 -0.000000 -23.159033 -0.000000 0.000000 1.000000 0.000000
0.994918 0.100690 0.000000 243.025962 -0.100690 0.994918 -0.000000 -23.235661 -0.000000 0.000000 1.000000 0.000000
0.994782 0.102026 0.000000 243.611378 -0.102026 0.994782 -0.000000 -23.362419 -0.000000 0.000000 1.000000 0.000000
0.995093 0.098949 0.000000 244.316116 -0.098949 0.995093 -0.000000 -23.520301 -0.000000 0.000000 1.000000 0.000000
0.995002 0.099852 0.000000 244.800404 -0.099852 0.995002 -0.000000 -23.596593 -0.000000 0.000000 1.000000 0.000000
0.994913 0.100738 0.000000 245.406242 -0.100738 0.994913 -0.000000 -23.607628 -0.000000 0.000000 1.000000 0.000000
0.994865 0.101212 0.000000 245.902470 -0.101212 0.994865 -0.000000 -23.721709 -0.000000 0.000000 1.000000 0.000000
0.995032 0.099552 0.000000 246.570039 -0.099552 0.995032 -0.000000 -23.829612 -0.000000 0.000000 1.000000 0.000000
0.995055 0.099326 0.000000 247.099149 -0.099326 0.995055 -0.000000 -23.900615 -0.000000 0.000000 1.000000 0.000000
0.995045 0.099428 0.000000 247.673528 -0.099428 0.995045 -0.000000 -24.027642 -0.000000 0.000000 1.000000 0.000000
0.995271 0.097141 0.000000 248.361071 -0.097141 0.995271 -0.000000 -24.212512 -0.000000 0.000000 1.000000 0.000000
0.995043 0.099442 0.000000 248.739505 -0.099442 0.995043 -0.000000 -24.242458 -0.000000 0.000000 1.000000 0.000000
0.994784 0.102009 0.000000 249.206528 -0.102009 0.994784 -0.000000 -24.340719 -0.000000 0.000000 1.000000 0.000000
0.994702 0.102799 0.000000 249.792749 -0.102799 0.994702 -0.000000 -24.369569 -0.000000 0.000000 1.000000 0.000000
0.994816 0.101692 0.000000 250.389520 -0.101692 0.994816 -0.000000 -24.426416 -0.000000 0.000000 1.000000 0.000000
0.994624 0.103556 0.000000 250.833537 -0.103556 0.994624 -0.000000 -24.452682 -0.000000 0.000000 1.000000 0.000000
0.994825 0.101603 0.000000 251.385495 -0.101603 0.994825 -0.000000 -24.591274 -0.000000 0.000000 1.000000 0.000000
0.994757 0.102270 0.000000 251.899404 -0.102270 0.994757 -0.000000 -24.656900 -0.000000 0.000000 1.000000 0.000000
0.994857 0.101289 0.000000 252.533719 -0.101289 0.994857 -0.000000 -24.665684 -0.000000 0.000000 1.000000 0.000000
0.994916 0.100710 0.000000 253.115040 -0.100710 0.994916 -0.000000 -24.731890 -0.000000 0.000000 1.000000 0.000000
0.994536 0.104393 0.000000 253.633327 -0.104393 0.994536 -0.000000 -24.802525 -0.000000 0.000000 1.000000 0.000000
0.994549 0.104273 0.000000 254.254677 -0.104273 0.994549 -0.000000 -24.896714 -0.000000 0.000000 1.000000 0.000000
0.994629 0.103508 0.000000 254.887736 -0.103508 0.994629 -0.000000 -24.795920 -0.000000 0.000000 1.000000 0.000000
0.994171 0.107819 0.000000 255.785689 -0.107819 0.994171 -0.000000 -24.801918 -0.000000 0.000000 1.000000 0.000000
0.994012 0.109269 0.000000 256.341375 -0.109269 0.994012 -0.000000 -24.884789 -0.000000 0.000000 1.000000 0.000000
0.994008 0.109308 0.000000 257.146191 -0.109308 0.994008 -0.000000 -25.037271 -0.000000 0.000000 1.000000 0.000000
0.993914 0.110160 0.000000 258.203448 -0.110160 0.993914 -0.000000 -25.201806 -0.000000 0.000000 1.000000 0.000000
0.993850 0.110731 0.000000 259.000222 -0.110731 0.993850 -0.000000 -25.303047 -0.000000 0.000000 1.000000 0.000000
0.993695 0.112117 0.000000 259.546956 -0.112117 0.993695 -0.000000 -25.434087 -0.000000 0.000000 1.000000 0.000000
0.993667 0.112361 0.000000 260.070860 -0.112361 0.993667 -0.000000 -25.482651 -0.000000 0.000000 1.000000 0.000000
0.993461 0.114170 0.000000 260.646392 -0.114170 0.993461 -0.000000 -25.550390 -0.000000 0.000000 1.000000 0.000000
0.993316 0.115428 0.000000 261.143384 -0.115428 0.993316 -0.000000 -25.614168 -0.000000 0.000000 1.000000 0.000000
0.992944 0.118586 0.000000 261.703693 -0.118586 0.992944 -0.000000 -25.767980 -0.000000 0.000000 1.000000 0.000000
0.992893 0.119007 0.000000 262.096721 -0.119007 0.992893 -0.000000 -25.822841 -0.000000 0.000000 1.000000 0.000000
0.992557 0.121779 0.000000 262.548065 -0.121779 0.992557 -0.000000 -25.843149 -0.000000 0.000000 1.000000 0.000000
0.992551 0.121829 0.000000 263.054625 -0.121829 0.992551 -0.000000 -25.891777 -0.000000 0.000000 1.000000 0.000000
0.992516 0.122114 0.000000 263.428154 -0.122114 0.992516 -0.000000 -25.935902 -0.000000 0.000000 1.000000 0.000000
0.992515 0.122124 0.000000 264.060846 -0.122124 0.992515 -0.000000 -26.100918 -0.000000 0.000000 1.000000 0.000000
0.992502 0.122227 0.000000 264.418657 -0.122227 0.992502 -0.000000 -26.166926 -0.000000 0.000000 1.000000 0.000000
0.992581 0.121587 0.000000 264.932397 -0.121587 0.992581 -0.000000 -26.239404 -0.000000 0.000000 1.000000 0.000000
0.992858 0.119298 0.000000 265.502823 -0.119298 0.992858 -0.000000 -26.285543 -0.000000 0.000000 1.000000 0.000000
0.993021 0.117937 0.000000 265.963954 -0.117937 0.993021 -0.000000 -26.344024 -0.000000 0.000000 1.000000 0.000000
0.993038 0.117793 0.000000 266.634459 -0.117793 0.993038 -0.000000 -26.376894 -0.000000 0.000000 1.000000 0.000000
0.992939 0.118623 0.000000 267.132578 -0.118623 0.992939 -0.000000 -26.411546 -0.000000 0.000000 1.000000 0.000000
0.992523 0.122054 0.000000 267.735712 -0.122054 0.992523 -0.000000 -26.486560 -0.000000 0.000000 1.000000 0.000000
0.992534 0.121972 0.000000 268.377502 -0.121972 0.992534 -0.000000 -26.578303 -0.000000 0.000000 1.000000 0.000000
0.992681 0.120766 0.000000 268.839117 -0.120766 0.992681 -0.000000 -26.650648 -0.000000 0.000000 1.000000 0.000000
0.992708 0.120543 0.000000 269.214465 -0.120543 0.992708 -0.000000 -26.651383 -0.000000 0.000000 1.000000 0.000000
0.992521 0.122078 0.000000 269.547225 -0.122078 0.992521 -0.000000 -26.691451 -0.000000 0.000000 1.000000 0.000000
0.992401 0.123042 0.000000 270.021804 -0.123042 0.992401 -0.000000 -26.756916 -0.000000 0.000000 1.000000 0.000000
0.992049 0.125854 0.000000 270.303718 -0.125854 0.992049 -0.000000 -26.791765 -0.000000 0.000000 1.000000 0.000000
0.992117 0.125313 0.000000 270.753526 -0.125313 0.992117 -0.000000 -26.854969 -0.000000 0.000000 1.000000 0.000000
0.991887 0.127124 0.000000 271.499088 -0.127124 0.991887 -0.000000 -26.938400 -0.000000 0.000000 1.000000 0.000000
0.991806 0.127754 0.000000 271.653255 -0.127754 0.991806 -0.000000 -26.953251 -0.000000 0.000000 1.000000 0.000000
0.991733 0.128317 0.000000 272.106096 -0.128317 0.991733 -0.000000 -26.998876 -0.000000 0.000000 1.000000 0.000000
0.991541 0.129791 0.000000 272.580111 -0.129791 0.991541 -0.000000 -27.076360 -0.000000 0.000000 1.000000 0.000000
0.991569 0.129580 0.000000 273.111914 -0.129580 0.991569 -0.000000 -27.166440 -0.000000 0.000000 1.000000 0.000000
0.991540 0.129802 0.000000 273.760479 -0.129802 0.991540 -0.000000 -27.285049 -0.000000 0.000000 1.000000 0.000000
0.991491 0.130172 0.000000 274.006913 -0.130172 0.991491 -0.000000 -27.319562 -0.000000 0.000000 1.000000 0.000000
0.991097 0.133142 0.000000 274.372369 -0.133142 0.991097 -0.000000 -27.370025 -0.000000 0.000000 1.000000 0.000000
0.991153 0.132721 0.000000 274.581903 -0.132721 0.991153 -0.000000 -27.446049 -0.000000 0.000000 1.000000 0.000000
0.991034 0.133607 0.000000 275.085351 -0.133607 0.991034 -0.000000 -27.558516 -0.000000 0.000000 1.000000 0.000000
0.991008 0.133804 0.000000 275.527246 -0.133804 0.991008 -0.000000 -27.519306 -0.000000 0.000000 1.000000 0.000000
0.991101 0.133109 0.000000 275.853852 -0.133109 0.991101 -0.000000 -27.577412 -0.000000 0.000000 1.000000 0.000000
0.990881 0.134738 0.000000 276.570904 -0.134738 0.990881 -0.000000 -27.718789 -0.000000 0.000000 1.000000 0.000000
0.990869 0.134830 0.000000 276.965129 -0.134830 0.990869 -0.000000 -27.744891 -0.000000 0.000000 1.000000 0.000000
0.990757 0.135645 0.000000 277.192755 -0.135645 0.990757 -0.000000 -27.789423 -0.000000 0.000000 1.000000 0.000000
0.990692 0.136121 0.000000 277.417398 -0.136121 0.990692 -0.000000 -27.868591 -0.000000 0.000000 1.000000 0.000000
0.990696 0.136090 0.000000 277.544433 -0.136090 0.990696 -0.000000 -27.944010 -0.000000 0.000000 1.000000 0.000000
0.990654 0.136399 0.000000 278.010860 -0.136399 0.990654 -0.000000 -27.989409 -0.000000 0.000000 1.000000 0.000000
0.990683 0.136186 0.000000 278.415525 -0.136186 0.990683 -0.000000 -28.079237 -0.000000 0.000000 1.000000 0.000000
0.990465 0.137768 0.000000 279.021190 -0.137768 0.990465 -0.000000 -28.211908 -0.000000 0.000000 1.000000 0.000000
0.990662 0.136340 0.000000 279.327251 -0.136340 0.990662 -0.000000 -28.253263 -0.000000 0.000000 1.000000 0.000000
0.990374 0.138417 0.000000 279.789126 -0.138417 0.990374 -0.000000 -28.346085 -0.000000 0.000000 1.000000 0.000000
0.990225 0.139477 0.000000 279.953939 -0.139477 0.990225 -0.000000 -28.365401 -0.000000 0.000000 1.000000 0.000000
0.990194 0.139699 0.000000 280.442034 -0.139699 0.990194 -0.000000 -28.417601 -0.000000 0.000000 1.000000 0.000000
0.989966 0.141309 0.000000 280.592165 -0.141309 0.989966 -0.000000 -28.438631 -0.000000 0.000000 1.000000 0.000000
0.989824 0.142298 0.000000 281.536191 -0.142298 0.989824 -0.000000 -28.519625 -0.000000 0.000000 1.000000 0.000000
0.989981 0.141204 0.000000 281.854731 -0.141204 0.989981 -0.000000 -28.601731 -0.000000 0.000000 1.000000 0.000000
0.989935 0.141520 0.000000 282.082960 -0.141520 0.989935 -0.000000 -28.605642 -0.000000 0.000000 1.000000 0.000000
0.989944 0.141456 0.000000 282.205301 -0.141456 0.989944 -0.000000 -28.609591 -0.000000 0.000000 1.000000 0.000000
0.989917 0.141651 0.000000 282.206847 -0.141651 0.989917 -0.000000 -28.609390 -0.000000 0.000000 1.000000 0.000000
0.989953 0.141399 0.000000 282.790771 -0.141399 0.989953 -0.000000 -28.700557 -0.000000 0.000000 1.000000 0.000000
0.989989 0.141148 0.000000 282.886305 -0.141148 0.989989 -0.000000 -28.765246 -0.000000 0.000000 1.000000 0.000000
0.989862 0.142034 0.000000 283.245127 -0.142034 0.989862 -0.000000 -28.801151 -0.000000 0.000000 1.000000 0.000000
0.989603 0.143823 0.000000 283.387736 -0.143823 0.989603 -0.000000 -28.820305 -0.000000 0.000000 1.000000 0.000000
0.989645 0.143540 0.000000 283.613109 -0.143540 0.989645 -0.000000 -28.795155 -0.000000 0.000000 1.000000 0.000000
0.989111 0.147168 0.000000 285.656085 -0.147168 0.989111 -0.000000 -29.222260 -0.000000 0.000000 1.000000 0.000000
0.989138 0.146991 0.000000 285.844340 -0.146991 0.989138 -0.000000 -29.247661 -0.000000 0.000000 1.000000 0.000000
0.989079 0.147385 0.000000 286.048212 -0.147385 0.989079 -0.000000 -29.279441 -0.000000 0.000000 1.000000 0.000000
0.989004 0.147886 0.000000 286.435044 -0.147886 0.989004 -0.000000 -29.318733 -0.000000 0.000000 1.000000 0.000000
0.989353 0.145538 0.000000 286.608071 -0.145538 0.989353 -0.000000 -29.375138 -0.000000 0.000000 1.000000 0.000000
0.989256 0.146196 0.000000 286.817802 -0.146196 0.989256 -0.000000 -29.330734 -0.000000 0.000000 1.000000 0.000000
0.989041 0.147638 0.000000 287.028430 -0.147638 0.989041 -0.000000 -29.403835 -0.000000 0.000000 1.000000 0.000000
0.988951 0.148246 0.000000 287.147223 -0.148246 0.988951 -0.000000 -29.370174 -0.000000 0.000000 1.000000 0.000000
0.988588 0.150647 0.000000 287.254508 -0.150647 0.988588 -0.000000 -29.299586 -0.000000 0.000000 1.000000 0.000000
0.988549 0.150902 0.000000 287.452788 -0.150902 0.988549 -0.000000 -29.376513 -0.000000 0.000000 1.000000 0.000000
0.988573 0.150740 0.000000 287.674171 -0.150740 0.988573 -0.000000 -29.354758 -0.000000 0.000000 1.000000 0.000000
0.988420 0.151745 0.000000 287.879887 -0.151745 0.988420 -0.000000 -29.410902 -0.000000 0.000000 1.000000 0.000000
0.988745 0.149608 0.000000 288.136357 -0.149608 0.988745 -0.000000 -29.376998 -0.000000 0.000000 1.000000 0.000000
0.988405 0.151842 0.000000 288.358938 -0.151842 0.988405 -0.000000 -29.426726 -0.000000 0.000000 1.000000 0.000000
0.988274 0.152692 0.000000 288.496632 -0.152692 0.988274 -0.000000 -29.447226 -0.000000 0.000000 1.000000 0.000000
0.988247 0.152865 0.000000 288.665074 -0.152865 0.988247 -0.000000 -29.498669 -0.000000 0.000000 1.000000 0.000000
0.988219 0.153047 0.000000 288.746500 -0.153047 0.988219 -0.000000 -29.480854 -0.000000 0.000000 1.000000 0.000000
0.988075 0.153976 0.000000 288.961742 -0.153976 0.988075 -0.000000 -29.479434 -0.000000 0.000000 1.000000 0.000000
0.988336 0.152291 0.000000 289.026974 -0.152291 0.988336 -0.000000 -29.493546 -0.000000 0.000000 1.000000 0.000000
0.988310 0.152460 0.000000 289.163014 -0.152460 0.988310 -0.000000 -29.521623 -0.000000 0.000000 1.000000 0.000000
0.987994 0.154494 0.000000 289.143012 -0.154494 0.987994 -0.000000 -29.554162 -0.000000 0.000000 1.000000 0.000000
0.988089 0.153882 0.000000 289.310243 -0.153882 0.988089 -0.000000 -29.565403 -0.000000 0.000000 1.000000 0.000000
0.988550 0.150896 0.000000 289.598619 -0.150896 0.988550 -0.000000 -29.507153 -0.000000 0.000000 1.000000 0.000000
0.988359 0.152137 0.000000 289.637495 -0.152137 0.988359 -0.000000 -29.565476 -0.000000 0.000000 1.000000 0.000000
0.988337 0.152285 0.000000 289.625313 -0.152285 0.988337 -0.000000 -29.560631 -0.000000 0.000000 1.000000 0.000000
0.988210 0.153106 0.000000 289.884792 -0.153106 0.988210 -0.000000 -29.598419 -0.000000 0.000000 1.000000 0.000000
0.988292 0.152576 0.000000 289.765469 -0.152576 0.988292 -0.000000 -29.576607 -0.000000 0.000000 1.000000 0.000000
0.988204 0.153145 0.000000 289.921851 -0.153145 0.988204 -0.000000 -29.577250 -0.000000 0.000000 1.000000 0.000000
0.988260 0.152782 0.000000 289.987789 -0.152782 0.988260 -0.000000 -29.594492 -0.000000 0.000000 1.000000 0.000000
0.987706 0.156324 0.000000 290.300583 -0.156324 0.987706 -0.000000 -29.581592 -0.000000 0.000000 1.000000 0.000000
0.987900 0.155092 0.000000 290.473431 -0.155092 0.987900 -0.000000 -29.629779 -0.000000 0.000000 1.000000 0.000000
0.987684 0.156460 0.000000 290.487690 -0.156460 0.987684 -0.000000 -29.576370 -0.000000 0.000000 1.000000 0.000000
0.987816 0.155624 0.000000 290.451366 -0.155624 0.987816 -0.000000 -29.651072 -0.000000 0.000000 1.000000 0.000000
0.987614 0.156901 0.000000 290.783634 -0.156901 0.987614 -0.000000 -29.558805 -0.000000 0.000000 1.000000 0.000000
0.987757 0.155997 0.000000 290.817740 -0.155997 0.987757 -0.000000 -29.608215 -0.000000 0.000000 1.000000 0.000000
0.987901 0.155084 0.000000 290.914318 -0.155084 0.987901 -0.000000 -29.555851 -0.000000 0.000000 1.000000 0.000000
0.987695 0.156395 0.000000 290.970063 -0.156395 0.987695 -0.000000 -29.537172 -0.000000 0.000000 1.000000 0.000000
0.987737 0.156124 0.000000 290.973341 -0.156124 0.987737 -0.000000 -29.516733 -0.000000 0.000000 1.000000 0.000000
0.987681 0.156484 0.000000 290.980897 -0.156484 0.987681 -0.000000 -29.565856 -0.000000 0.000000 1.000000 0.000000
0.987621 0.156861 0.000000 291.000446 -0.156861 0.987621 -0.000000 -29.568464 -0.000000 0.000000 1.000000 0.000000
0.987460 0.157871 0.000000 291.015699 -0.157871 0.987460 -0.000000 -29.575243 -0.000000 0.000000 1.000000 0.000000
0.987496 0.157642 0.000000 290.997650 -0.157642 0.987496 -0.000000 -29.597968 -0.000000 0.000000 1.000000 0.000000
0.987614 0.156904 0.000000 290.997651 -0.156904 0.987614 -0.000000 -29.601214 -0.000000 0.000000 1.000000 0.000000
0.987421 0.158112 0.000000 291.014378 -0.158112 0.987421 -0.000000 -29.580020 -0.000000 0.000000 1.000000 0.000000
0.987347 0.158574 0.000000 291.065001 -0.158574 0.987347 -0.000000 -29.534730 -0.000000 0.000000 1.000000 0.000000
0.987410 0.158183 0.000000 291.064555 -0.158183 0.987410 -0.000000 -29.535806 -0.000000 0.000000 1.000000 0.000000
0.987439 0.158001 0.000000 291.064339 -0.158001 0.987439 -0.000000 -29.536309 -0.000000 0.000000 1.000000 0.000000
0.987456 0.157896 0.000000 291.065381 -0.157896 0.987456 -0.000000 -29.535041 -0.000000 0.000000 1.000000 0.000000
0.987462 0.157860 0.000000 291.064285 -0.157860 0.987462 -0.000000 -29.526729 -0.000000 0.000000 1.000000 0.000000
0.987296 0.158894 0.000000 291.092307 -0.158894 0.987296 -0.000000 -29.495533 -0.000000 0.000000 1.000000 0.000000
0.987077 0.160246 0.000000 291.131021 -0.160246 0.987077 -0.000000 -29.508013 -0.000000 0.000000 1.000000 0.000000
0.987086 0.160192 0.000000 291.096195 -0.160192 0.987086 -0.000000 -29.513863 -0.000000 0.000000 1.000000 0.000000
0.986932 0.161136 0.000000 291.103365 -0.161136 0.986932 -0.000000 -29.507552 -0.000000 0.000000 1.000000 0.000000
0.986895 0.161361 0.000000 291.120904 -0.161361 0.986895 -0.000000 -29.531276 -0.000000 0.000000 1.000000 0.000000
0.986937 0.161106 0.000000 291.122374 -0.161106 0.986937 -0.000000 -29.521974 -0.000000 0.000000 1.000000 0.000000
0.986936 0.161111 0.000000 291.122571 -0.161111 0.986936 -0.000000 -29.521824 -0.000000 0.000000 1.000000 0.000000
0.986953 0.161006 0.000000 291.111060 -0.161006 0.986953 -0.000000 -29.533098 -0.000000 0.000000 1.000000 0.000000
0.986943 0.161068 0.000000 291.111037 -0.161068 0.986943 -0.000000 -29.532942 -0.000000 0.000000 1.000000 0.000000
0.986834 0.161735 0.000000 291.125058 -0.161735 0.986834 -0.000000 -29.550164 -0.000000 0.000000 1.000000 0.000000
0.986804 0.161919 0.000000 291.133570 -0.161919 0.986804 -0.000000 -29.552125 -0.000000 0.000000 1.000000 0.000000
0.986800 0.161945 0.000000 291.122229 -0.161945 0.986800 -0.000000 -29.524442 -0.000000 0.000000 1.000000 0.000000
0.986794 0.161980 0.000000 291.095663 -0.161980 0.986794 -0.000000 -29.533982 -0.000000 0.000000 1.000000 0.000000
0.986747 0.162267 0.000000 291.132912 -0.162267 0.986747 -0.000000 -29.541244 -0.000000 0.000000 1.000000 0.000000
0.986727 0.162387 0.000000 291.141088 -0.162387 0.986727 -0.000000 -29.543764 -0.000000 0.000000 1.000000 0.000000
0.986686 0.162637 0.000000 291.147015 -0.162637 0.986686 -0.000000 -29.562774 -0.000000 0.000000 1.000000 0.000000
0.986715 0.162459 0.000000 291.119518 -0.162459 0.986715 -0.000000 -29.606290 -0.000000 0.000000 1.000000 0.000000
0.986713 0.162473 0.000000 291.116970 -0.162473 0.986713 -0.000000 -29.609993 -0.000000 0.000000 1.000000 0.000000
0.986714 0.162467 0.000000 291.090202 -0.162467 0.986714 -0.000000 -29.623233 -0.000000 0.000000 1.000000 0.000000
0.986723 0.162414 0.000000 291.089905 -0.162414 0.986723 -0.000000 -29.623969 -0.000000 0.000000 1.000000 0.000000
0.986704 0.162529 0.000000 291.046290 -0.162529 0.986704 -0.000000 -29.615393 -0.000000 0.000000 1.000000 0.000000
0.986688 0.162623 0.000000 291.030708 -0.162623 0.986688 -0.000000 -29.619514 -0.000000 0.000000 1.000000 0.000000
0.986684 0.162649 0.000000 291.030808 -0.162649 0.986684 -0.000000 -29.619528 -0.000000 0.000000 1.000000 0.000000
0.986684 0.162649 0.000000 291.017892 -0.162649 0.986684 -0.000000 -29.622650 -0.000000 0.000000 1.000000 0.000000
0.986633 0.162959 0.000000 290.991946 -0.162959 0.986633 -0.000000 -29.631869 -0.000000 0.000000 1.000000 0.000000
0.986618 0.163050 0.000000 290.992069 -0.163050 0.986618 -0.000000 -29.631840 -0.000000 0.000000 1.000000 0.000000
0.986621 0.163034 0.000000 290.992017 -0.163034 0.986621 -0.000000 -29.633640 -0.000000 0.000000 1.000000 0.000000
0.986641 0.162911 0.000000 290.985142 -0.162911 0.986641 -0.000000 -29.627273 -0.000000 0.000000 1.000000 0.000000
0.986526 0.163606 0.000000 291.012371 -0.163606 0.986526 -0.000000 -29.600219 -0.000000 0.000000 1.000000 0.000000
0.986500 0.163764 0.000000 291.009836 -0.163764 0.986500 -0.000000 -29.591232 -0.000000 0.000000 1.000000 0.000000
0.986519 0.163644 0.000000 291.007855 -0.163644 0.986519 -0.000000 -29.588413 -0.000000 0.000000 1.000000 0.000000
0.986466 0.163964 0.000000 291.006046 -0.163964 0.986466 -0.000000 -29.576187 -0.000000 0.000000 1.000000 0.000000
0.986435 0.164153 0.000000 291.014904 -0.164153 0.986435 -0.000000 -29.557980 -0.000000 0.000000 1.000000 0.000000
0.986437 0.164139 0.000000 291.013847 -0.164139 0.986437 -0.000000 -29.554742 -0.000000 0.000000 1.000000 0.000000
0.986411 0.164294 0.000000 291.015947 -0.164294 0.986411 -0.000000 -29.539501 -0.000000 0.000000 1.000000 0.000000
0.986273 0.165120 0.000000 291.041205 -0.165120 0.986273 -0.000000 -29.462863 -0.000000 0.000000 1.000000 0.000000
0.986231 0.165376 0.000000 291.048175 -0.165376 0.986231 -0.000000 -29.455448 -0.000000 0.000000 1.000000 0.000000
0.986225 0.165411 0.000000 291.029247 -0.165411 0.986225 -0.000000 -29.443343 -0.000000 0.000000 1.000000 0.000000
0.986190 0.165615 0.000000 291.022210 -0.165615 0.986190 -0.000000 -29.442832 -0.000000 0.000000 1.000000 0.000000
0.986223 0.165424 0.000000 291.027737 -0.165424 0.986223 -0.000000 -29.454851 -0.000000 0.000000 1.000000 0.000000
0.986293 0.165003 0.000000 291.025920 -0.165003 0.986293 -0.000000 -29.457859 -0.000000 0.000000 1.000000 0.000000
0.986285 0.165049 0.000000 291.004407 -0.165049 0.986285 -0.000000 -29.467603 -0.000000 0.000000 1.000000 0.000000
0.986247 0.165277 0.000000 291.005593 -0.165277 0.986247 -0.000000 -29.469127 -0.000000 0.000000 1.000000 0.000000
0.986295 0.164994 0.000000 291.004669 -0.164994 0.986295 -0.000000 -29.470173 -0.000000 0.000000 1.000000 0.000000
0.986388 0.164434 0.000000 290.995315 -0.164434 0.986388 -0.000000 -29.471340 -0.000000 0.000000 1.000000 0.000000
0.986472 0.163932 0.000000 291.032134 -0.163932 0.986472 -0.000000 -29.479648 -0.000000 0.000000 1.000000 0.000000
0.986415 0.164271 0.000000 291.028186 -0.164271 0.986415 -0.000000 -29.494095 -0.000000 0.000000 1.000000 0.000000
0.986463 0.163982 0.000000 291.023851 -0.163982 0.986463 -0.000000 -29.497280 -0.000000 0.000000 1.000000 0.000000
0.986504 0.163735 0.000000 291.024163 -0.163735 0.986504 -0.000000 -29.498546 -0.000000 0.000000 1.000000 0.000000
0.986578 0.163294 0.000000 291.023397 -0.163294 0.986578 -0.000000 -29.500255 -0.000000 0.000000 1.000000 0.000000
0.986597 0.163176 0.000000 290.995663 -0.163176 0.986597 -0.000000 -29.534332 -0.000000 0.000000 1.000000 0.000000
0.986663 0.162774 0.000000 290.950200 -0.162774 0.986663 -0.000000 -29.550716 -0.000000 0.000000 1.000000 0.000000
0.986777 0.162086 0.000000 290.897453 -0.162086 0.986777 -0.000000 -29.576687 -0.000000 0.000000 1.000000 0.000000
0.986638 0.162927 0.000000 290.880770 -0.162927 0.986638 -0.000000 -29.566143 -0.000000 0.000000 1.000000 0.000000
0.986686 0.162640 0.000000 290.880403 -0.162640 0.986686 -0.000000 -29.564082 -0.000000 0.000000 1.000000 0.000000
0.986695 0.162580 0.000000 290.879519 -0.162580 0.986695 -0.000000 -29.561204 -0.000000 0.000000 1.000000 0.000000
0.986719 0.162436 0.000000 290.925941 -0.162436 0.986719 -0.000000 -29.567347 -0.000000 0.000000 1.000000 0.000000
0.986702 0.162541 0.000000 290.918108 -0.162541 0.986702 -0.000000 -29.557803 -0.000000 0.000000 1.000000 0.000000
0.986683 0.162656 0.000000 290.920164 -0.162656 0.986683 -0.000000 -29.558648 -0.000000 0.000000 1.000000 0.000000
0.986652 0.162844 0.000000 290.988367 -0.162844 0.986652 -0.000000 -29.548814 -0.000000 0.000000 1.000000 0.000000
0.986650 0.162854 0.000000 290.981046 -0.162854 0.986650 -0.000000 -29.543778 -0.000000 0.000000 1.000000 0.000000
0.986623 0.163017 0.000000 290.971803 -0.163017 0.986623 -0.000000 -29.540112 -0.000000 0.000000 1.000000 0.000000
0.986614 0.163073 0.000000 290.985197 -0.163073 0.986614 -0.000000 -29.525102 -0.000000 0.000000 1.000000 0.000000
0.986616 0.163060 0.000000 290.985370 -0.163060 0.986616 -0.000000 -29.524670 -0.000000 0.000000 1.000000 0.000000
0.986566 0.163361 0.000000 291.000553 -0.163361 0.986566 -0.000000 -29.491103 -0.000000 0.000000 1.000000 0.000000
0.986582 0.163265 0.000000 291.000778 -0.163265 0.986582 -0.000000 -29.491385 -0.000000 0.000000 1.000000 0.000000
0.986547 0.163478 0.000000 291.027961 -0.163478 0.986547 -0.000000 -29.481938 -0.000000 0.000000 1.000000 0.000000
0.986550 0.163458 0.000000 291.046007 -0.163458 0.986550 -0.000000 -29.466734 -0.000000 0.000000 1.000000 0.000000
0.986557 0.163416 0.000000 291.048316 -0.163416 0.986557 -0.000000 -29.455338 -0.000000 0.000000 1.000000 0.000000
0.986513 0.163685 0.000000 291.035261 -0.163685 0.986513 -0.000000 -29.466831 -0.000000 0.000000 1.000000 0.000000
0.986589 0.163225 0.000000 290.972975 -0.163225 0.986589 -0.000000 -29.471644 -0.000000 0.000000 1.000000 0.000000
0.986524 0.163616 0.000000 290.987323 -0.163616 0.986524 -0.000000 -29.456095 -0.000000 0.000000 1.000000 0.000000
0.986761 0.162180 0.000000 290.977774 -0.162180 0.986761 -0.000000 -29.382553 -0.000000 0.000000 1.000000 0.000000
0.986762 0.162176 0.000000 290.977915 -0.162176 0.986762 -0.000000 -29.383190 -0.000000 0.000000 1.000000 0.000000
0.986773 0.162109 0.000000 290.980561 -0.162109 0.986773 -0.000000 -29.380422 -0.000000 0.000000 1.000000 0.000000
0.986705 0.162520 0.000000 291.003139 -0.162520 0.986705 -0.000000 -29.368720 -0.000000 0.000000 1.000000 0.000000
0.986802 0.161932 0.000000 290.945426 -0.161932 0.986802 -0.000000 -29.344337 -0.000000 0.000000 1.000000 0.000000
0.986982 0.160833 0.000000 290.933404 -0.160833 0.986982 -0.000000 -29.276415 -0.000000 0.000000 1.000000 0.000000
0.986931 0.161143 0.000000 290.831156 -0.161143 0.986931 -0.000000 -29.304720 -0.000000 0.000000 1.000000 0.000000
0.986922 0.161200 0.000000 290.852825 -0.161200 0.986922 -0.000000 -29.289687 -0.000000 0.000000 1.000000 0.000000
0.986805 0.161911 0.000000 290.871735 -0.161911 0.986805 -0.000000 -29.277528 -0.000000 0.000000 1.000000 0.000000
0.986797 0.161964 0.000000 290.883206 -0.161964 0.986797 -0.000000 -29.270187 -0.000000 0.000000 1.000000 0.000000
0.987102 0.160092 0.000000 290.813737 -0.160092 0.987102 -0.000000 -29.044793 -0.000000 0.000000 1.000000 0.000000
0.987221 0.159357 0.000000 290.766427 -0.159357 0.987221 -0.000000 -29.047498 -0.000000 0.000000 1.000000 0.000000
0.987302 0.158852 0.000000 290.685518 -0.158852 0.987302 -0.000000 -29.039906 -0.000000 0.000000 1.000000 0.000000
0.987288 0.158940 0.000000 290.682767 -0.158940 0.987288 -0.000000 -29.050464 -0.000000 0.000000 1.000000 0.000000
0.987257 0.159135 0.000000 290.675418 -0.159135 0.987257 -0.000000 -29.058702 -0.000000 0.000000 1.000000 0.000000
0.987266 0.159077 0.000000 290.644791 -0.159077 0.987266 -0.000000 -29.041865 -0.000000 0.000000 1.000000 0.000000
0.987310 0.158805 0.000000 290.677326 -0.158805 0.987310 -0.000000 -29.035643 -0.000000 0.000000 1.000000 0.000000
0.987263 0.159094 0.000000 290.656414 -0.159094 0.987263 -0.000000 -29.040517 -0.000000 0.000000 1.000000 0.000000
0.987219 0.159370 0.000000 290.649499 -0.159370 0.987219 -0.000000 -29.047718 -0.000000 0.000000 1.000000 0.000000
0.987213 0.159405 0.000000 290.649133 -0.159405 0.987213 -0.000000 -29.051378 -0.000000 0.000000 1.000000 0.000000
0.987184 0.159584 0.000000 290.643024 -0.159584 0.987184 -0.000000 -29.059929 -0.000000 0.000000 1.000000 0.000000
0.987168 0.159687 0.000000 290.657739 -0.159687 0.987168 -0.000000 -29.051807 -0.000000 0.000000 1.000000 0.000000
0.987128 0.159933 0.000000 290.765355 -0.159933 0.987128 -0.000000 -29.062963 -0.000000 0.000000 1.000000 0.000000
0.987071 0.160282 0.000000 290.727232 -0.160282 0.987071 -0.000000 -29.048700 -0.000000 0.000000 1.000000 0.000000
0.987082 0.160215 0.000000 290.713888 -0.160215 0.987082 -0.000000 -29.059921 -0.000000 0.000000 1.000000 0.000000
0.987017 0.160615 0.000000 290.756463 -0.160615 0.987017 -0.000000 -29.068225 -0.000000 0.000000 1.000000 0.000000
0.986980 0.160841 0.000000 290.747595 -0.160841 0.986980 -0.000000 -29.077852 -0.000000 0.000000 1.000000 0.000000
0.987004 0.160693 0.000000 290.741613 -0.160693 0.987004 -0.000000 -29.078757 -0.000000 0.000000 1.000000 0.000000
0.987008 0.160669 0.000000 290.745075 -0.160669 0.987008 -0.000000 -29.076244 -0.000000 0.000000 1.000000 0.000000
0.987036 0.160498 0.000000 290.749259 -0.160498 0.987036 -0.000000 -29.088638 -0.000000 0.000000 1.000000 0.000000
0.987039 0.160483 0.000000 290.747107 -0.160483 0.987039 -0.000000 -29.090087 -0.000000 0.000000 1.000000 0.000000
0.987036 0.160499 0.000000 290.690191 -0.160499 0.987036 -0.000000 -29.081768 -0.000000 0.000000 1.000000 0.000000
0.987010 0.160657 0.000000 290.689149 -0.160657 0.987010 -0.000000 -29.081341 -0.000000 0.000000 1.000000 0.000000
0.987049 0.160420 0.000000 290.688381 -0.160420 0.987049 -0.000000 -29.082606 -0.000000 0.000000 1.000000 0.000000
0.987050 0.160414 0.000000 290.683777 -0.160414 0.987050 -0.000000 -29.080112 -0.000000 0.000000 1.000000 0.000000
0.987040 0.160477 0.000000 290.646156 -0.160477 0.987040 -0.000000 -29.073584 -0.000000 0.000000 1.000000 0.000000
0.987039 0.160478 0.000000 290.646161 -0.160478 0.987039 -0.000000 -29.073508 -0.000000 0.000000 1.000000 0.000000
0.986972 0.160889 0.000000 290.584061 -0.160889 0.986972 -0.000000 -29.071723 -0.000000 0.000000 1.000000 0.000000
0.986989 0.160789 0.000000 290.566571 -0.160789 0.986989 -0.000000 -29.069845 -0.000000 0.000000 1.000000 0.000000
0.987019 0.160603 0.000000 290.552155 -0.160603 0.987019 -0.000000 -29.065040 -0.000000 0.000000 1.000000 0.000000
0.987013 0.160638 0.000000 290.549958 -0.160638 0.987013 -0.000000 -29.064302 -0.000000 0.000000 1.000000 0.000000
0.986991 0.160774 0.000000 290.562688 -0.160774 0.986991 -0.000000 -29.055854 -0.000000 0.000000 1.000000 0.000000
0.986991 0.160773 0.000000 290.562584 -0.160773 0.986991 -0.000000 -29.055667 -0.000000 0.000000 1.000000 0.000000
0.986942 0.161076 0.000000 290.574897 -0.161076 0.986942 -0.000000 -29.058340 -0.000000 0.000000 1.000000 0.000000
0.986942 0.161073 0.000000 290.554109 -0.161073 0.986942 -0.000000 -29.060688 -0.000000 0.000000 1.000000 0.000000
0.986946 0.161054 0.000000 290.554038 -0.161054 0.986946 -0.000000 -29.060644 -0.000000 0.000000 1.000000 0.000000
0.986942 0.161078 0.000000 290.549338 -0.161078 0.986942 -0.000000 -29.060334 -0.000000 0.000000 1.000000 0.000000
0.986939 0.161097 0.000000 290.551213 -0.161097 0.986939 -0.000000 -29.061836 -0.000000 0.000000 1.000000 0.000000
0.986920 0.161210 0.000000 290.534067 -0.161210 0.986920 -0.000000 -29.065167 -0.000000 0.000000 1.000000 0.000000
0.986897 0.161350 0.000000 290.533369 -0.161350 0.986897 -0.000000 -29.072393 -0.000000 0.000000 1.000000 0.000000
0.986889 0.161400 0.000000 290.566416 -0.161400 0.986889 -0.000000 -29.057035 -0.000000 0.000000 1.000000 0.000000
0.986882 0.161444 0.000000 290.566445 -0.161444 0.986882 -0.000000 -29.056981 -0.000000 0.000000 1.000000 0.000000
0.986889 0.161400 0.000000 290.537296 -0.161400 0.986889 -0.000000 -29.056236 -0.000000 0.000000 1.000000 0.000000
0.986819 0.161826 0.000000 290.563918 -0.161826 0.986819 -0.000000 -29.038818 -0.000000 0.000000 1.000000 0.000000
0.986813 0.161866 0.000000 290.581008 -0.161866 0.986813 -0.000000 -29.030414 -0.000000 0.000000 1.000000 0.000000
0.986775 0.162093 0.000000 290.549461 -0.162093 0.986775 -0.000000 -29.027407 -0.000000 0.000000 1.000000 0.000000
0.986715 0.162460 0.000000 290.544518 -0.162460 0.986715 -0.000000 -29.021397 -0.000000 0.000000 1.000000 0.000000
0.986760 0.162189 0.000000 290.549961 -0.162189 0.986760 -0.000000 -29.040878 -0.000000 0.000000 1.000000 0.000000
0.986776 0.162087 0.000000 290.552480 -0.162087 0.986776 -0.000000 -29.036458 -0.000000 0.000000 1.000000 0.000000
0.986773 0.162111 0.000000 290.586649 -0.162111 0.986773 -0.000000 -29.020938 -0.000000 0.000000 1.000000 0.000000
0.986787 0.162021 0.000000 290.648166 -0.162021 0.986787 -0.000000 -29.011054 -0.000000 0.000000 1.000000 0.000000
0.986743 0.162294 0.000000 290.609584 -0.162294 0.986743 -0.000000 -29.024258 -0.000000 0.000000 1.000000 0.000000
0.986694 0.162590 0.000000 290.610720 -0.162590 0.986694 -0.000000 -29.025789 -0.000000 0.000000 1.000000 0.000000
0.986704 0.162526 0.000000 290.595717 -0.162526 0.986704 -0.000000 -29.033059 -0.000000 0.000000 1.000000 0.000000
0.986685 0.162646 0.000000 290.607146 -0.162646 0.986685 -0.000000 -29.024669 -0.000000 0.000000 1.000000 0.000000
0.986695 0.162584 0.000000 290.606309 -0.162584 0.986695 -0.000000 -29.025088 -0.000000 0.000000 1.000000 0.000000
0.986642 0.162902 0.000000 290.618585 -0.162902 0.986642 -0.000000 -29.026815 -0.000000 0.000000 1.000000 0.000000
0.986646 0.162878 0.000000 290.565029 -0.162878 0.986646 -0.000000 -29.029196 -0.000000 0.000000 1.000000 0.000000
0.986609 0.163104 0.000000 290.545459 -0.163104 0.986609 -0.000000 -29.022271 -0.000000 0.000000 1.000000 0.000000
0.986661 0.162787 0.000000 290.574836 -0.162787 0.986661 -0.000000 -29.049307 -0.000000 0.000000 1.000000 0.000000
0.986644 0.162890 0.000000 290.592233 -0.162890 0.986644 -0.000000 -29.042994 -0.000000 0.000000 1.000000 0.000000
0.986588 0.163229 0.000000 290.626789 -0.163229 0.986588 -0.000000 -29.041616 -0.000000 0.000000 1.000000 0.000000
0.986579 0.163283 0.000000 290.626758 -0.163283 0.986579 -0.000000 -29.041462 -0.000000 0.000000 1.000000 0.000000
0.986502 0.163746 0.000000 290.682447 -0.163746 0.986502 -0.000000 -29.024170 -0.000000 0.000000 1.000000 0.000000
0.986478 0.163892 0.000000 290.696761 -0.163892 0.986478 -0.000000 -29.019325 -0.000000 0.000000 1.000000 0.000000
0.986498 0.163775 0.000000 290.720068 -0.163775 0.986498 -0.000000 -29.052327 -0.000000 0.000000 1.000000 0.000000
0.986556 0.163421 0.000000 290.739713 -0.163421 0.986556 -0.000000 -29.081463 -0.000000 0.000000 1.000000 0.000000
0.986562 0.163390 0.000000 290.746627 -0.163390 0.986562 -0.000000 -29.081830 -0.000000 0.000000 1.000000 0.000000
0.986498 0.163775 0.000000 290.780966 -0.163775 0.986498 -0.000000 -29.061394 -0.000000 0.000000 1.000000 0.000000
0.986522 0.163630 0.000000 290.769396 -0.163630 0.986522 -0.000000 -29.073935 -0.000000 0.000000 1.000000 0.000000
0.986482 0.163869 0.000000 290.770507 -0.163869 0.986482 -0.000000 -29.069679 -0.000000 0.000000 1.000000 0.000000
0.986438 0.164133 0.000000 290.795741 -0.164133 0.986438 -0.000000 -29.081645 -0.000000 0.000000 1.000000 0.000000
0.986451 0.164058 0.000000 290.790439 -0.164058 0.986451 -0.000000 -29.083199 -0.000000 0.000000 1.000000 0.000000
0.986447 0.164080 0.000000 290.793040 -0.164080 0.986447 -0.000000 -29.081929 -0.000000 0.000000 1.000000 0.000000
0.986440 0.164123 0.000000 290.773522 -0.164123 0.986440 -0.000000 -29.093292 -0.000000 0.000000 1.000000 0.000000
0.986407 0.164320 0.000000 290.793239 -0.164320 0.986407 -0.000000 -29.079180 -0.000000 0.000000 1.000000 0.000000
0.986514 0.163680 0.000000 290.799620 -0.163680 0.986514 -0.000000 -29.089443 -0.000000 0.000000 1.000000 0.000000
0.986481 0.163876 0.000000 290.790541 -0.163876 0.986481 -0.000000 -29.089515 -0.000000 0.000000 1.000000 0.000000
0.986450 0.164062 0.000000 290.766210 -0.164062 0.986450 -0.000000 -29.082377 -0.000000 0.000000 1.000000 0.000000
0.986444 0.164098 0.000000 290.766159 -0.164098 0.986444 -0.000000 -29.082674 -0.000000 0.000000 1.000000 0.000000
0.986377 0.164500 0.000000 290.763396 -0.164500 0.986377 -0.000000 -29.069897 -0.000000 0.000000 1.000000 0.000000
0.986330 0.164780 0.000000 290.765226 -0.164780 0.986330 -0.000000 -29.044860 -0.000000 0.000000 1.000000 0.000000
0.986320 0.164845 0.000000 290.760058 -0.164845 0.986320 -0.000000 -29.035031 -0.000000 0.000000 1.000000 0.000000
0.986372 0.164532 0.000000 290.795232 -0.164532 0.986372 -0.000000 -29.021827 -0.000000 0.000000 1.000000 0.000000
0.986427 0.164200 0.000000 290.798266 -0.164200 0.986427 -0.000000 -29.018594 -0.000000 0.000000 1.000000 0.000000
0.986402 0.164351 0.000000 290.881975 -0.164351 0.986402 -0.000000 -29.018431 -0.000000 0.000000 1.000000 0.000000
0.986472 0.163930 0.000000 290.899526 -0.163930 0.986472 -0.000000 -29.000345 -0.000000 0.000000 1.000000 0.000000
0.986468 0.163954 0.000000 290.893965 -0.163954 0.986468 -0.000000 -29.009514 -0.000000 0.000000 1.000000 0.000000
0.986469 0.163946 0.000000 290.894076 -0.163946 0.986469 -0.000000 -29.009490 -0.000000 0.000000 1.000000 0.000000
0.986527 0.163601 0.000000 290.871777 -0.163601 0.986527 -0.000000 -29.021638 -0.000000 0.000000 1.000000 0.000000
0.986496 0.163786 0.000000 290.864084 -0.163786 0.986496 -0.000000 -29.044718 -0.000000 0.000000 1.000000 0.000000
0.986470 0.163939 0.000000 290.861248 -0.163939 0.986470 -0.000000 -29.063651 -0.000000 0.000000 1.000000 0.000000
0.986504 0.163740 0.000000 290.832808 -0.163740 0.986504 -0.000000 -29.090487 -0.000000 0.000000 1.000000 0.000000
0.986502 0.163751 0.000000 290.822867 -0.163751 0.986502 -0.000000 -29.088128 -0.000000 0.000000 1.000000 0.000000
0.986377 0.164499 0.000000 290.795084 -0.164499 0.986377 -0.000000 -29.096521 -0.000000 0.000000 1.000000 0.000000
0.986253 0.165242 0.000000 290.770137 -0.165242 0.986253 -0.000000 -29.088746 -0.000000 0.000000 1.000000 0.000000
0.986365 0.164570 0.000000 290.795664 -0.164570 0.986365 -0.000000 -29.114837 -0.000000 0.000000 1.000000 0.000000
0.986382 0.164469 0.000000 290.795531 -0.164469 0.986382 -0.000000 -29.114920 -0.000000 0.000000 1.000000 0.000000
0.986244 0.165298 0.000000 290.805480 -0.165298 0.986244 -0.000000 -29.142855 -0.000000 0.000000 1.000000 0.000000
0.986307 0.164921 0.000000 290.796373 -0.164921 0.986307 -0.000000 -29.121477 -0.000000 0.000000 1.000000 0.000000
0.986273 0.165121 0.000000 290.775261 -0.165121 0.986273 -0.000000 -29.131666 -0.000000 0.000000 1.000000 0.000000
0.986150 0.165855 0.000000 290.773185 -0.165855 0.986150 -0.000000 -29.152220 -0.000000 0.000000 1.000000 0.000000
0.986318 0.164854 0.000000 290.690693 -0.164854 0.986318 -0.000000 -29.119153 -0.000000 0.000000 1.000000 0.000000
0.986356 0.164628 0.000000 290.680998 -0.164628 0.986356 -0.000000 -29.112061 -0.000000 0.000000 1.000000 0.000000
0.986341 0.164715 0.000000 290.666474 -0.164715 0.986341 -0.000000 -29.108649 -0.000000 0.000000 1.000000 0.000000
0.986448 0.164073 0.000000 290.717780 -0.164073 0.986448 -0.000000 -29.086975 -0.000000 0.000000 1.000000 0.000000
0.986349 0.164667 0.000000 290.715688 -0.164667 0.986349 -0.000000 -29.090118 -0.000000 0.000000 1.000000 0.000000
0.986407 0.164318 0.000000 290.712463 -0.164318 0.986407 -0.000000 -29.080306 -0.000000 0.000000 1.000000 0.000000
0.986430 0.164182 0.000000 290.699142 -0.164182 0.986430 -0.000000 -29.071055 -0.000000 0.000000 1.000000 0.000000
