0.999997 0.002496 0.000000 0.828548 -0.002496 0.999997 0.000000 -0.023744 0.000000 0.000000 1.000000 0.000000
0.999999 0.001356 0.000000 1.421368 -0.001356 0.999999 0.000000 -0.033138 0.000000 0.000000 1.000000 0.000000
0.999995 0.003114 0.000000 2.049331 -0.003114 0.999995 0.000000 -0.037755 0.000000 0.000000 1.000000 0.000000
1.000000 0.000663 0.000000 2.984094 -0.000663 1.000000 0.000000 -0.066932 0.000000 0.000000 1.000000 0.000000
0.999996 -0.002753 0.000000 3.605686 0.002753 0.999996 0.000000 -0.095164 0.000000 0.000000 1.000000 0.000000
0.999994 -0.003419 0.000000 4.248348 0.003419 0.999994 0.000000 -0.110086 0.000000 0.000000 1.000000 0.000000
0.999977 -0.006764 0.000000 4.879348 0.006764 0.999977 0.000000 -0.128067 0.000000 0.000000 1.000000 0.000000
1.000000 0.000297 0.000000 6.141879 -0.000297 1.000000 0.000000 -0.153663 0.000000 0.000000 1.000000 0.000000
1.000000 -0.000785 0.000000 6.767001 0.000785 1.000000 0.000000 -0.165115 0.000000 0.000000 1.000000 0.000000
0.999980 -0.006260 0.000000 7.394090 0.006260 0.999980 0.000000 -0.173888 0.000000 0.000000 1.000000 0.000000
0.999984 -0.005740 0.000000 8.019724 0.005740 0.999984 0.000000 -0.179100 0.000000 0.000000 1.000000 0.000000
0.999970 -0.007779 0.000000 8.689690 0.007779 0.999970 0.000000 -0.191270 0.000000 0.000000 1.000000 0.000000
0.999975 -0.007132 0.000000 9.308575 0.007132 0.999975 0.000000 -0.203745 0.000000 0.000000 1.000000 0.000000
0.999973 -0.007316 0.000000 9.927280 0.007316 0.999973 0.000000 -0.213355 0.000000 0.000000 1.000000 0.000000
0.999976 -0.006978 0.000000 10.547388 0.006978 0.999976 0.000000 -0.221935 0.000000 0.000000 1.000000 0.000000
0.999958 -0.009190 0.000000 11.169707 0.009190 0.999958 0.000000 -0.232330 0.000000 0.000000 1.000000 0.000000
0.999941 -0.010896 0.000000 11.791447 0.010896 0.999941 0.000000 -0.242745 0.000000 0.000000 1.000000 0.000000
0.999952 -0.009760 0.000000 12.415690 0.009760 0.999952 0.000000 -0.247643 0.000000 0.000000 1.000000 0.000000
0.999941 -0.010883 0.000000 13.023286 0.010883 0.999941 0.000000 -0.261556 0.000000 0.000000 1.000000 0.000000
0.999951 -0.009897 0.000000 13.668459 0.009897 0.999951 0.000000 -0.261743 0.000000 0.000000 1.000000 0.000000
0.999939 -0.011065 0.000000 14.253451 0.011065 0.999939 0.000000 -0.274563 0.000000 0.000000 1.000000 0.000000
0.999936 -0.011313 0.000000 14.874703 0.011313 0.999936 0.000000 -0.281558 0.000000 0.000000 1.000000 0.000000
0.999941 -0.010818 0.000000 15.491088 0.010818 0.999941 0.000000 -0.297457 0.000000 0.000000 1.000000 0.000000
0.999879 -0.015535 0.000000 16.142431 0.015535 0.999879 0.000000 -0.309261 0.000000 0.000000 1.000000 0.000000
0.999866 -0.016362 0.000000 16.764171 0.016362 0.999866 0.000000 -0.301689 0.000000 0.000000 1.000000 0.000000
0.999734 -0.023071 0.000000 17.393249 0.023071 0.999734 0.000000 -0.305644 0.000000 0.000000 1.000000 0.000000
0.999740 -0.022796 0.000000 18.012716 0.022796 0.999740 0.000000 -0.293807 0.000000 0.000000 1.000000 0.000000
0.999812 -0.019408 0.000000 18.635931 0.019408 0.999812 0.000000 -0.290465 0.000000 0.000000 1.000000 0.000000
0.999761 -0.021855 0.000000 19.245961 0.021855 0.999761 0.000000 -0.284907 0.000000 0.000000 1.000000 0.000000
0.999773 -0.021316 0.000000 19.848273 0.021316 0.999773 0.000000 -0.278340 0.000000 0.000000 1.000000 0.000000
0.999751 -0.022305 0.000000 20.484046 0.022305 0.999751 0.000000 -0.282782 0.000000 0.000000 1.000000 0.000000
0.999752 -0.022268 0.000000 21.115614 0.022268 0.999752 0.000000 -0.279497 0.000000 0.000000 1.000000 0.000000
0.999774 -0.021246 0.000000 21.700748 0.021246 0.999774 0.000000 -0.272119 0.000000 0.000000 1.000000 0.000000
0.999721 -0.023631 0.000000 22.336085 0.023631 0.999721 0.000000 -0.282616 0.000000 0.000000 1.000000 0.000000
0.999672 -0.025610 0.000000 22.939989 0.025610 0.999672 0.000000 -0.283054 0.000000 0.000000 1.000000 0.000000
0.999630 -0.027213 0.000000 23.526739 0.027213 0.999630 0.000000 -0.288009 0.000000 0.000000 1.000000 0.000000
0.999624 -0.027412 0.000000 24.149642 0.027412 0.999624 0.000000 -0.290844 0.000000 0.000000 1.000000 0.000000
0.999641 -0.026782 0.000000 24.781522 0.026782 0.999641 0.000000 -0.291036 0.000000 0.000000 1.000000 0.000000
0.999661 -0.026030 0.000000 25.400005 0.026030 0.999661 0.000000 -0.290873 0.000000 0.000000 1.000000 0.000000
0.999707 -0.024213 0.000000 25.991950 0.024213 0.999707 0.000000 -0.290817 0.000000 0.000000 1.000000 0.000000
0.999798 -0.020080 0.000000 26.620262 0.020080 0.999798 0.000000 -0.289231 0.000000 0.000000 1.000000 0.000000
0.999831 -0.018367 0.000000 27.204064 0.018367 0.999831 0.000000 -0.295931 0.000000 0.000000 1.000000 0.000000
0.999848 -0.017431 0.000000 27.831718 0.017431 0.999848 0.000000 -0.296824 0.000000 0.000000 1.000000 0.000000
0.999825 -0.018681 0.000000 28.470559 0.018681 0.999825 0.000000 -0.299593 0.000000 0.000000 1.000000 0.000000
0.999801 -0.019924 0.000000 29.302073 0.019924 0.999801 0.000000 -0.305559 0.000000 0.000000 1.000000 0.000000
0.999845 -0.017631 0.000000 29.942756 0.017631 0.999845 0.000000 -0.305419 0.000000 0.000000 1.000000 0.000000
0.999866 -0.016399 0.000000 30.583359 0.016399 0.999866 0.000000 -0.300712 0.000000 0.000000 1.000000 0.000000
0.999887 -0.015048 0.000000 31.210528 0.015048 0.999887 0.000000 -0.296669 0.000000 0.000000 1.000000 0.000000
0.999914 -0.013083 0.000000 31.844843 0.013083 0.999914 0.000000 -0.300383 0.000000 0.000000 1.000000 0.000000
0.999895 -0.014477 0.000000 32.491938 0.014477 0.999895 0.000000 -0.313404 0.000000 0.000000 1.000000 0.000000
0.999939 -0.011013 0.000000 33.125202 0.011013 0.999939 0.000000 -0.318420 0.000000 0.000000 1.000000 0.000000
0.999957 -0.009312 0.000000 33.766629 0.009312 0.999957 0.000000 -0.324772 0.000000 0.000000 1.000000 0.000000
0.999984 -0.005643 0.000000 34.401758 0.005643 0.999984 0.000000 -0.332042 0.000000 0.000000 1.000000 0.000000
0.999976 -0.006880 0.000000 35.038605 0.006880 0.999976 0.000000 -0.350288 0.000000 0.000000 1.000000 0.000000
0.999996 -0.002841 0.000000 35.680914 0.002841 0.999996 0.000000 -0.358803 0.000000 0.000000 1.000000 0.000000
0.999992 -0.004049 0.000000 36.326459 0.004049 0.999992 0.000000 -0.376799 0.000000 0.000000 1.000000 0.000000
0.999997 -0.002638 0.000000 36.971561 0.002638 0.999997 0.000000 -0.379192 0.000000 0.000000 1.000000 0.000000
0.999999 -0.001251 0.000000 37.612801 0.001251 0.999999 0.000000 -0.387902 0.000000 0.000000 1.000000 0.000000
0.999997 -0.002268 0.000000 38.202835 0.002268 0.999997 0.000000 -0.399433 0.000000 0.000000 1.000000 0.000000
1.000000 -0.000540 0.000000 38.854339 0.000540 1.000000 0.000000 -0.421064 0.000000 0.000000 1.000000 0.000000
0.999994 0.003549 0.000000 39.486578 -0.003549 0.999994 0.000000 -0.436959 0.000000 0.000000 1.000000 0.000000
0.999994 0.003488 0.000000 40.133462 -0.003488 0.999994 0.000000 -0.459825 0.000000 0.000000 1.000000 0.000000
0.999996 0.002764 0.000000 40.772261 -0.002764 0.999996 0.000000 -0.480640 0.000000 0.000000 1.000000 0.000000
0.999995 0.003203 0.000000 41.406280 -0.003203 0.999995 0.000000 -0.491673 0.000000 0.000000 1.000000 0.000000
0.999993 0.003831 0.000000 42.048450 -0.003831 0.999993 0.000000 -0.506122 0.000000 0.000000 1.000000 0.000000
0.999993 0.003733 0.000000 42.690907 -0.003733 0.999993 0.000000 -0.518432 0.000000 0.000000 1.000000 0.000000
0.999990 0.004533 0.000000 43.342581 -0.004533 0.999990 0.000000 -0.529656 0.000000 0.000000 1.000000 0.000000
0.999975 0.007050 0.000000 43.980850 -0.007050 0.999975 0.000000 -0.542563 0.000000 0.000000 1.000000 0.000000
0.999970 0.007789 0.000000 44.629882 -0.007789 0.999970 0.000000 -0.561908 0.000000 0.000000 1.000000 0.000000
0.999980 0.006315 0.000000 45.246277 -0.006315 0.999980 0.000000 -0.580006 0.000000 0.000000 1.000000 0.000000
0.999971 0.007626 0.000000 45.894953 -0.007626 0.999971 0.000000 -0.591228 0.000000 0.000000 1.000000 0.000000
0.999991 0.004302 0.000000 46.542201 -0.004302 0.999991 0.000000 -0.614807 0.000000 0.000000 1.000000 0.000000
0.999974 0.007211 0.000000 47.197061 -0.007211 0.999974 0.000000 -0.626619 0.000000 0.000000 1.000000 0.000000
0.999993 0.003802 0.000000 47.860181 -0.003802 0.999993 0.000000 -0.643734 0.000000 0.000000 1.000000 0.000000
0.999998 0.002079 0.000000 48.500843 -0.002079 0.999998 0.000000 -0.661055 0.000000 0.000000 1.000000 0.000000
0.999996 0.002662 0.000000 49.122500 -0.002662 0.999996 0.000000 -0.678913 0.000000 0.000000 1.000000 0.000000
0.999993 0.003677 0.000000 49.777900 -0.003677 0.999993 0.000000 -0.695017 0.000000 0.000000 1.000000 0.000000
0.999979 0.006525 0.000000 50.442301 -0.006525 0.999979 0.000000 -0.709520 0.000000 0.000000 1.000000 0.000000
0.999974 0.007241 0.000000 51.106963 -0.007241 0.999974 0.000000 -0.728415 0.000000 0.000000 1.000000 0.000000
0.999968 0.007954 0.000000 51.769823 -0.007954 0.999968 0.000000 -0.744410 0.000000 0.000000 1.000000 0.000000
0.999997 0.002503 0.000000 52.429595 -0.002503 0.999997 0.000000 -0.757327 0.000000 0.000000 1.000000 0.000000
0.999983 0.005801 0.000000 53.461102 -0.005801 0.999983 0.000000 -0.790790 0.000000 0.000000 1.000000 0.000000
0.999989 0.004722 0.000000 54.145714 -0.004722 0.999989 0.000000 -0.803633 0.000000 0.000000 1.000000 0.000000
0.999992 0.003994 0.000000 54.781582 -0.003994 0.999992 0.000000 -0.820615 0.000000 0.000000 1.000000 0.000000
0.999993 0.003806 0.000000 55.439825 -0.003806 0.999993 0.000000 -0.837877 0.000000 0.000000 1.000000 0.000000
0.999991 0.004142 0.000000 56.097751 -0.004142 0.999991 0.000000 -0.857506 0.000000 0.000000 1.000000 0.000000
0.999988 0.004823 0.000000 56.745698 -0.004823 0.999988 0.000000 -0.876072 0.000000 0.000000 1.000000 0.000000
0.999997 0.002545 0.000000 57.406163 -0.002545 0.999997 0.000000 -0.893597 0.000000 0.000000 1.000000 0.000000
0.999997 0.002528 0.000000 58.055072 -0.002528 0.999997 0.000000 -0.913348 0.000000 0.000000 1.000000 0.000000
0.999999 0.001138 0.000000 59.399567 -0.001138 0.999999 0.000000 -0.935175 0.000000 0.000000 1.000000 0.000000
1.000000 0.000361 0.000000 60.043994 -0.000361 1.000000 0.000000 -0.945027 0.000000 0.000000 1.000000 0.000000
0.999997 -0.002583 0.000000 60.694310 0.002583 0.999997 0.000000 -0.952614 0.000000 0.000000 1.000000 0.000000
0.999996 -0.002847 0.000000 61.328800 0.002847 0.999996 0.000000 -0.967037 0.000000 0.000000 1.000000 0.000000
1.000000 -0.000967 0.000000 61.966214 0.000967 1.000000 0.000000 -0.979943 0.000000 0.000000 1.000000 0.000000
1.000000 0.000885 0.000000 62.633117 -0.000885 1.000000 0.000000 -0.993640 0.000000 0.000000 1.000000 0.000000
1.000000 -0.000092 0.000000 63.257501 0.000092 1.000000 0.000000 -1.013074 0.000000 0.000000 1.000000 0.000000
0.999999 0.001413 0.000000 63.859319 -0.001413 0.999999 0.000000 -1.020893 0.000000 0.000000 1.000000 0.000000
0.999997 0.002393 0.000000 64.491706 -0.002393 0.999997 0.000000 -1.030209 0.000000 0.000000 1.000000 0.000000
0.999996 0.002899 0.000000 65.081966 -0.002899 0.999996 0.000000 -1.039237 0.000000 0.000000 1.000000 0.000000
0.999993 0.003825 0.000000 65.707201 -0.003825 0.999993 0.000000 -1.060774 0.000000 0.000000 1.000000 0.000000
0.999993 0.003737 0.000000 66.329531 -0.003737 0.999993 0.000000 -1.075055 0.000000 0.000000 1.000000 0.000000
0.999995 0.003014 0.000000 66.909841 -0.003014 0.999995 0.000000 -1.091581 0.000000 0.000000 1.000000 0.000000
0.999996 0.002757 0.000000 67.531012 -0.002757 0.999996 0.000000 -1.107134 0.000000 0.000000 1.000000 0.000000
0.999999 0.001075 0.000000 68.152601 -0.001075 0.999999 0.000000 -1.127517 0.000000 0.000000 1.000000 0.000000
0.999999 0.001695 0.000000 68.720339 -0.001695 0.999999 0.000000 -1.146386 0.000000 0.000000 1.000000 0.000000
1.000000 0.000978 0.000000 69.331335 -0.000978 1.000000 0.000000 -1.164508 0.000000 0.000000 1.000000 0.000000
0.999999 0.001422 0.000000 69.905662 -0.001422 0.999999 0.000000 -1.172561 0.000000 0.000000 1.000000 0.000000
0.999986 0.005219 0.000000 70.525973 -0.005219 0.999986 0.000000 -1.178408 0.000000 0.000000 1.000000 0.000000
0.999987 0.005124 0.000000 71.137342 -0.005124 0.999987 0.000000 -1.193372 0.000000 0.000000 1.000000 0.000000
0.999985 0.005399 0.000000 71.976119 -0.005399 0.999985 0.000000 -1.212551 0.000000 0.000000 1.000000 0.000000
0.999984 0.005591 0.000000 72.586589 -0.005591 0.999984 0.000000 -1.229693 0.000000 0.000000 1.000000 0.000000
0.999977 0.006788 0.000000 73.191215 -0.006788 0.999977 0.000000 -1.250239 0.000000 0.000000 1.000000 0.000000
0.999996 0.002673 0.000000 73.792620 -0.002673 0.999996 0.000000 -1.267175 0.000000 0.000000 1.000000 0.000000
0.999994 0.003466 0.000000 74.388602 -0.003466 0.999994 0.000000 -1.277980 0.000000 0.000000 1.000000 0.000000
1.000000 0.000398 0.000000 74.978760 -0.000398 1.000000 0.000000 -1.290949 0.000000 0.000000 1.000000 0.000000
1.000000 -0.000405 0.000000 75.608135 0.000405 1.000000 0.000000 -1.301107 0.000000 0.000000 1.000000 0.000000
1.000000 0.000117 0.000000 76.200312 -0.000117 1.000000 0.000000 -1.310661 0.000000 0.000000 1.000000 0.000000
1.000000 -0.000426 0.000000 76.804522 0.000426 1.000000 0.000000 -1.328956 0.000000 0.000000 1.000000 0.000000
0.999994 0.003449 0.000000 77.988807 -0.003449 0.999994 0.000000 -1.363873 0.000000 0.000000 1.000000 0.000000
0.999998 0.001991 0.000000 78.568614 -0.001991 0.999998 0.000000 -1.381123 0.000000 0.000000 1.000000 0.000000
0.999995 0.003300 0.000000 79.147323 -0.003300 0.999995 0.000000 -1.405811 0.000000 0.000000 1.000000 0.000000
0.999987 0.005073 0.000000 79.723341 -0.005073 0.999987 0.000000 -1.424069 0.000000 0.000000 1.000000 0.000000
0.999989 0.004662 0.000000 80.302519 -0.004662 0.999989 0.000000 -1.438528 0.000000 0.000000 1.000000 0.000000
0.999978 0.006669 0.000000 80.876938 -0.006669 0.999978 0.000000 -1.448241 0.000000 0.000000 1.000000 0.000000
0.999983 0.005874 0.000000 81.448886 -0.005874 0.999983 0.000000 -1.475246 0.000000 0.000000 1.000000 0.000000
0.999993 0.003789 0.000000 82.018524 -0.003789 0.999993 0.000000 -1.484132 0.000000 0.000000 1.000000 0.000000
0.999994 0.003425 0.000000 82.590151 -0.003425 0.999994 0.000000 -1.498758 0.000000 0.000000 1.000000 0.000000
0.999990 0.004575 0.000000 83.141666 -0.004575 0.999990 0.000000 -1.510874 0.000000 0.000000 1.000000 0.000000
0.999987 0.005075 0.000000 83.698507 -0.005075 0.999987 0.000000 -1.529118 0.000000 0.000000 1.000000 0.000000
0.999986 0.005241 0.000000 84.242885 -0.005241 0.999986 0.000000 -1.540228 0.000000 0.000000 1.000000 0.000000
0.999983 0.005855 0.000000 84.780840 -0.005855 0.999983 0.000000 -1.557827 0.000000 0.000000 1.000000 0.000000
0.999970 0.007725 0.000000 85.294877 -0.007725 0.999970 0.000000 -1.578085 0.000000 0.000000 1.000000 0.000000
0.999957 0.009306 0.000000 85.839169 -0.009306 0.999957 0.000000 -1.595234 0.000000 0.000000 1.000000 0.000000
0.999930 0.011854 0.000000 86.366751 -0.011854 0.999930 0.000000 -1.612882 0.000000 0.000000 1.000000 0.000000
0.999896 0.014392 0.000000 86.871243 -0.014392 0.999896 0.000000 -1.626041 0.000000 0.000000 1.000000 0.000000
0.999909 0.013472 0.000000 87.414348 -0.013472 0.999909 0.000000 -1.640715 0.000000 0.000000 1.000000 0.000000
0.999915 0.013011 0.000000 87.931892 -0.013011 0.999915 0.000000 -1.664688 0.000000 0.000000 1.000000 0.000000
0.999915 0.013027 0.000000 88.429243 -0.013027 0.999915 0.000000 -1.680297 0.000000 0.000000 1.000000 0.000000
0.999905 0.013767 0.000000 88.962451 -0.013767 0.999905 0.000000 -1.697141 0.000000 0.000000 1.000000 0.000000
0.999869 0.016208 0.000000 89.479487 -0.016208 0.999869 0.000000 -1.707508 0.000000 0.000000 1.000000 0.000000
0.999879 0.015536 0.000000 89.962271 -0.015536 0.999879 0.000000 -1.732507 0.000000 0.000000 1.000000 0.000000
0.999868 0.016241 0.000000 90.477623 -0.016241 0.999868 0.000000 -1.755949 0.000000 0.000000 1.000000 0.000000
0.999847 0.017478 0.000000 90.996271 -0.017478 0.999847 0.000000 -1.775651 0.000000 0.000000 1.000000 0.000000
0.999803 0.019834 0.000000 91.480425 -0.019834 0.999803 0.000000 -1.800675 0.000000 0.000000 1.000000 0.000000
0.999791 0.020458 0.000000 91.984049 -0.020458 0.999791 0.000000 -1.831751 0.000000 0.000000 1.000000 0.000000
0.999788 0.020596 0.000000 92.463917 -0.020596 0.999788 0.000000 -1.864441 0.000000 0.000000 1.000000 0.000000
0.999745 0.022583 0.000000 92.979878 -0.022583 0.999745 0.000000 -1.887772 0.000000 0.000000 1.000000 0.000000
0.999744 0.022626 0.000000 93.641163 -0.022626 0.999744 0.000000 -1.911241 0.000000 0.000000 1.000000 0.000000
0.999755 0.022124 0.000000 94.142666 -0.022124 0.999755 0.000000 -1.916688 0.000000 0.000000 1.000000 0.000000
0.999747 0.022503 0.000000 94.650973 -0.022503 0.999747 0.000000 -1.926348 0.000000 0.000000 1.000000 0.000000
0.999729 0.023286 0.000000 95.146044 -0.023286 0.999729 0.000000 -1.945079 0.000000 0.000000 1.000000 0.000000
0.999748 0.022441 0.000000 95.638093 -0.022441 0.999748 0.000000 -1.960343 0.000000 0.000000 1.000000 0.000000
0.999781 0.020917 0.000000 96.128967 -0.020917 0.999781 0.000000 -1.983027 0.000000 0.000000 1.000000 0.000000
0.999789 0.020545 0.000000 96.614747 -0.020545 0.999789 0.000000 -2.010435 0.000000 0.000000 1.000000 0.000000
0.999665 0.025871 0.000000 97.579225 -0.025871 0.999665 0.000000 -2.068540 0.000000 0.000000 1.000000 0.000000
0.999581 0.028956 0.000000 98.046954 -0.028956 0.999581 0.000000 -2.101930 0.000000 0.000000 1.000000 0.000000
0.999533 0.030567 0.000000 98.518068 -0.030567 0.999533 0.000000 -2.123920 0.000000 0.000000 1.000000 0.000000
0.999421 0.034028 0.000000 98.990301 -0.034028 0.999421 0.000000 -2.148525 0.000000 0.000000 1.000000 0.000000
0.999383 0.035112 0.000000 99.467498 -0.035112 0.999383 0.000000 -2.180177 0.000000 0.000000 1.000000 0.000000
0.999282 0.037890 0.000000 99.928454 -0.037890 0.999282 0.000000 -2.210594 0.000000 0.000000 1.000000 0.000000
0.999229 0.039271 0.000000 100.398504 -0.039271 0.999229 0.000000 -2.255184 0.000000 0.000000 1.000000 0.000000
0.999096 0.042512 0.000000 100.861609 -0.042512 0.999096 0.000000 -2.288429 0.000000 0.000000 1.000000 0.000000
0.998843 0.048099 0.000000 101.324722 -0.048099 0.998843 0.000000 -2.321404 0.000000 0.000000 1.000000 0.000000
0.998726 0.050453 0.000000 101.787416 -0.050453 0.998726 0.000000 -2.353090 0.000000 0.000000 1.000000 0.000000
0.998613 0.052650 0.000000 102.209551 -0.052650 0.998613 0.000000 -2.392074 0.000000 0.000000 1.000000 0.000000
0.998528 0.054242 0.000000 102.655684 -0.054242 0.998528 0.000000 -2.426924 0.000000 0.000000 1.000000 0.000000
0.998448 0.055685 0.000000 103.095490 -0.055685 0.998448 0.000000 -2.469277 0.000000 0.000000 1.000000 0.000000
0.998418 0.056224 0.000000 103.538821 -0.056224 0.998418 0.000000 -2.511521 0.000000 0.000000 1.000000 0.000000
0.998196 0.060040 0.000000 103.967369 -0.060040 0.998196 0.000000 -2.556433 0.000000 0.000000 1.000000 0.000000
0.998073 0.062047 0.000000 104.400615 -0.062047 0.998073 0.000000 -2.575783 0.000000 0.000000 1.000000 0.000000
0.997645 0.068595 0.000000 104.822808 -0.068595 0.997645 0.000000 -2.610247 0.000000 0.000000 1.000000 0.000000
0.997310 0.073296 0.000000 105.233997 -0.073296 0.997310 0.000000 -2.647814 0.000000 0.000000 1.000000 0.000000
0.997297 0.073472 0.000000 105.643670 -0.073472 0.997297 0.000000 -2.676900 0.000000 0.000000 1.000000 0.000000
0.997459 0.071242 0.000000 106.058637 -0.071242 0.997459 0.000000 -2.710629 0.000000 0.000000 1.000000 0.000000
0.997233 0.074346 0.000000 106.452791 -0.074346 0.997233 0.000000 -2.763747 0.000000 0.000000 1.000000 0.000000
0.997301 0.073419 0.000000 106.848523 -0.073419 0.997301 0.000000 -2.821808 0.000000 0.000000 1.000000 0.000000
0.996829 0.079574 0.000000 107.230081 -0.079574 0.996829 0.000000 -2.859769 0.000000 0.000000 1.000000 0.000000
0.996390 0.084895 0.000000 107.631539 -0.084895 0.996390 0.000000 -2.897406 0.000000 0.000000 1.000000 0.000000
0.996516 0.083398 0.000000 108.017088 -0.083398 0.996516 0.000000 -2.944065 0.000000 0.000000 1.000000 0.000000
0.996249 0.086531 0.000000 108.392938 -0.086531 0.996249 0.000000 -2.977726 0.000000 0.000000 1.000000 0.000000
0.995956 0.089838 0.000000 108.809687 -0.089838 0.995956 0.000000 -3.025057 0.000000 0.000000 1.000000 0.000000
0.995543 0.094303 0.000000 109.217358 -0.094303 0.995543 0.000000 -3.068091 0.000000 0.000000 1.000000 0.000000
0.995112 0.098751 0.000000 109.785229 -0.098751 0.995112 0.000000 -3.136490 0.000000 0.000000 1.000000 0.000000
0.994920 0.100664 0.000000 110.196008 -0.100664 0.994920 0.000000 -3.193533 0.000000 0.000000 1.000000 0.000000
0.994719 0.102637 0.000000 110.606494 -0.102637 0.994719 0.000000 -3.253658 0.000000 0.000000 1.000000 0.000000
0.994505 0.104687 0.000000 111.025129 -0.104687 0.994505 0.000000 -3.310799 0.000000 0.000000 1.000000 0.000000
0.994256 0.107024 0.000000 111.444754 -0.107024 0.994256 0.000000 -3.381468 0.000000 0.000000 1.000000 0.000000
0.994115 0.108332 0.000000 111.867396 -0.108332 0.994115 0.000000 -3.441289 0.000000 0.000000 1.000000 0.000000
0.994160 0.107918 0.000000 112.286195 -0.107918 0.994160 0.000000 -3.500957 0.000000 0.000000 1.000000 0.000000
0.993848 0.110757 0.000000 112.705740 -0.110757 0.993848 0.000000 -3.560454 0.000000 0.000000 1.000000 0.000000
0.992841 0.119447 0.000000 113.442643 -0.119447 0.992841 0.000000 -3.668685 0.000000 0.000000 1.000000 0.000000
0.992932 0.118685 0.000000 113.863987 -0.118685 0.992932 0.000000 -3.744915 0.000000 0.000000 1.000000 0.000000
0.993081 0.117435 0.000000 114.299261 -0.117435 0.993081 0.000000 -3.813334 0.000000 0.000000 1.000000 0.000000
0.993001 0.118109 0.000000 114.733604 -0.118109 0.993001 0.000000 -3.876360 0.000000 0.000000 1.000000 0.000000
0.993117 0.117123 0.000000 115.179643 -0.117123 0.993117 0.000000 -3.927276 0.000000 0.000000 1.000000 0.000000
0.992662 0.120920 0.000000 115.619716 -0.120920 0.992662 0.000000 -3.979222 0.000000 0.000000 1.000000 0.000000
0.992614 0.121314 0.000000 116.062323 -0.121314 0.992614 0.000000 -4.041852 0.000000 0.000000 1.000000 0.000000
0.992678 0.120794 0.000000 116.506955 -0.120794 0.992678 0.000000 -4.099953 0.000000 0.000000 1.000000 0.000000
0.992657 0.120965 0.000000 116.947190 -0.120965 0.992657 0.000000 -4.161199 0.000000 0.000000 1.000000 0.000000
0.992641 0.121098 0.000000 117.391626 -0.121098 0.992641 0.000000 -4.233338 0.000000 0.000000 1.000000 0.000000
0.992140 0.125129 0.000000 117.839724 -0.125129 0.992140 0.000000 -4.310526 0.000000 0.000000 1.000000 0.000000
0.992088 0.125544 0.000000 118.664117 -0.125544 0.992088 0.000000 -4.428929 0.000000 0.000000 1.000000 0.000000
0.992119 0.125298 0.000000 119.114560 -0.125298 0.992119 0.000000 -4.497053 0.000000 0.000000 1.000000 0.000000
0.991729 0.128350 0.000000 119.568213 -0.128350 0.991729 0.000000 -4.556119 0.000000 0.000000 1.000000 0.000000
0.991690 0.128650 0.000000 120.026367 -0.128650 0.991690 0.000000 -4.644012 0.000000 0.000000 1.000000 0.000000
0.991394 0.130912 0.000000 120.483863 -0.130912 0.991394 0.000000 -4.723489 0.000000 0.000000 1.000000 0.000000
0.991258 0.131940 0.000000 120.948155 -0.131940 0.991258 0.000000 -4.799059 0.000000 0.000000 1.000000 0.000000
0.991120 0.132971 0.000000 121.419069 -0.132971 0.991120 0.000000 -4.871722 0.000000 0.000000 1.000000 0.000000
0.990563 0.137055 0.000000 121.885254 -0.137055 0.990563 0.000000 -4.949339 0.000000 0.000000 1.000000 0.000000
0.989959 0.141353 0.000000 122.394369 -0.141353 0.989959 0.000000 -5.027747 0.000000 0.000000 1.000000 0.000000
0.989454 0.144850 0.000000 122.838697 -0.144850 0.989454 0.000000 -5.105317 0.000000 0.000000 1.000000 0.000000
0.989480 0.144670 0.000000 123.346075 -0.144670 0.989480 0.000000 -5.220034 0.000000 0.000000 1.000000 0.000000
0.989222 0.146423 0.000000 123.822854 -0.146423 0.989222 0.000000 -5.318521 0.000000 0.000000 1.000000 0.000000
0.989076 0.147404 0.000000 124.285300 -0.147404 0.989076 0.000000 -5.414936 0.000000 0.000000 1.000000 0.000000
0.989511 0.144459 0.000000 124.753206 -0.144459 0.989511 0.000000 -5.511407 0.000000 0.000000 1.000000 0.000000
0.989083 0.147359 0.000000 125.221007 -0.147359 0.989083 0.000000 -5.600159 0.000000 0.000000 1.000000 0.000000
0.988859 0.148856 0.000000 125.689273 -0.148856 0.988859 0.000000 -5.681193 0.000000 0.000000 1.000000 0.000000
0.988153 0.153475 0.000000 126.161397 -0.153475 0.988153 0.000000 -5.774584 0.000000 0.000000 1.000000 0.000000
0.987101 0.160097 0.000000 126.640278 -0.160097 0.987101 0.000000 -5.866852 0.000000 0.000000 1.000000 0.000000
0.986703 0.162532 0.000000 127.093392 -0.162532 0.986703 0.000000 -5.961772 0.000000 0.000000 1.000000 0.000000
0.986594 0.163197 0.000000 127.572152 -0.163197 0.986594 0.000000 -6.046474 0.000000 0.000000 1.000000 0.000000
0.986003 0.166728 0.000000 128.045391 -0.166728 0.986003 0.000000 -6.144716 0.000000 0.000000 1.000000 0.000000
0.985870 0.167511 0.000000 128.835884 -0.167511 0.985870 0.000000 -6.296304 0.000000 0.000000 1.000000 0.000000
0.985807 0.167884 0.000000 129.320043 -0.167884 0.985807 0.000000 -6.389236 0.000000 0.000000 1.000000 0.000000
0.987455 0.157900 0.000000 130.289089 -0.157900 0.987455 0.000000 -6.596347 0.000000 0.000000 1.000000 0.000000
0.988164 0.153403 0.000000 130.773142 -0.153403 0.988164 0.000000 -6.693977 0.000000 0.000000 1.000000 0.000000
0.988638 0.150316 0.000000 131.278075 -0.150316 0.988638 0.000000 -6.796515 0.000000 0.000000 1.000000 0.000000
0.988634 0.150341 0.000000 131.776650 -0.150341 0.988634 0.000000 -6.886478 0.000000 0.000000 1.000000 0.000000
0.988935 0.148350 0.000000 132.279567 -0.148350 0.988935 0.000000 -6.974595 0.000000 0.000000 1.000000 0.000000
0.988195 0.153199 0.000000 132.773967 -0.153199 0.988195 0.000000 -7.054611 0.000000 0.000000 1.000000 0.000000
0.989125 0.147075 0.000000 133.308136 -0.147075 0.989125 0.000000 -7.154994 0.000000 0.000000 1.000000 0.000000
0.988602 0.150554 0.000000 133.800712 -0.150554 0.988602 0.000000 -7.240772 0.000000 0.000000 1.000000 0.000000
0.988291 0.152580 0.000000 134.315893 -0.152580 0.988291 0.000000 -7.326442 0.000000 0.000000 1.000000 0.000000
0.988132 0.153610 0.000000 134.829723 -0.153610 0.988132 0.000000 -7.419040 0.000000 0.000000 1.000000 0.000000
0.988153 0.153474 0.000000 135.316218 -0.153474 0.988153 0.000000 -7.503878 0.000000 0.000000 1.000000 0.000000
0.988190 0.153236 0.000000 135.831787 -0.153236 0.988190 0.000000 -7.599039 0.000000 0.000000 1.000000 0.000000
0.988311 0.152450 0.000000 136.357044 -0.152450 0.988311 0.000000 -7.696693 0.000000 0.000000 1.000000 0.000000
0.987933 0.154880 0.000000 136.844090 -0.154880 0.987933 0.000000 -7.776996 0.000000 0.000000 1.000000 0.000000
0.988494 0.151260 0.000000 137.362828 -0.151260 0.988494 0.000000 -7.872293 0.000000 0.000000 1.000000 0.000000
0.988132 0.153605 0.000000 137.897479 -0.153605 0.988132 0.000000 -7.969911 0.000000 0.000000 1.000000 0.000000
0.987545 0.157339 0.000000 138.528460 -0.157339 0.987545 0.000000 -8.073182 0.000000 0.000000 1.000000 0.000000
0.987393 0.158286 0.000000 139.096289 -0.158286 0.987393 0.000000 -8.183973 0.000000 0.000000 1.000000 0.000000
0.986006 0.166708 0.000000 139.589813 -0.166708 0.986006 0.000000 -8.279482 0.000000 0.000000 1.000000 0.000000
0.986097 0.166169 0.000000 140.121711 -0.166169 0.986097 0.000000 -8.385173 0.000000 0.000000 1.000000 0.000000
0.985133 0.171796 0.000000 140.662670 -0.171796 0.985133 0.000000 -8.492694 0.000000 0.000000 1.000000 0.000000
0.984798 0.173705 0.000000 141.195892 -0.173705 0.984798 0.000000 -8.603964 0.000000 0.000000 1.000000 0.000000
0.983871 0.178878 0.000000 145.007470 -0.178878 0.983871 0.000000 -9.411288 0.000000 0.000000 1.000000 0.000000
0.983754 0.179520 0.000000 145.522890 -0.179520 0.983754 0.000000 -9.530418 0.000000 0.000000 1.000000 0.000000
0.986242 0.165308 0.000000 146.672900 -0.165308 0.986242 0.000000 -9.785081 0.000000 0.000000 1.000000 0.000000
0.985289 0.170898 0.000000 147.801735 -0.170898 0.985289 0.000000 -10.016423 0.000000 0.000000 1.000000 0.000000
0.985079 0.172100 0.000000 148.367865 -0.172100 0.985079 0.000000 -10.134205 0.000000 0.000000 1.000000 0.000000
0.984822 0.173565 0.000000 148.930983 -0.173565 0.984822 0.000000 -10.247943 0.000000 0.000000 1.000000 0.000000
0.984828 0.173534 0.000000 149.494401 -0.173534 0.984828 0.000000 -10.366660 0.000000 0.000000 1.000000 0.000000
0.985024 0.172416 0.000000 150.059330 -0.172416 0.985024 0.000000 -10.493002 0.000000 0.000000 1.000000 0.000000
0.985640 0.168862 0.000000 150.627088 -0.168862 0.985640 0.000000 -10.616057 0.000000 0.000000 1.000000 0.000000
0.985089 0.172044 0.000000 151.208408 -0.172044 0.985089 0.000000 -10.740838 0.000000 0.000000 1.000000 0.000000
0.984818 0.173592 0.000000 151.786993 -0.173592 0.984818 0.000000 -10.859244 0.000000 0.000000 1.000000 0.000000
0.985159 0.171644 0.000000 152.366625 -0.171644 0.985159 0.000000 -10.991319 0.000000 0.000000 1.000000 0.000000
0.984945 0.172870 0.000000 153.287000 -0.172870 0.984945 0.000000 -11.186802 0.000000 0.000000 1.000000 0.000000
0.984205 0.177034 0.000000 153.861543 -0.177034 0.984205 0.000000 -11.306772 0.000000 0.000000 1.000000 0.000000
0.984384 0.176037 0.000000 154.421174 -0.176037 0.984384 0.000000 -11.444766 0.000000 0.000000 1.000000 0.000000
0.983768 0.179446 0.000000 155.008534 -0.179446 0.983768 0.000000 -11.560147 0.000000 0.000000 1.000000 0.000000
0.983018 0.183512 0.000000 155.627055 -0.183512 0.983018 0.000000 -11.687739 0.000000 0.000000 1.000000 0.000000
0.982486 0.186338 0.000000 156.146184 -0.186338 0.982486 0.000000 -11.802867 0.000000 0.000000 1.000000 0.000000
0.982307 0.187276 0.000000 156.742114 -0.187276 0.982307 0.000000 -11.948677 0.000000 0.000000 1.000000 0.000000
0.982234 0.187662 0.000000 157.309958 -0.187662 0.982234 0.000000 -12.078893 0.000000 0.000000 1.000000 0.000000
0.982166 0.188013 0.000000 157.878320 -0.188013 0.982166 0.000000 -12.209707 0.000000 0.000000 1.000000 0.000000
0.981891 0.189445 0.000000 158.452034 -0.189445 0.981891 0.000000 -12.316815 0.000000 0.000000 1.000000 0.000000
0.981528 0.191319 0.000000 159.019964 -0.191319 0.981528 0.000000 -12.428734 0.000000 0.000000 1.000000 0.000000
0.981826 0.189783 0.000000 159.586397 -0.189783 0.981826 0.000000 -12.553358 0.000000 0.000000 1.000000 0.000000
0.981813 0.189852 0.000000 160.151085 -0.189852 0.981813 0.000000 -12.674791 0.000000 0.000000 1.000000 0.000000
0.981622 0.190835 0.000000 160.720910 -0.190835 0.981622 0.000000 -12.793333 0.000000 0.000000 1.000000 0.000000
0.981777 0.190035 0.000000 161.292432 -0.190035 0.981777 0.000000 -12.929267 0.000000 0.000000 1.000000 0.000000
0.981112 0.193439 0.000000 161.869933 -0.193439 0.981112 0.000000 -13.049913 0.000000 0.000000 1.000000 0.000000
0.980537 0.196335 0.000000 163.005784 -0.196335 0.980537 0.000000 -13.305999 0.000000 0.000000 1.000000 0.000000
0.980309 0.197469 0.000000 163.571265 -0.197469 0.980309 0.000000 -13.422569 0.000000 0.000000 1.000000 0.000000
0.980757 0.195232 0.000000 164.103286 -0.195232 0.980757 0.000000 -13.553683 0.000000 0.000000 1.000000 0.000000
0.979512 0.201384 0.000000 164.687485 -0.201384 0.979512 0.000000 -13.674302 0.000000 0.000000 1.000000 0.000000
0.979079 0.203480 0.000000 165.239241 -0.203480 0.979079 0.000000 -13.786533 0.000000 0.000000 1.000000 0.000000
0.979385 0.202004 0.000000 166.357136 -0.202004 0.979385 0.000000 -14.027585 0.000000 0.000000 1.000000 0.000000
0.979561 0.201147 0.000000 166.914717 -0.201147 0.979561 0.000000 -14.137692 0.000000 0.000000 1.000000 0.000000
0.979482 0.201531 0.000000 167.441402 -0.201531 0.979482 0.000000 -14.261343 0.000000 0.000000 1.000000 0.000000
0.979214 0.202828 0.000000 168.007403 -0.202828 0.979214 0.000000 -14.383538 0.000000 0.000000 1.000000 0.000000
0.979442 0.201728 0.000000 168.568823 -0.201728 0.979442 0.000000 -14.523257 0.000000 0.000000 1.000000 0.000000
0.978936 0.204169 0.000000 169.094611 -0.204169 0.978936 0.000000 -14.634396 0.000000 0.000000 1.000000 0.000000
0.978107 0.208101 0.000000 169.855666 -0.208101 0.978107 0.000000 -14.789447 0.000000 0.000000 1.000000 0.000000
0.977689 0.210057 0.000000 170.420813 -0.210057 0.977689 0.000000 -14.914457 0.000000 0.000000 1.000000 0.000000
0.977319 0.211771 0.000000 170.984362 -0.211771 0.977319 0.000000 -15.057766 0.000000 0.000000 1.000000 0.000000
0.975971 0.217901 0.000000 171.587848 -0.217901 0.975971 0.000000 -15.185402 0.000000 0.000000 1.000000 0.000000
0.976144 0.217123 0.000000 172.126924 -0.217123 0.976144 0.000000 -15.309922 0.000000 0.000000 1.000000 0.000000
0.976634 0.214909 0.000000 172.727057 -0.214909 0.976634 0.000000 -15.458296 0.000000 0.000000 1.000000 0.000000
0.975659 0.219293 0.000000 173.299977 -0.219293 0.975659 0.000000 -15.584745 0.000000 0.000000 1.000000 0.000000
0.976043 0.217578 0.000000 173.864692 -0.217578 0.976043 0.000000 -15.731159 0.000000 0.000000 1.000000 0.000000
0.974654 0.223716 0.000000 174.451977 -0.223716 0.974654 0.000000 -15.867804 0.000000 0.000000 1.000000 0.000000
0.975590 0.219601 0.000000 175.016685 -0.219601 0.975590 0.000000 -16.016462 0.000000 0.000000 1.000000 0.000000
0.975820 0.218575 0.000000 175.600758 -0.218575 0.975820 0.000000 -16.156853 0.000000 0.000000 1.000000 0.000000
0.975814 0.218602 0.000000 176.169233 -0.218602 0.975814 0.000000 -16.297413 0.000000 0.000000 1.000000 0.000000
0.976441 0.215784 0.000000 176.746503 -0.215784 0.976441 0.000000 -16.436922 0.000000 0.000000 1.000000 0.000000
0.977591 0.210513 0.000000 177.310095 -0.210513 0.977591 0.000000 -16.579067 0.000000 0.000000 1.000000 0.000000
0.978087 0.208198 0.000000 177.879010 -0.208198 0.978087 0.000000 -16.707580 0.000000 0.000000 1.000000 0.000000
0.977673 0.210134 0.000000 178.447886 -0.210134 0.977673 0.000000 -16.836484 0.000000 0.000000 1.000000 0.000000
0.977994 0.208632 0.000000 179.018794 -0.208632 0.977994 0.000000 -16.978135 0.000000 0.000000 1.000000 0.000000
0.977316 0.211787 0.000000 179.554688 -0.211787 0.977316 0.000000 -17.112341 0.000000 0.000000 1.000000 0.000000
0.977209 0.212280 0.000000 180.173286 -0.212280 0.977209 0.000000 -17.259676 0.000000 0.000000 1.000000 0.000000
0.977296 0.211880 0.000000 180.706402 -0.211880 0.977296 0.000000 -17.384754 0.000000 0.000000 1.000000 0.000000
0.977250 0.212088 0.000000 181.284936 -0.212088 0.977250 0.000000 -17.521929 0.000000 0.000000 1.000000 0.000000
0.976868 0.213845 0.000000 181.862444 -0.213845 0.976868 0.000000 -17.660959 0.000000 0.000000 1.000000 0.000000
0.976257 0.216614 0.000000 182.442191 -0.216614 0.976257 0.000000 -17.801051 0.000000 0.000000 1.000000 0.000000
0.974588 0.224004 0.000000 183.018793 -0.224004 0.974588 0.000000 -17.941632 0.000000 0.000000 1.000000 0.000000
0.974506 0.224362 0.000000 183.593684 -0.224362 0.974506 0.000000 -18.087168 0.000000 0.000000 1.000000 0.000000
0.974572 0.224073 0.000000 184.172968 -0.224073 0.974572 0.000000 -18.235698 0.000000 0.000000 1.000000 0.000000
0.974703 0.223505 0.000000 184.745573 -0.223505 0.974703 0.000000 -18.377515 0.000000 0.000000 1.000000 0.000000
0.974406 0.224796 0.000000 185.321925 -0.224796 0.974406 0.000000 -18.525819 0.000000 0.000000 1.000000 0.000000
0.973946 0.226779 0.000000 185.903793 -0.226779 0.973946 0.000000 -18.679591 0.000000 0.000000 1.000000 0.000000
0.974282 0.225330 0.000000 186.471058 -0.225330 0.974282 0.000000 -18.834710 0.000000 0.000000 1.000000 0.000000
0.974517 0.224316 0.000000 187.043238 -0.224316 0.974517 0.000000 -18.984418 0.000000 0.000000 1.000000 0.000000
0.973889 0.227026 0.000000 187.611136 -0.227026 0.973889 0.000000 -19.122292 0.000000 0.000000 1.000000 0.000000
0.973640 0.228089 0.000000 188.157847 -0.228089 0.973640 0.000000 -19.257660 0.000000 0.000000 1.000000 0.000000
0.973686 0.227893 0.000000 188.731083 -0.227893 0.973686 0.000000 -19.410871 0.000000 0.000000 1.000000 0.000000
0.972652 0.232268 0.000000 189.310033 -0.232268 0.972652 0.000000 -19.565542 0.000000 0.000000 1.000000 0.000000
0.972634 0.232344 0.000000 189.857846 -0.232344 0.972634 0.000000 -19.705160 0.000000 0.000000 1.000000 0.000000
0.973377 0.229209 0.000000 190.419789 -0.229209 0.973377 0.000000 -19.865207 0.000000 0.000000 1.000000 0.000000
0.972569 0.232613 0.000000 190.990050 -0.232613 0.972569 0.000000 -20.015860 0.000000 0.000000 1.000000 0.000000
0.973369 0.229245 0.000000 191.525171 -0.229245 0.973369 0.000000 -20.167981 0.000000 0.000000 1.000000 0.000000
0.973189 0.230009 0.000000 192.085048 -0.230009 0.973189 0.000000 -20.321208 0.000000 0.000000 1.000000 0.000000
0.972380 0.233404 0.000000 192.655044 -0.233404 0.972380 0.000000 -20.470667 0.000000 0.000000 1.000000 0.000000
0.972255 0.233925 0.000000 193.191232 -0.233925 0.972255 0.000000 -20.599927 0.000000 0.000000 1.000000 0.000000
0.972078 0.234657 0.000000 193.762600 -0.234657 0.972078 0.000000 -20.751279 0.000000 0.000000 1.000000 0.000000
0.971629 0.236511 0.000000 194.322662 -0.236511 0.971629 0.000000 -20.897011 0.000000 0.000000 1.000000 0.000000
0.971051 0.238874 0.000000 195.136776 -0.238874 0.971051 0.000000 -21.136595 0.000000 0.000000 1.000000 0.000000
0.970509 0.241066 0.000000 195.696568 -0.241066 0.970509 0.000000 -21.285919 0.000000 0.000000 1.000000 0.000000
0.969928 0.243392 0.000000 196.262898 -0.243392 0.969928 0.000000 -21.432641 0.000000 0.000000 1.000000 0.000000
0.970176 0.242401 0.000000 196.825881 -0.242401 0.970176 0.000000 -21.581651 0.000000 0.000000 1.000000 0.000000
0.970006 0.243081 0.000000 197.387686 -0.243081 0.970006 0.000000 -21.731106 0.000000 0.000000 1.000000 0.000000
0.970427 0.241396 0.000000 197.948232 -0.241396 0.970427 0.000000 -21.870573 0.000000 0.000000 1.000000 0.000000
0.971173 0.238376 0.000000 198.503795 -0.238376 0.971173 0.000000 -22.018999 0.000000 0.000000 1.000000 0.000000
0.971010 0.239040 0.000000 199.084797 -0.239040 0.971010 0.000000 -22.174788 0.000000 0.000000 1.000000 0.000000
0.971004 0.239065 0.000000 199.587243 -0.239065 0.971004 0.000000 -22.312118 0.000000 0.000000 1.000000 0.000000
0.970656 0.240472 0.000000 200.568510 -0.240472 0.970656 0.000000 -22.582387 0.000000 0.000000 1.000000 0.000000
0.970580 0.240780 0.000000 201.135080 -0.240780 0.970580 0.000000 -22.719054 0.000000 0.000000 1.000000 0.000000
0.970280 0.241985 0.000000 201.847196 -0.241985 0.970280 0.000000 -22.913868 0.000000 0.000000 1.000000 0.000000
0.969930 0.243383 0.000000 202.558181 -0.243383 0.969930 0.000000 -23.108598 0.000000 0.000000 1.000000 0.000000
0.969323 0.245791 0.000000 203.512760 -0.245791 0.969323 0.000000 -23.380809 0.000000 0.000000 1.000000 0.000000
0.969394 0.245508 0.000000 204.069464 -0.245508 0.969394 0.000000 -23.534212 0.000000 0.000000 1.000000 0.000000
0.969680 0.244379 0.000000 204.638874 -0.244379 0.969680 0.000000 -23.694617 0.000000 0.000000 1.000000 0.000000
0.969531 0.244971 0.000000 205.192645 -0.244971 0.969531 0.000000 -23.844289 0.000000 0.000000 1.000000 0.000000
0.969325 0.245781 0.000000 205.715066 -0.245781 0.969325 0.000000 -23.986319 0.000000 0.000000 1.000000 0.000000
0.970154 0.242488 0.000000 206.278621 -0.242488 0.970154 0.000000 -24.146776 0.000000 0.000000 1.000000 0.000000
0.969598 0.244703 0.000000 206.833406 -0.244703 0.969598 0.000000 -24.302560 0.000000 0.000000 1.000000 0.000000
0.969472 0.245204 0.000000 207.617544 -0.245204 0.969472 0.000000 -24.528314 0.000000 0.000000 1.000000 0.000000
0.969801 0.243899 0.000000 208.176476 -0.243899 0.969801 0.000000 -24.683994 0.000000 0.000000 1.000000 0.000000
0.969874 0.243606 0.000000 208.738742 -0.243606 0.969874 0.000000 -24.833842 0.000000 0.000000 1.000000 0.000000
0.969784 0.243967 0.000000 209.289669 -0.243967 0.969784 0.000000 -24.988067 0.000000 0.000000 1.000000 0.000000
0.970720 0.240212 0.000000 209.881061 -0.240212 0.970720 0.000000 -25.154307 0.000000 0.000000 1.000000 0.000000
0.970696 0.240312 0.000000 210.397342 -0.240312 0.970696 0.000000 -25.298678 0.000000 0.000000 1.000000 0.000000
0.970600 0.240699 0.000000 210.986133 -0.240699 0.970600 0.000000 -25.460561 0.000000 0.000000 1.000000 0.000000
0.971041 0.238911 0.000000 211.504815 -0.238911 0.971041 0.000000 -25.603006 0.000000 0.000000 1.000000 0.000000
0.970994 0.239105 0.000000 212.096720 -0.239105 0.970994 0.000000 -25.765988 0.000000 0.000000 1.000000 0.000000
0.971336 0.237712 0.000000 212.652609 -0.237712 0.971336 0.000000 -25.922152 0.000000 0.000000 1.000000 0.000000
0.971036 0.238932 0.000000 213.203914 -0.238932 0.971036 0.000000 -26.067927 0.000000 0.000000 1.000000 0.000000
0.971397 0.237462 0.000000 213.758886 -0.237462 0.971397 0.000000 -26.214267 0.000000 0.000000 1.000000 0.000000
0.971242 0.238095 0.000000 214.309017 -0.238095 0.971242 0.000000 -26.354673 0.000000 0.000000 1.000000 0.000000
0.971240 0.238104 0.000000 214.867270 -0.238104 0.971240 0.000000 -26.498960 0.000000 0.000000 1.000000 0.000000
0.971781 0.235885 0.000000 215.426712 -0.235885 0.971781 0.000000 -26.643262 0.000000 0.000000 1.000000 0.000000
0.972258 0.233911 0.000000 215.985853 -0.233911 0.972258 0.000000 -26.779866 0.000000 0.000000 1.000000 0.000000
0.970872 0.239600 0.000000 216.540041 -0.239600 0.970872 0.000000 -26.929894 0.000000 0.000000 1.000000 0.000000
0.971440 0.237286 0.000000 217.086877 -0.237286 0.971440 0.000000 -27.080024 0.000000 0.000000 1.000000 0.000000
0.972158 0.234325 0.000000 217.673238 -0.234325 0.972158 0.000000 -27.232974 0.000000 0.000000 1.000000 0.000000
0.972561 0.232647 0.000000 218.224376 -0.232647 0.972561 0.000000 -27.380375 0.000000 0.000000 1.000000 0.000000
0.973328 0.229420 0.000000 218.772376 -0.229420 0.973328 0.000000 -27.517696 0.000000 0.000000 1.000000 0.000000
0.973300 0.229536 0.000000 219.285834 -0.229536 0.973300 0.000000 -27.651559 0.000000 0.000000 1.000000 0.000000
0.973102 0.230373 0.000000 219.831418 -0.230373 0.973102 0.000000 -27.801256 0.000000 0.000000 1.000000 0.000000
0.972542 0.232729 0.000000 220.420692 -0.232729 0.972542 0.000000 -27.951109 0.000000 0.000000 1.000000 0.000000
0.973320 0.229452 0.000000 220.973788 -0.229452 0.973320 0.000000 -28.099454 0.000000 0.000000 1.000000 0.000000
0.973939 0.226808 0.000000 221.523776 -0.226808 0.973939 0.000000 -28.243007 0.000000 0.000000 1.000000 0.000000
0.974073 0.226235 0.000000 222.047086 -0.226235 0.974073 0.000000 -28.386236 0.000000 0.000000 1.000000 0.000000
0.974382 0.224898 0.000000 223.124175 -0.224898 0.974382 0.000000 -28.668057 0.000000 0.000000 1.000000 0.000000
0.975088 0.221817 0.000000 223.654993 -0.221817 0.975088 0.000000 -28.813761 0.000000 0.000000 1.000000 0.000000
0.975473 0.220119 0.000000 224.182782 -0.220119 0.975473 0.000000 -28.950341 0.000000 0.000000 1.000000 0.000000
0.975961 0.217944 0.000000 224.690253 -0.217944 0.975961 0.000000 -29.081529 0.000000 0.000000 1.000000 0.000000
0.975809 0.218624 0.000000 225.234268 -0.218624 0.975809 0.000000 -29.213174 0.000000 0.000000 1.000000 0.000000
0.976265 0.216577 0.000000 225.768290 -0.216577 0.976265 0.000000 -29.349098 0.000000 0.000000 1.000000 0.000000
0.976641 0.214879 0.000000 226.306396 -0.214879 0.976641 0.000000 -29.480195 0.000000 0.000000 1.000000 0.000000
0.976815 0.214085 0.000000 226.808209 -0.214085 0.976815 0.000000 -29.599462 0.000000 0.000000 1.000000 0.000000
0.977193 0.212352 0.000000 227.339122 -0.212352 0.977193 0.000000 -29.733498 0.000000 0.000000 1.000000 0.000000
0.977016 0.213168 0.000000 227.839559 -0.213168 0.977016 0.000000 -29.856792 0.000000 0.000000 1.000000 0.000000
0.977059 0.212971 0.000000 228.364770 -0.212971 0.977059 0.000000 -29.978757 0.000000 0.000000 1.000000 0.000000
0.977201 0.212315 0.000000 228.895215 -0.212315 0.977201 0.000000 -30.098749 0.000000 0.000000 1.000000 0.000000
0.977552 0.210694 0.000000 229.417761 -0.210694 0.977552 0.000000 -30.230545 0.000000 0.000000 1.000000 0.000000
0.978095 0.208157 0.000000 229.913360 -0.208157 0.978095 0.000000 -30.351074 0.000000 0.000000 1.000000 0.000000
0.978231 0.207520 0.000000 230.438903 -0.207520 0.978231 0.000000 -30.472735 0.000000 0.000000 1.000000 0.000000
0.978944 0.204128 0.000000 231.093515 -0.204128 0.978944 0.000000 -30.624151 0.000000 0.000000 1.000000 0.000000
0.978974 0.203983 0.000000 231.719482 -0.203983 0.978974 0.000000 -30.771284 0.000000 0.000000 1.000000 0.000000
0.979029 0.203722 0.000000 232.239269 -0.203722 0.979029 0.000000 -30.894009 0.000000 0.000000 1.000000 0.000000
0.979153 0.203125 0.000000 232.761262 -0.203125 0.979153 0.000000 -31.013599 0.000000 0.000000 1.000000 0.000000
0.979775 0.200101 0.000000 233.283566 -0.200101 0.979775 0.000000 -31.133106 0.000000 0.000000 1.000000 0.000000
0.980174 0.198140 0.000000 233.804538 -0.198140 0.980174 0.000000 -31.245650 0.000000 0.000000 1.000000 0.000000
0.980586 0.196091 0.000000 234.328766 -0.196091 0.980586 0.000000 -31.363215 0.000000 0.000000 1.000000 0.000000
0.981561 0.191147 0.000000 235.224412 -0.191147 0.981561 0.000000 -31.574418 0.000000 0.000000 1.000000 0.000000
0.981208 0.192951 0.000000 235.755652 -0.192951 0.981208 0.000000 -31.688643 0.000000 0.000000 1.000000 0.000000
0.981121 0.193393 0.000000 236.244293 -0.193393 0.981121 0.000000 -31.804757 0.000000 0.000000 1.000000 0.000000
0.980562 0.196210 0.000000 236.768240 -0.196210 0.980562 0.000000 -31.926476 0.000000 0.000000 1.000000 0.000000
0.980225 0.197887 0.000000 237.289432 -0.197887 0.980225 0.000000 -32.044471 0.000000 0.000000 1.000000 0.000000
0.979964 0.199176 0.000000 237.807124 -0.199176 0.979964 0.000000 -32.152846 0.000000 0.000000 1.000000 0.000000
0.980586 0.196090 0.000000 238.327082 -0.196090 0.980586 0.000000 -32.288015 0.000000 0.000000 1.000000 0.000000
0.980692 0.195560 0.000000 238.841764 -0.195560 0.980692 0.000000 -32.415312 0.000000 0.000000 1.000000 0.000000
0.980211 0.197957 0.000000 239.359243 -0.197957 0.980211 0.000000 -32.527232 0.000000 0.000000 1.000000 0.000000
0.979884 0.199569 0.000000 239.882502 -0.199569 0.979884 0.000000 -32.651499 0.000000 0.000000 1.000000 0.000000
0.979883 0.199572 0.000000 240.393228 -0.199572 0.979883 0.000000 -32.783620 0.000000 0.000000 1.000000 0.000000
0.979424 0.201815 0.000000 240.914959 -0.201815 0.979424 0.000000 -32.900318 0.000000 0.000000 1.000000 0.000000
0.979737 0.200290 0.000000 241.436712 -0.200290 0.979737 0.000000 -33.022195 0.000000 0.000000 1.000000 0.000000
0.979398 0.201940 0.000000 241.947563 -0.201940 0.979398 0.000000 -33.141417 0.000000 0.000000 1.000000 0.000000
0.979517 0.201363 0.000000 242.464531 -0.201363 0.979517 0.000000 -33.267698 0.000000 0.000000 1.000000 0.000000
0.979299 0.202420 0.000000 242.980248 -0.202420 0.979299 0.000000 -33.387659 0.000000 0.000000 1.000000 0.000000
0.979514 0.201374 0.000000 243.533771 -0.201374 0.979514 0.000000 -33.519108 0.000000 0.000000 1.000000 0.000000
0.979355 0.202147 0.000000 244.020507 -0.202147 0.979355 0.000000 -33.636300 0.000000 0.000000 1.000000 0.000000
0.979185 0.202970 0.000000 244.533045 -0.202970 0.979185 0.000000 -33.762769 0.000000 0.000000 1.000000 0.000000
0.978360 0.206911 0.000000 245.051357 -0.206911 0.978360 0.000000 -33.884329 0.000000 0.000000 1.000000 0.000000
0.978028 0.208473 0.000000 245.562069 -0.208473 0.978028 0.000000 -34.014090 0.000000 0.000000 1.000000 0.000000
0.978491 0.206288 0.000000 246.076721 -0.206288 0.978491 0.000000 -34.147647 0.000000 0.000000 1.000000 0.000000
0.978569 0.205921 0.000000 246.592673 -0.205921 0.978569 0.000000 -34.268137 0.000000 0.000000 1.000000 0.000000
0.978300 0.207192 0.000000 247.103022 -0.207192 0.978300 0.000000 -34.393404 0.000000 0.000000 1.000000 0.000000
0.978004 0.208586 0.000000 247.620953 -0.208586 0.978004 0.000000 -34.524195 0.000000 0.000000 1.000000 0.000000
0.978120 0.208043 0.000000 248.135710 -0.208043 0.978120 0.000000 -34.650234 0.000000 0.000000 1.000000 0.000000
0.977057 0.212977 0.000000 248.685622 -0.212977 0.977057 0.000000 -34.770367 0.000000 0.000000 1.000000 0.000000
0.976632 0.214917 0.000000 249.193972 -0.214917 0.976632 0.000000 -34.901749 0.000000 0.000000 1.000000 0.000000
0.976165 0.217030 0.000000 249.664545 -0.217030 0.976165 0.000000 -35.026329 0.000000 0.000000 1.000000 0.000000
0.975928 0.218093 0.000000 250.178135 -0.218093 0.975928 0.000000 -35.148253 0.000000 0.000000 1.000000 0.000000
0.974455 0.224584 0.000000 251.200507 -0.224584 0.974455 0.000000 -35.402646 0.000000 0.000000 1.000000 0.000000
0.973909 0.226937 0.000000 251.710413 -0.226937 0.973909 0.000000 -35.543105 0.000000 0.000000 1.000000 0.000000
0.972536 0.232751 0.000000 252.408727 -0.232751 0.972536 0.000000 -35.731468 0.000000 0.000000 1.000000 0.000000
0.973516 0.228621 0.000000 253.383117 -0.228621 0.973516 0.000000 -35.987575 0.000000 0.000000 1.000000 0.000000
0.973424 0.229011 0.000000 253.885133 -0.229011 0.973424 0.000000 -36.123305 0.000000 0.000000 1.000000 0.000000
0.972826 0.231537 0.000000 254.388005 -0.231537 0.972826 0.000000 -36.250104 0.000000 0.000000 1.000000 0.000000
0.972432 0.233187 0.000000 254.875638 -0.233187 0.972432 0.000000 -36.387617 0.000000 0.000000 1.000000 0.000000
0.972128 0.234449 0.000000 255.384736 -0.234449 0.972128 0.000000 -36.517752 0.000000 0.000000 1.000000 0.000000
0.971770 0.235930 0.000000 255.882945 -0.235930 0.971770 0.000000 -36.655856 0.000000 0.000000 1.000000 0.000000
0.971501 0.237034 0.000000 256.376077 -0.237034 0.971501 0.000000 -36.800344 0.000000 0.000000 1.000000 0.000000
0.971384 0.237516 0.000000 256.875777 -0.237516 0.971384 0.000000 -36.930463 0.000000 0.000000 1.000000 0.000000
0.971528 0.236924 0.000000 257.371369 -0.236924 0.971528 0.000000 -37.060214 0.000000 0.000000 1.000000 0.000000
0.972687 0.232122 0.000000 257.865848 -0.232122 0.972687 0.000000 -37.190239 0.000000 0.000000 1.000000 0.000000
0.973222 0.229869 0.000000 258.330520 -0.229869 0.973222 0.000000 -37.307511 0.000000 0.000000 1.000000 0.000000
0.973360 0.229284 0.000000 258.830998 -0.229284 0.973360 0.000000 -37.429411 0.000000 0.000000 1.000000 0.000000
0.973086 0.230443 0.000000 259.322382 -0.230443 0.973086 0.000000 -37.549371 0.000000 0.000000 1.000000 0.000000
0.973328 0.229417 0.000000 259.806297 -0.229417 0.973328 0.000000 -37.662889 0.000000 0.000000 1.000000 0.000000
0.973418 0.229034 0.000000 260.299537 -0.229034 0.973418 0.000000 -37.785764 0.000000 0.000000 1.000000 0.000000
0.973803 0.227391 0.000000 260.782660 -0.227391 0.973803 0.000000 -37.903508 0.000000 0.000000 1.000000 0.000000
0.973646 0.228066 0.000000 261.262390 -0.228066 0.973646 0.000000 -38.017781 0.000000 0.000000 1.000000 0.000000
0.973235 0.229812 0.000000 261.747296 -0.229812 0.973235 0.000000 -38.135701 0.000000 0.000000 1.000000 0.000000
0.972800 0.231646 0.000000 262.236877 -0.231646 0.972800 0.000000 -38.254229 0.000000 0.000000 1.000000 0.000000
0.971919 0.235314 0.000000 262.710784 -0.235314 0.971919 0.000000 -38.370401 0.000000 0.000000 1.000000 0.000000
0.972132 0.234435 0.000000 263.182170 -0.234435 0.972132 0.000000 -38.507527 0.000000 0.000000 1.000000 0.000000
0.972960 0.230972 0.000000 263.656749 -0.230972 0.972960 0.000000 -38.624383 0.000000 0.000000 1.000000 0.000000
0.972709 0.232029 0.000000 264.083126 -0.232029 0.972709 0.000000 -38.729022 0.000000 0.000000 1.000000 0.000000
0.972413 0.233267 0.000000 264.535501 -0.233267 0.972413 0.000000 -38.847756 0.000000 0.000000 1.000000 0.000000
0.972309 0.233699 0.000000 264.991669 -0.233699 0.972309 0.000000 -38.963453 0.000000 0.000000 1.000000 0.000000
0.972353 0.233515 0.000000 265.434021 -0.233515 0.972353 0.000000 -39.071119 0.000000 0.000000 1.000000 0.000000
0.972397 0.233334 0.000000 265.882078 -0.233334 0.972397 0.000000 -39.188304 0.000000 0.000000 1.000000 0.000000
0.972620 0.232403 0.000000 266.321354 -0.232403 0.972620 0.000000 -39.293250 0.000000 0.000000 1.000000 0.000000
0.972386 0.233378 0.000000 266.756628 -0.233378 0.972386 0.000000 -39.412049 0.000000 0.000000 1.000000 0.000000
0.972843 0.231466 0.000000 267.187117 -0.231466 0.972843 0.000000 -39.520260 0.000000 0.000000 1.000000 0.000000
0.973196 0.229976 0.000000 267.623419 -0.229976 0.973196 0.000000 -39.632879 0.000000 0.000000 1.000000 0.000000
0.973996 0.226567 0.000000 268.193246 -0.226567 0.973996 0.000000 -39.769040 0.000000 0.000000 1.000000 0.000000
0.973813 0.227349 0.000000 268.610537 -0.227349 0.973813 0.000000 -39.869989 0.000000 0.000000 1.000000 0.000000
0.973178 0.230052 0.000000 269.034909 -0.230052 0.973178 0.000000 -39.960166 0.000000 0.000000 1.000000 0.000000
0.973713 0.227778 0.000000 269.446697 -0.227778 0.973713 0.000000 -40.060812 0.000000 0.000000 1.000000 0.000000
0.973461 0.228852 0.000000 269.866775 -0.228852 0.973461 0.000000 -40.160538 0.000000 0.000000 1.000000 0.000000
0.974057 0.226303 0.000000 270.257968 -0.226303 0.974057 0.000000 -40.255152 0.000000 0.000000 1.000000 0.000000
0.973855 0.227169 0.000000 270.655508 -0.227169 0.973855 0.000000 -40.346807 0.000000 0.000000 1.000000 0.000000
0.973362 0.229275 0.000000 271.076651 -0.229275 0.973362 0.000000 -40.445855 0.000000 0.000000 1.000000 0.000000
0.973130 0.230258 0.000000 271.458719 -0.230258 0.973130 0.000000 -40.544375 0.000000 0.000000 1.000000 0.000000
0.972495 0.232924 0.000000 271.843364 -0.232924 0.972495 0.000000 -40.640774 0.000000 0.000000 1.000000 0.000000
0.972843 0.231467 0.000000 272.219961 -0.231467 0.972843 0.000000 -40.744991 0.000000 0.000000 1.000000 0.000000
0.973205 0.229938 0.000000 272.594085 -0.229938 0.973205 0.000000 -40.846164 0.000000 0.000000 1.000000 0.000000
0.972770 0.231772 0.000000 272.970183 -0.231772 0.972770 0.000000 -40.940353 0.000000 0.000000 1.000000 0.000000
0.972512 0.232854 0.000000 273.333980 -0.232854 0.972512 0.000000 -41.038547 0.000000 0.000000 1.000000 0.000000
0.972603 0.232472 0.000000 273.700147 -0.232472 0.972603 0.000000 -41.137894 0.000000 0.000000 1.000000 0.000000
0.972898 0.231236 0.000000 274.062928 -0.231236 0.972898 0.000000 -41.224788 0.000000 0.000000 1.000000 0.000000
0.973137 0.230228 0.000000 274.418661 -0.230228 0.973137 0.000000 -41.303985 0.000000 0.000000 1.000000 0.000000
0.972896 0.231241 0.000000 274.764759 -0.231241 0.972896 0.000000 -41.389138 0.000000 0.000000 1.000000 0.000000
0.972717 0.231996 0.000000 275.112559 -0.231996 0.972717 0.000000 -41.477894 0.000000 0.000000 1.000000 0.000000
0.973425 0.229006 0.000000 275.446738 -0.229006 0.973425 0.000000 -41.576255 0.000000 0.000000 1.000000 0.000000
0.973537 0.228531 0.000000 276.118116 -0.228531 0.973537 0.000000 -41.753523 0.000000 0.000000 1.000000 0.000000
0.973331 0.229407 0.000000 276.444933 -0.229407 0.973331 0.000000 -41.838555 0.000000 0.000000 1.000000 0.000000
0.973377 0.229209 0.000000 276.765295 -0.229209 0.973377 0.000000 -41.924361 0.000000 0.000000 1.000000 0.000000
0.973455 0.228877 0.000000 277.084411 -0.228877 0.973455 0.000000 -42.001070 0.000000 0.000000 1.000000 0.000000
0.973290 0.229579 0.000000 277.401583 -0.229579 0.973290 0.000000 -42.073781 0.000000 0.000000 1.000000 0.000000
0.971999 0.234986 0.000000 277.996802 -0.234986 0.971999 0.000000 -42.225615 0.000000 0.000000 1.000000 0.000000
0.971991 0.235020 0.000000 278.298863 -0.235020 0.971991 0.000000 -42.303769 0.000000 0.000000 1.000000 0.000000
0.972379 0.233406 0.000000 278.583703 -0.233406 0.972379 0.000000 -42.378196 0.000000 0.000000 1.000000 0.000000
0.972886 0.231286 0.000000 278.867106 -0.231286 0.972886 0.000000 -42.465120 0.000000 0.000000 1.000000 0.000000
0.973202 0.229951 0.000000 279.133054 -0.229951 0.973202 0.000000 -42.539740 0.000000 0.000000 1.000000 0.000000
0.973706 0.227807 0.000000 281.761783 -0.227807 0.973706 0.000000 -43.183874 0.000000 0.000000 1.000000 0.000000
0.972818 0.231570 0.000000 281.992964 -0.231570 0.972818 0.000000 -43.263868 0.000000 0.000000 1.000000 0.000000
0.972335 0.233591 0.000000 282.227003 -0.233591 0.972335 0.000000 -43.318532 0.000000 0.000000 1.000000 0.000000
0.973033 0.230664 0.000000 282.521294 -0.230664 0.973033 0.000000 -43.410458 0.000000 0.000000 1.000000 0.000000
0.973883 0.227052 0.000000 282.862005 -0.227052 0.973883 0.000000 -43.505134 0.000000 0.000000 1.000000 0.000000
0.973964 0.226703 0.000000 283.160050 -0.226703 0.973964 0.000000 -43.581752 0.000000 0.000000 1.000000 0.000000
0.973684 0.227903 0.000000 283.386218 -0.227903 0.973684 0.000000 -43.644129 0.000000 0.000000 1.000000 0.000000
0.973890 0.227020 0.000000 283.611523 -0.227020 0.973890 0.000000 -43.704010 0.000000 0.000000 1.000000 0.000000
0.974197 0.225697 0.000000 283.831043 -0.225697 0.974197 0.000000 -43.764762 0.000000 0.000000 1.000000 0.000000
0.974339 0.225086 0.000000 284.046606 -0.225086 0.974339 0.000000 -43.826696 0.000000 0.000000 1.000000 0.000000
0.973830 0.227277 0.000000 284.260334 -0.227277 0.973830 0.000000 -43.878786 0.000000 0.000000 1.000000 0.000000
0.973483 0.228760 0.000000 284.471682 -0.228760 0.973483 0.000000 -43.922094 0.000000 0.000000 1.000000 0.000000
0.974317 0.225182 0.000000 284.680797 -0.225182 0.974317 0.000000 -43.969159 0.000000 0.000000 1.000000 0.000000
0.974136 0.225963 0.000000 284.879468 -0.225963 0.974136 0.000000 -44.026922 0.000000 0.000000 1.000000 0.000000
0.973677 0.227934 0.000000 285.075191 -0.227934 0.973677 0.000000 -44.072291 0.000000 0.000000 1.000000 0.000000
0.973377 0.229208 0.000000 285.281073 -0.229208 0.973377 0.000000 -44.127825 0.000000 0.000000 1.000000 0.000000
0.973659 0.228008 0.000000 285.461123 -0.228008 0.973659 0.000000 -44.179168 0.000000 0.000000 1.000000 0.000000
0.973961 0.226714 0.000000 285.655761 -0.226714 0.973961 0.000000 -44.241350 0.000000 0.000000 1.000000 0.000000
0.974090 0.226160 0.000000 285.826382 -0.226160 0.974090 0.000000 -44.285858 0.000000 0.000000 1.000000 0.000000
0.973875 0.227086 0.000000 286.009039 -0.227086 0.973875 0.000000 -44.329835 0.000000 0.000000 1.000000 0.000000
0.973227 0.229844 0.000000 286.192473 -0.229844 0.973227 0.000000 -44.378001 0.000000 0.000000 1.000000 0.000000
0.973592 0.228295 0.000000 286.355189 -0.228295 0.973592 0.000000 -44.433465 0.000000 0.000000 1.000000 0.000000
0.973035 0.230656 0.000000 286.510531 -0.230656 0.973035 0.000000 -44.476595 0.000000 0.000000 1.000000 0.000000
0.972315 0.233672 0.000000 286.681245 -0.233672 0.972315 0.000000 -44.510336 0.000000 0.000000 1.000000 0.000000
0.972182 0.234228 0.000000 286.829575 -0.234228 0.972182 0.000000 -44.546915 0.000000 0.000000 1.000000 0.000000
0.972955 0.230995 0.000000 287.068933 -0.230995 0.972955 0.000000 -44.611627 0.000000 0.000000 1.000000 0.000000
0.972517 0.232832 0.000000 287.218102 -0.232832 0.972517 0.000000 -44.637995 0.000000 0.000000 1.000000 0.000000
0.971857 0.235572 0.000000 287.363766 -0.235572 0.971857 0.000000 -44.672824 0.000000 0.000000 1.000000 0.000000
0.972112 0.234517 0.000000 287.497466 -0.234517 0.972112 0.000000 -44.712565 0.000000 0.000000 1.000000 0.000000
0.971445 0.237263 0.000000 287.744517 -0.237263 0.971445 0.000000 -44.771139 0.000000 0.000000 1.000000 0.000000
0.972430 0.233195 0.000000 287.867080 -0.233195 0.972430 0.000000 -44.798260 0.000000 0.000000 1.000000 0.000000
0.971427 0.237337 0.000000 287.978943 -0.237337 0.971427 0.000000 -44.822294 0.000000 0.000000 1.000000 0.000000
0.971617 0.236558 0.000000 288.074869 -0.236558 0.971617 0.000000 -44.853624 0.000000 0.000000 1.000000 0.000000
0.970945 0.239302 0.000000 288.156051 -0.239302 0.970945 0.000000 -44.874844 0.000000 0.000000 1.000000 0.000000
0.971824 0.235710 0.000000 288.274557 -0.235710 0.971824 0.000000 -44.927021 0.000000 0.000000 1.000000 0.000000
0.971794 0.235832 0.000000 288.340343 -0.235832 0.971794 0.000000 -44.941439 0.000000 0.000000 1.000000 0.000000
0.971191 0.238302 0.000000 288.412084 -0.238302 0.971191 0.000000 -44.948444 0.000000 0.000000 1.000000 0.000000
0.971075 0.238776 0.000000 288.460477 -0.238776 0.971075 0.000000 -44.962657 0.000000 0.000000 1.000000 0.000000
0.970845 0.239709 0.000000 288.495323 -0.239709 0.970845 0.000000 -44.971039 0.000000 0.000000 1.000000 0.000000
0.971161 0.238423 0.000000 288.524047 -0.238423 0.971161 0.000000 -44.972370 0.000000 0.000000 1.000000 0.000000
0.970984 0.239145 0.000000 288.537933 -0.239145 0.970984 0.000000 -44.974329 0.000000 0.000000 1.000000 0.000000
0.971021 0.238994 0.000000 288.551365 -0.238994 0.971021 0.000000 -44.975612 0.000000 0.000000 1.000000 0.000000
0.971165 0.238407 0.000000 288.561376 -0.238407 0.971165 0.000000 -44.979652 0.000000 0.000000 1.000000 0.000000
0.971352 0.237646 0.000000 288.559321 -0.237646 0.971352 0.000000 -44.980581 0.000000 0.000000 1.000000 0.000000
0.971314 0.237803 0.000000 288.556400 -0.237803 0.971314 0.000000 -44.978507 0.000000 0.000000 1.000000 0.000000
0.971446 0.237263 0.000000 288.555684 -0.237263 0.971446 0.000000 -44.976463 0.000000 0.000000 1.000000 0.000000
0.971513 0.236987 0.000000 288.554353 -0.236987 0.971513 0.000000 -44.978064 0.000000 0.000000 1.000000 0.000000
0.971515 0.236979 0.000000 288.556974 -0.236979 0.971515 0.000000 -44.977771 0.000000 0.000000 1.000000 0.000000
0.971491 0.237076 0.000000 288.557993 -0.237076 0.971491 0.000000 -44.978540 0.000000 0.000000 1.000000 0.000000
0.971468 0.237173 0.000000 288.559381 -0.237173 0.971468 0.000000 -44.976801 0.000000 0.000000 1.000000 0.000000
0.971429 0.237332 0.000000 288.559215 -0.237332 0.971429 0.000000 -44.977305 0.000000 0.000000 1.000000 0.000000
0.971459 0.237209 0.000000 288.559524 -0.237209 0.971459 0.000000 -44.979091 0.000000 0.000000 1.000000 0.000000
0.971477 0.237132 0.000000 288.560011 -0.237132 0.971477 0.000000 -44.976146 0.000000 0.000000 1.000000 0.000000
0.971474 0.237148 0.000000 288.559880 -0.237148 0.971474 0.000000 -44.971864 0.000000 0.000000 1.000000 0.000000
0.971481 0.237116 0.000000 288.561004 -0.237116 0.971481 0.000000 -44.970760 0.000000 0.000000 1.000000 0.000000
0.971474 0.237146 0.000000 288.561893 -0.237146 0.971474 0.000000 -44.970797 0.000000 0.000000 1.000000 0.000000
0.971463 0.237192 0.000000 288.562945 -0.237192 0.971463 0.000000 -44.970261 0.000000 0.000000 1.000000 0.000000
0.971503 0.237025 0.000000 288.563797 -0.237025 0.971503 0.000000 -44.972648 0.000000 0.000000 1.000000 0.000000
0.971481 0.237116 0.000000 288.564699 -0.237116 0.971481 0.000000 -44.972179 0.000000 0.000000 1.000000 0.000000
0.971474 0.237147 0.000000 288.563964 -0.237147 0.971474 0.000000 -44.971608 0.000000 0.000000 1.000000 0.000000
0.971499 0.237042 0.000000 288.564153 -0.237042 0.971499 0.000000 -44.972570 0.000000 0.000000 1.000000 0.000000
0.971468 0.237172 0.000000 288.564220 -0.237172 0.971468 0.000000 -44.971979 0.000000 0.000000 1.000000 0.000000
0.971474 0.237147 0.000000 288.564609 -0.237147 0.971474 0.000000 -44.971071 0.000000 0.000000 1.000000 0.000000
0.971456 0.237220 0.000000 288.565514 -0.237220 0.971456 0.000000 -44.971351 0.000000 0.000000 1.000000 0.000000
0.971463 0.237191 0.000000 288.565418 -0.237191 0.971463 0.000000 -44.972917 0.000000 0.000000 1.000000 0.000000
0.971489 0.237083 0.000000 288.565561 -0.237083 0.971489 0.000000 -44.973602 0.000000 0.000000 1.000000 0.000000
0.971483 0.237108 0.000000 288.565488 -0.237108 0.971483 0.000000 -44.974746 0.000000 0.000000 1.000000 0.000000
0.971470 0.237163 0.000000 288.566355 -0.237163 0.971470 0.000000 -44.976362 0.000000 0.000000 1.000000 0.000000
0.971515 0.236979 0.000000 288.566733 -0.236979 0.971515 0.000000 -44.977584 0.000000 0.000000 1.000000 0.000000
0.971521 0.236954 0.000000 288.567701 -0.236954 0.971521 0.000000 -44.977780 0.000000 0.000000 1.000000 0.000000
0.971498 0.237049 0.000000 288.569972 -0.237049 0.971498 0.000000 -44.975970 0.000000 0.000000 1.000000 0.000000
0.971489 0.237083 0.000000 288.570904 -0.237083 0.971489 0.000000 -44.974950 0.000000 0.000000 1.000000 0.000000
0.971472 0.237154 0.000000 288.570909 -0.237154 0.971472 0.000000 -44.976103 0.000000 0.000000 1.000000 0.000000
0.971474 0.237144 0.000000 288.569667 -0.237144 0.971474 0.000000 -44.977927 0.000000 0.000000 1.000000 0.000000
0.971473 0.237151 0.000000 288.570444 -0.237151 0.971473 0.000000 -44.978646 0.000000 0.000000 1.000000 0.000000
0.971460 0.237203 0.000000 288.571375 -0.237203 0.971460 0.000000 -44.979760 0.000000 0.000000 1.000000 0.000000
0.971467 0.237176 0.000000 288.572427 -0.237176 0.971467 0.000000 -44.979425 0.000000 0.000000 1.000000 0.000000
0.971466 0.237180 0.000000 288.573225 -0.237180 0.971466 0.000000 -44.979262 0.000000 0.000000 1.000000 0.000000
0.971472 0.237155 0.000000 288.574538 -0.237155 0.971472 0.000000 -44.977656 0.000000 0.000000 1.000000 0.000000
0.971473 0.237150 0.000000 288.575516 -0.237150 0.971473 0.000000 -44.977493 0.000000 0.000000 1.000000 0.000000
0.971473 0.237149 0.000000 288.576322 -0.237149 0.971473 0.000000 -44.977781 0.000000 0.000000 1.000000 0.000000
0.971495 0.237061 0.000000 288.577330 -0.237061 0.971495 0.000000 -44.978096 0.000000 0.000000 1.000000 0.000000
0.971474 0.237145 0.000000 288.578549 -0.237145 0.971474 0.000000 -44.980003 0.000000 0.000000 1.000000 0.000000
0.971452 0.237235 0.000000 288.579615 -0.237235 0.971452 0.000000 -44.980762 0.000000 0.000000 1.000000 0.000000
0.971457 0.237217 0.000000 288.579711 -0.237217 0.971457 0.000000 -44.979021 0.000000 0.000000 1.000000 0.000000
0.971404 0.237434 0.000000 288.579477 -0.237434 0.971404 0.000000 -44.976620 0.000000 0.000000 1.000000 0.000000
0.971357 0.237624 0.000000 288.579923 -0.237624 0.971357 0.000000 -44.975583 0.000000 0.000000 1.000000 0.000000
0.971333 0.237725 0.000000 288.580831 -0.237725 0.971333 0.000000 -44.976731 0.000000 0.000000 1.000000 0.000000
0.971302 0.237850 0.000000 288.579913 -0.237850 0.971302 0.000000 -44.976091 0.000000 0.000000 1.000000 0.000000
0.971238 0.238111 0.000000 288.578519 -0.238111 0.971238 0.000000 -44.975086 0.000000 0.000000 1.000000 0.000000
0.971302 0.237850 0.000000 288.578295 -0.237850 0.971302 0.000000 -44.975157 0.000000 0.000000 1.000000 0.000000
0.971364 0.237596 0.000000 288.576243 -0.237596 0.971364 0.000000 -44.975564 0.000000 0.000000 1.000000 0.000000
0.971463 0.237190 0.000000 288.573994 -0.237190 0.971463 0.000000 -44.976577 0.000000 0.000000 1.000000 0.000000
0.971511 0.236994 0.000000 288.572764 -0.236994 0.971511 0.000000 -44.978360 0.000000 0.000000 1.000000 0.000000
0.971574 0.236738 0.000000 288.571771 -0.236738 0.971574 0.000000 -44.980422 0.000000 0.000000 1.000000 0.000000
0.971689 0.236265 0.000000 288.569451 -0.236265 0.971689 0.000000 -44.983844 0.000000 0.000000 1.000000 0.000000
0.971722 0.236126 0.000000 288.568690 -0.236126 0.971722 0.000000 -44.987185 0.000000 0.000000 1.000000 0.000000
0.971808 0.235774 0.000000 288.567653 -0.235774 0.971808 0.000000 -44.990717 0.000000 0.000000 1.000000 0.000000
0.971817 0.235736 0.000000 288.565994 -0.235736 0.971817 0.000000 -44.991939 0.000000 0.000000 1.000000 0.000000
0.971833 0.235671 0.000000 288.565414 -0.235671 0.971833 0.000000 -44.994985 0.000000 0.000000 1.000000 0.000000
0.971897 0.235405 0.000000 288.565167 -0.235405 0.971897 0.000000 -44.997481 0.000000 0.000000 1.000000 0.000000
0.972071 0.234687 0.000000 288.562531 -0.234687 0.972071 0.000000 -45.004583 0.000000 0.000000 1.000000 0.000000
0.972003 0.234970 0.000000 288.563497 -0.234970 0.972003 0.000000 -45.006526 0.000000 0.000000 1.000000 0.000000
0.971958 0.235154 0.000000 288.564687 -0.235154 0.971958 0.000000 -45.009705 0.000000 0.000000 1.000000 0.000000
0.971934 0.235253 0.000000 288.566115 -0.235253 0.971934 0.000000 -45.010549 0.000000 0.000000 1.000000 0.000000
0.971905 0.235372 0.000000 288.565988 -0.235372 0.971905 0.000000 -45.010822 0.000000 0.000000 1.000000 0.000000
0.971941 0.235226 0.000000 288.565489 -0.235226 0.971941 0.000000 -45.011805 0.000000 0.000000 1.000000 0.000000
0.971940 0.235230 0.000000 288.565047 -0.235230 0.971940 0.000000 -45.012206 0.000000 0.000000 1.000000 0.000000
0.971916 0.235327 0.000000 288.565214 -0.235327 0.971916 0.000000 -45.011962 0.000000 0.000000 1.000000 0.000000
0.971905 0.235374 0.000000 288.564991 -0.235374 0.971905 0.000000 -45.011851 0.000000 0.000000 1.000000 0.000000
0.971903 0.235382 0.000000 288.564471 -0.235382 0.971903 0.000000 -45.009665 0.000000 0.000000 1.000000 0.000000
0.971906 0.235369 0.000000 288.565076 -0.235369 0.971906 0.000000 -45.009175 0.000000 0.000000 1.000000 0.000000
0.971889 0.235440 0.000000 288.565375 -0.235440 0.971889 0.000000 -45.008820 0.000000 0.000000 1.000000 0.000000
0.971889 0.235439 0.000000 288.564818 -0.235439 0.971889 0.000000 -45.008540 0.000000 0.000000 1.000000 0.000000
0.971889 0.235441 0.000000 288.564936 -0.235441 0.971889 0.000000 -45.007931 0.000000 0.000000 1.000000 0.000000
0.971870 0.235518 0.000000 288.565577 -0.235518 0.971870 0.000000 -45.007840 0.000000 0.000000 1.000000 0.000000
0.971885 0.235456 0.000000 288.564959 -0.235456 0.971885 0.000000 -45.006162 0.000000 0.000000 1.000000 0.000000
0.971883 0.235466 0.000000 288.564531 -0.235466 0.971883 0.000000 -45.004157 0.000000 0.000000 1.000000 0.000000
0.971842 0.235635 0.000000 288.565209 -0.235635 0.971842 0.000000 -45.003094 0.000000 0.000000 1.000000 0.000000
0.971838 0.235649 0.000000 288.564835 -0.235649 0.971838 0.000000 -45.002895 0.000000 0.000000 1.000000 0.000000
0.971829 0.235687 0.000000 288.564346 -0.235687 0.971829 0.000000 -45.003659 0.000000 0.000000 1.000000 0.000000
0.971821 0.235720 0.000000 288.564008 -0.235720 0.971821 0.000000 -45.004776 0.000000 0.000000 1.000000 0.000000
0.971826 0.235698 0.000000 288.563174 -0.235698 0.971826 0.000000 -45.005417 0.000000 0.000000 1.000000 0.000000
0.971852 0.235594 0.000000 288.561840 -0.235594 0.971852 0.000000 -45.005856 0.000000 0.000000 1.000000 0.000000
0.971885 0.235456 0.000000 288.561095 -0.235456 0.971885 0.000000 -45.006188 0.000000 0.000000 1.000000 0.000000
0.971887 0.235447 0.000000 288.560058 -0.235447 0.971887 0.000000 -45.004757 0.000000 0.000000 1.000000 0.000000
0.971899 0.235399 0.000000 288.560027 -0.235399 0.971899 0.000000 -45.005532 0.000000 0.000000 1.000000 0.000000
0.971889 0.235439 0.000000 288.560636 -0.235439 0.971889 0.000000 -45.005090 0.000000 0.000000 1.000000 0.000000
0.971893 0.235422 0.000000 288.559512 -0.235422 0.971893 0.000000 -45.004467 0.000000 0.000000 1.000000 0.000000
0.971911 0.235347 0.000000 288.559707 -0.235347 0.971911 0.000000 -45.004572 0.000000 0.000000 1.000000 0.000000
0.971907 0.235367 0.000000 288.560009 -0.235367 0.971907 0.000000 -45.006323 0.000000 0.000000 1.000000 0.000000
0.971896 0.235409 0.000000 288.559240 -0.235409 0.971896 0.000000 -45.007898 0.000000 0.000000 1.000000 0.000000
0.971894 0.235419 0.000000 288.559166 -0.235419 0.971894 0.000000 -45.008926 0.000000 0.000000 1.000000 0.000000
0.971904 0.235376 0.000000 288.559562 -0.235376 0.971904 0.000000 -45.009427 0.000000 0.000000 1.000000 0.000000
0.971889 0.235439 0.000000 288.560384 -0.235439 0.971889 0.000000 -45.009617 0.000000 0.000000 1.000000 0.000000
0.971832 0.235676 0.000000 288.561345 -0.235676 0.971832 0.000000 -45.008479 0.000000 0.000000 1.000000 0.000000
0.971807 0.235778 0.000000 288.561695 -0.235778 0.971807 0.000000 -45.006245 0.000000 0.000000 1.000000 0.000000
0.971799 0.235811 0.000000 288.562518 -0.235811 0.971799 0.000000 -45.005493 0.000000 0.000000 1.000000 0.000000
0.971832 0.235673 0.000000 288.562748 -0.235673 0.971832 0.000000 -45.005948 0.000000 0.000000 1.000000 0.000000
0.971803 0.235793 0.000000 288.563690 -0.235793 0.971803 0.000000 -45.005717 0.000000 0.000000 1.000000 0.000000
0.971784 0.235871 0.000000 288.564136 -0.235871 0.971784 0.000000 -45.004645 0.000000 0.000000 1.000000 0.000000
0.971803 0.235793 0.000000 288.565186 -0.235793 0.971803 0.000000 -45.003214 0.000000 0.000000 1.000000 0.000000
0.971795 0.235826 0.000000 288.566076 -0.235826 0.971795 0.000000 -45.001759 0.000000 0.000000 1.000000 0.000000
0.971806 0.235783 0.000000 288.566416 -0.235783 0.971806 0.000000 -45.001021 0.000000 0.000000 1.000000 0.000000
0.971797 0.235820 0.000000 288.567609 -0.235820 0.971797 0.000000 -44.999673 0.000000 0.000000 1.000000 0.000000
0.971794 0.235832 0.000000 288.568280 -0.235832 0.971794 0.000000 -45.000075 0.000000 0.000000 1.000000 0.000000
0.971791 0.235842 0.000000 288.568407 -0.235842 0.971791 0.000000 -44.999354 0.000000 0.000000 1.000000 0.000000
0.971790 0.235849 0.000000 288.568365 -0.235849 0.971790 0.000000 -44.999310 0.000000 0.000000 1.000000 0.000000
0.971788 0.235855 0.000000 288.567810 -0.235855 0.971788 0.000000 -44.999516 0.000000 0.000000 1.000000 0.000000
0.971839 0.235647 0.000000 288.566509 -0.235647 0.971839 0.000000 -44.998242 0.000000 0.000000 1.000000 0.000000
0.971835 0.235662 0.000000 288.566080 -0.235662 0.971835 0.000000 -44.998562 0.000000 0.000000 1.000000 0.000000
0.971801 0.235802 0.000000 288.566080 -0.235802 0.971801 0.000000 -44.997743 0.000000 0.000000 1.000000 0.000000
0.971810 0.235766 0.000000 288.566095 -0.235766 0.971810 0.000000 -44.997476 0.000000 0.000000 1.000000 0.000000
0.971817 0.235738 0.000000 288.567277 -0.235738 0.971817 0.000000 -44.996496 0.000000 0.000000 1.000000 0.000000
0.971733 0.236082 0.000000 288.568056 -0.236082 0.971733 0.000000 -44.996137 0.000000 0.000000 1.000000 0.000000
0.971781 0.235886 0.000000 288.568947 -0.235886 0.971781 0.000000 -44.996034 0.000000 0.000000 1.000000 0.000000
0.971793 0.235834 0.000000 288.569659 -0.235834 0.971793 0.000000 -44.995947 0.000000 0.000000 1.000000 0.000000
0.971814 0.235748 0.000000 288.569782 -0.235748 0.971814 0.000000 -44.994129 0.000000 0.000000 1.000000 0.000000
0.971819 0.235727 0.000000 288.570614 -0.235727 0.971819 0.000000 -44.994136 0.000000 0.000000 1.000000 0.000000
0.971806 0.235781 0.000000 288.570552 -0.235781 0.971806 0.000000 -44.994418 0.000000 0.000000 1.000000 0.000000
0.971808 0.235773 0.000000 288.570282 -0.235773 0.971808 0.000000 -44.993478 0.000000 0.000000 1.000000 0.000000
0.971815 0.235746 0.000000 288.569380 -0.235746 0.971815 0.000000 -44.993170 0.000000 0.000000 1.000000 0.000000
0.971812 0.235757 0.000000 288.569177 -0.235757 0.971812 0.000000 -44.994348 0.000000 0.000000 1.000000 0.000000
0.971824 0.235706 0.000000 288.567702 -0.235706 0.971824 0.000000 -44.993841 0.000000 0.000000 1.000000 0.000000
0.971823 0.235713 0.000000 288.567099 -0.235713 0.971823 0.000000 -44.993984 0.000000 0.000000 1.000000 0.000000
0.971831 0.235680 0.000000 288.566062 -0.235680 0.971831 0.000000 -44.994844 0.000000 0.000000 1.000000 0.000000
0.971833 0.235671 0.000000 288.566750 -0.235671 0.971833 0.000000 -44.994855 0.000000 0.000000 1.000000 0.000000
0.971834 0.235668 0.000000 288.567577 -0.235668 0.971834 0.000000 -44.994732 0.000000 0.000000 1.000000 0.000000
0.971828 0.235691 0.000000 288.568198 -0.235691 0.971828 0.000000 -44.995086 0.000000 0.000000 1.000000 0.000000
0.971830 0.235684 0.000000 288.569810 -0.235684 0.971830 0.000000 -44.995643 0.000000 0.000000 1.000000 0.000000
0.971812 0.235757 0.000000 288.569981 -0.235757 0.971812 0.000000 -44.997155 0.000000 0.000000 1.000000 0.000000
0.971812 0.235759 0.000000 288.569553 -0.235759 0.971812 0.000000 -44.997513 0.000000 0.000000 1.000000 0.000000
0.971814 0.235748 0.000000 288.569550 -0.235748 0.971814 0.000000 -44.998911 0.000000 0.000000 1.000000 0.000000
0.971812 0.235759 0.000000 288.570404 -0.235759 0.971812 0.000000 -44.999238 0.000000 0.000000 1.000000 0.000000
0.971802 0.235797 0.000000 288.570050 -0.235797 0.971802 0.000000 -44.998995 0.000000 0.000000 1.000000 0.000000
0.971804 0.235790 0.000000 288.570255 -0.235790 0.971804 0.000000 -44.999344 0.000000 0.000000 1.000000 0.000000
0.971798 0.235815 0.000000 288.570464 -0.235815 0.971798 0.000000 -44.999900 0.000000 0.000000 1.000000 0.000000
0.971776 0.235907 0.000000 288.571039 -0.235907 0.971776 0.000000 -44.999053 0.000000 0.000000 1.000000 0.000000
0.971783 0.235875 0.000000 288.571289 -0.235875 0.971783 0.000000 -44.999763 0.000000 0.000000 1.000000 0.000000
0.971772 0.235923 0.000000 288.572264 -0.235923 0.971772 0.000000 -44.999781 0.000000 0.000000 1.000000 0.000000
0.971775 0.235911 0.000000 288.572795 -0.235911 0.971775 0.000000 -44.999994 0.000000 0.000000 1.000000 0.000000
0.971798 0.235815 0.000000 288.573077 -0.235815 0.971798 0.000000 -45.000146 0.000000 0.000000 1.000000 0.000000
0.971784 0.235873 0.000000 288.573385 -0.235873 0.971784 0.000000 -45.000773 0.000000 0.000000 1.000000 0.000000
0.971774 0.235915 0.000000 288.573382 -0.235915 0.971774 0.000000 -45.001344 0.000000 0.000000 1.000000 0.000000
0.971730 0.236095 0.000000 288.573232 -0.236095 0.971730 0.000000 -45.001297 0.000000 0.000000 1.000000 0.000000
0.971749 0.236018 0.000000 288.572755 -0.236018 0.971749 0.000000 -45.002593 0.000000 0.000000 1.000000 0.000000
0.971762 0.235962 0.000000 288.573264 -0.235962 0.971762 0.000000 -45.003022 0.000000 0.000000 1.000000 0.000000
0.971783 0.235877 0.000000 288.573124 -0.235877 0.971783 0.000000 -45.004061 0.000000 0.000000 1.000000 0.000000
0.971782 0.235881 0.000000 288.573063 -0.235881 0.971782 0.000000 -45.003185 0.000000 0.000000 1.000000 0.000000
0.971731 0.236091 0.000000 288.573306 -0.236091 0.971731 0.000000 -45.002560 0.000000 0.000000 1.000000 0.000000
0.971740 0.236052 0.000000 288.574273 -0.236052 0.971740 0.000000 -45.003608 0.000000 0.000000 1.000000 0.000000
0.971726 0.236110 0.000000 288.575165 -0.236110 0.971726 0.000000 -45.003995 0.000000 0.000000 1.000000 0.000000
0.971693 0.236246 0.000000 288.576958 -0.236246 0.971693 0.000000 -45.003505 0.000000 0.000000 1.000000 0.000000
0.971708 0.236184 0.000000 288.577733 -0.236184 0.971708 0.000000 -45.003675 0.000000 0.000000 1.000000 0.000000
0.971692 0.236250 0.000000 288.578134 -0.236250 0.971692 0.000000 -45.003987 0.000000 0.000000 1.000000 0.000000
0.971719 0.236141 0.000000 288.578378 -0.236141 0.971719 0.000000 -45.003531 0.000000 0.000000 1.000000 0.000000
0.971774 0.235913 0.000000 288.578614 -0.235913 0.971774 0.000000 -45.002369 0.000000 0.000000 1.000000 0.000000
0.971809 0.235771 0.000000 288.578760 -0.235771 0.971809 0.000000 -45.002125 0.000000 0.000000 1.000000 0.000000
0.971834 0.235668 0.000000 288.578764 -0.235668 0.971834 0.000000 -45.002398 0.000000 0.000000 1.000000 0.000000
0.971859 0.235565 0.000000 288.579427 -0.235565 0.971859 0.000000 -45.004296 0.000000 0.000000 1.000000 0.000000
0.971826 0.235699 0.000000 288.579909 -0.235699 0.971826 0.000000 -45.005917 0.000000 0.000000 1.000000 0.000000
0.971825 0.235705 0.000000 288.581771 -0.235705 0.971825 0.000000 -45.006663 0.000000 0.000000 1.000000 0.000000
0.971827 0.235697 0.000000 288.583876 -0.235697 0.971827 0.000000 -45.005645 0.000000 0.000000 1.000000 0.000000
0.971818 0.235734 0.000000 288.584421 -0.235734 0.971818 0.000000 -45.004620 0.000000 0.000000 1.000000 0.000000
0.971813 0.235754 0.000000 288.584833 -0.235754 0.971813 0.000000 -45.004463 0.000000 0.000000 1.000000 0.000000
0.971799 0.235809 0.000000 288.585895 -0.235809 0.971799 0.000000 -45.003680 0.000000 0.000000 1.000000 0.000000
0.971811 0.235759 0.000000 288.586882 -0.235759 0.971811 0.000000 -45.003875 0.000000 0.000000 1.000000 0.000000
0.971850 0.235602 0.000000 288.587057 -0.235602 0.971850 0.000000 -45.004593 0.000000 0.000000 1.000000 0.000000
0.971805 0.235787 0.000000 288.587783 -0.235787 0.971805 0.000000 -45.003420 0.000000 0.000000 1.000000 0.000000
0.971765 0.235950 0.000000 288.586477 -0.235950 0.971765 0.000000 -45.001695 0.000000 0.000000 1.000000 0.000000
0.971764 0.235956 0.000000 288.585656 -0.235956 0.971764 0.000000 -45.000805 0.000000 0.000000 1.000000 0.000000
0.971780 0.235888 0.000000 288.584623 -0.235888 0.971780 0.000000 -45.000390 0.000000 0.000000 1.000000 0.000000
0.971751 0.236007 0.000000 288.583986 -0.236007 0.971751 0.000000 -44.997571 0.000000 0.000000 1.000000 0.000000
0.971766 0.235945 0.000000 288.583574 -0.235945 0.971766 0.000000 -44.997209 0.000000 0.000000 1.000000 0.000000
0.971758 0.235978 0.000000 288.584026 -0.235978 0.971758 0.000000 -44.996599 0.000000 0.000000 1.000000 0.000000
0.971754 0.235996 0.000000 288.584770 -0.235996 0.971754 0.000000 -44.995493 0.000000 0.000000 1.000000 0.000000
0.971764 0.235956 0.000000 288.586396 -0.235956 0.971764 0.000000 -44.994082 0.000000 0.000000 1.000000 0.000000
0.971721 0.236132 0.000000 288.586525 -0.236132 0.971721 0.000000 -44.992744 0.000000 0.000000 1.000000 0.000000
0.971741 0.236052 0.000000 288.586766 -0.236052 0.971741 0.000000 -44.992225 0.000000 0.000000 1.000000 0.000000
0.971724 0.236118 0.000000 288.587465 -0.236118 0.971724 0.000000 -44.991465 0.000000 0.000000 1.000000 0.000000
0.971729 0.236098 0.000000 288.586585 -0.236098 0.971729 0.000000 -44.992638 0.000000 0.000000 1.000000 0.000000
0.971732 0.236088 0.000000 288.585704 -0.236088 0.971732 0.000000 -44.994598 0.000000 0.000000 1.000000 0.000000
0.971746 0.236027 0.000000 288.585285 -0.236027 0.971746 0.000000 -44.996018 0.000000 0.000000 1.000000 0.000000
0.971765 0.235950 0.000000 288.583663 -0.235950 0.971765 0.000000 -44.996061 0.000000 0.000000 1.000000 0.000000
0.971764 0.235957 0.000000 288.583804 -0.235957 0.971764 0.000000 -44.996154 0.000000 0.000000 1.000000 0.000000
0.971748 0.236019 0.000000 288.584814 -0.236019 0.971748 0.000000 -44.995763 0.000000 0.000000 1.000000 0.000000
0.971755 0.235992 0.000000 288.585556 -0.235992 0.971755 0.000000 -44.995092 0.000000 0.000000 1.000000 0.000000
0.971769 0.235935 0.000000 288.584671 -0.235935 0.971769 0.000000 -44.995685 0.000000 0.000000 1.000000 0.000000
0.971775 0.235909 0.000000 288.585205 -0.235909 0.971775 0.000000 -44.995509 0.000000 0.000000 1.000000 0.000000
0.971789 0.235852 0.000000 288.583722 -0.235852 0.971789 0.000000 -44.995974 0.000000 0.000000 1.000000 0.000000
0.971785 0.235868 0.000000 288.583907 -0.235868 0.971785 0.000000 -44.996344 0.000000 0.000000 1.000000 0.000000
0.971785 0.235870 0.000000 288.584800 -0.235870 0.971785 0.000000 -44.996600 0.000000 0.000000 1.000000 0.000000
0.971808 0.235772 0.000000 288.585373 -0.235772 0.971808 0.000000 -44.996374 0.000000 0.000000 1.000000 0.000000
0.971835 0.235662 0.000000 288.585162 -0.235662 0.971835 0.000000 -44.997260 0.000000 0.000000 1.000000 0.000000
0.971840 0.235642 0.000000 288.584897 -0.235642 0.971840 0.000000 -44.997687 0.000000 0.000000 1.000000 0.000000
0.971809 0.235771 0.000000 288.583938 -0.235771 0.971809 0.000000 -44.997499 0.000000 0.000000 1.000000 0.000000
0.971792 0.235838 0.000000 288.584122 -0.235838 0.971792 0.000000 -44.996701 0.000000 0.000000 1.000000 0.000000
0.971777 0.235903 0.000000 288.583810 -0.235903 0.971777 0.000000 -44.996145 0.000000 0.000000 1.000000 0.000000
0.971773 0.235918 0.000000 288.584907 -0.235918 0.971773 0.000000 -44.995402 0.000000 0.000000 1.000000 0.000000
