0.999997 -0.002446 0.000000 0.629154 0.002446 0.999997 0.000000 0.004315 0.000000 0.000000 1.000000 0.000000
1.000000 0.000331 0.000000 1.262857 -0.000331 1.000000 0.000000 -0.011756 0.000000 0.000000 1.000000 0.000000
0.999998 0.001917 0.000000 2.096862 -0.001917 0.999998 0.000000 -0.026317 0.000000 0.000000 1.000000 0.000000
1.000000 0.000272 0.000000 2.688181 -0.000272 1.000000 0.000000 -0.042742 0.000000 0.000000 1.000000 0.000000
0.999998 0.001988 0.000000 3.310723 -0.001988 0.999998 0.000000 -0.048456 0.000000 0.000000 1.000000 0.000000
1.000000 -0.000095 0.000000 4.247880 0.000095 1.000000 0.000000 -0.074924 0.000000 0.000000 1.000000 0.000000
0.999995 -0.003095 0.000000 4.865663 0.003095 0.999995 0.000000 -0.097848 0.000000 0.000000 1.000000 0.000000
0.999996 -0.002762 0.000000 5.506339 0.002762 0.999996 0.000000 -0.104323 0.000000 0.000000 1.000000 0.000000
0.999984 -0.005637 0.000000 6.126325 0.005637 0.999984 0.000000 -0.132325 0.000000 0.000000 1.000000 0.000000
1.000000 0.000325 0.000000 7.399770 -0.000325 1.000000 0.000000 -0.162535 0.000000 0.000000 1.000000 0.000000
0.999999 -0.001423 0.000000 8.033886 0.001423 0.999999 0.000000 -0.174513 0.000000 0.000000 1.000000 0.000000
0.999975 -0.007022 0.000000 8.659682 0.007022 0.999975 0.000000 -0.185495 0.000000 0.000000 1.000000 0.000000
0.999985 -0.005531 0.000000 9.270035 0.005531 0.999985 0.000000 -0.194184 0.000000 0.000000 1.000000 0.000000
0.999977 -0.006810 0.000000 9.932431 0.006810 0.999977 0.000000 -0.209646 0.000000 0.000000 1.000000 0.000000
0.999979 -0.006410 0.000000 10.552540 0.006410 0.999979 0.000000 -0.234490 0.000000 0.000000 1.000000 0.000000
0.999975 -0.007060 0.000000 11.173761 0.007060 0.999975 0.000000 -0.241678 0.000000 0.000000 1.000000 0.000000
0.999977 -0.006830 0.000000 11.790500 0.006830 0.999977 0.000000 -0.249894 0.000000 0.000000 1.000000 0.000000
0.999960 -0.008952 0.000000 12.415786 0.008952 0.999960 0.000000 -0.264657 0.000000 0.000000 1.000000 0.000000
0.999947 -0.010252 0.000000 13.031407 0.010252 0.999947 0.000000 -0.275568 0.000000 0.000000 1.000000 0.000000
0.999960 -0.008981 0.000000 13.661499 0.008981 0.999960 0.000000 -0.274285 0.000000 0.000000 1.000000 0.000000
0.999946 -0.010402 0.000000 14.277096 0.010402 0.999946 0.000000 -0.288597 0.000000 0.000000 1.000000 0.000000
0.999952 -0.009832 0.000000 14.923068 0.009832 0.999952 0.000000 -0.286359 0.000000 0.000000 1.000000 0.000000
0.999941 -0.010839 0.000000 15.507938 0.010839 0.999941 0.000000 -0.293627 0.000000 0.000000 1.000000 0.000000
0.999938 -0.011105 0.000000 16.131182 0.011105 0.999938 0.000000 -0.294989 0.000000 0.000000 1.000000 0.000000
0.999946 -0.010410 0.000000 16.747762 0.010410 0.999946 0.000000 -0.302147 0.000000 0.000000 1.000000 0.000000
0.999888 -0.014969 0.000000 17.404608 0.014969 0.999888 0.000000 -0.317927 0.000000 0.000000 1.000000 0.000000
0.999877 -0.015653 0.000000 18.014230 0.015653 0.999877 0.000000 -0.289048 0.000000 0.000000 1.000000 0.000000
0.999764 -0.021734 0.000000 18.637186 0.021734 0.999764 0.000000 -0.293933 0.000000 0.000000 1.000000 0.000000
0.999784 -0.020765 0.000000 19.257940 0.020765 0.999784 0.000000 -0.279752 0.000000 0.000000 1.000000 0.000000
0.999842 -0.017762 0.000000 19.877231 0.017762 0.999842 0.000000 -0.277927 0.000000 0.000000 1.000000 0.000000
0.999785 -0.020716 0.000000 20.489842 0.020716 0.999785 0.000000 -0.277897 0.000000 0.000000 1.000000 0.000000
0.999787 -0.020643 0.000000 21.094811 0.020643 0.999787 0.000000 -0.275874 0.000000 0.000000 1.000000 0.000000
0.999776 -0.021155 0.000000 21.718797 0.021155 0.999776 0.000000 -0.273607 0.000000 0.000000 1.000000 0.000000
0.999778 -0.021086 0.000000 22.346497 0.021086 0.999778 0.000000 -0.273690 0.000000 0.000000 1.000000 0.000000
0.999797 -0.020166 0.000000 22.923405 0.020166 0.999797 0.000000 -0.264947 0.000000 0.000000 1.000000 0.000000
0.999752 -0.022281 0.000000 23.546029 0.022281 0.999752 0.000000 -0.275645 0.000000 0.000000 1.000000 0.000000
0.999704 -0.024329 0.000000 24.149199 0.024329 0.999704 0.000000 -0.279272 0.000000 0.000000 1.000000 0.000000
0.999685 -0.025097 0.000000 24.735658 0.025097 0.999685 0.000000 -0.286479 0.000000 0.000000 1.000000 0.000000
0.999681 -0.025243 0.000000 25.351182 0.025243 0.999681 0.000000 -0.286963 0.000000 0.000000 1.000000 0.000000
0.999680 -0.025279 0.000000 25.989162 0.025279 0.999680 0.000000 -0.282743 0.000000 0.000000 1.000000 0.000000
0.999688 -0.024996 0.000000 26.611707 0.024996 0.999688 0.000000 -0.281633 0.000000 0.000000 1.000000 0.000000
0.999714 -0.023910 0.000000 27.195566 0.023910 0.999714 0.000000 -0.287535 0.000000 0.000000 1.000000 0.000000
0.999794 -0.020272 0.000000 27.819541 0.020272 0.999794 0.000000 -0.291164 0.000000 0.000000 1.000000 0.000000
0.999815 -0.019249 0.000000 28.401783 0.019249 0.999815 0.000000 -0.290766 0.000000 0.000000 1.000000 0.000000
0.999826 -0.018666 0.000000 29.018404 0.018666 0.999826 0.000000 -0.298650 0.000000 0.000000 1.000000 0.000000
0.999804 -0.019800 0.000000 29.665806 0.019800 0.999804 0.000000 -0.296145 0.000000 0.000000 1.000000 0.000000
0.999796 -0.020176 0.000000 30.491548 0.020176 0.999796 0.000000 -0.307992 0.000000 0.000000 1.000000 0.000000
0.999835 -0.018141 0.000000 31.132642 0.018141 0.999835 0.000000 -0.313145 0.000000 0.000000 1.000000 0.000000
0.999846 -0.017541 0.000000 31.763325 0.017541 0.999846 0.000000 -0.311236 0.000000 0.000000 1.000000 0.000000
0.999861 -0.016692 0.000000 32.393291 0.016692 0.999861 0.000000 -0.305352 0.000000 0.000000 1.000000 0.000000
0.999888 -0.014973 0.000000 33.030218 0.014973 0.999888 0.000000 -0.313816 0.000000 0.000000 1.000000 0.000000
0.999860 -0.016727 0.000000 33.677536 0.016727 0.999860 0.000000 -0.322493 0.000000 0.000000 1.000000 0.000000
0.999911 -0.013335 0.000000 34.313532 0.013335 0.999911 0.000000 -0.326680 0.000000 0.000000 1.000000 0.000000
0.999930 -0.011817 0.000000 34.949883 0.011817 0.999930 0.000000 -0.337141 0.000000 0.000000 1.000000 0.000000
0.999964 -0.008537 0.000000 35.582848 0.008537 0.999964 0.000000 -0.334700 0.000000 0.000000 1.000000 0.000000
0.999952 -0.009809 0.000000 36.230461 0.009809 0.999952 0.000000 -0.347605 0.000000 0.000000 1.000000 0.000000
0.999984 -0.005623 0.000000 36.871672 0.005623 0.999984 0.000000 -0.349987 0.000000 0.000000 1.000000 0.000000
0.999978 -0.006612 0.000000 37.516039 0.006612 0.999978 0.000000 -0.367715 0.000000 0.000000 1.000000 0.000000
0.999987 -0.005061 0.000000 38.168905 0.005061 0.999987 0.000000 -0.375082 0.000000 0.000000 1.000000 0.000000
0.999993 -0.003808 0.000000 38.797377 0.003808 0.999993 0.000000 -0.380654 0.000000 0.000000 1.000000 0.000000
0.999990 -0.004442 0.000000 39.378878 0.004442 0.999990 0.000000 -0.400461 0.000000 0.000000 1.000000 0.000000
0.999996 -0.002996 0.000000 40.017936 0.002996 0.999996 0.000000 -0.408310 0.000000 0.000000 1.000000 0.000000
1.000000 0.000767 0.000000 40.646418 -0.000767 1.000000 0.000000 -0.421219 0.000000 0.000000 1.000000 0.000000
1.000000 0.000139 0.000000 41.286670 -0.000139 1.000000 0.000000 -0.433431 0.000000 0.000000 1.000000 0.000000
1.000000 -0.000820 0.000000 41.932600 0.000820 1.000000 0.000000 -0.440972 0.000000 0.000000 1.000000 0.000000
1.000000 -0.000040 0.000000 42.573531 0.000040 1.000000 0.000000 -0.454391 0.000000 0.000000 1.000000 0.000000
1.000000 0.000572 0.000000 43.220326 -0.000572 1.000000 0.000000 -0.468772 0.000000 0.000000 1.000000 0.000000
1.000000 0.000556 0.000000 43.860632 -0.000556 1.000000 0.000000 -0.478924 0.000000 0.000000 1.000000 0.000000
0.999999 0.001505 0.000000 44.497948 -0.001505 0.999999 0.000000 -0.489919 0.000000 0.000000 1.000000 0.000000
0.999992 0.003962 0.000000 45.136772 -0.003962 0.999992 0.000000 -0.493420 0.000000 0.000000 1.000000 0.000000
0.999991 0.004317 0.000000 45.784596 -0.004317 0.999991 0.000000 -0.509186 0.000000 0.000000 1.000000 0.000000
0.999997 0.002523 0.000000 46.392847 -0.002523 0.999997 0.000000 -0.526388 0.000000 0.000000 1.000000 0.000000
0.999992 0.003949 0.000000 47.043580 -0.003949 0.999992 0.000000 -0.526581 0.000000 0.000000 1.000000 0.000000
1.000000 0.000790 0.000000 47.689503 -0.000790 1.000000 0.000000 -0.543282 0.000000 0.000000 1.000000 0.000000
0.999992 0.003992 0.000000 48.333797 -0.003992 0.999992 0.000000 -0.556555 0.000000 0.000000 1.000000 0.000000
0.999999 0.001112 0.000000 48.982425 -0.001112 0.999999 0.000000 -0.577284 0.000000 0.000000 1.000000 0.000000
1.000000 -0.000560 0.000000 49.621843 0.000560 1.000000 0.000000 -0.597410 0.000000 0.000000 1.000000 0.000000
1.000000 -0.000000 0.000000 50.244405 0.000000 1.000000 0.000000 -0.606042 0.000000 0.000000 1.000000 0.000000
1.000000 0.000753 0.000000 50.903156 -0.000753 1.000000 0.000000 -0.615519 0.000000 0.000000 1.000000 0.000000
0.999996 0.002864 0.000000 51.570839 -0.002864 0.999996 0.000000 -0.623740 0.000000 0.000000 1.000000 0.000000
0.999995 0.003279 0.000000 52.234059 -0.003279 0.999995 0.000000 -0.642714 0.000000 0.000000 1.000000 0.000000
0.999993 0.003830 0.000000 52.895389 -0.003830 0.999993 0.000000 -0.655947 0.000000 0.000000 1.000000 0.000000
1.000000 -0.000851 0.000000 53.560613 0.000851 1.000000 0.000000 -0.670481 0.000000 0.000000 1.000000 0.000000
0.999996 0.002785 0.000000 54.587525 -0.002785 0.999996 0.000000 -0.710180 0.000000 0.000000 1.000000 0.000000
0.999998 0.001839 0.000000 55.270136 -0.001839 0.999998 0.000000 -0.726272 0.000000 0.000000 1.000000 0.000000
0.999999 0.001188 0.000000 55.902186 -0.001188 0.999999 0.000000 -0.734399 0.000000 0.000000 1.000000 0.000000
0.999999 0.001044 0.000000 56.564979 -0.001044 0.999999 0.000000 -0.751769 0.000000 0.000000 1.000000 0.000000
0.999999 0.001260 0.000000 57.222054 -0.001260 0.999999 0.000000 -0.771673 0.000000 0.000000 1.000000 0.000000
0.999999 0.001621 0.000000 57.864111 -0.001621 0.999999 0.000000 -0.792426 0.000000 0.000000 1.000000 0.000000
1.000000 -0.000668 0.000000 58.516248 0.000668 1.000000 0.000000 -0.810380 0.000000 0.000000 1.000000 0.000000
1.000000 0.000026 0.000000 59.173359 -0.000026 1.000000 0.000000 -0.829958 0.000000 0.000000 1.000000 0.000000
0.999999 -0.001029 0.000000 60.527527 0.001029 0.999999 0.000000 -0.843607 0.000000 0.000000 1.000000 0.000000
0.999999 -0.001726 0.000000 61.170012 0.001726 0.999999 0.000000 -0.850086 0.000000 0.000000 1.000000 0.000000
0.999991 -0.004207 0.000000 61.821894 0.004207 0.999991 0.000000 -0.844650 0.000000 0.000000 1.000000 0.000000
0.999992 -0.004049 0.000000 62.442812 0.004049 0.999992 0.000000 -0.859289 0.000000 0.000000 1.000000 0.000000
0.999998 -0.002123 0.000000 63.066176 0.002123 0.999998 0.000000 -0.873289 0.000000 0.000000 1.000000 0.000000
1.000000 -0.000860 0.000000 63.737878 0.000860 1.000000 0.000000 -0.889420 0.000000 0.000000 1.000000 0.000000
0.999997 -0.002594 0.000000 64.370359 0.002594 0.999997 0.000000 -0.901576 0.000000 0.000000 1.000000 0.000000
0.999999 -0.001545 0.000000 64.977231 0.001545 0.999999 0.000000 -0.909236 0.000000 0.000000 1.000000 0.000000
1.000000 -0.000757 0.000000 65.608901 0.000757 1.000000 0.000000 -0.919518 0.000000 0.000000 1.000000 0.000000
1.000000 -0.000671 0.000000 66.183926 0.000671 1.000000 0.000000 -0.934300 0.000000 0.000000 1.000000 0.000000
1.000000 0.000049 0.000000 66.818825 -0.000049 1.000000 0.000000 -0.956198 0.000000 0.000000 1.000000 0.000000
1.000000 -0.000015 0.000000 67.446068 0.000015 1.000000 0.000000 -0.971754 0.000000 0.000000 1.000000 0.000000
1.000000 -0.000373 0.000000 68.036977 0.000373 1.000000 0.000000 -0.988028 0.000000 0.000000 1.000000 0.000000
1.000000 -0.000556 0.000000 68.660742 0.000556 1.000000 0.000000 -0.998521 0.000000 0.000000 1.000000 0.000000
0.999998 -0.002050 0.000000 69.269543 0.002050 0.999998 0.000000 -1.015450 0.000000 0.000000 1.000000 0.000000
0.999999 -0.001637 0.000000 69.843682 0.001637 0.999999 0.000000 -1.030959 0.000000 0.000000 1.000000 0.000000
0.999997 -0.002565 0.000000 70.441754 0.002565 0.999997 0.000000 -1.050161 0.000000 0.000000 1.000000 0.000000
0.999998 -0.002080 0.000000 71.013991 0.002080 0.999998 0.000000 -1.058021 0.000000 0.000000 1.000000 0.000000
0.999999 0.001487 0.000000 71.629161 -0.001487 0.999999 0.000000 -1.065190 0.000000 0.000000 1.000000 0.000000
0.999999 0.001039 0.000000 72.240637 -0.001039 0.999999 0.000000 -1.075847 0.000000 0.000000 1.000000 0.000000
0.999999 0.001113 0.000000 73.080767 -0.001113 0.999999 0.000000 -1.101947 0.000000 0.000000 1.000000 0.000000
0.999999 0.001498 0.000000 73.677141 -0.001498 0.999999 0.000000 -1.124962 0.000000 0.000000 1.000000 0.000000
0.999997 0.002436 0.000000 74.284393 -0.002436 0.999997 0.000000 -1.141569 0.000000 0.000000 1.000000 0.000000
0.999999 -0.001215 0.000000 74.884226 0.001215 0.999999 0.000000 -1.151619 0.000000 0.000000 1.000000 0.000000
1.000000 0.000094 0.000000 75.477132 -0.000094 1.000000 0.000000 -1.157215 0.000000 0.000000 1.000000 0.000000
0.999997 -0.002358 0.000000 76.067632 0.002358 0.999997 0.000000 -1.170658 0.000000 0.000000 1.000000 0.000000
0.999995 -0.003091 0.000000 76.698534 0.003091 0.999995 0.000000 -1.181728 0.000000 0.000000 1.000000 0.000000
0.999997 -0.002270 0.000000 77.291107 0.002270 0.999997 0.000000 -1.188367 0.000000 0.000000 1.000000 0.000000
0.999996 -0.002878 0.000000 77.900016 0.002878 0.999996 0.000000 -1.201138 0.000000 0.000000 1.000000 0.000000
1.000000 0.000170 0.000000 79.090782 -0.000170 1.000000 0.000000 -1.233456 0.000000 0.000000 1.000000 0.000000
0.999999 -0.001495 0.000000 79.680098 0.001495 0.999999 0.000000 -1.241913 0.000000 0.000000 1.000000 0.000000
1.000000 -0.000520 0.000000 80.264954 0.000520 1.000000 0.000000 -1.255149 0.000000 0.000000 1.000000 0.000000
0.999999 0.001315 0.000000 80.843162 -0.001315 0.999999 0.000000 -1.268703 0.000000 0.000000 1.000000 0.000000
1.000000 0.000894 0.000000 81.428313 -0.000894 1.000000 0.000000 -1.283648 0.000000 0.000000 1.000000 0.000000
0.999997 0.002507 0.000000 82.011926 -0.002507 0.999997 0.000000 -1.289676 0.000000 0.000000 1.000000 0.000000
0.999999 0.001731 0.000000 82.594365 -0.001731 0.999999 0.000000 -1.301136 0.000000 0.000000 1.000000 0.000000
1.000000 0.000165 0.000000 83.154466 -0.000165 1.000000 0.000000 -1.308654 0.000000 0.000000 1.000000 0.000000
1.000000 0.000027 0.000000 83.714265 -0.000027 1.000000 0.000000 -1.318541 0.000000 0.000000 1.000000 0.000000
0.999999 0.001225 0.000000 84.266418 -0.001225 0.999999 0.000000 -1.334194 0.000000 0.000000 1.000000 0.000000
0.999999 0.001328 0.000000 84.830378 -0.001328 0.999999 0.000000 -1.349422 0.000000 0.000000 1.000000 0.000000
0.999999 0.001289 0.000000 85.386298 -0.001289 0.999999 0.000000 -1.366557 0.000000 0.000000 1.000000 0.000000
0.999999 0.001622 0.000000 85.929324 -0.001622 0.999999 0.000000 -1.376025 0.000000 0.000000 1.000000 0.000000
0.999994 0.003547 0.000000 86.458047 -0.003547 0.999994 0.000000 -1.387850 0.000000 0.000000 1.000000 0.000000
0.999987 0.005056 0.000000 87.004430 -0.005056 0.999987 0.000000 -1.403820 0.000000 0.000000 1.000000 0.000000
0.999973 0.007386 0.000000 87.528987 -0.007386 0.999973 0.000000 -1.420133 0.000000 0.000000 1.000000 0.000000
0.999952 0.009760 0.000000 88.022553 -0.009760 0.999952 0.000000 -1.428336 0.000000 0.000000 1.000000 0.000000
0.999958 0.009136 0.000000 88.562158 -0.009136 0.999958 0.000000 -1.444196 0.000000 0.000000 1.000000 0.000000
0.999961 0.008842 0.000000 89.086259 -0.008842 0.999961 0.000000 -1.463260 0.000000 0.000000 1.000000 0.000000
0.999956 0.009388 0.000000 89.574553 -0.009388 0.999956 0.000000 -1.471227 0.000000 0.000000 1.000000 0.000000
0.999945 0.010496 0.000000 90.098269 -0.010496 0.999945 0.000000 -1.498157 0.000000 0.000000 1.000000 0.000000
0.999918 0.012806 0.000000 90.604608 -0.012806 0.999918 0.000000 -1.515046 0.000000 0.000000 1.000000 0.000000
0.999925 0.012235 0.000000 91.087542 -0.012235 0.999925 0.000000 -1.540810 0.000000 0.000000 1.000000 0.000000
0.999912 0.013267 0.000000 91.602928 -0.013267 0.999912 0.000000 -1.556694 0.000000 0.000000 1.000000 0.000000
0.999894 0.014565 0.000000 92.124891 -0.014565 0.999894 0.000000 -1.576433 0.000000 0.000000 1.000000 0.000000
0.999857 0.016888 0.000000 92.610741 -0.016888 0.999857 0.000000 -1.589484 0.000000 0.000000 1.000000 0.000000
0.999847 0.017485 0.000000 93.116359 -0.017485 0.999847 0.000000 -1.608812 0.000000 0.000000 1.000000 0.000000
0.999839 0.017921 0.000000 93.593785 -0.017921 0.999839 0.000000 -1.644669 0.000000 0.000000 1.000000 0.000000
0.999803 0.019850 0.000000 94.119197 -0.019850 0.999803 0.000000 -1.654429 0.000000 0.000000 1.000000 0.000000
0.999801 0.019925 0.000000 94.794104 -0.019925 0.999801 0.000000 -1.676381 0.000000 0.000000 1.000000 0.000000
0.999804 0.019817 0.000000 95.309180 -0.019817 0.999804 0.000000 -1.686904 0.000000 0.000000 1.000000 0.000000
0.999783 0.020816 0.000000 95.812851 -0.020816 0.999783 0.000000 -1.701472 0.000000 0.000000 1.000000 0.000000
0.999752 0.022259 0.000000 96.312719 -0.022259 0.999752 0.000000 -1.719180 0.000000 0.000000 1.000000 0.000000
0.999767 0.021585 0.000000 96.809658 -0.021585 0.999767 0.000000 -1.727163 0.000000 0.000000 1.000000 0.000000
0.999796 0.020197 0.000000 97.307966 -0.020197 0.999796 0.000000 -1.758261 0.000000 0.000000 1.000000 0.000000
0.999796 0.020200 0.000000 97.782890 -0.020200 0.999796 0.000000 -1.789373 0.000000 0.000000 1.000000 0.000000
0.999681 0.025247 0.000000 98.748816 -0.025247 0.999681 0.000000 -1.844187 0.000000 0.000000 1.000000 0.000000
0.999613 0.027835 0.000000 99.217557 -0.027835 0.999613 0.000000 -1.871520 0.000000 0.000000 1.000000 0.000000
0.999582 0.028919 0.000000 99.693806 -0.028919 0.999582 0.000000 -1.891526 0.000000 0.000000 1.000000 0.000000
0.999461 0.032829 0.000000 100.142701 -0.032829 0.999461 0.000000 -1.930850 0.000000 0.000000 1.000000 0.000000
0.999396 0.034757 0.000000 100.605375 -0.034757 0.999396 0.000000 -1.981093 0.000000 0.000000 1.000000 0.000000
0.999295 0.037556 0.000000 101.066539 -0.037556 0.999295 0.000000 -2.011124 0.000000 0.000000 1.000000 0.000000
0.999222 0.039444 0.000000 101.542926 -0.039444 0.999222 0.000000 -2.054678 0.000000 0.000000 1.000000 0.000000
0.999107 0.042260 0.000000 102.016413 -0.042260 0.999107 0.000000 -2.084160 0.000000 0.000000 1.000000 0.000000
0.998888 0.047154 0.000000 102.477924 -0.047154 0.998888 0.000000 -2.123352 0.000000 0.000000 1.000000 0.000000
0.998783 0.049313 0.000000 102.947351 -0.049313 0.998783 0.000000 -2.161747 0.000000 0.000000 1.000000 0.000000
0.998666 0.051636 0.000000 103.385711 -0.051636 0.998666 0.000000 -2.210287 0.000000 0.000000 1.000000 0.000000
0.998551 0.053819 0.000000 103.828660 -0.053819 0.998551 0.000000 -2.244760 0.000000 0.000000 1.000000 0.000000
0.998440 0.055839 0.000000 104.273182 -0.055839 0.998440 0.000000 -2.280995 0.000000 0.000000 1.000000 0.000000
0.998379 0.056916 0.000000 104.705449 -0.056916 0.998379 0.000000 -2.317517 0.000000 0.000000 1.000000 0.000000
0.998148 0.060831 0.000000 105.132507 -0.060831 0.998148 0.000000 -2.359079 0.000000 0.000000 1.000000 0.000000
0.998029 0.062752 0.000000 105.558454 -0.062752 0.998029 0.000000 -2.392972 0.000000 0.000000 1.000000 0.000000
0.997606 0.069158 0.000000 105.988062 -0.069158 0.997606 0.000000 -2.418224 0.000000 0.000000 1.000000 0.000000
0.997245 0.074184 0.000000 106.405785 -0.074184 0.997245 0.000000 -2.460537 0.000000 0.000000 1.000000 0.000000
0.997157 0.075356 0.000000 106.823717 -0.075356 0.997157 0.000000 -2.508052 0.000000 0.000000 1.000000 0.000000
0.997239 0.074261 0.000000 107.233374 -0.074261 0.997239 0.000000 -2.554284 0.000000 0.000000 1.000000 0.000000
0.996954 0.077991 0.000000 107.633739 -0.077991 0.996954 0.000000 -2.589878 0.000000 0.000000 1.000000 0.000000
0.996990 0.077525 0.000000 108.025323 -0.077525 0.996990 0.000000 -2.653721 0.000000 0.000000 1.000000 0.000000
0.996544 0.083061 0.000000 108.402496 -0.083061 0.996544 0.000000 -2.703084 0.000000 0.000000 1.000000 0.000000
0.996096 0.088280 0.000000 108.800109 -0.088280 0.996096 0.000000 -2.737953 0.000000 0.000000 1.000000 0.000000
0.996274 0.086239 0.000000 109.194503 -0.086239 0.996274 0.000000 -2.795457 0.000000 0.000000 1.000000 0.000000
0.996027 0.089054 0.000000 109.581110 -0.089054 0.996027 0.000000 -2.834699 0.000000 0.000000 1.000000 0.000000
0.995728 0.092337 0.000000 109.993407 -0.092337 0.995728 0.000000 -2.875256 0.000000 0.000000 1.000000 0.000000
0.995325 0.096582 0.000000 110.392157 -0.096582 0.995325 0.000000 -2.919937 0.000000 0.000000 1.000000 0.000000
0.994880 0.101064 0.000000 110.954948 -0.101064 0.994880 0.000000 -3.000807 0.000000 0.000000 1.000000 0.000000
0.994677 0.103040 0.000000 111.369791 -0.103040 0.994677 0.000000 -3.059617 0.000000 0.000000 1.000000 0.000000
0.994448 0.105229 0.000000 111.783839 -0.105229 0.994448 0.000000 -3.130942 0.000000 0.000000 1.000000 0.000000
0.994215 0.107412 0.000000 112.204859 -0.107412 0.994215 0.000000 -3.190020 0.000000 0.000000 1.000000 0.000000
0.993985 0.109520 0.000000 112.623383 -0.109520 0.993985 0.000000 -3.257527 0.000000 0.000000 1.000000 0.000000
0.993871 0.110547 0.000000 113.044778 -0.110547 0.993871 0.000000 -3.302185 0.000000 0.000000 1.000000 0.000000
0.993943 0.109900 0.000000 113.458704 -0.109900 0.993943 0.000000 -3.365158 0.000000 0.000000 1.000000 0.000000
0.993616 0.112815 0.000000 113.875326 -0.112815 0.993616 0.000000 -3.434272 0.000000 0.000000 1.000000 0.000000
0.992657 0.120964 0.000000 114.615717 -0.120964 0.992657 0.000000 -3.537108 0.000000 0.000000 1.000000 0.000000
0.992819 0.119627 0.000000 115.032373 -0.119627 0.992819 0.000000 -3.616765 0.000000 0.000000 1.000000 0.000000
0.992984 0.118246 0.000000 115.472173 -0.118246 0.992984 0.000000 -3.678173 0.000000 0.000000 1.000000 0.000000
0.992818 0.119636 0.000000 115.904866 -0.119636 0.992818 0.000000 -3.739175 0.000000 0.000000 1.000000 0.000000
0.992901 0.118943 0.000000 116.352165 -0.118943 0.992901 0.000000 -3.800732 0.000000 0.000000 1.000000 0.000000
0.992481 0.122401 0.000000 116.787797 -0.122401 0.992481 0.000000 -3.861363 0.000000 0.000000 1.000000 0.000000
0.992470 0.122485 0.000000 117.219001 -0.122485 0.992470 0.000000 -3.927992 0.000000 0.000000 1.000000 0.000000
0.992553 0.121816 0.000000 117.657288 -0.121816 0.992553 0.000000 -3.996460 0.000000 0.000000 1.000000 0.000000
0.992487 0.122352 0.000000 118.092739 -0.122352 0.992487 0.000000 -4.055328 0.000000 0.000000 1.000000 0.000000
0.992461 0.122560 0.000000 118.543941 -0.122560 0.992461 0.000000 -4.124507 0.000000 0.000000 1.000000 0.000000
0.991999 0.126245 0.000000 118.987320 -0.126245 0.991999 0.000000 -4.196161 0.000000 0.000000 1.000000 0.000000
0.991976 0.126426 0.000000 119.808767 -0.126426 0.991976 0.000000 -4.313882 0.000000 0.000000 1.000000 0.000000
0.992014 0.126125 0.000000 120.260407 -0.126125 0.992014 0.000000 -4.370569 0.000000 0.000000 1.000000 0.000000
0.991645 0.128994 0.000000 120.723784 -0.128994 0.991645 0.000000 -4.422199 0.000000 0.000000 1.000000 0.000000
0.991621 0.129178 0.000000 121.194431 -0.129178 0.991621 0.000000 -4.505462 0.000000 0.000000 1.000000 0.000000
0.991329 0.131405 0.000000 121.650522 -0.131405 0.991329 0.000000 -4.590812 0.000000 0.000000 1.000000 0.000000
0.991130 0.132898 0.000000 122.109739 -0.132898 0.991130 0.000000 -4.666238 0.000000 0.000000 1.000000 0.000000
0.990973 0.134063 0.000000 122.584880 -0.134063 0.990973 0.000000 -4.737267 0.000000 0.000000 1.000000 0.000000
0.990445 0.137906 0.000000 123.048575 -0.137906 0.990445 0.000000 -4.809953 0.000000 0.000000 1.000000 0.000000
0.989919 0.141634 0.000000 123.557249 -0.141634 0.989919 0.000000 -4.898315 0.000000 0.000000 1.000000 0.000000
0.989412 0.145135 0.000000 124.001511 -0.145135 0.989412 0.000000 -4.979316 0.000000 0.000000 1.000000 0.000000
0.989480 0.144670 0.000000 124.505034 -0.144670 0.989480 0.000000 -5.084434 0.000000 0.000000 1.000000 0.000000
0.989169 0.146781 0.000000 124.968615 -0.146781 0.989169 0.000000 -5.178996 0.000000 0.000000 1.000000 0.000000
0.988903 0.148566 0.000000 125.425013 -0.148566 0.988903 0.000000 -5.273349 0.000000 0.000000 1.000000 0.000000
0.989250 0.146232 0.000000 125.895273 -0.146232 0.989250 0.000000 -5.368019 0.000000 0.000000 1.000000 0.000000
0.988790 0.149314 0.000000 126.369863 -0.149314 0.988790 0.000000 -5.459752 0.000000 0.000000 1.000000 0.000000
0.988613 0.150477 0.000000 126.833757 -0.150477 0.988613 0.000000 -5.546290 0.000000 0.000000 1.000000 0.000000
0.988119 0.153693 0.000000 127.305894 -0.153693 0.988119 0.000000 -5.643516 0.000000 0.000000 1.000000 0.000000
0.987184 0.159584 0.000000 127.786319 -0.159584 0.987184 0.000000 -5.724042 0.000000 0.000000 1.000000 0.000000
0.986935 0.161119 0.000000 128.237436 -0.161119 0.986935 0.000000 -5.798089 0.000000 0.000000 1.000000 0.000000
0.986913 0.161255 0.000000 128.714083 -0.161255 0.986913 0.000000 -5.874035 0.000000 0.000000 1.000000 0.000000
0.986287 0.165040 0.000000 129.180466 -0.165040 0.986287 0.000000 -5.955190 0.000000 0.000000 1.000000 0.000000
0.986093 0.166196 0.000000 129.967137 -0.166196 0.986093 0.000000 -6.102054 0.000000 0.000000 1.000000 0.000000
0.986062 0.166378 0.000000 130.448677 -0.166378 0.986062 0.000000 -6.190223 0.000000 0.000000 1.000000 0.000000
0.987615 0.156898 0.000000 131.425199 -0.156898 0.987615 0.000000 -6.389701 0.000000 0.000000 1.000000 0.000000
0.988032 0.154250 0.000000 131.912039 -0.154250 0.988032 0.000000 -6.518091 0.000000 0.000000 1.000000 0.000000
0.988254 0.152818 0.000000 132.405815 -0.152818 0.988254 0.000000 -6.612300 0.000000 0.000000 1.000000 0.000000
0.988137 0.153574 0.000000 132.903269 -0.153574 0.988137 0.000000 -6.696199 0.000000 0.000000 1.000000 0.000000
0.988480 0.151354 0.000000 133.409415 -0.151354 0.988480 0.000000 -6.788694 0.000000 0.000000 1.000000 0.000000
0.987807 0.155686 0.000000 133.898190 -0.155686 0.987807 0.000000 -6.870498 0.000000 0.000000 1.000000 0.000000
0.988737 0.149666 0.000000 134.430026 -0.149666 0.988737 0.000000 -6.966023 0.000000 0.000000 1.000000 0.000000
0.988279 0.152658 0.000000 134.907964 -0.152658 0.988279 0.000000 -7.054991 0.000000 0.000000 1.000000 0.000000
0.988011 0.154382 0.000000 135.431691 -0.154382 0.988011 0.000000 -7.147651 0.000000 0.000000 1.000000 0.000000
0.987889 0.155164 0.000000 135.943897 -0.155164 0.987889 0.000000 -7.231445 0.000000 0.000000 1.000000 0.000000
0.988034 0.154236 0.000000 136.430603 -0.154236 0.988034 0.000000 -7.317527 0.000000 0.000000 1.000000 0.000000
0.988053 0.154115 0.000000 136.939272 -0.154115 0.988053 0.000000 -7.402337 0.000000 0.000000 1.000000 0.000000
0.988133 0.153604 0.000000 137.461093 -0.153604 0.988133 0.000000 -7.495029 0.000000 0.000000 1.000000 0.000000
0.987716 0.156258 0.000000 137.950937 -0.156258 0.987716 0.000000 -7.579715 0.000000 0.000000 1.000000 0.000000
0.988289 0.152596 0.000000 138.468291 -0.152596 0.988289 0.000000 -7.664000 0.000000 0.000000 1.000000 0.000000
0.987929 0.154906 0.000000 138.999670 -0.154906 0.987929 0.000000 -7.776840 0.000000 0.000000 1.000000 0.000000
0.987356 0.158516 0.000000 139.622274 -0.158516 0.987356 0.000000 -7.871271 0.000000 0.000000 1.000000 0.000000
0.987318 0.158754 0.000000 140.187072 -0.158754 0.987318 0.000000 -7.976390 0.000000 0.000000 1.000000 0.000000
0.985929 0.167165 0.000000 140.673513 -0.167165 0.985929 0.000000 -8.079212 0.000000 0.000000 1.000000 0.000000
0.986050 0.166448 0.000000 141.194443 -0.166448 0.986050 0.000000 -8.185144 0.000000 0.000000 1.000000 0.000000
0.985157 0.171658 0.000000 141.744555 -0.171658 0.985157 0.000000 -8.298527 0.000000 0.000000 1.000000 0.000000
0.984739 0.174039 0.000000 142.278111 -0.174039 0.984739 0.000000 -8.401842 0.000000 0.000000 1.000000 0.000000
0.983725 0.179678 0.000000 146.076568 -0.179678 0.983725 0.000000 -9.208110 0.000000 0.000000 1.000000 0.000000
0.983465 0.181100 0.000000 146.609944 -0.181100 0.983465 0.000000 -9.313175 0.000000 0.000000 1.000000 0.000000
0.985902 0.167324 0.000000 147.753809 -0.167324 0.985902 0.000000 -9.552231 0.000000 0.000000 1.000000 0.000000
0.984795 0.173719 0.000000 148.883170 -0.173719 0.984795 0.000000 -9.765369 0.000000 0.000000 1.000000 0.000000
0.984638 0.174605 0.000000 149.442638 -0.174605 0.984638 0.000000 -9.878003 0.000000 0.000000 1.000000 0.000000
0.984649 0.174544 0.000000 150.003704 -0.174544 0.984649 0.000000 -9.987833 0.000000 0.000000 1.000000 0.000000
0.984821 0.173575 0.000000 150.573760 -0.173575 0.984821 0.000000 -10.100231 0.000000 0.000000 1.000000 0.000000
0.984972 0.172716 0.000000 151.137755 -0.172716 0.984972 0.000000 -10.228402 0.000000 0.000000 1.000000 0.000000
0.985513 0.169602 0.000000 151.704235 -0.169602 0.985513 0.000000 -10.365128 0.000000 0.000000 1.000000 0.000000
0.984916 0.173032 0.000000 152.274890 -0.173032 0.984916 0.000000 -10.490560 0.000000 0.000000 1.000000 0.000000
0.984692 0.174306 0.000000 152.843587 -0.174306 0.984692 0.000000 -10.611235 0.000000 0.000000 1.000000 0.000000
0.985192 0.171454 0.000000 153.419532 -0.171454 0.985192 0.000000 -10.734598 0.000000 0.000000 1.000000 0.000000
0.985073 0.172135 0.000000 154.332494 -0.172135 0.985073 0.000000 -10.927750 0.000000 0.000000 1.000000 0.000000
0.984260 0.176724 0.000000 154.913645 -0.176724 0.984260 0.000000 -11.032146 0.000000 0.000000 1.000000 0.000000
0.984527 0.175233 0.000000 155.481089 -0.175233 0.984527 0.000000 -11.153539 0.000000 0.000000 1.000000 0.000000
0.984097 0.177629 0.000000 156.066714 -0.177629 0.984097 0.000000 -11.272317 0.000000 0.000000 1.000000 0.000000
0.983307 0.181957 0.000000 156.685226 -0.181957 0.983307 0.000000 -11.400208 0.000000 0.000000 1.000000 0.000000
0.983033 0.183430 0.000000 157.201592 -0.183430 0.983033 0.000000 -11.519098 0.000000 0.000000 1.000000 0.000000
0.982902 0.184131 0.000000 157.792780 -0.184131 0.982902 0.000000 -11.667449 0.000000 0.000000 1.000000 0.000000
0.982851 0.184399 0.000000 158.371917 -0.184399 0.982851 0.000000 -11.786709 0.000000 0.000000 1.000000 0.000000
0.982859 0.184358 0.000000 158.960926 -0.184358 0.982859 0.000000 -11.897357 0.000000 0.000000 1.000000 0.000000
0.982540 0.186053 0.000000 159.538900 -0.186053 0.982540 0.000000 -12.015012 0.000000 0.000000 1.000000 0.000000
0.982169 0.188002 0.000000 160.100715 -0.188002 0.982169 0.000000 -12.129611 0.000000 0.000000 1.000000 0.000000
0.982513 0.186193 0.000000 160.657359 -0.186193 0.982513 0.000000 -12.250275 0.000000 0.000000 1.000000 0.000000
0.982509 0.186217 0.000000 161.216205 -0.186217 0.982509 0.000000 -12.379672 0.000000 0.000000 1.000000 0.000000
0.982293 0.187350 0.000000 161.795239 -0.187350 0.982293 0.000000 -12.488482 0.000000 0.000000 1.000000 0.000000
0.982481 0.186362 0.000000 162.359487 -0.186362 0.982481 0.000000 -12.616716 0.000000 0.000000 1.000000 0.000000
0.981903 0.189386 0.000000 162.935269 -0.189386 0.981903 0.000000 -12.736564 0.000000 0.000000 1.000000 0.000000
0.981608 0.190906 0.000000 164.074921 -0.190906 0.981608 0.000000 -12.986992 0.000000 0.000000 1.000000 0.000000
0.981366 0.192150 0.000000 164.642164 -0.192150 0.981366 0.000000 -13.100309 0.000000 0.000000 1.000000 0.000000
0.981821 0.189807 0.000000 165.186186 -0.189807 0.981821 0.000000 -13.223458 0.000000 0.000000 1.000000 0.000000
0.980779 0.195121 0.000000 165.774145 -0.195121 0.980779 0.000000 -13.342215 0.000000 0.000000 1.000000 0.000000
0.980474 0.196649 0.000000 166.331273 -0.196649 0.980474 0.000000 -13.455164 0.000000 0.000000 1.000000 0.000000
0.980819 0.194920 0.000000 167.438974 -0.194920 0.980819 0.000000 -13.696733 0.000000 0.000000 1.000000 0.000000
0.980870 0.194664 0.000000 168.006266 -0.194664 0.980870 0.000000 -13.813492 0.000000 0.000000 1.000000 0.000000
0.980677 0.195636 0.000000 168.530699 -0.195636 0.980677 0.000000 -13.931083 0.000000 0.000000 1.000000 0.000000
0.980463 0.196703 0.000000 169.094626 -0.196703 0.980463 0.000000 -14.059986 0.000000 0.000000 1.000000 0.000000
0.980900 0.194511 0.000000 169.664076 -0.194511 0.980900 0.000000 -14.193755 0.000000 0.000000 1.000000 0.000000
0.980430 0.196870 0.000000 170.192457 -0.196870 0.980430 0.000000 -14.308354 0.000000 0.000000 1.000000 0.000000
0.979646 0.200734 0.000000 170.957594 -0.200734 0.979646 0.000000 -14.458291 0.000000 0.000000 1.000000 0.000000
0.979276 0.202532 0.000000 171.521969 -0.202532 0.979276 0.000000 -14.577597 0.000000 0.000000 1.000000 0.000000
0.978993 0.203893 0.000000 172.089954 -0.203893 0.978993 0.000000 -14.694966 0.000000 0.000000 1.000000 0.000000
0.977931 0.208928 0.000000 172.689728 -0.208928 0.977931 0.000000 -14.803991 0.000000 0.000000 1.000000 0.000000
0.978216 0.207589 0.000000 173.227722 -0.207589 0.978216 0.000000 -14.933601 0.000000 0.000000 1.000000 0.000000
0.978650 0.205534 0.000000 173.825856 -0.205534 0.978650 0.000000 -15.086154 0.000000 0.000000 1.000000 0.000000
0.977720 0.209913 0.000000 174.403567 -0.209913 0.977720 0.000000 -15.210555 0.000000 0.000000 1.000000 0.000000
0.978009 0.208564 0.000000 174.969808 -0.208564 0.978009 0.000000 -15.361282 0.000000 0.000000 1.000000 0.000000
0.976923 0.213591 0.000000 175.554638 -0.213591 0.976923 0.000000 -15.491099 0.000000 0.000000 1.000000 0.000000
0.977842 0.209345 0.000000 176.136061 -0.209345 0.977842 0.000000 -15.627211 0.000000 0.000000 1.000000 0.000000
0.977978 0.208706 0.000000 176.720045 -0.208706 0.977978 0.000000 -15.749597 0.000000 0.000000 1.000000 0.000000
0.977868 0.209224 0.000000 177.272056 -0.209224 0.977868 0.000000 -15.879924 0.000000 0.000000 1.000000 0.000000
0.978422 0.206616 0.000000 177.849441 -0.206616 0.978422 0.000000 -16.008303 0.000000 0.000000 1.000000 0.000000
0.979471 0.201587 0.000000 178.416930 -0.201587 0.979471 0.000000 -16.150685 0.000000 0.000000 1.000000 0.000000
0.979898 0.199498 0.000000 179.000745 -0.199498 0.979898 0.000000 -16.283652 0.000000 0.000000 1.000000 0.000000
0.979488 0.201502 0.000000 179.576417 -0.201502 0.979488 0.000000 -16.420884 0.000000 0.000000 1.000000 0.000000
0.979942 0.199285 0.000000 180.155108 -0.199285 0.979942 0.000000 -16.556561 0.000000 0.000000 1.000000 0.000000
0.979437 0.201749 0.000000 180.690912 -0.201749 0.979437 0.000000 -16.681358 0.000000 0.000000 1.000000 0.000000
0.979318 0.202325 0.000000 181.310701 -0.202325 0.979318 0.000000 -16.825658 0.000000 0.000000 1.000000 0.000000
0.979471 0.201585 0.000000 181.854665 -0.201585 0.979471 0.000000 -16.940642 0.000000 0.000000 1.000000 0.000000
0.979492 0.201484 0.000000 182.426290 -0.201484 0.979492 0.000000 -17.071887 0.000000 0.000000 1.000000 0.000000
0.979137 0.203201 0.000000 183.011118 -0.203201 0.979137 0.000000 -17.186801 0.000000 0.000000 1.000000 0.000000
0.978662 0.205475 0.000000 183.588857 -0.205475 0.978662 0.000000 -17.335527 0.000000 0.000000 1.000000 0.000000
0.977251 0.212088 0.000000 184.165726 -0.212088 0.977251 0.000000 -17.466246 0.000000 0.000000 1.000000 0.000000
0.977321 0.211763 0.000000 184.742074 -0.211763 0.977321 0.000000 -17.602896 0.000000 0.000000 1.000000 0.000000
0.977440 0.211212 0.000000 185.316774 -0.211212 0.977440 0.000000 -17.743951 0.000000 0.000000 1.000000 0.000000
0.977512 0.210878 0.000000 185.893890 -0.210878 0.977512 0.000000 -17.875511 0.000000 0.000000 1.000000 0.000000
0.977187 0.212382 0.000000 186.475143 -0.212382 0.977187 0.000000 -18.015226 0.000000 0.000000 1.000000 0.000000
0.976848 0.213936 0.000000 187.060053 -0.213936 0.976848 0.000000 -18.148411 0.000000 0.000000 1.000000 0.000000
0.977072 0.212907 0.000000 187.626834 -0.212907 0.977072 0.000000 -18.291860 0.000000 0.000000 1.000000 0.000000
0.977280 0.211950 0.000000 188.204493 -0.211950 0.977280 0.000000 -18.424517 0.000000 0.000000 1.000000 0.000000
0.976639 0.214887 0.000000 188.780899 -0.214887 0.976639 0.000000 -18.557569 0.000000 0.000000 1.000000 0.000000
0.976350 0.216195 0.000000 189.332838 -0.216195 0.976350 0.000000 -18.682690 0.000000 0.000000 1.000000 0.000000
0.976433 0.215822 0.000000 189.907257 -0.215822 0.976433 0.000000 -18.824993 0.000000 0.000000 1.000000 0.000000
0.975486 0.220062 0.000000 190.491978 -0.220062 0.975486 0.000000 -18.972480 0.000000 0.000000 1.000000 0.000000
0.975480 0.220090 0.000000 191.045473 -0.220090 0.975480 0.000000 -19.095450 0.000000 0.000000 1.000000 0.000000
0.976187 0.216932 0.000000 191.614199 -0.216932 0.976187 0.000000 -19.241065 0.000000 0.000000 1.000000 0.000000
0.975375 0.220554 0.000000 192.194003 -0.220554 0.975375 0.000000 -19.372294 0.000000 0.000000 1.000000 0.000000
0.976100 0.217323 0.000000 192.736346 -0.217323 0.976100 0.000000 -19.523480 0.000000 0.000000 1.000000 0.000000
0.975950 0.217993 0.000000 193.300391 -0.217993 0.975950 0.000000 -19.663885 0.000000 0.000000 1.000000 0.000000
0.975208 0.221291 0.000000 193.848436 -0.221291 0.975208 0.000000 -19.801971 0.000000 0.000000 1.000000 0.000000
0.975136 0.221607 0.000000 194.383779 -0.221607 0.975136 0.000000 -19.923548 0.000000 0.000000 1.000000 0.000000
0.974968 0.222343 0.000000 194.951583 -0.222343 0.974968 0.000000 -20.074805 0.000000 0.000000 1.000000 0.000000
0.974699 0.223522 0.000000 195.515622 -0.223522 0.974699 0.000000 -20.215501 0.000000 0.000000 1.000000 0.000000
0.974179 0.225777 0.000000 196.330576 -0.225777 0.974179 0.000000 -20.436283 0.000000 0.000000 1.000000 0.000000
0.973796 0.227425 0.000000 196.885940 -0.227425 0.973796 0.000000 -20.570903 0.000000 0.000000 1.000000 0.000000
0.973318 0.229462 0.000000 197.462057 -0.229462 0.973318 0.000000 -20.710140 0.000000 0.000000 1.000000 0.000000
0.973493 0.228716 0.000000 198.029531 -0.228716 0.973493 0.000000 -20.851038 0.000000 0.000000 1.000000 0.000000
0.973220 0.229878 0.000000 198.590774 -0.229878 0.973220 0.000000 -20.979399 0.000000 0.000000 1.000000 0.000000
0.973565 0.228410 0.000000 199.150531 -0.228410 0.973565 0.000000 -21.113538 0.000000 0.000000 1.000000 0.000000
0.974081 0.226200 0.000000 199.707296 -0.226200 0.974081 0.000000 -21.264242 0.000000 0.000000 1.000000 0.000000
0.973881 0.227061 0.000000 200.288411 -0.227061 0.973881 0.000000 -21.421855 0.000000 0.000000 1.000000 0.000000
0.973852 0.227185 0.000000 200.789248 -0.227185 0.973852 0.000000 -21.549359 0.000000 0.000000 1.000000 0.000000
0.973671 0.227959 0.000000 201.761881 -0.227959 0.973671 0.000000 -21.797132 0.000000 0.000000 1.000000 0.000000
0.973620 0.228177 0.000000 202.328953 -0.228177 0.973620 0.000000 -21.928504 0.000000 0.000000 1.000000 0.000000
0.973359 0.229285 0.000000 203.046707 -0.229285 0.973359 0.000000 -22.110188 0.000000 0.000000 1.000000 0.000000
0.972962 0.230966 0.000000 203.763234 -0.230966 0.972962 0.000000 -22.297322 0.000000 0.000000 1.000000 0.000000
0.972354 0.233511 0.000000 204.726360 -0.233511 0.972354 0.000000 -22.552469 0.000000 0.000000 1.000000 0.000000
0.972502 0.232893 0.000000 205.292793 -0.232893 0.972502 0.000000 -22.696094 0.000000 0.000000 1.000000 0.000000
0.972770 0.231772 0.000000 205.868010 -0.231772 0.972770 0.000000 -22.848481 0.000000 0.000000 1.000000 0.000000
0.972546 0.232710 0.000000 206.419880 -0.232710 0.972546 0.000000 -22.994563 0.000000 0.000000 1.000000 0.000000
0.972285 0.233801 0.000000 206.935380 -0.233801 0.972285 0.000000 -23.129399 0.000000 0.000000 1.000000 0.000000
0.973043 0.230625 0.000000 207.501906 -0.230625 0.973043 0.000000 -23.274012 0.000000 0.000000 1.000000 0.000000
0.972515 0.232840 0.000000 208.065131 -0.232840 0.972515 0.000000 -23.420254 0.000000 0.000000 1.000000 0.000000
0.972439 0.233155 0.000000 208.859532 -0.233155 0.972439 0.000000 -23.633135 0.000000 0.000000 1.000000 0.000000
0.972830 0.231522 0.000000 209.420986 -0.231522 0.972830 0.000000 -23.792398 0.000000 0.000000 1.000000 0.000000
0.972892 0.231262 0.000000 209.983246 -0.231262 0.972892 0.000000 -23.937012 0.000000 0.000000 1.000000 0.000000
0.972695 0.232086 0.000000 210.542305 -0.232086 0.972695 0.000000 -24.082755 0.000000 0.000000 1.000000 0.000000
0.973595 0.228283 0.000000 211.124937 -0.228283 0.973595 0.000000 -24.238389 0.000000 0.000000 1.000000 0.000000
0.973557 0.228444 0.000000 211.639873 -0.228444 0.973557 0.000000 -24.377135 0.000000 0.000000 1.000000 0.000000
0.973347 0.229337 0.000000 212.234691 -0.229337 0.973347 0.000000 -24.540575 0.000000 0.000000 1.000000 0.000000
0.973747 0.227631 0.000000 212.768088 -0.227631 0.973747 0.000000 -24.673389 0.000000 0.000000 1.000000 0.000000
0.973757 0.227591 0.000000 213.371711 -0.227591 0.973757 0.000000 -24.831486 0.000000 0.000000 1.000000 0.000000
0.973966 0.226694 0.000000 213.928992 -0.226694 0.973966 0.000000 -24.968028 0.000000 0.000000 1.000000 0.000000
0.973756 0.227596 0.000000 214.477314 -0.227596 0.973756 0.000000 -25.103728 0.000000 0.000000 1.000000 0.000000
0.974057 0.226301 0.000000 215.036968 -0.226301 0.974057 0.000000 -25.253732 0.000000 0.000000 1.000000 0.000000
0.973921 0.226887 0.000000 215.587838 -0.226887 0.973921 0.000000 -25.403447 0.000000 0.000000 1.000000 0.000000
0.974026 0.226436 0.000000 216.157041 -0.226436 0.974026 0.000000 -25.540357 0.000000 0.000000 1.000000 0.000000
0.974493 0.224418 0.000000 216.725845 -0.224418 0.974493 0.000000 -25.678316 0.000000 0.000000 1.000000 0.000000
0.974882 0.222723 0.000000 217.286345 -0.222723 0.974882 0.000000 -25.822480 0.000000 0.000000 1.000000 0.000000
0.973617 0.228188 0.000000 217.842519 -0.228188 0.973617 0.000000 -25.973858 0.000000 0.000000 1.000000 0.000000
0.974269 0.225389 0.000000 218.398305 -0.225389 0.974269 0.000000 -26.128799 0.000000 0.000000 1.000000 0.000000
0.975009 0.222167 0.000000 218.985253 -0.222167 0.975009 0.000000 -26.281285 0.000000 0.000000 1.000000 0.000000
0.975238 0.221158 0.000000 219.531382 -0.221158 0.975238 0.000000 -26.416571 0.000000 0.000000 1.000000 0.000000
0.975783 0.218740 0.000000 220.071595 -0.218740 0.975783 0.000000 -26.549729 0.000000 0.000000 1.000000 0.000000
0.975790 0.218711 0.000000 220.598496 -0.218711 0.975790 0.000000 -26.675562 0.000000 0.000000 1.000000 0.000000
0.975698 0.219119 0.000000 221.147856 -0.219119 0.975698 0.000000 -26.810357 0.000000 0.000000 1.000000 0.000000
0.975328 0.220760 0.000000 221.731209 -0.220760 0.975328 0.000000 -26.954878 0.000000 0.000000 1.000000 0.000000
0.976098 0.217329 0.000000 222.282976 -0.217329 0.976098 0.000000 -27.100444 0.000000 0.000000 1.000000 0.000000
0.976600 0.215064 0.000000 222.829995 -0.215064 0.976600 0.000000 -27.240826 0.000000 0.000000 1.000000 0.000000
0.976589 0.215114 0.000000 223.356308 -0.215114 0.976589 0.000000 -27.376888 0.000000 0.000000 1.000000 0.000000
0.976847 0.213939 0.000000 224.431187 -0.213939 0.976847 0.000000 -27.639399 0.000000 0.000000 1.000000 0.000000
0.977579 0.210571 0.000000 224.960114 -0.210571 0.977579 0.000000 -27.776258 0.000000 0.000000 1.000000 0.000000
0.977860 0.209258 0.000000 225.486331 -0.209258 0.977860 0.000000 -27.908209 0.000000 0.000000 1.000000 0.000000
0.978222 0.207562 0.000000 226.000520 -0.207562 0.978222 0.000000 -28.023847 0.000000 0.000000 1.000000 0.000000
0.978147 0.207912 0.000000 226.555685 -0.207912 0.978147 0.000000 -28.143336 0.000000 0.000000 1.000000 0.000000
0.978551 0.206006 0.000000 227.092006 -0.206006 0.978551 0.000000 -28.274144 0.000000 0.000000 1.000000 0.000000
0.978880 0.204437 0.000000 227.618639 -0.204437 0.978880 0.000000 -28.406339 0.000000 0.000000 1.000000 0.000000
0.979006 0.203832 0.000000 228.113973 -0.203832 0.979006 0.000000 -28.534449 0.000000 0.000000 1.000000 0.000000
0.979393 0.201962 0.000000 228.638706 -0.201962 0.979393 0.000000 -28.663614 0.000000 0.000000 1.000000 0.000000
0.979324 0.202296 0.000000 229.151337 -0.202296 0.979324 0.000000 -28.777329 0.000000 0.000000 1.000000 0.000000
0.979420 0.201831 0.000000 229.682006 -0.201831 0.979420 0.000000 -28.888873 0.000000 0.000000 1.000000 0.000000
0.979667 0.200630 0.000000 230.220413 -0.200630 0.979667 0.000000 -29.007289 0.000000 0.000000 1.000000 0.000000
0.980057 0.198716 0.000000 230.749674 -0.198716 0.980057 0.000000 -29.127748 0.000000 0.000000 1.000000 0.000000
0.980516 0.196438 0.000000 231.246429 -0.196438 0.980516 0.000000 -29.239454 0.000000 0.000000 1.000000 0.000000
0.980555 0.196244 0.000000 231.770372 -0.196244 0.980555 0.000000 -29.351092 0.000000 0.000000 1.000000 0.000000
0.981181 0.193091 0.000000 232.425428 -0.193091 0.981181 0.000000 -29.493964 0.000000 0.000000 1.000000 0.000000
0.981272 0.192628 0.000000 233.052060 -0.192628 0.981272 0.000000 -29.634195 0.000000 0.000000 1.000000 0.000000
0.981353 0.192212 0.000000 233.577475 -0.192212 0.981353 0.000000 -29.753795 0.000000 0.000000 1.000000 0.000000
0.981512 0.191401 0.000000 234.113250 -0.191401 0.981512 0.000000 -29.867201 0.000000 0.000000 1.000000 0.000000
0.982067 0.188532 0.000000 234.628385 -0.188532 0.982067 0.000000 -29.985705 0.000000 0.000000 1.000000 0.000000
0.982397 0.186803 0.000000 235.149529 -0.186803 0.982397 0.000000 -30.094176 0.000000 0.000000 1.000000 0.000000
0.982717 0.185116 0.000000 235.662784 -0.185116 0.982717 0.000000 -30.209395 0.000000 0.000000 1.000000 0.000000
0.983653 0.180076 0.000000 236.560036 -0.180076 0.983653 0.000000 -30.419063 0.000000 0.000000 1.000000 0.000000
0.983330 0.181828 0.000000 237.094124 -0.181828 0.983330 0.000000 -30.527261 0.000000 0.000000 1.000000 0.000000
0.983361 0.181664 0.000000 237.590804 -0.181664 0.983361 0.000000 -30.627582 0.000000 0.000000 1.000000 0.000000
0.982983 0.183699 0.000000 238.106015 -0.183699 0.982983 0.000000 -30.731933 0.000000 0.000000 1.000000 0.000000
0.982778 0.184792 0.000000 238.631643 -0.184792 0.982778 0.000000 -30.843139 0.000000 0.000000 1.000000 0.000000
0.982486 0.186334 0.000000 239.149159 -0.186334 0.982486 0.000000 -30.946581 0.000000 0.000000 1.000000 0.000000
0.983076 0.183197 0.000000 239.670671 -0.183197 0.983076 0.000000 -31.077223 0.000000 0.000000 1.000000 0.000000
0.983117 0.182979 0.000000 240.184429 -0.182979 0.983117 0.000000 -31.205196 0.000000 0.000000 1.000000 0.000000
0.982734 0.185025 0.000000 240.701623 -0.185025 0.982734 0.000000 -31.309706 0.000000 0.000000 1.000000 0.000000
0.982444 0.186558 0.000000 241.216993 -0.186558 0.982444 0.000000 -31.418482 0.000000 0.000000 1.000000 0.000000
0.982463 0.186457 0.000000 241.725997 -0.186457 0.982463 0.000000 -31.543791 0.000000 0.000000 1.000000 0.000000
0.982036 0.188695 0.000000 242.246815 -0.188695 0.982036 0.000000 -31.655469 0.000000 0.000000 1.000000 0.000000
0.982257 0.187542 0.000000 242.769348 -0.187542 0.982257 0.000000 -31.780225 0.000000 0.000000 1.000000 0.000000
0.981878 0.189515 0.000000 243.277009 -0.189515 0.981878 0.000000 -31.892546 0.000000 0.000000 1.000000 0.000000
0.981983 0.188970 0.000000 243.798460 -0.188970 0.981983 0.000000 -32.008423 0.000000 0.000000 1.000000 0.000000
0.981822 0.189802 0.000000 244.317428 -0.189802 0.981822 0.000000 -32.123821 0.000000 0.000000 1.000000 0.000000
0.982024 0.188759 0.000000 244.869302 -0.188759 0.982024 0.000000 -32.245152 0.000000 0.000000 1.000000 0.000000
0.981907 0.189362 0.000000 245.357281 -0.189362 0.981907 0.000000 -32.352365 0.000000 0.000000 1.000000 0.000000
0.981746 0.190199 0.000000 245.876452 -0.190199 0.981746 0.000000 -32.480709 0.000000 0.000000 1.000000 0.000000
0.981049 0.193759 0.000000 246.405285 -0.193759 0.981049 0.000000 -32.586301 0.000000 0.000000 1.000000 0.000000
0.980745 0.195293 0.000000 246.927704 -0.195293 0.980745 0.000000 -32.704919 0.000000 0.000000 1.000000 0.000000
0.981040 0.193805 0.000000 247.440674 -0.193805 0.981040 0.000000 -32.830190 0.000000 0.000000 1.000000 0.000000
0.981038 0.193815 0.000000 247.958683 -0.193815 0.981038 0.000000 -32.936729 0.000000 0.000000 1.000000 0.000000
0.980763 0.195202 0.000000 248.473867 -0.195202 0.980763 0.000000 -33.050909 0.000000 0.000000 1.000000 0.000000
0.980597 0.196036 0.000000 249.000443 -0.196036 0.980597 0.000000 -33.160401 0.000000 0.000000 1.000000 0.000000
0.980806 0.194985 0.000000 249.518414 -0.194985 0.980806 0.000000 -33.279420 0.000000 0.000000 1.000000 0.000000
0.979877 0.199600 0.000000 250.078197 -0.199600 0.979877 0.000000 -33.383418 0.000000 0.000000 1.000000 0.000000
0.979514 0.201374 0.000000 250.590122 -0.201374 0.979514 0.000000 -33.505965 0.000000 0.000000 1.000000 0.000000
0.979110 0.203331 0.000000 251.062610 -0.203331 0.979110 0.000000 -33.623922 0.000000 0.000000 1.000000 0.000000
0.978886 0.204408 0.000000 251.579544 -0.204408 0.978886 0.000000 -33.741648 0.000000 0.000000 1.000000 0.000000
0.977585 0.210539 0.000000 252.601118 -0.210539 0.977585 0.000000 -33.978306 0.000000 0.000000 1.000000 0.000000
0.977248 0.212098 0.000000 253.124525 -0.212098 0.977248 0.000000 -34.094314 0.000000 0.000000 1.000000 0.000000
0.976121 0.217226 0.000000 253.831882 -0.217226 0.976121 0.000000 -34.261942 0.000000 0.000000 1.000000 0.000000
0.976956 0.213442 0.000000 254.808823 -0.213442 0.976956 0.000000 -34.507677 0.000000 0.000000 1.000000 0.000000
0.976711 0.214558 0.000000 255.300642 -0.214558 0.976711 0.000000 -34.642192 0.000000 0.000000 1.000000 0.000000
0.976043 0.217576 0.000000 255.810191 -0.217576 0.976043 0.000000 -34.756443 0.000000 0.000000 1.000000 0.000000
0.975686 0.219171 0.000000 256.305427 -0.219171 0.975686 0.000000 -34.881402 0.000000 0.000000 1.000000 0.000000
0.975370 0.220575 0.000000 256.815516 -0.220575 0.975370 0.000000 -35.016097 0.000000 0.000000 1.000000 0.000000
0.975031 0.222068 0.000000 257.315130 -0.222068 0.975031 0.000000 -35.144810 0.000000 0.000000 1.000000 0.000000
0.974726 0.223406 0.000000 257.808780 -0.223406 0.974726 0.000000 -35.282661 0.000000 0.000000 1.000000 0.000000
0.974630 0.223823 0.000000 258.316538 -0.223823 0.974630 0.000000 -35.406713 0.000000 0.000000 1.000000 0.000000
0.974669 0.223654 0.000000 258.811511 -0.223654 0.974669 0.000000 -35.539021 0.000000 0.000000 1.000000 0.000000
0.975720 0.219023 0.000000 259.322993 -0.219023 0.975720 0.000000 -35.664135 0.000000 0.000000 1.000000 0.000000
0.976184 0.216946 0.000000 259.785312 -0.216946 0.976184 0.000000 -35.768111 0.000000 0.000000 1.000000 0.000000
0.976228 0.216746 0.000000 260.294206 -0.216746 0.976228 0.000000 -35.880358 0.000000 0.000000 1.000000 0.000000
0.976002 0.217761 0.000000 260.780543 -0.217761 0.976002 0.000000 -35.999505 0.000000 0.000000 1.000000 0.000000
0.976268 0.216565 0.000000 261.260781 -0.216565 0.976268 0.000000 -36.121241 0.000000 0.000000 1.000000 0.000000
0.976378 0.216068 0.000000 261.764156 -0.216068 0.976378 0.000000 -36.243703 0.000000 0.000000 1.000000 0.000000
0.976750 0.214379 0.000000 262.254312 -0.214379 0.976750 0.000000 -36.352302 0.000000 0.000000 1.000000 0.000000
0.976613 0.215005 0.000000 262.744445 -0.215005 0.976613 0.000000 -36.464971 0.000000 0.000000 1.000000 0.000000
0.976266 0.216577 0.000000 263.222113 -0.216577 0.976266 0.000000 -36.570425 0.000000 0.000000 1.000000 0.000000
0.975909 0.218176 0.000000 263.709813 -0.218176 0.975909 0.000000 -36.686259 0.000000 0.000000 1.000000 0.000000
0.975247 0.221117 0.000000 264.179516 -0.221117 0.975247 0.000000 -36.793403 0.000000 0.000000 1.000000 0.000000
0.975420 0.220354 0.000000 264.655805 -0.220354 0.975420 0.000000 -36.919155 0.000000 0.000000 1.000000 0.000000
0.976174 0.216990 0.000000 265.121537 -0.216990 0.976174 0.000000 -37.031783 0.000000 0.000000 1.000000 0.000000
0.975884 0.218291 0.000000 265.545588 -0.218291 0.975884 0.000000 -37.128378 0.000000 0.000000 1.000000 0.000000
0.975547 0.219790 0.000000 265.994505 -0.219790 0.975547 0.000000 -37.242483 0.000000 0.000000 1.000000 0.000000
0.975447 0.220234 0.000000 266.456159 -0.220234 0.975447 0.000000 -37.361347 0.000000 0.000000 1.000000 0.000000
0.975527 0.219879 0.000000 266.892559 -0.219879 0.975527 0.000000 -37.473251 0.000000 0.000000 1.000000 0.000000
0.975545 0.219802 0.000000 267.344189 -0.219802 0.975545 0.000000 -37.582829 0.000000 0.000000 1.000000 0.000000
0.975738 0.218940 0.000000 267.785390 -0.218940 0.975738 0.000000 -37.681923 0.000000 0.000000 1.000000 0.000000
0.975546 0.219797 0.000000 268.214609 -0.219797 0.975546 0.000000 -37.796334 0.000000 0.000000 1.000000 0.000000
0.975974 0.217887 0.000000 268.639117 -0.217887 0.975974 0.000000 -37.902217 0.000000 0.000000 1.000000 0.000000
0.976224 0.216766 0.000000 269.072676 -0.216766 0.976224 0.000000 -38.004689 0.000000 0.000000 1.000000 0.000000
0.976819 0.214065 0.000000 269.643630 -0.214065 0.976819 0.000000 -38.124854 0.000000 0.000000 1.000000 0.000000
0.976710 0.214564 0.000000 270.066897 -0.214564 0.976710 0.000000 -38.207443 0.000000 0.000000 1.000000 0.000000
0.976222 0.216775 0.000000 270.482197 -0.216775 0.976222 0.000000 -38.305685 0.000000 0.000000 1.000000 0.000000
0.976867 0.213848 0.000000 270.897005 -0.213848 0.976867 0.000000 -38.404684 0.000000 0.000000 1.000000 0.000000
0.976644 0.214862 0.000000 271.309832 -0.214862 0.976644 0.000000 -38.495020 0.000000 0.000000 1.000000 0.000000
0.977082 0.212865 0.000000 271.699500 -0.212865 0.977082 0.000000 -38.585543 0.000000 0.000000 1.000000 0.000000
0.976900 0.213696 0.000000 272.096059 -0.213696 0.976900 0.000000 -38.673772 0.000000 0.000000 1.000000 0.000000
0.976529 0.215386 0.000000 272.521032 -0.215386 0.976529 0.000000 -38.772106 0.000000 0.000000 1.000000 0.000000
0.976470 0.215655 0.000000 272.904228 -0.215655 0.976470 0.000000 -38.860058 0.000000 0.000000 1.000000 0.000000
0.975971 0.217899 0.000000 273.286819 -0.217899 0.975971 0.000000 -38.953460 0.000000 0.000000 1.000000 0.000000
0.976271 0.216551 0.000000 273.664073 -0.216551 0.976271 0.000000 -39.045107 0.000000 0.000000 1.000000 0.000000
0.976565 0.215221 0.000000 274.049322 -0.215221 0.976565 0.000000 -39.133031 0.000000 0.000000 1.000000 0.000000
0.976154 0.217078 0.000000 274.431213 -0.217078 0.976154 0.000000 -39.218625 0.000000 0.000000 1.000000 0.000000
0.975922 0.218119 0.000000 274.798637 -0.218119 0.975922 0.000000 -39.312708 0.000000 0.000000 1.000000 0.000000
0.975994 0.217796 0.000000 275.169442 -0.217796 0.975994 0.000000 -39.404584 0.000000 0.000000 1.000000 0.000000
0.976152 0.217087 0.000000 275.535990 -0.217087 0.976152 0.000000 -39.483738 0.000000 0.000000 1.000000 0.000000
0.976334 0.216268 0.000000 275.890560 -0.216268 0.976334 0.000000 -39.558205 0.000000 0.000000 1.000000 0.000000
0.976057 0.217517 0.000000 276.234704 -0.217517 0.976057 0.000000 -39.639059 0.000000 0.000000 1.000000 0.000000
0.975920 0.218130 0.000000 276.584835 -0.218130 0.975920 0.000000 -39.721084 0.000000 0.000000 1.000000 0.000000
0.976548 0.215301 0.000000 276.921725 -0.215301 0.976548 0.000000 -39.823056 0.000000 0.000000 1.000000 0.000000
0.976589 0.215114 0.000000 277.597929 -0.215114 0.976589 0.000000 -39.994043 0.000000 0.000000 1.000000 0.000000
0.976402 0.215959 0.000000 277.922490 -0.215959 0.976402 0.000000 -40.074581 0.000000 0.000000 1.000000 0.000000
0.976494 0.215546 0.000000 278.231737 -0.215546 0.976494 0.000000 -40.158818 0.000000 0.000000 1.000000 0.000000
0.976618 0.214981 0.000000 278.547955 -0.214981 0.976618 0.000000 -40.247197 0.000000 0.000000 1.000000 0.000000
0.976444 0.215770 0.000000 278.874220 -0.215770 0.976444 0.000000 -40.323220 0.000000 0.000000 1.000000 0.000000
0.975220 0.221235 0.000000 279.475916 -0.221235 0.975220 0.000000 -40.469269 0.000000 0.000000 1.000000 0.000000
0.975293 0.220914 0.000000 279.787548 -0.220914 0.975293 0.000000 -40.544468 0.000000 0.000000 1.000000 0.000000
0.975650 0.219334 0.000000 280.074506 -0.219334 0.975650 0.000000 -40.612425 0.000000 0.000000 1.000000 0.000000
0.975942 0.218032 0.000000 280.357169 -0.218032 0.975942 0.000000 -40.694571 0.000000 0.000000 1.000000 0.000000
0.976150 0.217098 0.000000 280.624943 -0.217098 0.976150 0.000000 -40.757612 0.000000 0.000000 1.000000 0.000000
0.875246 -0.483678 0.000000 290.495402 0.483678 0.875246 0.000000 -33.027416 0.000000 0.000000 1.000000 0.000000
0.876857 -0.480752 0.000000 290.717529 0.480752 0.876857 0.000000 -32.922786 0.000000 0.000000 1.000000 0.000000
0.877658 -0.479288 0.000000 290.930649 0.479288 0.877658 0.000000 -32.806794 0.000000 0.000000 1.000000 0.000000
0.876169 -0.482005 0.000000 291.219973 0.482005 0.876169 0.000000 -32.677002 0.000000 0.000000 1.000000 0.000000
0.874468 -0.485083 0.000000 291.542481 0.485083 0.874468 0.000000 -32.514083 0.000000 0.000000 1.000000 0.000000
0.874528 -0.484975 0.000000 291.815036 0.484975 0.874528 0.000000 -32.365019 0.000000 0.000000 1.000000 0.000000
0.875139 -0.483872 0.000000 292.025112 0.483872 0.875139 0.000000 -32.256708 0.000000 0.000000 1.000000 0.000000
0.874477 -0.485066 0.000000 292.229039 0.485066 0.874477 0.000000 -32.158272 0.000000 0.000000 1.000000 0.000000
0.873868 -0.486164 0.000000 292.429690 0.486164 0.873868 0.000000 -32.060571 0.000000 0.000000 1.000000 0.000000
0.873625 -0.486599 0.000000 292.627465 0.486599 0.873625 0.000000 -31.970051 0.000000 0.000000 1.000000 0.000000
0.874689 -0.484685 0.000000 292.816067 0.484685 0.874689 0.000000 -31.862281 0.000000 0.000000 1.000000 0.000000
0.875303 -0.483576 0.000000 292.999014 0.483576 0.875303 0.000000 -31.763640 0.000000 0.000000 1.000000 0.000000
0.873574 -0.486692 0.000000 293.182119 0.486692 0.873574 0.000000 -31.655726 0.000000 0.000000 1.000000 0.000000
0.874002 -0.485923 0.000000 293.364939 0.485923 0.874002 0.000000 -31.567766 0.000000 0.000000 1.000000 0.000000
0.875029 -0.484070 0.000000 293.543549 0.484070 0.875029 0.000000 -31.476879 0.000000 0.000000 1.000000 0.000000
0.875405 -0.483391 0.000000 293.729128 0.483391 0.875405 0.000000 -31.381817 0.000000 0.000000 1.000000 0.000000
0.874799 -0.484486 0.000000 293.898416 0.484486 0.874799 0.000000 -31.293980 0.000000 0.000000 1.000000 0.000000
0.874320 -0.485349 0.000000 294.085702 0.485349 0.874320 0.000000 -31.199011 0.000000 0.000000 1.000000 0.000000
0.874240 -0.485494 0.000000 294.239463 0.485494 0.874240 0.000000 -31.116347 0.000000 0.000000 1.000000 0.000000
0.874692 -0.484679 0.000000 294.403106 0.484679 0.874692 0.000000 -31.019230 0.000000 0.000000 1.000000 0.000000
0.875754 -0.482758 0.000000 294.565938 0.482758 0.875754 0.000000 -30.932496 0.000000 0.000000 1.000000 0.000000
0.874917 -0.484273 0.000000 294.719092 0.484273 0.874917 0.000000 -30.855456 0.000000 0.000000 1.000000 0.000000
0.875862 -0.482562 0.000000 294.863283 0.482562 0.875862 0.000000 -30.768331 0.000000 0.000000 1.000000 0.000000
0.877337 -0.479875 0.000000 295.014492 0.479875 0.877337 0.000000 -30.672545 0.000000 0.000000 1.000000 0.000000
0.877533 -0.479517 0.000000 295.157026 0.479517 0.877533 0.000000 -30.606156 0.000000 0.000000 1.000000 0.000000
0.876066 -0.482192 0.000000 295.383032 0.482192 0.876066 0.000000 -30.503064 0.000000 0.000000 1.000000 0.000000
0.877138 -0.480238 0.000000 295.513274 0.480238 0.877138 0.000000 -30.431091 0.000000 0.000000 1.000000 0.000000
0.878459 -0.477818 0.000000 295.646944 0.477818 0.878459 0.000000 -30.356339 0.000000 0.000000 1.000000 0.000000
0.877841 -0.478952 0.000000 295.770518 0.478952 0.877841 0.000000 -30.292203 0.000000 0.000000 1.000000 0.000000
0.879269 -0.476325 0.000000 295.994742 0.476325 0.879269 0.000000 -30.168031 0.000000 0.000000 1.000000 0.000000
0.877268 -0.480001 0.000000 296.114454 0.480001 0.877268 0.000000 -30.108662 0.000000 0.000000 1.000000 0.000000
0.879219 -0.476417 0.000000 296.208158 0.476417 0.879219 0.000000 -30.059456 0.000000 0.000000 1.000000 0.000000
0.878836 -0.477123 0.000000 296.308070 0.477123 0.878836 0.000000 -30.026941 0.000000 0.000000 1.000000 0.000000
0.880128 -0.474736 0.000000 296.382428 0.474736 0.880128 0.000000 -29.982306 0.000000 0.000000 1.000000 0.000000
0.878550 -0.477651 0.000000 296.493717 0.477651 0.878550 0.000000 -29.936096 0.000000 0.000000 1.000000 0.000000
0.878759 -0.477267 0.000000 296.545908 0.477267 0.878759 0.000000 -29.909769 0.000000 0.000000 1.000000 0.000000
0.880101 -0.474787 0.000000 296.595275 0.474787 0.880101 0.000000 -29.870969 0.000000 0.000000 1.000000 0.000000
0.880229 -0.474550 0.000000 296.637783 0.474550 0.880229 0.000000 -29.848396 0.000000 0.000000 1.000000 0.000000
0.880604 -0.473853 0.000000 296.667750 0.473853 0.880604 0.000000 -29.834993 0.000000 0.000000 1.000000 0.000000
0.880036 -0.474906 0.000000 296.691078 0.474906 0.880036 0.000000 -29.827370 0.000000 0.000000 1.000000 0.000000
0.880385 -0.474260 0.000000 296.704256 0.474260 0.880385 0.000000 -29.816998 0.000000 0.000000 1.000000 0.000000
0.880333 -0.474357 0.000000 296.713058 0.474357 0.880333 0.000000 -29.808203 0.000000 0.000000 1.000000 0.000000
0.880051 -0.474880 0.000000 296.723889 0.474880 0.880051 0.000000 -29.806510 0.000000 0.000000 1.000000 0.000000
0.879772 -0.475396 0.000000 296.725518 0.475396 0.879772 0.000000 -29.810325 0.000000 0.000000 1.000000 0.000000
0.879893 -0.475172 0.000000 296.723903 0.475172 0.879893 0.000000 -29.812402 0.000000 0.000000 1.000000 0.000000
0.879658 -0.475606 0.000000 296.724485 0.475606 0.879658 0.000000 -29.810497 0.000000 0.000000 1.000000 0.000000
0.879561 -0.475787 0.000000 296.722780 0.475787 0.879561 0.000000 -29.811761 0.000000 0.000000 1.000000 0.000000
0.879548 -0.475811 0.000000 296.722316 0.475811 0.879548 0.000000 -29.809039 0.000000 0.000000 1.000000 0.000000
0.879543 -0.475819 0.000000 296.723940 0.475819 0.879543 0.000000 -29.811639 0.000000 0.000000 1.000000 0.000000
0.879547 -0.475813 0.000000 296.724688 0.475813 0.879547 0.000000 -29.810111 0.000000 0.000000 1.000000 0.000000
0.879635 -0.475649 0.000000 296.723093 0.475649 0.879635 0.000000 -29.807184 0.000000 0.000000 1.000000 0.000000
0.879592 -0.475730 0.000000 296.721478 0.475730 0.879592 0.000000 -29.804860 0.000000 0.000000 1.000000 0.000000
0.879573 -0.475763 0.000000 296.718740 0.475763 0.879573 0.000000 -29.803592 0.000000 0.000000 1.000000 0.000000
0.879567 -0.475775 0.000000 296.717299 0.475775 0.879567 0.000000 -29.801692 0.000000 0.000000 1.000000 0.000000
0.879541 -0.475822 0.000000 296.717214 0.475822 0.879541 0.000000 -29.798840 0.000000 0.000000 1.000000 0.000000
0.879543 -0.475819 0.000000 296.719971 0.475819 0.879543 0.000000 -29.801491 0.000000 0.000000 1.000000 0.000000
0.879546 -0.475813 0.000000 296.721392 0.475813 0.879546 0.000000 -29.801840 0.000000 0.000000 1.000000 0.000000
0.879480 -0.475935 0.000000 296.722135 0.475935 0.879480 0.000000 -29.801852 0.000000 0.000000 1.000000 0.000000
0.879509 -0.475882 0.000000 296.721712 0.475882 0.879509 0.000000 -29.800549 0.000000 0.000000 1.000000 0.000000
0.879490 -0.475917 0.000000 296.720972 0.475917 0.879490 0.000000 -29.800166 0.000000 0.000000 1.000000 0.000000
0.879447 -0.475998 0.000000 296.720857 0.475998 0.879447 0.000000 -29.800887 0.000000 0.000000 1.000000 0.000000
0.879520 -0.475862 0.000000 296.720176 0.475862 0.879520 0.000000 -29.800984 0.000000 0.000000 1.000000 0.000000
0.879508 -0.475884 0.000000 296.721364 0.475884 0.879508 0.000000 -29.801935 0.000000 0.000000 1.000000 0.000000
0.879558 -0.475792 0.000000 296.720654 0.475792 0.879558 0.000000 -29.800616 0.000000 0.000000 1.000000 0.000000
0.879534 -0.475836 0.000000 296.721833 0.475836 0.879534 0.000000 -29.803334 0.000000 0.000000 1.000000 0.000000
0.879482 -0.475932 0.000000 296.723894 0.475932 0.879482 0.000000 -29.804942 0.000000 0.000000 1.000000 0.000000
0.879490 -0.475917 0.000000 296.723959 0.475917 0.879490 0.000000 -29.805935 0.000000 0.000000 1.000000 0.000000
0.879534 -0.475836 0.000000 296.725214 0.475836 0.879534 0.000000 -29.803893 0.000000 0.000000 1.000000 0.000000
0.879461 -0.475971 0.000000 296.725702 0.475971 0.879461 0.000000 -29.801324 0.000000 0.000000 1.000000 0.000000
0.879443 -0.476004 0.000000 296.725426 0.476004 0.879443 0.000000 -29.800081 0.000000 0.000000 1.000000 0.000000
0.879523 -0.475857 0.000000 296.727081 0.475857 0.879523 0.000000 -29.797711 0.000000 0.000000 1.000000 0.000000
0.879544 -0.475818 0.000000 296.726894 0.475818 0.879544 0.000000 -29.797185 0.000000 0.000000 1.000000 0.000000
0.879570 -0.475770 0.000000 296.725971 0.475770 0.879570 0.000000 -29.797862 0.000000 0.000000 1.000000 0.000000
0.879544 -0.475817 0.000000 296.726525 0.475817 0.879544 0.000000 -29.801012 0.000000 0.000000 1.000000 0.000000
0.879533 -0.475838 0.000000 296.728347 0.475838 0.879533 0.000000 -29.800281 0.000000 0.000000 1.000000 0.000000
0.879557 -0.475793 0.000000 296.729813 0.475793 0.879557 0.000000 -29.800184 0.000000 0.000000 1.000000 0.000000
0.879552 -0.475802 0.000000 296.729422 0.475802 0.879552 0.000000 -29.798108 0.000000 0.000000 1.000000 0.000000
0.879534 -0.475837 0.000000 296.728942 0.475837 0.879534 0.000000 -29.797421 0.000000 0.000000 1.000000 0.000000
0.879535 -0.475834 0.000000 296.726989 0.475834 0.879535 0.000000 -29.795371 0.000000 0.000000 1.000000 0.000000
0.879538 -0.475828 0.000000 296.727913 0.475828 0.879538 0.000000 -29.796359 0.000000 0.000000 1.000000 0.000000
0.879541 -0.475823 0.000000 296.730395 0.475823 0.879541 0.000000 -29.798751 0.000000 0.000000 1.000000 0.000000
0.879516 -0.475870 0.000000 296.730834 0.475870 0.879516 0.000000 -29.798799 0.000000 0.000000 1.000000 0.000000
0.879548 -0.475809 0.000000 296.730905 0.475809 0.879548 0.000000 -29.797846 0.000000 0.000000 1.000000 0.000000
0.879610 -0.475695 0.000000 296.730386 0.475695 0.879610 0.000000 -29.795621 0.000000 0.000000 1.000000 0.000000
0.879620 -0.475677 0.000000 296.727937 0.475677 0.879620 0.000000 -29.793151 0.000000 0.000000 1.000000 0.000000
0.879720 -0.475493 0.000000 296.726410 0.475493 0.879720 0.000000 -29.790985 0.000000 0.000000 1.000000 0.000000
0.879795 -0.475354 0.000000 296.727223 0.475354 0.879795 0.000000 -29.789896 0.000000 0.000000 1.000000 0.000000
0.879796 -0.475351 0.000000 296.729779 0.475351 0.879796 0.000000 -29.791955 0.000000 0.000000 1.000000 0.000000
0.879837 -0.475276 0.000000 296.728655 0.475276 0.879837 0.000000 -29.792070 0.000000 0.000000 1.000000 0.000000
0.879964 -0.475040 0.000000 296.725246 0.475040 0.879964 0.000000 -29.792165 0.000000 0.000000 1.000000 0.000000
0.879852 -0.475248 0.000000 296.723997 0.475248 0.879852 0.000000 -29.788577 0.000000 0.000000 1.000000 0.000000
0.879739 -0.475457 0.000000 296.723891 0.475457 0.879739 0.000000 -29.790683 0.000000 0.000000 1.000000 0.000000
0.879627 -0.475664 0.000000 296.724093 0.475664 0.879627 0.000000 -29.791976 0.000000 0.000000 1.000000 0.000000
0.879579 -0.475753 0.000000 296.724409 0.475753 0.879579 0.000000 -29.794729 0.000000 0.000000 1.000000 0.000000
0.879499 -0.475901 0.000000 296.724161 0.475901 0.879499 0.000000 -29.795865 0.000000 0.000000 1.000000 0.000000
0.879318 -0.476235 0.000000 296.726440 0.476235 0.879318 0.000000 -29.799297 0.000000 0.000000 1.000000 0.000000
0.879297 -0.476274 0.000000 296.727517 0.476274 0.879297 0.000000 -29.801858 0.000000 0.000000 1.000000 0.000000
0.879150 -0.476545 0.000000 296.727869 0.476545 0.879150 0.000000 -29.804266 0.000000 0.000000 1.000000 0.000000
0.879135 -0.476573 0.000000 296.726747 0.476573 0.879135 0.000000 -29.806880 0.000000 0.000000 1.000000 0.000000
0.879115 -0.476609 0.000000 296.727567 0.476609 0.879115 0.000000 -29.808403 0.000000 0.000000 1.000000 0.000000
0.879003 -0.476816 0.000000 296.729825 0.476816 0.879003 0.000000 -29.808496 0.000000 0.000000 1.000000 0.000000
0.878679 -0.477412 0.000000 296.735162 0.477412 0.878679 0.000000 -29.814571 0.000000 0.000000 1.000000 0.000000
0.878834 -0.477128 0.000000 296.736776 0.477128 0.878834 0.000000 -29.814208 0.000000 0.000000 1.000000 0.000000
0.878889 -0.477027 0.000000 296.737352 0.477027 0.878889 0.000000 -29.814735 0.000000 0.000000 1.000000 0.000000
0.878859 -0.477082 0.000000 296.737280 0.477082 0.878859 0.000000 -29.814533 0.000000 0.000000 1.000000 0.000000
0.878871 -0.477060 0.000000 296.737851 0.477060 0.878871 0.000000 -29.814319 0.000000 0.000000 1.000000 0.000000
0.878812 -0.477168 0.000000 296.738059 0.477168 0.878812 0.000000 -29.815562 0.000000 0.000000 1.000000 0.000000
0.878828 -0.477139 0.000000 296.737974 0.477139 0.878828 0.000000 -29.815630 0.000000 0.000000 1.000000 0.000000
0.878891 -0.477024 0.000000 296.737179 0.477024 0.878891 0.000000 -29.814090 0.000000 0.000000 1.000000 0.000000
0.878910 -0.476987 0.000000 296.737358 0.476987 0.878910 0.000000 -29.812008 0.000000 0.000000 1.000000 0.000000
0.878913 -0.476982 0.000000 296.736802 0.476982 0.878913 0.000000 -29.809550 0.000000 0.000000 1.000000 0.000000
0.878912 -0.476984 0.000000 296.737015 0.476984 0.878912 0.000000 -29.810126 0.000000 0.000000 1.000000 0.000000
0.878936 -0.476939 0.000000 296.736460 0.476939 0.878936 0.000000 -29.810437 0.000000 0.000000 1.000000 0.000000
0.878910 -0.476987 0.000000 296.736143 0.476987 0.878910 0.000000 -29.811383 0.000000 0.000000 1.000000 0.000000
0.878898 -0.477009 0.000000 296.735293 0.477009 0.878898 0.000000 -29.811179 0.000000 0.000000 1.000000 0.000000
0.878937 -0.476938 0.000000 296.735743 0.476938 0.878937 0.000000 -29.810025 0.000000 0.000000 1.000000 0.000000
0.878909 -0.476989 0.000000 296.734351 0.476989 0.878909 0.000000 -29.809156 0.000000 0.000000 1.000000 0.000000
0.878915 -0.476978 0.000000 296.732222 0.476978 0.878915 0.000000 -29.809438 0.000000 0.000000 1.000000 0.000000
0.878991 -0.476838 0.000000 296.732043 0.476838 0.878991 0.000000 -29.808626 0.000000 0.000000 1.000000 0.000000
0.878982 -0.476856 0.000000 296.732394 0.476856 0.878982 0.000000 -29.807953 0.000000 0.000000 1.000000 0.000000
0.878998 -0.476825 0.000000 296.733579 0.476825 0.878998 0.000000 -29.809608 0.000000 0.000000 1.000000 0.000000
0.878998 -0.476825 0.000000 296.733635 0.476825 0.878998 0.000000 -29.809847 0.000000 0.000000 1.000000 0.000000
0.878980 -0.476859 0.000000 296.732734 0.476859 0.878980 0.000000 -29.809999 0.000000 0.000000 1.000000 0.000000
0.878929 -0.476952 0.000000 296.731958 0.476952 0.878929 0.000000 -29.810082 0.000000 0.000000 1.000000 0.000000
0.878902 -0.477002 0.000000 296.732290 0.477002 0.878902 0.000000 -29.810756 0.000000 0.000000 1.000000 0.000000
0.878918 -0.476973 0.000000 296.730912 0.476973 0.878918 0.000000 -29.810519 0.000000 0.000000 1.000000 0.000000
0.878888 -0.477029 0.000000 296.730806 0.477029 0.878888 0.000000 -29.809890 0.000000 0.000000 1.000000 0.000000
0.878917 -0.476975 0.000000 296.730943 0.476975 0.878917 0.000000 -29.808887 0.000000 0.000000 1.000000 0.000000
0.878914 -0.476981 0.000000 296.730274 0.476981 0.878914 0.000000 -29.809288 0.000000 0.000000 1.000000 0.000000
0.878871 -0.477060 0.000000 296.729831 0.477060 0.878871 0.000000 -29.809388 0.000000 0.000000 1.000000 0.000000
0.878881 -0.477042 0.000000 296.729384 0.477042 0.878881 0.000000 -29.810357 0.000000 0.000000 1.000000 0.000000
0.878896 -0.477013 0.000000 296.730110 0.477013 0.878896 0.000000 -29.812485 0.000000 0.000000 1.000000 0.000000
0.878912 -0.476984 0.000000 296.730668 0.476984 0.878912 0.000000 -29.812805 0.000000 0.000000 1.000000 0.000000
0.878888 -0.477029 0.000000 296.729708 0.477029 0.878888 0.000000 -29.811173 0.000000 0.000000 1.000000 0.000000
0.878917 -0.476974 0.000000 296.729788 0.476974 0.878917 0.000000 -29.809485 0.000000 0.000000 1.000000 0.000000
0.879017 -0.476790 0.000000 296.730113 0.476790 0.879017 0.000000 -29.808562 0.000000 0.000000 1.000000 0.000000
0.879023 -0.476779 0.000000 296.729651 0.476779 0.879023 0.000000 -29.808607 0.000000 0.000000 1.000000 0.000000
0.879013 -0.476797 0.000000 296.729661 0.476797 0.879013 0.000000 -29.808063 0.000000 0.000000 1.000000 0.000000
0.878978 -0.476863 0.000000 296.729405 0.476863 0.878978 0.000000 -29.808518 0.000000 0.000000 1.000000 0.000000
0.879044 -0.476740 0.000000 296.730518 0.476740 0.879044 0.000000 -29.808049 0.000000 0.000000 1.000000 0.000000
0.879072 -0.476688 0.000000 296.730642 0.476688 0.879072 0.000000 -29.807723 0.000000 0.000000 1.000000 0.000000
0.879031 -0.476765 0.000000 296.731228 0.476765 0.879031 0.000000 -29.807140 0.000000 0.000000 1.000000 0.000000
0.879043 -0.476742 0.000000 296.731834 0.476742 0.879043 0.000000 -29.804024 0.000000 0.000000 1.000000 0.000000
0.879029 -0.476769 0.000000 296.731972 0.476769 0.879029 0.000000 -29.803230 0.000000 0.000000 1.000000 0.000000
0.879060 -0.476711 0.000000 296.732565 0.476711 0.879060 0.000000 -29.802155 0.000000 0.000000 1.000000 0.000000
0.879076 -0.476682 0.000000 296.732942 0.476682 0.879076 0.000000 -29.802825 0.000000 0.000000 1.000000 0.000000
0.879061 -0.476709 0.000000 296.731814 0.476709 0.879061 0.000000 -29.802574 0.000000 0.000000 1.000000 0.000000
0.879050 -0.476730 0.000000 296.730461 0.476730 0.879050 0.000000 -29.803702 0.000000 0.000000 1.000000 0.000000
0.879062 -0.476707 0.000000 296.729980 0.476707 0.879062 0.000000 -29.805322 0.000000 0.000000 1.000000 0.000000
0.878986 -0.476848 0.000000 296.728937 0.476848 0.878986 0.000000 -29.805062 0.000000 0.000000 1.000000 0.000000
0.878991 -0.476838 0.000000 296.729251 0.476838 0.878991 0.000000 -29.805675 0.000000 0.000000 1.000000 0.000000
0.879053 -0.476724 0.000000 296.727551 0.476724 0.879053 0.000000 -29.805639 0.000000 0.000000 1.000000 0.000000
0.879020 -0.476785 0.000000 296.726693 0.476785 0.879020 0.000000 -29.805765 0.000000 0.000000 1.000000 0.000000
0.878975 -0.476868 0.000000 296.728031 0.476868 0.878975 0.000000 -29.805129 0.000000 0.000000 1.000000 0.000000
0.879121 -0.476598 0.000000 296.727703 0.476598 0.879121 0.000000 -29.803969 0.000000 0.000000 1.000000 0.000000
0.879034 -0.476759 0.000000 296.728631 0.476759 0.879034 0.000000 -29.803096 0.000000 0.000000 1.000000 0.000000
0.879024 -0.476778 0.000000 296.728884 0.476778 0.879024 0.000000 -29.802768 0.000000 0.000000 1.000000 0.000000
0.879020 -0.476784 0.000000 296.727853 0.476784 0.879020 0.000000 -29.803312 0.000000 0.000000 1.000000 0.000000
0.879019 -0.476786 0.000000 296.728436 0.476786 0.879019 0.000000 -29.803528 0.000000 0.000000 1.000000 0.000000
0.879043 -0.476742 0.000000 296.728364 0.476742 0.879043 0.000000 -29.803839 0.000000 0.000000 1.000000 0.000000
0.879063 -0.476706 0.000000 296.729516 0.476706 0.879063 0.000000 -29.804282 0.000000 0.000000 1.000000 0.000000
0.879045 -0.476738 0.000000 296.727973 0.476738 0.879045 0.000000 -29.805146 0.000000 0.000000 1.000000 0.000000
0.879046 -0.476737 0.000000 296.728174 0.476737 0.879046 0.000000 -29.806248 0.000000 0.000000 1.000000 0.000000
0.879026 -0.476773 0.000000 296.727120 0.476773 0.879026 0.000000 -29.807622 0.000000 0.000000 1.000000 0.000000
0.879031 -0.476765 0.000000 296.726651 0.476765 0.879031 0.000000 -29.808683 0.000000 0.000000 1.000000 0.000000
0.879023 -0.476779 0.000000 296.727224 0.476779 0.879023 0.000000 -29.809238 0.000000 0.000000 1.000000 0.000000
0.879027 -0.476771 0.000000 296.727932 0.476771 0.879027 0.000000 -29.808763 0.000000 0.000000 1.000000 0.000000
0.879028 -0.476771 0.000000 296.728180 0.476771 0.879028 0.000000 -29.807623 0.000000 0.000000 1.000000 0.000000
0.879044 -0.476740 0.000000 296.728670 0.476740 0.879044 0.000000 -29.807424 0.000000 0.000000 1.000000 0.000000
0.879052 -0.476726 0.000000 296.730091 0.476726 0.879052 0.000000 -29.807154 0.000000 0.000000 1.000000 0.000000
0.879077 -0.476680 0.000000 296.729871 0.476680 0.879077 0.000000 -29.808204 0.000000 0.000000 1.000000 0.000000
0.879061 -0.476709 0.000000 296.730256 0.476709 0.879061 0.000000 -29.808613 0.000000 0.000000 1.000000 0.000000
0.879050 -0.476729 0.000000 296.730644 0.476729 0.879050 0.000000 -29.809599 0.000000 0.000000 1.000000 0.000000
0.879063 -0.476705 0.000000 296.731036 0.476705 0.879063 0.000000 -29.809030 0.000000 0.000000 1.000000 0.000000
0.879078 -0.476679 0.000000 296.730304 0.476679 0.879078 0.000000 -29.809406 0.000000 0.000000 1.000000 0.000000
0.879058 -0.476714 0.000000 296.730041 0.476714 0.879058 0.000000 -29.809250 0.000000 0.000000 1.000000 0.000000
0.879063 -0.476705 0.000000 296.730165 0.476705 0.879063 0.000000 -29.809246 0.000000 0.000000 1.000000 0.000000
0.879106 -0.476626 0.000000 296.730674 0.476626 0.879106 0.000000 -29.808347 0.000000 0.000000 1.000000 0.000000
0.879078 -0.476678 0.000000 296.731232 0.476678 0.879078 0.000000 -29.808161 0.000000 0.000000 1.000000 0.000000
0.879100 -0.476638 0.000000 296.730858 0.476638 0.879100 0.000000 -29.807011 0.000000 0.000000 1.000000 0.000000
0.879112 -0.476616 0.000000 296.730890 0.476616 0.879112 0.000000 -29.806787 0.000000 0.000000 1.000000 0.000000
0.879061 -0.476709 0.000000 296.730739 0.476709 0.879061 0.000000 -29.806586 0.000000 0.000000 1.000000 0.000000
0.879088 -0.476659 0.000000 296.730728 0.476659 0.879088 0.000000 -29.807017 0.000000 0.000000 1.000000 0.000000
0.879074 -0.476685 0.000000 296.731726 0.476685 0.879074 0.000000 -29.808519 0.000000 0.000000 1.000000 0.000000
0.879137 -0.476569 0.000000 296.731055 0.476569 0.879137 0.000000 -29.808267 0.000000 0.000000 1.000000 0.000000
0.879105 -0.476628 0.000000 296.731624 0.476628 0.879105 0.000000 -29.809353 0.000000 0.000000 1.000000 0.000000
0.879096 -0.476646 0.000000 296.732416 0.476646 0.879096 0.000000 -29.808623 0.000000 0.000000 1.000000 0.000000
0.879089 -0.476657 0.000000 296.732504 0.476657 0.879089 0.000000 -29.808684 0.000000 0.000000 1.000000 0.000000
0.879094 -0.476649 0.000000 296.732255 0.476649 0.879094 0.000000 -29.807932 0.000000 0.000000 1.000000 0.000000
0.879175 -0.476498 0.000000 296.731470 0.476498 0.879175 0.000000 -29.808210 0.000000 0.000000 1.000000 0.000000
0.879150 -0.476544 0.000000 296.732863 0.476544 0.879150 0.000000 -29.808519 0.000000 0.000000 1.000000 0.000000
0.879157 -0.476531 0.000000 296.735417 0.476531 0.879157 0.000000 -29.807586 0.000000 0.000000 1.000000 0.000000
0.879225 -0.476407 0.000000 296.736413 0.476407 0.879225 0.000000 -29.805703 0.000000 0.000000 1.000000 0.000000
0.879208 -0.476437 0.000000 296.736528 0.476437 0.879208 0.000000 -29.804333 0.000000 0.000000 1.000000 0.000000
0.879241 -0.476377 0.000000 296.736392 0.476377 0.879241 0.000000 -29.803339 0.000000 0.000000 1.000000 0.000000
0.879197 -0.476459 0.000000 296.736058 0.476459 0.879197 0.000000 -29.802499 0.000000 0.000000 1.000000 0.000000
0.879090 -0.476656 0.000000 296.735990 0.476656 0.879090 0.000000 -29.801833 0.000000 0.000000 1.000000 0.000000
0.879081 -0.476673 0.000000 296.737530 0.476673 0.879081 0.000000 -29.803137 0.000000 0.000000 1.000000 0.000000
0.879069 -0.476694 0.000000 296.739444 0.476694 0.879069 0.000000 -29.804853 0.000000 0.000000 1.000000 0.000000
0.879026 -0.476775 0.000000 296.740792 0.476775 0.879026 0.000000 -29.805184 0.000000 0.000000 1.000000 0.000000
0.879076 -0.476681 0.000000 296.740324 0.476681 0.879076 0.000000 -29.804984 0.000000 0.000000 1.000000 0.000000
0.879065 -0.476702 0.000000 296.740097 0.476702 0.879065 0.000000 -29.803982 0.000000 0.000000 1.000000 0.000000
0.879061 -0.476710 0.000000 296.739963 0.476710 0.879061 0.000000 -29.803528 0.000000 0.000000 1.000000 0.000000
0.879071 -0.476690 0.000000 296.740040 0.476690 0.879071 0.000000 -29.801533 0.000000 0.000000 1.000000 0.000000
0.879067 -0.476699 0.000000 296.740602 0.476699 0.879067 0.000000 -29.800464 0.000000 0.000000 1.000000 0.000000
0.879076 -0.476682 0.000000 296.741626 0.476682 0.879076 0.000000 -29.798971 0.000000 0.000000 1.000000 0.000000
0.879056 -0.476719 0.000000 296.742568 0.476719 0.879056 0.000000 -29.797028 0.000000 0.000000 1.000000 0.000000
0.878983 -0.476853 0.000000 296.741509 0.476853 0.878983 0.000000 -29.797767 0.000000 0.000000 1.000000 0.000000
0.879080 -0.476675 0.000000 296.740164 0.476675 0.879080 0.000000 -29.795651 0.000000 0.000000 1.000000 0.000000
0.879120 -0.476601 0.000000 296.739094 0.476601 0.879120 0.000000 -29.796226 0.000000 0.000000 1.000000 0.000000
0.879104 -0.476630 0.000000 296.739348 0.476630 0.879104 0.000000 -29.795610 0.000000 0.000000 1.000000 0.000000
0.879068 -0.476696 0.000000 296.738295 0.476696 0.879068 0.000000 -29.795006 0.000000 0.000000 1.000000 0.000000
0.879143 -0.476558 0.000000 296.737756 0.476558 0.879143 0.000000 -29.794805 0.000000 0.000000 1.000000 0.000000
0.879119 -0.476603 0.000000 296.739017 0.476603 0.879119 0.000000 -29.795163 0.000000 0.000000 1.000000 0.000000
0.879127 -0.476587 0.000000 296.738523 0.476587 0.879127 0.000000 -29.794634 0.000000 0.000000 1.000000 0.000000
0.879126 -0.476590 0.000000 296.738657 0.476590 0.879126 0.000000 -29.793168 0.000000 0.000000 1.000000 0.000000
0.879089 -0.476658 0.000000 296.739253 0.476658 0.879089 0.000000 -29.792534 0.000000 0.000000 1.000000 0.000000
0.879186 -0.476478 0.000000 296.738511 0.476478 0.879186 0.000000 -29.792560 0.000000 0.000000 1.000000 0.000000
0.879163 -0.476520 0.000000 296.738075 0.476520 0.879163 0.000000 -29.792951 0.000000 0.000000 1.000000 0.000000
0.879181 -0.476487 0.000000 296.737269 0.476487 0.879181 0.000000 -29.791464 0.000000 0.000000 1.000000 0.000000
0.879167 -0.476513 0.000000 296.737357 0.476513 0.879167 0.000000 -29.793514 0.000000 0.000000 1.000000 0.000000
0.879177 -0.476495 0.000000 296.737881 0.476495 0.879177 0.000000 -29.796349 0.000000 0.000000 1.000000 0.000000
0.879155 -0.476537 0.000000 296.738550 0.476537 0.879155 0.000000 -29.797425 0.000000 0.000000 1.000000 0.000000
0.879110 -0.476618 0.000000 296.737410 0.476618 0.879110 0.000000 -29.797736 0.000000 0.000000 1.000000 0.000000
0.879094 -0.476648 0.000000 296.736745 0.476648 0.879094 0.000000 -29.794539 0.000000 0.000000 1.000000 0.000000
0.879116 -0.476608 0.000000 296.737703 0.476608 0.879116 0.000000 -29.793822 0.000000 0.000000 1.000000 0.000000
0.879100 -0.476638 0.000000 296.737140 0.476638 0.879100 0.000000 -29.793167 0.000000 0.000000 1.000000 0.000000
0.879090 -0.476655 0.000000 296.737302 0.476655 0.879090 0.000000 -29.795539 0.000000 0.000000 1.000000 0.000000
0.879098 -0.476640 0.000000 296.738044 0.476640 0.879098 0.000000 -29.795330 0.000000 0.000000 1.000000 0.000000
0.879079 -0.476676 0.000000 296.737506 0.476676 0.879079 0.000000 -29.795616 0.000000 0.000000 1.000000 0.000000
0.879084 -0.476667 0.000000 296.738424 0.476667 0.879084 0.000000 -29.794778 0.000000 0.000000 1.000000 0.000000
0.879091 -0.476654 0.000000 296.739830 0.476654 0.879091 0.000000 -29.794275 0.000000 0.000000 1.000000 0.000000
0.879048 -0.476734 0.000000 296.739107 0.476734 0.879048 0.000000 -29.793116 0.000000 0.000000 1.000000 0.000000
0.879004 -0.476813 0.000000 296.737648 0.476813 0.879004 0.000000 -29.792418 0.000000 0.000000 1.000000 0.000000
0.878982 -0.476855 0.000000 296.737024 0.476855 0.878982 0.000000 -29.793157 0.000000 0.000000 1.000000 0.000000
0.879041 -0.476745 0.000000 296.735493 0.476745 0.879041 0.000000 -29.795007 0.000000 0.000000 1.000000 0.000000
0.879046 -0.476736 0.000000 296.735057 0.476736 0.879046 0.000000 -29.794320 0.000000 0.000000 1.000000 0.000000
0.879063 -0.476706 0.000000 296.734651 0.476706 0.879063 0.000000 -29.794360 0.000000 0.000000 1.000000 0.000000
0.879082 -0.476670 0.000000 296.735015 0.476670 0.879082 0.000000 -29.792449 0.000000 0.000000 1.000000 0.000000
