1.000000 -0.000745 0.000000 0.630400 0.000745 1.000000 0.000000 -0.015948 0.000000 0.000000 1.000000 0.000000
0.999991 -0.004162 0.000000 1.258889 0.004162 0.999991 0.000000 -0.031068 0.000000 0.000000 1.000000 0.000000
0.999997 0.002298 0.000000 2.517922 -0.002298 0.999997 0.000000 -0.053633 0.000000 0.000000 1.000000 0.000000
1.000000 0.000807 0.000000 3.144878 -0.000807 1.000000 0.000000 -0.068149 0.000000 0.000000 1.000000 0.000000
0.999989 -0.004787 0.000000 3.769280 0.004787 0.999989 0.000000 -0.083157 0.000000 0.000000 1.000000 0.000000
0.999991 -0.004138 0.000000 4.399036 0.004138 0.999991 0.000000 -0.089180 0.000000 0.000000 1.000000 0.000000
0.999982 -0.006077 0.000000 5.071056 0.006077 0.999982 0.000000 -0.102923 0.000000 0.000000 1.000000 0.000000
0.999985 -0.005528 0.000000 5.692711 0.005528 0.999985 0.000000 -0.124060 0.000000 0.000000 1.000000 0.000000
0.999984 -0.005628 0.000000 6.317563 0.005628 0.999984 0.000000 -0.134494 0.000000 0.000000 1.000000 0.000000
0.999987 -0.005151 0.000000 6.932918 0.005151 0.999987 0.000000 -0.136172 0.000000 0.000000 1.000000 0.000000
0.999974 -0.007221 0.000000 7.560999 0.007221 0.999974 0.000000 -0.150506 0.000000 0.000000 1.000000 0.000000
0.999958 -0.009165 0.000000 8.182216 0.009165 0.999958 0.000000 -0.154827 0.000000 0.000000 1.000000 0.000000
0.999968 -0.007953 0.000000 8.809711 0.007953 0.999968 0.000000 -0.166927 0.000000 0.000000 1.000000 0.000000
0.999959 -0.009095 0.000000 9.424193 0.009095 0.999959 0.000000 -0.187294 0.000000 0.000000 1.000000 0.000000
0.999967 -0.008086 0.000000 10.073800 0.008086 0.999967 0.000000 -0.191789 0.000000 0.000000 1.000000 0.000000
0.999959 -0.009030 0.000000 10.652410 0.009030 0.999959 0.000000 -0.200507 0.000000 0.000000 1.000000 0.000000
0.999959 -0.009029 0.000000 11.279948 0.009029 0.999959 0.000000 -0.208086 0.000000 0.000000 1.000000 0.000000
0.999966 -0.008283 0.000000 11.902302 0.008283 0.999966 0.000000 -0.221510 0.000000 0.000000 1.000000 0.000000
0.999918 -0.012845 0.000000 12.552196 0.012845 0.999918 0.000000 -0.237021 0.000000 0.000000 1.000000 0.000000
0.999902 -0.013983 0.000000 13.171177 0.013983 0.999902 0.000000 -0.241263 0.000000 0.000000 1.000000 0.000000
0.999777 -0.021117 0.000000 13.800722 0.021117 0.999777 0.000000 -0.250597 0.000000 0.000000 1.000000 0.000000
0.999772 -0.021356 0.000000 14.420241 0.021356 0.999772 0.000000 -0.248312 0.000000 0.000000 1.000000 0.000000
0.999833 -0.018283 0.000000 15.049033 0.018283 0.999833 0.000000 -0.251946 0.000000 0.000000 1.000000 0.000000
0.999786 -0.020682 0.000000 15.666183 0.020682 0.999786 0.000000 -0.251732 0.000000 0.000000 1.000000 0.000000
0.999798 -0.020123 0.000000 16.269261 0.020123 0.999798 0.000000 -0.254525 0.000000 0.000000 1.000000 0.000000
0.999781 -0.020926 0.000000 16.892662 0.020926 0.999781 0.000000 -0.260840 0.000000 0.000000 1.000000 0.000000
0.999791 -0.020441 0.000000 17.515387 0.020441 0.999791 0.000000 -0.259489 0.000000 0.000000 1.000000 0.000000
0.999817 -0.019125 0.000000 18.100979 0.019125 0.999817 0.000000 -0.256929 0.000000 0.000000 1.000000 0.000000
0.999772 -0.021356 0.000000 18.731894 0.021356 0.999772 0.000000 -0.258990 0.000000 0.000000 1.000000 0.000000
0.999728 -0.023337 0.000000 19.342224 0.023337 0.999728 0.000000 -0.256814 0.000000 0.000000 1.000000 0.000000
0.999685 -0.025110 0.000000 19.935808 0.025110 0.999685 0.000000 -0.255428 0.000000 0.000000 1.000000 0.000000
0.999673 -0.025586 0.000000 20.569500 0.025586 0.999673 0.000000 -0.257642 0.000000 0.000000 1.000000 0.000000
0.999682 -0.025205 0.000000 21.205585 0.025205 0.999682 0.000000 -0.258859 0.000000 0.000000 1.000000 0.000000
0.999693 -0.024775 0.000000 21.833348 0.024775 0.999693 0.000000 -0.256181 0.000000 0.000000 1.000000 0.000000
0.999742 -0.022697 0.000000 22.424386 0.022697 0.999742 0.000000 -0.255332 0.000000 0.000000 1.000000 0.000000
0.999839 -0.017925 0.000000 23.055079 0.017925 0.999839 0.000000 -0.258538 0.000000 0.000000 1.000000 0.000000
0.999879 -0.015555 0.000000 23.643864 0.015555 0.999879 0.000000 -0.263227 0.000000 0.000000 1.000000 0.000000
0.999905 -0.013816 0.000000 24.270695 0.013816 0.999905 0.000000 -0.271702 0.000000 0.000000 1.000000 0.000000
0.999893 -0.014596 0.000000 24.905288 0.014596 0.999893 0.000000 -0.280924 0.000000 0.000000 1.000000 0.000000
0.999887 -0.015057 0.000000 25.727990 0.015057 0.999887 0.000000 -0.291629 0.000000 0.000000 1.000000 0.000000
0.999918 -0.012807 0.000000 26.366844 0.012807 0.999918 0.000000 -0.290454 0.000000 0.000000 1.000000 0.000000
0.999934 -0.011525 0.000000 26.999956 0.011525 0.999934 0.000000 -0.289998 0.000000 0.000000 1.000000 0.000000
0.999947 -0.010318 0.000000 27.635876 0.010318 0.999947 0.000000 -0.295125 0.000000 0.000000 1.000000 0.000000
0.999965 -0.008321 0.000000 28.267217 0.008321 0.999965 0.000000 -0.297460 0.000000 0.000000 1.000000 0.000000
0.999952 -0.009773 0.000000 28.912482 0.009773 0.999952 0.000000 -0.306784 0.000000 0.000000 1.000000 0.000000
0.999982 -0.006081 0.000000 29.545363 0.006081 0.999982 0.000000 -0.307773 0.000000 0.000000 1.000000 0.000000
0.999991 -0.004202 0.000000 30.191854 0.004202 0.999991 0.000000 -0.316965 0.000000 0.000000 1.000000 0.000000
1.000000 -0.000407 0.000000 30.824413 0.000407 1.000000 0.000000 -0.325509 0.000000 0.000000 1.000000 0.000000
0.999999 -0.001309 0.000000 31.467630 0.001309 0.999999 0.000000 -0.349669 0.000000 0.000000 1.000000 0.000000
0.999995 0.003089 0.000000 32.108887 -0.003089 0.999995 0.000000 -0.360335 0.000000 0.000000 1.000000 0.000000
0.999998 0.002046 0.000000 32.752374 -0.002046 0.999998 0.000000 -0.385302 0.000000 0.000000 1.000000 0.000000
0.999993 0.003683 0.000000 33.389507 -0.003683 0.999993 0.000000 -0.403826 0.000000 0.000000 1.000000 0.000000
0.999988 0.004844 0.000000 34.010695 -0.004844 0.999988 0.000000 -0.419801 0.000000 0.000000 1.000000 0.000000
0.999992 0.003985 0.000000 34.600792 -0.003985 0.999992 0.000000 -0.445329 0.000000 0.000000 1.000000 0.000000
0.999983 0.005749 0.000000 35.236852 -0.005749 0.999983 0.000000 -0.476131 0.000000 0.000000 1.000000 0.000000
0.999952 0.009770 0.000000 35.865705 -0.009770 0.999952 0.000000 -0.493194 0.000000 0.000000 1.000000 0.000000
0.999952 0.009830 0.000000 36.509487 -0.009830 0.999952 0.000000 -0.521068 0.000000 0.000000 1.000000 0.000000
0.999958 0.009140 0.000000 37.154617 -0.009140 0.999958 0.000000 -0.546871 0.000000 0.000000 1.000000 0.000000
0.999952 0.009842 0.000000 37.789660 -0.009842 0.999952 0.000000 -0.564398 0.000000 0.000000 1.000000 0.000000
0.999946 0.010419 0.000000 38.432507 -0.010419 0.999946 0.000000 -0.585663 0.000000 0.000000 1.000000 0.000000
0.999950 0.009966 0.000000 39.068099 -0.009966 0.999950 0.000000 -0.602759 0.000000 0.000000 1.000000 0.000000
0.999944 0.010540 0.000000 39.711022 -0.010540 0.999944 0.000000 -0.614788 0.000000 0.000000 1.000000 0.000000
0.999915 0.013071 0.000000 40.352151 -0.013071 0.999915 0.000000 -0.630610 0.000000 0.000000 1.000000 0.000000
0.999908 0.013590 0.000000 41.003714 -0.013590 0.999908 0.000000 -0.653088 0.000000 0.000000 1.000000 0.000000
0.999927 0.012113 0.000000 41.614928 -0.012113 0.999927 0.000000 -0.676194 0.000000 0.000000 1.000000 0.000000
0.999908 0.013556 0.000000 42.266709 -0.013556 0.999908 0.000000 -0.691715 0.000000 0.000000 1.000000 0.000000
0.999947 0.010300 0.000000 42.920192 -0.010300 0.999947 0.000000 -0.711862 0.000000 0.000000 1.000000 0.000000
0.999914 0.013140 0.000000 43.579271 -0.013140 0.999914 0.000000 -0.729541 0.000000 0.000000 1.000000 0.000000
0.999953 0.009666 0.000000 44.240051 -0.009666 0.999953 0.000000 -0.749522 0.000000 0.000000 1.000000 0.000000
0.999971 0.007584 0.000000 44.893454 -0.007584 0.999971 0.000000 -0.770011 0.000000 0.000000 1.000000 0.000000
0.999969 0.007903 0.000000 45.510629 -0.007903 0.999969 0.000000 -0.782116 0.000000 0.000000 1.000000 0.000000
0.999960 0.008952 0.000000 46.167404 -0.008952 0.999960 0.000000 -0.795189 0.000000 0.000000 1.000000 0.000000
0.999929 0.011944 0.000000 46.823401 -0.011944 0.999929 0.000000 -0.812429 0.000000 0.000000 1.000000 0.000000
0.999910 0.013415 0.000000 47.485358 -0.013415 0.999910 0.000000 -0.833994 0.000000 0.000000 1.000000 0.000000
0.999892 0.014670 0.000000 48.145320 -0.014670 0.999892 0.000000 -0.854215 0.000000 0.000000 1.000000 0.000000
0.999951 0.009940 0.000000 48.803107 -0.009940 0.999951 0.000000 -0.876791 0.000000 0.000000 1.000000 0.000000
0.999909 0.013464 0.000000 49.834296 -0.013464 0.999909 0.000000 -0.919498 0.000000 0.000000 1.000000 0.000000
0.999923 0.012401 0.000000 50.521355 -0.012401 0.999923 0.000000 -0.940249 0.000000 0.000000 1.000000 0.000000
0.999937 0.011221 0.000000 51.158686 -0.011221 0.999937 0.000000 -0.953729 0.000000 0.000000 1.000000 0.000000
0.999944 0.010594 0.000000 51.822407 -0.010594 0.999944 0.000000 -0.969807 0.000000 0.000000 1.000000 0.000000
0.999942 0.010728 0.000000 52.479908 -0.010728 0.999942 0.000000 -0.993396 0.000000 0.000000 1.000000 0.000000
0.999937 0.011215 0.000000 53.131468 -0.011215 0.999937 0.000000 -1.014122 0.000000 0.000000 1.000000 0.000000
0.999961 0.008856 0.000000 53.784947 -0.008856 0.999961 0.000000 -1.033120 0.000000 0.000000 1.000000 0.000000
0.999960 0.008905 0.000000 54.435580 -0.008905 0.999960 0.000000 -1.055967 0.000000 0.000000 1.000000 0.000000
0.999971 0.007665 0.000000 55.775338 -0.007665 0.999971 0.000000 -1.091134 0.000000 0.000000 1.000000 0.000000
0.999980 0.006303 0.000000 56.421742 -0.006303 0.999980 0.000000 -1.104995 0.000000 0.000000 1.000000 0.000000
0.999996 0.002663 0.000000 57.060142 -0.002663 0.999996 0.000000 -1.118756 0.000000 0.000000 1.000000 0.000000
0.999998 0.001835 0.000000 57.699036 -0.001835 0.999998 0.000000 -1.137308 0.000000 0.000000 1.000000 0.000000
0.999995 0.003012 0.000000 58.330987 -0.003012 0.999995 0.000000 -1.156010 0.000000 0.000000 1.000000 0.000000
0.999991 0.004342 0.000000 59.003846 -0.004342 0.999991 0.000000 -1.180849 0.000000 0.000000 1.000000 0.000000
0.999995 0.003112 0.000000 59.636874 -0.003112 0.999995 0.000000 -1.199853 0.000000 0.000000 1.000000 0.000000
0.999988 0.004902 0.000000 60.242211 -0.004902 0.999988 0.000000 -1.211384 0.000000 0.000000 1.000000 0.000000
0.999980 0.006250 0.000000 60.877372 -0.006250 0.999980 0.000000 -1.226530 0.000000 0.000000 1.000000 0.000000
0.999974 0.007191 0.000000 61.465163 -0.007191 0.999974 0.000000 -1.244315 0.000000 0.000000 1.000000 0.000000
0.999963 0.008549 0.000000 62.096493 -0.008549 0.999963 0.000000 -1.264328 0.000000 0.000000 1.000000 0.000000
0.999960 0.008959 0.000000 62.720254 -0.008959 0.999960 0.000000 -1.286682 0.000000 0.000000 1.000000 0.000000
0.999964 0.008495 0.000000 63.303538 -0.008495 0.999964 0.000000 -1.303682 0.000000 0.000000 1.000000 0.000000
0.999965 0.008353 0.000000 63.927139 -0.008353 0.999965 0.000000 -1.320092 0.000000 0.000000 1.000000 0.000000
0.999978 0.006626 0.000000 64.543136 -0.006626 0.999978 0.000000 -1.341928 0.000000 0.000000 1.000000 0.000000
0.999974 0.007196 0.000000 65.117422 -0.007196 0.999974 0.000000 -1.361282 0.000000 0.000000 1.000000 0.000000
0.999981 0.006238 0.000000 65.732904 -0.006238 0.999981 0.000000 -1.380312 0.000000 0.000000 1.000000 0.000000
0.999978 0.006704 0.000000 66.306915 -0.006704 0.999978 0.000000 -1.393213 0.000000 0.000000 1.000000 0.000000
0.999944 0.010556 0.000000 66.924406 -0.010556 0.999944 0.000000 -1.404619 0.000000 0.000000 1.000000 0.000000
0.999941 0.010886 0.000000 67.536101 -0.010886 0.999941 0.000000 -1.426750 0.000000 0.000000 1.000000 0.000000
0.999931 0.011730 0.000000 68.379257 -0.011730 0.999931 0.000000 -1.457013 0.000000 0.000000 1.000000 0.000000
0.999922 0.012463 0.000000 68.985661 -0.012463 0.999922 0.000000 -1.479951 0.000000 0.000000 1.000000 0.000000
0.999899 0.014220 0.000000 69.596724 -0.014220 0.999899 0.000000 -1.501711 0.000000 0.000000 1.000000 0.000000
0.999947 0.010263 0.000000 70.198962 -0.010263 0.999947 0.000000 -1.517683 0.000000 0.000000 1.000000 0.000000
0.999939 0.011032 0.000000 70.796677 -0.011032 0.999939 0.000000 -1.539409 0.000000 0.000000 1.000000 0.000000
0.999971 0.007615 0.000000 71.389293 -0.007615 0.999971 0.000000 -1.553664 0.000000 0.000000 1.000000 0.000000
0.999981 0.006203 0.000000 72.023456 -0.006203 0.999981 0.000000 -1.576107 0.000000 0.000000 1.000000 0.000000
0.999980 0.006373 0.000000 72.612353 -0.006373 0.999980 0.000000 -1.590360 0.000000 0.000000 1.000000 0.000000
0.999984 0.005583 0.000000 73.208219 -0.005583 0.999984 0.000000 -1.606958 0.000000 0.000000 1.000000 0.000000
0.999958 0.009135 0.000000 74.390497 -0.009135 0.999958 0.000000 -1.650658 0.000000 0.000000 1.000000 0.000000
0.999970 0.007806 0.000000 74.978309 -0.007806 0.999970 0.000000 -1.662142 0.000000 0.000000 1.000000 0.000000
0.999954 0.009595 0.000000 75.556091 -0.009595 0.999954 0.000000 -1.671698 0.000000 0.000000 1.000000 0.000000
0.999932 0.011681 0.000000 76.137389 -0.011681 0.999932 0.000000 -1.702142 0.000000 0.000000 1.000000 0.000000
0.999931 0.011770 0.000000 76.715423 -0.011770 0.999931 0.000000 -1.730364 0.000000 0.000000 1.000000 0.000000
0.999902 0.014027 0.000000 77.291358 -0.014027 0.999902 0.000000 -1.753499 0.000000 0.000000 1.000000 0.000000
0.999908 0.013569 0.000000 77.861308 -0.013569 0.999908 0.000000 -1.785339 0.000000 0.000000 1.000000 0.000000
0.999933 0.011604 0.000000 78.430903 -0.011604 0.999933 0.000000 -1.805712 0.000000 0.000000 1.000000 0.000000
0.999941 0.010905 0.000000 78.994902 -0.010905 0.999941 0.000000 -1.834557 0.000000 0.000000 1.000000 0.000000
0.999932 0.011697 0.000000 79.555530 -0.011697 0.999932 0.000000 -1.855200 0.000000 0.000000 1.000000 0.000000
0.999931 0.011705 0.000000 80.109049 -0.011705 0.999931 0.000000 -1.876207 0.000000 0.000000 1.000000 0.000000
0.999935 0.011394 0.000000 80.662914 -0.011394 0.999935 0.000000 -1.896275 0.000000 0.000000 1.000000 0.000000
0.999932 0.011623 0.000000 81.203314 -0.011623 0.999932 0.000000 -1.916017 0.000000 0.000000 1.000000 0.000000
0.999907 0.013650 0.000000 81.718082 -0.013650 0.999907 0.000000 -1.931866 0.000000 0.000000 1.000000 0.000000
0.999882 0.015371 0.000000 82.258892 -0.015371 0.999882 0.000000 -1.945819 0.000000 0.000000 1.000000 0.000000
0.999835 0.018148 0.000000 82.782385 -0.018148 0.999835 0.000000 -1.960845 0.000000 0.000000 1.000000 0.000000
0.999776 0.021157 0.000000 83.287952 -0.021157 0.999776 0.000000 -1.974194 0.000000 0.000000 1.000000 0.000000
0.999787 0.020658 0.000000 83.823682 -0.020658 0.999787 0.000000 -2.001344 0.000000 0.000000 1.000000 0.000000
0.999792 0.020371 0.000000 84.349044 -0.020371 0.999792 0.000000 -2.028565 0.000000 0.000000 1.000000 0.000000
0.999791 0.020448 0.000000 84.843401 -0.020448 0.999791 0.000000 -2.051576 0.000000 0.000000 1.000000 0.000000
0.999773 0.021315 0.000000 85.371726 -0.021315 0.999773 0.000000 -2.080465 0.000000 0.000000 1.000000 0.000000
0.999724 0.023484 0.000000 85.884589 -0.023484 0.999724 0.000000 -2.105045 0.000000 0.000000 1.000000 0.000000
0.999749 0.022409 0.000000 86.374265 -0.022409 0.999749 0.000000 -2.127635 0.000000 0.000000 1.000000 0.000000
0.999738 0.022891 0.000000 86.895132 -0.022891 0.999738 0.000000 -2.152320 0.000000 0.000000 1.000000 0.000000
0.999711 0.024033 0.000000 87.412196 -0.024033 0.999711 0.000000 -2.167862 0.000000 0.000000 1.000000 0.000000
0.999661 0.026017 0.000000 87.898724 -0.026017 0.999661 0.000000 -2.193989 0.000000 0.000000 1.000000 0.000000
0.999644 0.026697 0.000000 88.408771 -0.026697 0.999644 0.000000 -2.224944 0.000000 0.000000 1.000000 0.000000
0.999638 0.026892 0.000000 88.888230 -0.026892 0.999638 0.000000 -2.255591 0.000000 0.000000 1.000000 0.000000
0.999574 0.029203 0.000000 89.391986 -0.029203 0.999574 0.000000 -2.283287 0.000000 0.000000 1.000000 0.000000
0.999571 0.029281 0.000000 90.051332 -0.029281 0.999571 0.000000 -2.316605 0.000000 0.000000 1.000000 0.000000
0.999585 0.028807 0.000000 90.555150 -0.028807 0.999585 0.000000 -2.343693 0.000000 0.000000 1.000000 0.000000
0.999575 0.029140 0.000000 91.063278 -0.029140 0.999575 0.000000 -2.369593 0.000000 0.000000 1.000000 0.000000
0.999548 0.030078 0.000000 91.552020 -0.030078 0.999548 0.000000 -2.398252 0.000000 0.000000 1.000000 0.000000
0.999572 0.029270 0.000000 92.043788 -0.029270 0.999572 0.000000 -2.422660 0.000000 0.000000 1.000000 0.000000
0.999618 0.027625 0.000000 92.538465 -0.027625 0.999618 0.000000 -2.464721 0.000000 0.000000 1.000000 0.000000
0.999632 0.027111 0.000000 93.025523 -0.027111 0.999632 0.000000 -2.496776 0.000000 0.000000 1.000000 0.000000
0.999472 0.032503 0.000000 93.992569 -0.032503 0.999472 0.000000 -2.554023 0.000000 0.000000 1.000000 0.000000
0.999376 0.035315 0.000000 94.476247 -0.035315 0.999376 0.000000 -2.583776 0.000000 0.000000 1.000000 0.000000
0.999303 0.037333 0.000000 94.947307 -0.037333 0.999303 0.000000 -2.608345 0.000000 0.000000 1.000000 0.000000
0.999166 0.040821 0.000000 95.414974 -0.040821 0.999166 0.000000 -2.636972 0.000000 0.000000 1.000000 0.000000
0.999126 0.041792 0.000000 95.898065 -0.041792 0.999126 0.000000 -2.668769 0.000000 0.000000 1.000000 0.000000
0.999007 0.044561 0.000000 96.361509 -0.044561 0.999007 0.000000 -2.698513 0.000000 0.000000 1.000000 0.000000
0.998949 0.045839 0.000000 96.832641 -0.045839 0.998949 0.000000 -2.739897 0.000000 0.000000 1.000000 0.000000
0.998795 0.049082 0.000000 97.299568 -0.049082 0.998795 0.000000 -2.769948 0.000000 0.000000 1.000000 0.000000
0.998523 0.054326 0.000000 97.770473 -0.054326 0.998523 0.000000 -2.800675 0.000000 0.000000 1.000000 0.000000
0.998388 0.056759 0.000000 98.231023 -0.056759 0.998388 0.000000 -2.837740 0.000000 0.000000 1.000000 0.000000
0.998249 0.059154 0.000000 98.663543 -0.059154 0.998249 0.000000 -2.878869 0.000000 0.000000 1.000000 0.000000
0.998147 0.060843 0.000000 99.110359 -0.060843 0.998147 0.000000 -2.915721 0.000000 0.000000 1.000000 0.000000
0.998076 0.062008 0.000000 99.550865 -0.062008 0.998076 0.000000 -2.955977 0.000000 0.000000 1.000000 0.000000
0.998068 0.062135 0.000000 99.995747 -0.062135 0.998068 0.000000 -3.002149 0.000000 0.000000 1.000000 0.000000
0.997866 0.065290 0.000000 100.416132 -0.065290 0.997866 0.000000 -3.042622 0.000000 0.000000 1.000000 0.000000
0.997773 0.066699 0.000000 100.842095 -0.066699 0.997773 0.000000 -3.075630 0.000000 0.000000 1.000000 0.000000
0.997329 0.073034 0.000000 101.261924 -0.073034 0.997329 0.000000 -3.120170 0.000000 0.000000 1.000000 0.000000
0.996999 0.077418 0.000000 101.671830 -0.077418 0.996999 0.000000 -3.156869 0.000000 0.000000 1.000000 0.000000
0.996999 0.077409 0.000000 102.082811 -0.077409 0.996999 0.000000 -3.191601 0.000000 0.000000 1.000000 0.000000
0.997165 0.075250 0.000000 102.491492 -0.075250 0.997165 0.000000 -3.238611 0.000000 0.000000 1.000000 0.000000
0.996958 0.077935 0.000000 102.883878 -0.077935 0.996958 0.000000 -3.273111 0.000000 0.000000 1.000000 0.000000
0.997033 0.076972 0.000000 103.278884 -0.076972 0.997033 0.000000 -3.326601 0.000000 0.000000 1.000000 0.000000
0.996573 0.082718 0.000000 103.657908 -0.082718 0.996573 0.000000 -3.356778 0.000000 0.000000 1.000000 0.000000
0.996133 0.087861 0.000000 104.058211 -0.087861 0.996133 0.000000 -3.400380 0.000000 0.000000 1.000000 0.000000
0.996262 0.086388 0.000000 104.452681 -0.086388 0.996262 0.000000 -3.453548 0.000000 0.000000 1.000000 0.000000
0.995970 0.089692 0.000000 104.828065 -0.089692 0.995970 0.000000 -3.500323 0.000000 0.000000 1.000000 0.000000
0.995618 0.093515 0.000000 105.235606 -0.093515 0.995618 0.000000 -3.552916 0.000000 0.000000 1.000000 0.000000
0.995160 0.098267 0.000000 105.635652 -0.098267 0.995160 0.000000 -3.595057 0.000000 0.000000 1.000000 0.000000
0.994673 0.103077 0.000000 106.201403 -0.103077 0.994673 0.000000 -3.660983 0.000000 0.000000 1.000000 0.000000
0.994445 0.105258 0.000000 106.610586 -0.105258 0.994445 0.000000 -3.710256 0.000000 0.000000 1.000000 0.000000
0.994228 0.107284 0.000000 107.022526 -0.107284 0.994228 0.000000 -3.768901 0.000000 0.000000 1.000000 0.000000
0.993992 0.109453 0.000000 107.446754 -0.109453 0.993992 0.000000 -3.825329 0.000000 0.000000 1.000000 0.000000
0.993721 0.111890 0.000000 107.863014 -0.111890 0.993721 0.000000 -3.889775 0.000000 0.000000 1.000000 0.000000
0.993557 0.113330 0.000000 108.284357 -0.113330 0.993557 0.000000 -3.947215 0.000000 0.000000 1.000000 0.000000
0.993592 0.113028 0.000000 108.706907 -0.113028 0.993592 0.000000 -4.009432 0.000000 0.000000 1.000000 0.000000
0.993256 0.115944 0.000000 109.128190 -0.115944 0.993256 0.000000 -4.067089 0.000000 0.000000 1.000000 0.000000
0.992136 0.125166 0.000000 109.859353 -0.125166 0.992136 0.000000 -4.176249 0.000000 0.000000 1.000000 0.000000
0.992198 0.124669 0.000000 110.285639 -0.124669 0.992198 0.000000 -4.251072 0.000000 0.000000 1.000000 0.000000
0.992295 0.123895 0.000000 110.724753 -0.123895 0.992295 0.000000 -4.320414 0.000000 0.000000 1.000000 0.000000
0.992164 0.124943 0.000000 111.163307 -0.124943 0.992164 0.000000 -4.387425 0.000000 0.000000 1.000000 0.000000
0.992292 0.123925 0.000000 111.604278 -0.123925 0.992292 0.000000 -4.447348 0.000000 0.000000 1.000000 0.000000
0.991840 0.127491 0.000000 112.040420 -0.127491 0.991840 0.000000 -4.501635 0.000000 0.000000 1.000000 0.000000
0.991831 0.127561 0.000000 112.480963 -0.127561 0.991831 0.000000 -4.562322 0.000000 0.000000 1.000000 0.000000
0.991944 0.126675 0.000000 112.925190 -0.126675 0.991944 0.000000 -4.625813 0.000000 0.000000 1.000000 0.000000
0.991965 0.126512 0.000000 113.367004 -0.126512 0.991965 0.000000 -4.687126 0.000000 0.000000 1.000000 0.000000
0.991964 0.126518 0.000000 113.809944 -0.126518 0.991964 0.000000 -4.762244 0.000000 0.000000 1.000000 0.000000
0.991445 0.130523 0.000000 114.257576 -0.130523 0.991445 0.000000 -4.824071 0.000000 0.000000 1.000000 0.000000
0.991393 0.130922 0.000000 115.087702 -0.130922 0.991393 0.000000 -4.951920 0.000000 0.000000 1.000000 0.000000
0.991435 0.130600 0.000000 115.547471 -0.130600 0.991435 0.000000 -5.023545 0.000000 0.000000 1.000000 0.000000
0.991025 0.133677 0.000000 116.009042 -0.133677 0.991025 0.000000 -5.082344 0.000000 0.000000 1.000000 0.000000
0.990971 0.134075 0.000000 116.471658 -0.134075 0.990971 0.000000 -5.174745 0.000000 0.000000 1.000000 0.000000
0.990652 0.136416 0.000000 116.928786 -0.136416 0.990652 0.000000 -5.265722 0.000000 0.000000 1.000000 0.000000
0.990447 0.137895 0.000000 117.390365 -0.137895 0.990447 0.000000 -5.341499 0.000000 0.000000 1.000000 0.000000
0.990299 0.138953 0.000000 117.858094 -0.138953 0.990299 0.000000 -5.420735 0.000000 0.000000 1.000000 0.000000
0.989714 0.143061 0.000000 118.327096 -0.143061 0.989714 0.000000 -5.497305 0.000000 0.000000 1.000000 0.000000
0.989012 0.147834 0.000000 118.826554 -0.147834 0.989012 0.000000 -5.575011 0.000000 0.000000 1.000000 0.000000
0.988407 0.151830 0.000000 119.265065 -0.151830 0.988407 0.000000 -5.651970 0.000000 0.000000 1.000000 0.000000
0.988389 0.151942 0.000000 119.765737 -0.151942 0.988389 0.000000 -5.747421 0.000000 0.000000 1.000000 0.000000
0.988098 0.153827 0.000000 120.240997 -0.153827 0.988098 0.000000 -5.831755 0.000000 0.000000 1.000000 0.000000
0.987992 0.154506 0.000000 120.719589 -0.154506 0.987992 0.000000 -5.925170 0.000000 0.000000 1.000000 0.000000
0.988484 0.151324 0.000000 121.193113 -0.151324 0.988484 0.000000 -6.024186 0.000000 0.000000 1.000000 0.000000
0.988112 0.153738 0.000000 121.668941 -0.153738 0.988112 0.000000 -6.105600 0.000000 0.000000 1.000000 0.000000
0.987879 0.155225 0.000000 122.149604 -0.155225 0.987879 0.000000 -6.201552 0.000000 0.000000 1.000000 0.000000
0.987206 0.159451 0.000000 122.626596 -0.159451 0.987206 0.000000 -6.291726 0.000000 0.000000 1.000000 0.000000
0.986078 0.166286 0.000000 123.100257 -0.166286 0.986078 0.000000 -6.376263 0.000000 0.000000 1.000000 0.000000
0.985517 0.169577 0.000000 123.551851 -0.169577 0.985517 0.000000 -6.467802 0.000000 0.000000 1.000000 0.000000
0.985297 0.170851 0.000000 124.028589 -0.170851 0.985297 0.000000 -6.556376 0.000000 0.000000 1.000000 0.000000
0.984582 0.174926 0.000000 124.510054 -0.174926 0.984582 0.000000 -6.658947 0.000000 0.000000 1.000000 0.000000
0.984280 0.176614 0.000000 125.303506 -0.176614 0.984280 0.000000 -6.822145 0.000000 0.000000 1.000000 0.000000
0.984188 0.177127 0.000000 125.794771 -0.177127 0.984188 0.000000 -6.923150 0.000000 0.000000 1.000000 0.000000
0.986086 0.166238 0.000000 126.760837 -0.166238 0.986086 0.000000 -7.146288 0.000000 0.000000 1.000000 0.000000
0.986894 0.161367 0.000000 127.252976 -0.161367 0.986894 0.000000 -7.251542 0.000000 0.000000 1.000000 0.000000
0.987563 0.157226 0.000000 127.752868 -0.157226 0.987563 0.000000 -7.355149 0.000000 0.000000 1.000000 0.000000
0.987762 0.155970 0.000000 128.246816 -0.155970 0.987762 0.000000 -7.443881 0.000000 0.000000 1.000000 0.000000
0.988245 0.152878 0.000000 128.744837 -0.152878 0.988245 0.000000 -7.543660 0.000000 0.000000 1.000000 0.000000
0.987630 0.156800 0.000000 129.243614 -0.156800 0.987630 0.000000 -7.627492 0.000000 0.000000 1.000000 0.000000
0.988714 0.149812 0.000000 129.776601 -0.149812 0.988714 0.000000 -7.717568 0.000000 0.000000 1.000000 0.000000
0.988263 0.152759 0.000000 130.267005 -0.152759 0.988263 0.000000 -7.797335 0.000000 0.000000 1.000000 0.000000
0.987915 0.154998 0.000000 130.775297 -0.154998 0.987915 0.000000 -7.885495 0.000000 0.000000 1.000000 0.000000
0.987693 0.156408 0.000000 131.293908 -0.156408 0.987693 0.000000 -7.972364 0.000000 0.000000 1.000000 0.000000
0.987667 0.156569 0.000000 131.774201 -0.156569 0.987667 0.000000 -8.056629 0.000000 0.000000 1.000000 0.000000
0.987626 0.156825 0.000000 132.287750 -0.156825 0.987626 0.000000 -8.147882 0.000000 0.000000 1.000000 0.000000
0.987694 0.156398 0.000000 132.816489 -0.156398 0.987694 0.000000 -8.246430 0.000000 0.000000 1.000000 0.000000
0.987303 0.158848 0.000000 133.305916 -0.158848 0.987303 0.000000 -8.330303 0.000000 0.000000 1.000000 0.000000
0.987916 0.154987 0.000000 133.824618 -0.154987 0.987916 0.000000 -8.422586 0.000000 0.000000 1.000000 0.000000
0.987525 0.157460 0.000000 134.359985 -0.157460 0.987525 0.000000 -8.519631 0.000000 0.000000 1.000000 0.000000
0.986909 0.161276 0.000000 134.988164 -0.161276 0.986909 0.000000 -8.627891 0.000000 0.000000 1.000000 0.000000
0.986702 0.162540 0.000000 135.557989 -0.162540 0.986702 0.000000 -8.734560 0.000000 0.000000 1.000000 0.000000
0.985219 0.171298 0.000000 136.056084 -0.171298 0.985219 0.000000 -8.825162 0.000000 0.000000 1.000000 0.000000
0.985215 0.171321 0.000000 136.594119 -0.171321 0.985215 0.000000 -8.927041 0.000000 0.000000 1.000000 0.000000
0.984108 0.177571 0.000000 137.132719 -0.177571 0.984108 0.000000 -9.032324 0.000000 0.000000 1.000000 0.000000
0.983721 0.179703 0.000000 137.669574 -0.179703 0.983721 0.000000 -9.135980 0.000000 0.000000 1.000000 0.000000
0.982774 0.184810 0.000000 141.470876 -0.184810 0.982774 0.000000 -9.959228 0.000000 0.000000 1.000000 0.000000
0.982776 0.184799 0.000000 141.986744 -0.184799 0.982776 0.000000 -10.049096 0.000000 0.000000 1.000000 0.000000
0.985357 0.170501 0.000000 143.136335 -0.170501 0.985357 0.000000 -10.309050 0.000000 0.000000 1.000000 0.000000
0.984467 0.175571 0.000000 144.258149 -0.175571 0.984467 0.000000 -10.542767 0.000000 0.000000 1.000000 0.000000
0.984366 0.176137 0.000000 144.819657 -0.176137 0.984366 0.000000 -10.664924 0.000000 0.000000 1.000000 0.000000
0.984199 0.177068 0.000000 145.385745 -0.177068 0.984199 0.000000 -10.792472 0.000000 0.000000 1.000000 0.000000
0.984219 0.176956 0.000000 145.948983 -0.176956 0.984219 0.000000 -10.917480 0.000000 0.000000 1.000000 0.000000
0.984372 0.176103 0.000000 146.512083 -0.176103 0.984372 0.000000 -11.053462 0.000000 0.000000 1.000000 0.000000
0.984936 0.172920 0.000000 147.083090 -0.172920 0.984936 0.000000 -11.175415 0.000000 0.000000 1.000000 0.000000
0.984274 0.176648 0.000000 147.655359 -0.176648 0.984274 0.000000 -11.277031 0.000000 0.000000 1.000000 0.000000
0.983945 0.178474 0.000000 148.230121 -0.178474 0.983945 0.000000 -11.381754 0.000000 0.000000 1.000000 0.000000
0.984214 0.176982 0.000000 148.793598 -0.176982 0.984214 0.000000 -11.510859 0.000000 0.000000 1.000000 0.000000
0.984004 0.178146 0.000000 149.715081 -0.178146 0.984004 0.000000 -11.714459 0.000000 0.000000 1.000000 0.000000
0.983047 0.183355 0.000000 150.282988 -0.183355 0.983047 0.000000 -11.839423 0.000000 0.000000 1.000000 0.000000
0.983099 0.183076 0.000000 150.838022 -0.183076 0.983099 0.000000 -11.979992 0.000000 0.000000 1.000000 0.000000
0.982289 0.187374 0.000000 151.412617 -0.187374 0.982289 0.000000 -12.113525 0.000000 0.000000 1.000000 0.000000
0.981242 0.192778 0.000000 152.028218 -0.192778 0.981242 0.000000 -12.255591 0.000000 0.000000 1.000000 0.000000
0.980460 0.196721 0.000000 152.549269 -0.196721 0.980460 0.000000 -12.385952 0.000000 0.000000 1.000000 0.000000
0.980191 0.198054 0.000000 153.154370 -0.198054 0.980191 0.000000 -12.524888 0.000000 0.000000 1.000000 0.000000
0.980017 0.198915 0.000000 153.716161 -0.198915 0.980017 0.000000 -12.666514 0.000000 0.000000 1.000000 0.000000
0.979906 0.199459 0.000000 154.289483 -0.199459 0.979906 0.000000 -12.794304 0.000000 0.000000 1.000000 0.000000
0.979580 0.201055 0.000000 154.862894 -0.201055 0.979580 0.000000 -12.915577 0.000000 0.000000 1.000000 0.000000
0.979146 0.203158 0.000000 155.423603 -0.203158 0.979146 0.000000 -13.043369 0.000000 0.000000 1.000000 0.000000
0.979521 0.201342 0.000000 155.979209 -0.201342 0.979521 0.000000 -13.173300 0.000000 0.000000 1.000000 0.000000
0.979564 0.201133 0.000000 156.539221 -0.201133 0.979564 0.000000 -13.305224 0.000000 0.000000 1.000000 0.000000
0.979456 0.201659 0.000000 157.100190 -0.201659 0.979456 0.000000 -13.429627 0.000000 0.000000 1.000000 0.000000
0.979638 0.200772 0.000000 157.673782 -0.200772 0.979638 0.000000 -13.560756 0.000000 0.000000 1.000000 0.000000
0.978940 0.204149 0.000000 158.234679 -0.204149 0.978940 0.000000 -13.695648 0.000000 0.000000 1.000000 0.000000
0.978347 0.206970 0.000000 159.370647 -0.206970 0.978347 0.000000 -13.959767 0.000000 0.000000 1.000000 0.000000
0.978088 0.208193 0.000000 159.938030 -0.208193 0.978088 0.000000 -14.079704 0.000000 0.000000 1.000000 0.000000
0.978586 0.205836 0.000000 160.464789 -0.205836 0.978586 0.000000 -14.208018 0.000000 0.000000 1.000000 0.000000
0.977254 0.212073 0.000000 161.044965 -0.212073 0.977254 0.000000 -14.340597 0.000000 0.000000 1.000000 0.000000
0.976690 0.214653 0.000000 161.590294 -0.214653 0.976690 0.000000 -14.468692 0.000000 0.000000 1.000000 0.000000
0.976952 0.213460 0.000000 162.683642 -0.213460 0.976952 0.000000 -14.736498 0.000000 0.000000 1.000000 0.000000
0.977118 0.212696 0.000000 163.245845 -0.212696 0.977118 0.000000 -14.860643 0.000000 0.000000 1.000000 0.000000
0.977009 0.213198 0.000000 163.775332 -0.213198 0.977009 0.000000 -14.992001 0.000000 0.000000 1.000000 0.000000
0.976903 0.213684 0.000000 164.338750 -0.213684 0.976903 0.000000 -15.122084 0.000000 0.000000 1.000000 0.000000
0.977342 0.211667 0.000000 164.903713 -0.211667 0.977342 0.000000 -15.247704 0.000000 0.000000 1.000000 0.000000
0.976832 0.214006 0.000000 165.430131 -0.214006 0.976832 0.000000 -15.365669 0.000000 0.000000 1.000000 0.000000
0.975851 0.218438 0.000000 166.190271 -0.218438 0.975851 0.000000 -15.523290 0.000000 0.000000 1.000000 0.000000
0.975429 0.220313 0.000000 166.761455 -0.220313 0.975429 0.000000 -15.655161 0.000000 0.000000 1.000000 0.000000
0.974819 0.222998 0.000000 167.331598 -0.222998 0.974819 0.000000 -15.776075 0.000000 0.000000 1.000000 0.000000
0.973265 0.229686 0.000000 167.931401 -0.229686 0.973265 0.000000 -15.904399 0.000000 0.000000 1.000000 0.000000
0.973322 0.229443 0.000000 168.460451 -0.229443 0.973322 0.000000 -16.041373 0.000000 0.000000 1.000000 0.000000
0.973773 0.227520 0.000000 169.065365 -0.227520 0.973773 0.000000 -16.193985 0.000000 0.000000 1.000000 0.000000
0.972718 0.231989 0.000000 169.638185 -0.231989 0.972718 0.000000 -16.325192 0.000000 0.000000 1.000000 0.000000
0.973034 0.230660 0.000000 170.209231 -0.230660 0.973034 0.000000 -16.472968 0.000000 0.000000 1.000000 0.000000
0.971482 0.237114 0.000000 170.790683 -0.237114 0.971482 0.000000 -16.606103 0.000000 0.000000 1.000000 0.000000
0.972524 0.232803 0.000000 171.356000 -0.232803 0.972524 0.000000 -16.757360 0.000000 0.000000 1.000000 0.000000
0.972776 0.231749 0.000000 171.925457 -0.231749 0.972776 0.000000 -16.903621 0.000000 0.000000 1.000000 0.000000
0.972768 0.231781 0.000000 172.488695 -0.231781 0.972768 0.000000 -17.057211 0.000000 0.000000 1.000000 0.000000
0.973504 0.228668 0.000000 173.063224 -0.228668 0.973504 0.000000 -17.213992 0.000000 0.000000 1.000000 0.000000
0.974952 0.222417 0.000000 173.628702 -0.222417 0.974952 0.000000 -17.372887 0.000000 0.000000 1.000000 0.000000
0.975605 0.219532 0.000000 174.201249 -0.219532 0.975605 0.000000 -17.519200 0.000000 0.000000 1.000000 0.000000
0.975339 0.220712 0.000000 174.777827 -0.220712 0.975339 0.000000 -17.657568 0.000000 0.000000 1.000000 0.000000
0.975839 0.218493 0.000000 175.351527 -0.218493 0.975839 0.000000 -17.805539 0.000000 0.000000 1.000000 0.000000
0.975252 0.221098 0.000000 175.889121 -0.221098 0.975252 0.000000 -17.929288 0.000000 0.000000 1.000000 0.000000
0.975002 0.222194 0.000000 176.499680 -0.222194 0.975002 0.000000 -18.078261 0.000000 0.000000 1.000000 0.000000
0.975022 0.222108 0.000000 177.031347 -0.222108 0.975022 0.000000 -18.196483 0.000000 0.000000 1.000000 0.000000
0.974886 0.222705 0.000000 177.599786 -0.222705 0.974886 0.000000 -18.345524 0.000000 0.000000 1.000000 0.000000
0.974353 0.225023 0.000000 178.165758 -0.225023 0.974353 0.000000 -18.481763 0.000000 0.000000 1.000000 0.000000
0.973507 0.228659 0.000000 178.738923 -0.228659 0.973507 0.000000 -18.633530 0.000000 0.000000 1.000000 0.000000
0.971514 0.236981 0.000000 179.314469 -0.236981 0.971514 0.000000 -18.784714 0.000000 0.000000 1.000000 0.000000
0.971191 0.238301 0.000000 179.884010 -0.238301 0.971191 0.000000 -18.936453 0.000000 0.000000 1.000000 0.000000
0.971143 0.238498 0.000000 180.459952 -0.238498 0.971143 0.000000 -19.089040 0.000000 0.000000 1.000000 0.000000
0.971169 0.238393 0.000000 181.032774 -0.238393 0.971169 0.000000 -19.236379 0.000000 0.000000 1.000000 0.000000
0.970765 0.240033 0.000000 181.608829 -0.240033 0.970765 0.000000 -19.387477 0.000000 0.000000 1.000000 0.000000
0.970271 0.242021 0.000000 182.196443 -0.242021 0.970271 0.000000 -19.534040 0.000000 0.000000 1.000000 0.000000
0.970671 0.240412 0.000000 182.765104 -0.240412 0.970671 0.000000 -19.696313 0.000000 0.000000 1.000000 0.000000
0.970907 0.239456 0.000000 183.337299 -0.239456 0.970907 0.000000 -19.856175 0.000000 0.000000 1.000000 0.000000
0.970277 0.241998 0.000000 183.904594 -0.241998 0.970277 0.000000 -20.009618 0.000000 0.000000 1.000000 0.000000
0.970024 0.243008 0.000000 184.448626 -0.243008 0.970024 0.000000 -20.151752 0.000000 0.000000 1.000000 0.000000
0.970159 0.242468 0.000000 185.022338 -0.242468 0.970159 0.000000 -20.310198 0.000000 0.000000 1.000000 0.000000
0.968969 0.247183 0.000000 185.600543 -0.247183 0.968969 0.000000 -20.473365 0.000000 0.000000 1.000000 0.000000
0.968897 0.247464 0.000000 186.151252 -0.247464 0.968897 0.000000 -20.624034 0.000000 0.000000 1.000000 0.000000
0.969523 0.244998 0.000000 186.710791 -0.244998 0.969523 0.000000 -20.787966 0.000000 0.000000 1.000000 0.000000
0.968596 0.248641 0.000000 187.281026 -0.248641 0.968596 0.000000 -20.946417 0.000000 0.000000 1.000000 0.000000
0.969442 0.245320 0.000000 187.816561 -0.245320 0.969442 0.000000 -21.105229 0.000000 0.000000 1.000000 0.000000
0.969317 0.245815 0.000000 188.379678 -0.245815 0.969317 0.000000 -21.257114 0.000000 0.000000 1.000000 0.000000
0.968475 0.249112 0.000000 188.941501 -0.249112 0.968475 0.000000 -21.417363 0.000000 0.000000 1.000000 0.000000
0.968308 0.249761 0.000000 189.473651 -0.249761 0.968308 0.000000 -21.560333 0.000000 0.000000 1.000000 0.000000
0.968007 0.250922 0.000000 190.043485 -0.250922 0.968007 0.000000 -21.723167 0.000000 0.000000 1.000000 0.000000
0.967518 0.252802 0.000000 190.606177 -0.252802 0.967518 0.000000 -21.886354 0.000000 0.000000 1.000000 0.000000
0.966779 0.255615 0.000000 191.419334 -0.255615 0.966779 0.000000 -22.137464 0.000000 0.000000 1.000000 0.000000
0.966072 0.258271 0.000000 191.980740 -0.258271 0.966072 0.000000 -22.299283 0.000000 0.000000 1.000000 0.000000
0.965255 0.261311 0.000000 192.546926 -0.261311 0.965255 0.000000 -22.460039 0.000000 0.000000 1.000000 0.000000
0.965410 0.260737 0.000000 193.109071 -0.260737 0.965410 0.000000 -22.616394 0.000000 0.000000 1.000000 0.000000
0.965075 0.261975 0.000000 193.667695 -0.261975 0.965075 0.000000 -22.770359 0.000000 0.000000 1.000000 0.000000
0.965583 0.260096 0.000000 194.225479 -0.260096 0.965583 0.000000 -22.932304 0.000000 0.000000 1.000000 0.000000
0.966511 0.256627 0.000000 194.778389 -0.256627 0.966511 0.000000 -23.098956 0.000000 0.000000 1.000000 0.000000
0.966462 0.256809 0.000000 195.358253 -0.256809 0.966462 0.000000 -23.264444 0.000000 0.000000 1.000000 0.000000
0.966650 0.256100 0.000000 195.859917 -0.256100 0.966650 0.000000 -23.406551 0.000000 0.000000 1.000000 0.000000
0.966343 0.257256 0.000000 196.832622 -0.257256 0.966343 0.000000 -23.684066 0.000000 0.000000 1.000000 0.000000
0.966316 0.257357 0.000000 197.395635 -0.257357 0.966316 0.000000 -23.833839 0.000000 0.000000 1.000000 0.000000
0.965924 0.258826 0.000000 198.105475 -0.258826 0.965924 0.000000 -24.032230 0.000000 0.000000 1.000000 0.000000
0.965440 0.260625 0.000000 198.814489 -0.260625 0.965440 0.000000 -24.242918 0.000000 0.000000 1.000000 0.000000
0.964696 0.263367 0.000000 199.767856 -0.263367 0.964696 0.000000 -24.525092 0.000000 0.000000 1.000000 0.000000
0.964702 0.263345 0.000000 200.321179 -0.263345 0.964702 0.000000 -24.691425 0.000000 0.000000 1.000000 0.000000
0.964908 0.262588 0.000000 200.887366 -0.262588 0.964908 0.000000 -24.859923 0.000000 0.000000 1.000000 0.000000
0.964794 0.263007 0.000000 201.440253 -0.263007 0.964794 0.000000 -25.019393 0.000000 0.000000 1.000000 0.000000
0.964610 0.263682 0.000000 201.959447 -0.263682 0.964610 0.000000 -25.170163 0.000000 0.000000 1.000000 0.000000
0.965633 0.259908 0.000000 202.518725 -0.259908 0.965633 0.000000 -25.338340 0.000000 0.000000 1.000000 0.000000
0.965043 0.262093 0.000000 203.076490 -0.262093 0.965043 0.000000 -25.501760 0.000000 0.000000 1.000000 0.000000
0.964939 0.262476 0.000000 203.862857 -0.262476 0.964939 0.000000 -25.741027 0.000000 0.000000 1.000000 0.000000
0.965367 0.260895 0.000000 204.424443 -0.260895 0.965367 0.000000 -25.908831 0.000000 0.000000 1.000000 0.000000
0.965513 0.260355 0.000000 204.988255 -0.260355 0.965513 0.000000 -26.064244 0.000000 0.000000 1.000000 0.000000
0.965428 0.260670 0.000000 205.544866 -0.260670 0.965428 0.000000 -26.229684 0.000000 0.000000 1.000000 0.000000
0.966536 0.256529 0.000000 206.135599 -0.256529 0.966536 0.000000 -26.401963 0.000000 0.000000 1.000000 0.000000
0.966631 0.256173 0.000000 206.651856 -0.256173 0.966631 0.000000 -26.549048 0.000000 0.000000 1.000000 0.000000
0.966572 0.256394 0.000000 207.236791 -0.256394 0.966572 0.000000 -26.718781 0.000000 0.000000 1.000000 0.000000
0.967129 0.254288 0.000000 207.754894 -0.254288 0.967129 0.000000 -26.872799 0.000000 0.000000 1.000000 0.000000
0.967178 0.254099 0.000000 208.339040 -0.254099 0.967178 0.000000 -27.047280 0.000000 0.000000 1.000000 0.000000
0.967562 0.252633 0.000000 208.894695 -0.252633 0.967562 0.000000 -27.209330 0.000000 0.000000 1.000000 0.000000
0.967292 0.253666 0.000000 209.446522 -0.253666 0.967292 0.000000 -27.353982 0.000000 0.000000 1.000000 0.000000
0.967685 0.252162 0.000000 210.001515 -0.252162 0.967685 0.000000 -27.511585 0.000000 0.000000 1.000000 0.000000
0.967471 0.252981 0.000000 210.550027 -0.252981 0.967471 0.000000 -27.662935 0.000000 0.000000 1.000000 0.000000
0.967444 0.253085 0.000000 211.103309 -0.253085 0.967444 0.000000 -27.823676 0.000000 0.000000 1.000000 0.000000
0.967969 0.251069 0.000000 211.659279 -0.251069 0.967969 0.000000 -27.980467 0.000000 0.000000 1.000000 0.000000
0.968438 0.249254 0.000000 212.206278 -0.249254 0.968438 0.000000 -28.131493 0.000000 0.000000 1.000000 0.000000
0.966906 0.255133 0.000000 212.748928 -0.255133 0.966906 0.000000 -28.286035 0.000000 0.000000 1.000000 0.000000
0.967488 0.252916 0.000000 213.302903 -0.252916 0.967488 0.000000 -28.443098 0.000000 0.000000 1.000000 0.000000
0.968268 0.249916 0.000000 213.886696 -0.249916 0.968268 0.000000 -28.604603 0.000000 0.000000 1.000000 0.000000
0.968720 0.248155 0.000000 214.440614 -0.248155 0.968720 0.000000 -28.756193 0.000000 0.000000 1.000000 0.000000
0.969501 0.245088 0.000000 214.992471 -0.245088 0.969501 0.000000 -28.905473 0.000000 0.000000 1.000000 0.000000
0.969568 0.244823 0.000000 215.509182 -0.244823 0.969568 0.000000 -29.050734 0.000000 0.000000 1.000000 0.000000
0.969414 0.245433 0.000000 216.055951 -0.245433 0.969414 0.000000 -29.200396 0.000000 0.000000 1.000000 0.000000
0.968734 0.248101 0.000000 216.635719 -0.248101 0.968734 0.000000 -29.367321 0.000000 0.000000 1.000000 0.000000
0.969503 0.245078 0.000000 217.182981 -0.245078 0.969503 0.000000 -29.523387 0.000000 0.000000 1.000000 0.000000
0.970125 0.242607 0.000000 217.727664 -0.242607 0.970125 0.000000 -29.673621 0.000000 0.000000 1.000000 0.000000
0.970163 0.242455 0.000000 218.246627 -0.242455 0.970163 0.000000 -29.820128 0.000000 0.000000 1.000000 0.000000
0.970508 0.241071 0.000000 219.314674 -0.241071 0.970508 0.000000 -30.119470 0.000000 0.000000 1.000000 0.000000
0.971329 0.237741 0.000000 219.846833 -0.237741 0.971329 0.000000 -30.270344 0.000000 0.000000 1.000000 0.000000
0.971804 0.235789 0.000000 220.373975 -0.235789 0.971804 0.000000 -30.404509 0.000000 0.000000 1.000000 0.000000
0.972354 0.233514 0.000000 220.879238 -0.233514 0.972354 0.000000 -30.541396 0.000000 0.000000 1.000000 0.000000
0.972275 0.233841 0.000000 221.422443 -0.233841 0.972275 0.000000 -30.691733 0.000000 0.000000 1.000000 0.000000
0.972801 0.231643 0.000000 221.957057 -0.231643 0.972801 0.000000 -30.841082 0.000000 0.000000 1.000000 0.000000
0.973150 0.230172 0.000000 222.494359 -0.230172 0.973150 0.000000 -30.982386 0.000000 0.000000 1.000000 0.000000
0.973308 0.229504 0.000000 222.998257 -0.229504 0.973308 0.000000 -31.111745 0.000000 0.000000 1.000000 0.000000
0.973717 0.227763 0.000000 223.530096 -0.227763 0.973717 0.000000 -31.254119 0.000000 0.000000 1.000000 0.000000
0.973487 0.228740 0.000000 224.026268 -0.228740 0.973487 0.000000 -31.381241 0.000000 0.000000 1.000000 0.000000
0.973386 0.229174 0.000000 224.554615 -0.229174 0.973386 0.000000 -31.517197 0.000000 0.000000 1.000000 0.000000
0.973452 0.228890 0.000000 225.079889 -0.228890 0.973452 0.000000 -31.649945 0.000000 0.000000 1.000000 0.000000
0.973751 0.227618 0.000000 225.599343 -0.227618 0.973751 0.000000 -31.781187 0.000000 0.000000 1.000000 0.000000
0.974268 0.225392 0.000000 226.091599 -0.225392 0.974268 0.000000 -31.906904 0.000000 0.000000 1.000000 0.000000
0.974345 0.225058 0.000000 226.613772 -0.225058 0.974345 0.000000 -32.037938 0.000000 0.000000 1.000000 0.000000
0.975145 0.221568 0.000000 227.260195 -0.221568 0.975145 0.000000 -32.198605 0.000000 0.000000 1.000000 0.000000
0.975257 0.221076 0.000000 227.887078 -0.221076 0.975257 0.000000 -32.358470 0.000000 0.000000 1.000000 0.000000
0.975369 0.220579 0.000000 228.406792 -0.220579 0.975369 0.000000 -32.492018 0.000000 0.000000 1.000000 0.000000
0.975577 0.219658 0.000000 228.931112 -0.219658 0.975577 0.000000 -32.615676 0.000000 0.000000 1.000000 0.000000
0.976270 0.216555 0.000000 229.452239 -0.216555 0.976270 0.000000 -32.747166 0.000000 0.000000 1.000000 0.000000
0.976680 0.214701 0.000000 229.972020 -0.214701 0.976680 0.000000 -32.875656 0.000000 0.000000 1.000000 0.000000
0.977115 0.212712 0.000000 230.491973 -0.212712 0.977115 0.000000 -33.005829 0.000000 0.000000 1.000000 0.000000
0.978227 0.207539 0.000000 231.379185 -0.207539 0.978227 0.000000 -33.229652 0.000000 0.000000 1.000000 0.000000
0.977904 0.209053 0.000000 231.908463 -0.209053 0.977904 0.000000 -33.359458 0.000000 0.000000 1.000000 0.000000
0.977818 0.209456 0.000000 232.395143 -0.209456 0.977818 0.000000 -33.477561 0.000000 0.000000 1.000000 0.000000
0.977202 0.212313 0.000000 232.916983 -0.212313 0.977202 0.000000 -33.601617 0.000000 0.000000 1.000000 0.000000
0.976792 0.214190 0.000000 233.439210 -0.214190 0.976792 0.000000 -33.731227 0.000000 0.000000 1.000000 0.000000
0.976310 0.216376 0.000000 233.960330 -0.216376 0.976310 0.000000 -33.851256 0.000000 0.000000 1.000000 0.000000
0.976843 0.213955 0.000000 234.481296 -0.213955 0.976843 0.000000 -33.994489 0.000000 0.000000 1.000000 0.000000
0.976831 0.214013 0.000000 234.998562 -0.214013 0.976831 0.000000 -34.134823 0.000000 0.000000 1.000000 0.000000
0.976229 0.216744 0.000000 235.516423 -0.216744 0.976229 0.000000 -34.255760 0.000000 0.000000 1.000000 0.000000
0.975830 0.218530 0.000000 236.035834 -0.218530 0.975830 0.000000 -34.388019 0.000000 0.000000 1.000000 0.000000
0.975814 0.218604 0.000000 236.545336 -0.218604 0.975814 0.000000 -34.524570 0.000000 0.000000 1.000000 0.000000
0.975282 0.220964 0.000000 237.068659 -0.220964 0.975282 0.000000 -34.654049 0.000000 0.000000 1.000000 0.000000
0.975581 0.219642 0.000000 237.582497 -0.219642 0.975581 0.000000 -34.795315 0.000000 0.000000 1.000000 0.000000
0.975192 0.221359 0.000000 238.091232 -0.221359 0.975192 0.000000 -34.929582 0.000000 0.000000 1.000000 0.000000
0.975311 0.220836 0.000000 238.606299 -0.220836 0.975311 0.000000 -35.070741 0.000000 0.000000 1.000000 0.000000
0.975081 0.221850 0.000000 239.121743 -0.221850 0.975081 0.000000 -35.205766 0.000000 0.000000 1.000000 0.000000
0.975322 0.220789 0.000000 239.665916 -0.220789 0.975322 0.000000 -35.352653 0.000000 0.000000 1.000000 0.000000
0.975152 0.221538 0.000000 240.144242 -0.221538 0.975152 0.000000 -35.474822 0.000000 0.000000 1.000000 0.000000
0.974940 0.222469 0.000000 240.651693 -0.222469 0.974940 0.000000 -35.609376 0.000000 0.000000 1.000000 0.000000
0.973951 0.226761 0.000000 241.168814 -0.226761 0.973951 0.000000 -35.747753 0.000000 0.000000 1.000000 0.000000
0.973536 0.228532 0.000000 241.678244 -0.228532 0.973536 0.000000 -35.891777 0.000000 0.000000 1.000000 0.000000
0.974010 0.226503 0.000000 242.196066 -0.226503 0.974010 0.000000 -36.037049 0.000000 0.000000 1.000000 0.000000
0.974122 0.226024 0.000000 242.705546 -0.226024 0.974122 0.000000 -36.173248 0.000000 0.000000 1.000000 0.000000
0.973828 0.227288 0.000000 243.210604 -0.227288 0.973828 0.000000 -36.309117 0.000000 0.000000 1.000000 0.000000
0.973574 0.228373 0.000000 243.721527 -0.228373 0.973574 0.000000 -36.447366 0.000000 0.000000 1.000000 0.000000
0.973783 0.227480 0.000000 244.231427 -0.227480 0.973783 0.000000 -36.582939 0.000000 0.000000 1.000000 0.000000
0.972615 0.232423 0.000000 244.778774 -0.232423 0.972615 0.000000 -36.718842 0.000000 0.000000 1.000000 0.000000
0.972109 0.234529 0.000000 245.286196 -0.234529 0.972109 0.000000 -36.852308 0.000000 0.000000 1.000000 0.000000
0.971552 0.236824 0.000000 245.760619 -0.236824 0.971552 0.000000 -36.984613 0.000000 0.000000 1.000000 0.000000
0.971142 0.238502 0.000000 246.264989 -0.238502 0.971142 0.000000 -37.121106 0.000000 0.000000 1.000000 0.000000
0.969379 0.245570 0.000000 247.276093 -0.245570 0.969379 0.000000 -37.396723 0.000000 0.000000 1.000000 0.000000
0.968641 0.248466 0.000000 247.779345 -0.248466 0.968641 0.000000 -37.542312 0.000000 0.000000 1.000000 0.000000
0.967062 0.254541 0.000000 248.485618 -0.254541 0.967062 0.000000 -37.742013 0.000000 0.000000 1.000000 0.000000
0.968094 0.250586 0.000000 249.458707 -0.250586 0.968094 0.000000 -38.017442 0.000000 0.000000 1.000000 0.000000
0.967960 0.251104 0.000000 249.960382 -0.251104 0.967960 0.000000 -38.160600 0.000000 0.000000 1.000000 0.000000
0.967336 0.253496 0.000000 250.465828 -0.253496 0.967336 0.000000 -38.296140 0.000000 0.000000 1.000000 0.000000
0.967013 0.254727 0.000000 250.960428 -0.254727 0.967013 0.000000 -38.439104 0.000000 0.000000 1.000000 0.000000
0.966829 0.255426 0.000000 251.467521 -0.255426 0.966829 0.000000 -38.591287 0.000000 0.000000 1.000000 0.000000
0.966554 0.256462 0.000000 251.969770 -0.256462 0.966554 0.000000 -38.737080 0.000000 0.000000 1.000000 0.000000
0.966371 0.257151 0.000000 252.461943 -0.257151 0.966371 0.000000 -38.886612 0.000000 0.000000 1.000000 0.000000
0.966334 0.257290 0.000000 252.955944 -0.257290 0.966334 0.000000 -39.023436 0.000000 0.000000 1.000000 0.000000
0.966589 0.256332 0.000000 253.449620 -0.256332 0.966589 0.000000 -39.163893 0.000000 0.000000 1.000000 0.000000
0.967989 0.250994 0.000000 253.939648 -0.250994 0.967989 0.000000 -39.303681 0.000000 0.000000 1.000000 0.000000
0.968696 0.248248 0.000000 254.397259 -0.248248 0.968696 0.000000 -39.428364 0.000000 0.000000 1.000000 0.000000
0.968972 0.247171 0.000000 254.894330 -0.247171 0.968972 0.000000 -39.561400 0.000000 0.000000 1.000000 0.000000
0.968742 0.248072 0.000000 255.384608 -0.248072 0.968742 0.000000 -39.688627 0.000000 0.000000 1.000000 0.000000
0.969090 0.246709 0.000000 255.868733 -0.246709 0.969090 0.000000 -39.812372 0.000000 0.000000 1.000000 0.000000
0.969240 0.246119 0.000000 256.363132 -0.246119 0.969240 0.000000 -39.943886 0.000000 0.000000 1.000000 0.000000
0.969691 0.244335 0.000000 256.844567 -0.244335 0.969691 0.000000 -40.068712 0.000000 0.000000 1.000000 0.000000
0.969469 0.245214 0.000000 257.328894 -0.245214 0.969469 0.000000 -40.195978 0.000000 0.000000 1.000000 0.000000
0.968967 0.247189 0.000000 257.804018 -0.247189 0.968967 0.000000 -40.315435 0.000000 0.000000 1.000000 0.000000
0.968431 0.249281 0.000000 258.286021 -0.249281 0.968431 0.000000 -40.439458 0.000000 0.000000 1.000000 0.000000
0.967436 0.253117 0.000000 258.751687 -0.253117 0.967436 0.000000 -40.564169 0.000000 0.000000 1.000000 0.000000
0.967577 0.252575 0.000000 259.222129 -0.252575 0.967577 0.000000 -40.704278 0.000000 0.000000 1.000000 0.000000
0.968369 0.249523 0.000000 259.686295 -0.249523 0.968369 0.000000 -40.843864 0.000000 0.000000 1.000000 0.000000
0.968082 0.250632 0.000000 260.115892 -0.250632 0.968082 0.000000 -40.960815 0.000000 0.000000 1.000000 0.000000
0.967693 0.252131 0.000000 260.569396 -0.252131 0.967693 0.000000 -41.090060 0.000000 0.000000 1.000000 0.000000
0.967597 0.252499 0.000000 261.020205 -0.252499 0.967597 0.000000 -41.217992 0.000000 0.000000 1.000000 0.000000
0.967695 0.252123 0.000000 261.462241 -0.252123 0.967695 0.000000 -41.339073 0.000000 0.000000 1.000000 0.000000
0.967822 0.251634 0.000000 261.917571 -0.251634 0.967822 0.000000 -41.457590 0.000000 0.000000 1.000000 0.000000
0.968073 0.250668 0.000000 262.356615 -0.250668 0.968073 0.000000 -41.569429 0.000000 0.000000 1.000000 0.000000
0.967909 0.251300 0.000000 262.786862 -0.251300 0.967909 0.000000 -41.695366 0.000000 0.000000 1.000000 0.000000
0.968427 0.249296 0.000000 263.216726 -0.249296 0.968427 0.000000 -41.812448 0.000000 0.000000 1.000000 0.000000
0.968929 0.247338 0.000000 263.650061 -0.247338 0.968929 0.000000 -41.928603 0.000000 0.000000 1.000000 0.000000
0.969857 0.243676 0.000000 264.209688 -0.243676 0.969857 0.000000 -42.073319 0.000000 0.000000 1.000000 0.000000
0.969744 0.244123 0.000000 264.630054 -0.244123 0.969744 0.000000 -42.174946 0.000000 0.000000 1.000000 0.000000
0.969149 0.246474 0.000000 265.044016 -0.246474 0.969149 0.000000 -42.288074 0.000000 0.000000 1.000000 0.000000
0.969756 0.244078 0.000000 265.455729 -0.244078 0.969756 0.000000 -42.403400 0.000000 0.000000 1.000000 0.000000
0.969467 0.245222 0.000000 265.873012 -0.245222 0.969467 0.000000 -42.510526 0.000000 0.000000 1.000000 0.000000
0.969959 0.243268 0.000000 266.260155 -0.243268 0.969959 0.000000 -42.612482 0.000000 0.000000 1.000000 0.000000
0.969619 0.244619 0.000000 266.655492 -0.244619 0.969619 0.000000 -42.715257 0.000000 0.000000 1.000000 0.000000
0.969058 0.246833 0.000000 267.081121 -0.246833 0.969058 0.000000 -42.819441 0.000000 0.000000 1.000000 0.000000
0.968714 0.248178 0.000000 267.462838 -0.248178 0.968714 0.000000 -42.930300 0.000000 0.000000 1.000000 0.000000
0.967971 0.251063 0.000000 267.847155 -0.251063 0.967971 0.000000 -43.035556 0.000000 0.000000 1.000000 0.000000
0.968250 0.249985 0.000000 268.223557 -0.249985 0.968250 0.000000 -43.141356 0.000000 0.000000 1.000000 0.000000
0.968466 0.249147 0.000000 268.597817 -0.249147 0.968466 0.000000 -43.249653 0.000000 0.000000 1.000000 0.000000
0.967915 0.251278 0.000000 268.966319 -0.251278 0.967915 0.000000 -43.356060 0.000000 0.000000 1.000000 0.000000
0.967572 0.252597 0.000000 269.325198 -0.252597 0.967572 0.000000 -43.462866 0.000000 0.000000 1.000000 0.000000
0.967675 0.252202 0.000000 269.684538 -0.252202 0.967675 0.000000 -43.571806 0.000000 0.000000 1.000000 0.000000
0.968016 0.250889 0.000000 270.039837 -0.250889 0.968016 0.000000 -43.675754 0.000000 0.000000 1.000000 0.000000
0.968326 0.249688 0.000000 270.390114 -0.249688 0.968326 0.000000 -43.772087 0.000000 0.000000 1.000000 0.000000
0.968145 0.250390 0.000000 270.734122 -0.250390 0.968145 0.000000 -43.865802 0.000000 0.000000 1.000000 0.000000
0.967983 0.251016 0.000000 271.076729 -0.251016 0.967983 0.000000 -43.963870 0.000000 0.000000 1.000000 0.000000
0.968830 0.247725 0.000000 271.412317 -0.247725 0.968830 0.000000 -44.067899 0.000000 0.000000 1.000000 0.000000
0.968983 0.247128 0.000000 272.084164 -0.247128 0.968983 0.000000 -44.259335 0.000000 0.000000 1.000000 0.000000
0.968815 0.247784 0.000000 272.410705 -0.247784 0.968815 0.000000 -44.348548 0.000000 0.000000 1.000000 0.000000
0.968955 0.247239 0.000000 272.729459 -0.247239 0.968955 0.000000 -44.438543 0.000000 0.000000 1.000000 0.000000
0.969111 0.246625 0.000000 273.047880 -0.246625 0.969111 0.000000 -44.526335 0.000000 0.000000 1.000000 0.000000
0.968926 0.247352 0.000000 273.358526 -0.247352 0.968926 0.000000 -44.609745 0.000000 0.000000 1.000000 0.000000
0.967438 0.253109 0.000000 273.955929 -0.253109 0.967438 0.000000 -44.767152 0.000000 0.000000 1.000000 0.000000
0.967385 0.253312 0.000000 274.256357 -0.253312 0.967385 0.000000 -44.850993 0.000000 0.000000 1.000000 0.000000
0.967712 0.252058 0.000000 274.536953 -0.252058 0.967712 0.000000 -44.938198 0.000000 0.000000 1.000000 0.000000
0.968153 0.250359 0.000000 274.817380 -0.250359 0.968153 0.000000 -45.027496 0.000000 0.000000 1.000000 0.000000
0.968493 0.249042 0.000000 275.082898 -0.249042 0.968493 0.000000 -45.107907 0.000000 0.000000 1.000000 0.000000
0.969068 0.246795 0.000000 277.707182 -0.246795 0.969068 0.000000 -45.810210 0.000000 0.000000 1.000000 0.000000
0.968168 0.250303 0.000000 277.946736 -0.250303 0.968168 0.000000 -45.883587 0.000000 0.000000 1.000000 0.000000
0.967721 0.252024 0.000000 278.192086 -0.252024 0.967721 0.000000 -45.946987 0.000000 0.000000 1.000000 0.000000
0.968531 0.248893 0.000000 278.488796 -0.248893 0.968531 0.000000 -46.040199 0.000000 0.000000 1.000000 0.000000
0.969527 0.244986 0.000000 278.833699 -0.244986 0.969527 0.000000 -46.139436 0.000000 0.000000 1.000000 0.000000
0.969575 0.244796 0.000000 279.122257 -0.244796 0.969575 0.000000 -46.211192 0.000000 0.000000 1.000000 0.000000
0.969219 0.246202 0.000000 279.343815 -0.246202 0.969219 0.000000 -46.273689 0.000000 0.000000 1.000000 0.000000
0.969543 0.244920 0.000000 279.560571 -0.244920 0.969543 0.000000 -46.339152 0.000000 0.000000 1.000000 0.000000
0.969848 0.243709 0.000000 279.775530 -0.243709 0.969848 0.000000 -46.397721 0.000000 0.000000 1.000000 0.000000
0.969937 0.243355 0.000000 279.985862 -0.243355 0.969937 0.000000 -46.457317 0.000000 0.000000 1.000000 0.000000
0.969348 0.245690 0.000000 280.202655 -0.245690 0.969348 0.000000 -46.513403 0.000000 0.000000 1.000000 0.000000
0.968934 0.247318 0.000000 280.410628 -0.247318 0.968934 0.000000 -46.568213 0.000000 0.000000 1.000000 0.000000
0.969703 0.244287 0.000000 280.616846 -0.244287 0.969703 0.000000 -46.618998 0.000000 0.000000 1.000000 0.000000
0.969422 0.245400 0.000000 280.822331 -0.245400 0.969422 0.000000 -46.673713 0.000000 0.000000 1.000000 0.000000
0.968872 0.247563 0.000000 281.022163 -0.247563 0.968872 0.000000 -46.727839 0.000000 0.000000 1.000000 0.000000
0.968546 0.248834 0.000000 281.226134 -0.248834 0.968546 0.000000 -46.789783 0.000000 0.000000 1.000000 0.000000
0.968839 0.247692 0.000000 281.404237 -0.247692 0.968839 0.000000 -46.840278 0.000000 0.000000 1.000000 0.000000
0.969155 0.246451 0.000000 281.599883 -0.246451 0.969155 0.000000 -46.904794 0.000000 0.000000 1.000000 0.000000
0.969324 0.245785 0.000000 281.768759 -0.245785 0.969324 0.000000 -46.950921 0.000000 0.000000 1.000000 0.000000
0.969155 0.246453 0.000000 281.947214 -0.246453 0.969155 0.000000 -47.001577 0.000000 0.000000 1.000000 0.000000
0.968463 0.249156 0.000000 282.125735 -0.249156 0.968463 0.000000 -47.049652 0.000000 0.000000 1.000000 0.000000
0.968831 0.247724 0.000000 282.288588 -0.247724 0.968831 0.000000 -47.105257 0.000000 0.000000 1.000000 0.000000
0.968194 0.250200 0.000000 282.447064 -0.250200 0.968194 0.000000 -47.150337 0.000000 0.000000 1.000000 0.000000
0.967329 0.253525 0.000000 282.611658 -0.253525 0.967329 0.000000 -47.190850 0.000000 0.000000 1.000000 0.000000
0.967085 0.254453 0.000000 282.759034 -0.254453 0.967085 0.000000 -47.232272 0.000000 0.000000 1.000000 0.000000
0.967864 0.251474 0.000000 282.997884 -0.251474 0.967864 0.000000 -47.302108 0.000000 0.000000 1.000000 0.000000
0.967311 0.253594 0.000000 283.141886 -0.253594 0.967311 0.000000 -47.338872 0.000000 0.000000 1.000000 0.000000
0.966615 0.256232 0.000000 283.286429 -0.256232 0.966615 0.000000 -47.380723 0.000000 0.000000 1.000000 0.000000
0.966928 0.255049 0.000000 283.420324 -0.255049 0.966928 0.000000 -47.424197 0.000000 0.000000 1.000000 0.000000
0.966271 0.257528 0.000000 283.664083 -0.257528 0.966271 0.000000 -47.492594 0.000000 0.000000 1.000000 0.000000
0.967324 0.253543 0.000000 283.780228 -0.253543 0.967324 0.000000 -47.521340 0.000000 0.000000 1.000000 0.000000
0.966278 0.257501 0.000000 283.888276 -0.257501 0.966278 0.000000 -47.545665 0.000000 0.000000 1.000000 0.000000
0.966509 0.256634 0.000000 283.983701 -0.256634 0.966509 0.000000 -47.579891 0.000000 0.000000 1.000000 0.000000
0.965796 0.259304 0.000000 284.065896 -0.259304 0.965796 0.000000 -47.600875 0.000000 0.000000 1.000000 0.000000
0.966832 0.255411 0.000000 284.189986 -0.255411 0.966832 0.000000 -47.645560 0.000000 0.000000 1.000000 0.000000
0.966787 0.255583 0.000000 284.259459 -0.255583 0.966787 0.000000 -47.667783 0.000000 0.000000 1.000000 0.000000
0.966156 0.257960 0.000000 284.331172 -0.257960 0.966156 0.000000 -47.678603 0.000000 0.000000 1.000000 0.000000
0.966033 0.258419 0.000000 284.383815 -0.258419 0.966033 0.000000 -47.699789 0.000000 0.000000 1.000000 0.000000
0.965806 0.259266 0.000000 284.419400 -0.259266 0.965806 0.000000 -47.711639 0.000000 0.000000 1.000000 0.000000
0.966149 0.257985 0.000000 284.451470 -0.257985 0.966149 0.000000 -47.725855 0.000000 0.000000 1.000000 0.000000
0.965986 0.258595 0.000000 284.465279 -0.258595 0.965986 0.000000 -47.727394 0.000000 0.000000 1.000000 0.000000
0.966038 0.258401 0.000000 284.480326 -0.258401 0.966038 0.000000 -47.727580 0.000000 0.000000 1.000000 0.000000
0.966243 0.257633 0.000000 284.487671 -0.257633 0.966243 0.000000 -47.733875 0.000000 0.000000 1.000000 0.000000
0.966457 0.256829 0.000000 284.483952 -0.256829 0.966457 0.000000 -47.737911 0.000000 0.000000 1.000000 0.000000
0.966454 0.256840 0.000000 284.481735 -0.256840 0.966454 0.000000 -47.734521 0.000000 0.000000 1.000000 0.000000
0.966641 0.256135 0.000000 284.479427 -0.256135 0.966641 0.000000 -47.732711 0.000000 0.000000 1.000000 0.000000
0.966762 0.255680 0.000000 284.476982 -0.255680 0.966762 0.000000 -47.732612 0.000000 0.000000 1.000000 0.000000
0.966797 0.255545 0.000000 284.477254 -0.255545 0.966797 0.000000 -47.730756 0.000000 0.000000 1.000000 0.000000
0.966784 0.255594 0.000000 284.476564 -0.255594 0.966784 0.000000 -47.731171 0.000000 0.000000 1.000000 0.000000
0.966753 0.255710 0.000000 284.477055 -0.255710 0.966753 0.000000 -47.729609 0.000000 0.000000 1.000000 0.000000
0.966681 0.255986 0.000000 284.477915 -0.255986 0.966681 0.000000 -47.727841 0.000000 0.000000 1.000000 0.000000
0.966685 0.255968 0.000000 284.477639 -0.255968 0.966685 0.000000 -47.729932 0.000000 0.000000 1.000000 0.000000
0.966679 0.255992 0.000000 284.479217 -0.255992 0.966679 0.000000 -47.728799 0.000000 0.000000 1.000000 0.000000
0.966675 0.256006 0.000000 284.479896 -0.256006 0.966675 0.000000 -47.725885 0.000000 0.000000 1.000000 0.000000
0.966680 0.255989 0.000000 284.480548 -0.255989 0.966680 0.000000 -47.724820 0.000000 0.000000 1.000000 0.000000
0.966664 0.256048 0.000000 284.480517 -0.256048 0.966664 0.000000 -47.725440 0.000000 0.000000 1.000000 0.000000
0.966656 0.256080 0.000000 284.481377 -0.256080 0.966656 0.000000 -47.725175 0.000000 0.000000 1.000000 0.000000
0.966706 0.255889 0.000000 284.480578 -0.255889 0.966706 0.000000 -47.725687 0.000000 0.000000 1.000000 0.000000
0.966681 0.255984 0.000000 284.480815 -0.255984 0.966681 0.000000 -47.724397 0.000000 0.000000 1.000000 0.000000
0.966687 0.255962 0.000000 284.480771 -0.255962 0.966687 0.000000 -47.725037 0.000000 0.000000 1.000000 0.000000
0.966713 0.255864 0.000000 284.481228 -0.255864 0.966713 0.000000 -47.725689 0.000000 0.000000 1.000000 0.000000
0.966675 0.256008 0.000000 284.481836 -0.256008 0.966675 0.000000 -47.725466 0.000000 0.000000 1.000000 0.000000
0.966676 0.256003 0.000000 284.482160 -0.256003 0.966676 0.000000 -47.727065 0.000000 0.000000 1.000000 0.000000
0.966651 0.256095 0.000000 284.483396 -0.256095 0.966651 0.000000 -47.727660 0.000000 0.000000 1.000000 0.000000
0.966659 0.256069 0.000000 284.483396 -0.256069 0.966659 0.000000 -47.729431 0.000000 0.000000 1.000000 0.000000
0.966688 0.255956 0.000000 284.483437 -0.255956 0.966688 0.000000 -47.730560 0.000000 0.000000 1.000000 0.000000
0.966679 0.255991 0.000000 284.484038 -0.255991 0.966679 0.000000 -47.731586 0.000000 0.000000 1.000000 0.000000
0.966663 0.256050 0.000000 284.483962 -0.256050 0.966663 0.000000 -47.732604 0.000000 0.000000 1.000000 0.000000
0.966702 0.255903 0.000000 284.484187 -0.255903 0.966702 0.000000 -47.733129 0.000000 0.000000 1.000000 0.000000
0.966708 0.255881 0.000000 284.484500 -0.255881 0.966708 0.000000 -47.734375 0.000000 0.000000 1.000000 0.000000
0.966695 0.255933 0.000000 284.485595 -0.255933 0.966695 0.000000 -47.733849 0.000000 0.000000 1.000000 0.000000
0.966691 0.255946 0.000000 284.486911 -0.255946 0.966691 0.000000 -47.734028 0.000000 0.000000 1.000000 0.000000
0.966684 0.255973 0.000000 284.487278 -0.255973 0.966684 0.000000 -47.734869 0.000000 0.000000 1.000000 0.000000
0.966681 0.255983 0.000000 284.487142 -0.255983 0.966681 0.000000 -47.735933 0.000000 0.000000 1.000000 0.000000
0.966674 0.256011 0.000000 284.487424 -0.256011 0.966674 0.000000 -47.737057 0.000000 0.000000 1.000000 0.000000
0.966651 0.256096 0.000000 284.488539 -0.256096 0.966651 0.000000 -47.736934 0.000000 0.000000 1.000000 0.000000
0.966651 0.256097 0.000000 284.489275 -0.256097 0.966651 0.000000 -47.736227 0.000000 0.000000 1.000000 0.000000
0.966636 0.256154 0.000000 284.490229 -0.256154 0.966636 0.000000 -47.735575 0.000000 0.000000 1.000000 0.000000
0.966635 0.256156 0.000000 284.491060 -0.256156 0.966635 0.000000 -47.734710 0.000000 0.000000 1.000000 0.000000
0.966632 0.256169 0.000000 284.492433 -0.256169 0.966632 0.000000 -47.734275 0.000000 0.000000 1.000000 0.000000
0.966634 0.256160 0.000000 284.493670 -0.256160 0.966634 0.000000 -47.734181 0.000000 0.000000 1.000000 0.000000
0.966664 0.256047 0.000000 284.495164 -0.256047 0.966664 0.000000 -47.733856 0.000000 0.000000 1.000000 0.000000
0.966646 0.256116 0.000000 284.496538 -0.256116 0.966646 0.000000 -47.733900 0.000000 0.000000 1.000000 0.000000
0.966629 0.256180 0.000000 284.498146 -0.256180 0.966629 0.000000 -47.733212 0.000000 0.000000 1.000000 0.000000
0.966643 0.256126 0.000000 284.498807 -0.256126 0.966643 0.000000 -47.732387 0.000000 0.000000 1.000000 0.000000
0.966581 0.256361 0.000000 284.499619 -0.256361 0.966581 0.000000 -47.730911 0.000000 0.000000 1.000000 0.000000
0.966531 0.256551 0.000000 284.500183 -0.256551 0.966531 0.000000 -47.730435 0.000000 0.000000 1.000000 0.000000
0.966494 0.256687 0.000000 284.500944 -0.256687 0.966494 0.000000 -47.730733 0.000000 0.000000 1.000000 0.000000
0.966448 0.256861 0.000000 284.500491 -0.256861 0.966448 0.000000 -47.730164 0.000000 0.000000 1.000000 0.000000
0.966349 0.257234 0.000000 284.499968 -0.257234 0.966349 0.000000 -47.729872 0.000000 0.000000 1.000000 0.000000
0.966412 0.256998 0.000000 284.499646 -0.256998 0.966412 0.000000 -47.730832 0.000000 0.000000 1.000000 0.000000
0.966478 0.256749 0.000000 284.498366 -0.256749 0.966478 0.000000 -47.732000 0.000000 0.000000 1.000000 0.000000
0.966593 0.256318 0.000000 284.496774 -0.256318 0.966593 0.000000 -47.733106 0.000000 0.000000 1.000000 0.000000
0.966669 0.256029 0.000000 284.494757 -0.256029 0.966669 0.000000 -47.733783 0.000000 0.000000 1.000000 0.000000
0.966789 0.255578 0.000000 284.493367 -0.255578 0.966789 0.000000 -47.734566 0.000000 0.000000 1.000000 0.000000
0.966954 0.254952 0.000000 284.491595 -0.254952 0.966954 0.000000 -47.736272 0.000000 0.000000 1.000000 0.000000
0.967025 0.254682 0.000000 284.490136 -0.254682 0.967025 0.000000 -47.738769 0.000000 0.000000 1.000000 0.000000
0.967150 0.254206 0.000000 284.487784 -0.254206 0.967150 0.000000 -47.740934 0.000000 0.000000 1.000000 0.000000
0.967197 0.254026 0.000000 284.485520 -0.254026 0.967197 0.000000 -47.743687 0.000000 0.000000 1.000000 0.000000
0.967238 0.253871 0.000000 284.484421 -0.253871 0.967238 0.000000 -47.746484 0.000000 0.000000 1.000000 0.000000
0.967329 0.253524 0.000000 284.483069 -0.253524 0.967329 0.000000 -47.749834 0.000000 0.000000 1.000000 0.000000
0.967539 0.252722 0.000000 284.480034 -0.252722 0.967539 0.000000 -47.757335 0.000000 0.000000 1.000000 0.000000
0.967478 0.252955 0.000000 284.480215 -0.252955 0.967478 0.000000 -47.759617 0.000000 0.000000 1.000000 0.000000
0.967431 0.253136 0.000000 284.481036 -0.253136 0.967431 0.000000 -47.760707 0.000000 0.000000 1.000000 0.000000
0.967388 0.253298 0.000000 284.481570 -0.253298 0.967388 0.000000 -47.762440 0.000000 0.000000 1.000000 0.000000
0.967341 0.253477 0.000000 284.481951 -0.253477 0.967341 0.000000 -47.763860 0.000000 0.000000 1.000000 0.000000
0.967340 0.253481 0.000000 284.482266 -0.253481 0.967340 0.000000 -47.765413 0.000000 0.000000 1.000000 0.000000
0.967316 0.253575 0.000000 284.482444 -0.253575 0.967316 0.000000 -47.767139 0.000000 0.000000 1.000000 0.000000
0.967270 0.253751 0.000000 284.483364 -0.253751 0.967270 0.000000 -47.769017 0.000000 0.000000 1.000000 0.000000
0.967242 0.253855 0.000000 284.484024 -0.253855 0.967242 0.000000 -47.769947 0.000000 0.000000 1.000000 0.000000
0.967229 0.253906 0.000000 284.483138 -0.253906 0.967229 0.000000 -47.769939 0.000000 0.000000 1.000000 0.000000
0.967229 0.253905 0.000000 284.482892 -0.253905 0.967229 0.000000 -47.770259 0.000000 0.000000 1.000000 0.000000
0.967203 0.254006 0.000000 284.482390 -0.254006 0.967203 0.000000 -47.770683 0.000000 0.000000 1.000000 0.000000
0.967200 0.254017 0.000000 284.482177 -0.254017 0.967200 0.000000 -47.770575 0.000000 0.000000 1.000000 0.000000
0.967196 0.254032 0.000000 284.481821 -0.254032 0.967196 0.000000 -47.770569 0.000000 0.000000 1.000000 0.000000
0.967169 0.254133 0.000000 284.481726 -0.254133 0.967169 0.000000 -47.770627 0.000000 0.000000 1.000000 0.000000
0.967181 0.254088 0.000000 284.482016 -0.254088 0.967181 0.000000 -47.769988 0.000000 0.000000 1.000000 0.000000
0.967176 0.254108 0.000000 284.482085 -0.254108 0.967176 0.000000 -47.768686 0.000000 0.000000 1.000000 0.000000
0.967125 0.254302 0.000000 284.482266 -0.254302 0.967125 0.000000 -47.768060 0.000000 0.000000 1.000000 0.000000
0.967117 0.254332 0.000000 284.481970 -0.254332 0.967117 0.000000 -47.767611 0.000000 0.000000 1.000000 0.000000
0.967092 0.254427 0.000000 284.481405 -0.254427 0.967092 0.000000 -47.768010 0.000000 0.000000 1.000000 0.000000
0.967075 0.254492 0.000000 284.481272 -0.254492 0.967075 0.000000 -47.768386 0.000000 0.000000 1.000000 0.000000
0.967074 0.254497 0.000000 284.480710 -0.254497 0.967074 0.000000 -47.767773 0.000000 0.000000 1.000000 0.000000
0.967092 0.254425 0.000000 284.480419 -0.254425 0.967092 0.000000 -47.768102 0.000000 0.000000 1.000000 0.000000
0.967119 0.254322 0.000000 284.479867 -0.254322 0.967119 0.000000 -47.768479 0.000000 0.000000 1.000000 0.000000
0.967129 0.254285 0.000000 284.478470 -0.254285 0.967129 0.000000 -47.768231 0.000000 0.000000 1.000000 0.000000
0.967150 0.254205 0.000000 284.477943 -0.254205 0.967150 0.000000 -47.769043 0.000000 0.000000 1.000000 0.000000
0.967145 0.254227 0.000000 284.477938 -0.254227 0.967145 0.000000 -47.769260 0.000000 0.000000 1.000000 0.000000
0.967154 0.254192 0.000000 284.476516 -0.254192 0.967154 0.000000 -47.769102 0.000000 0.000000 1.000000 0.000000
0.967184 0.254077 0.000000 284.475660 -0.254077 0.967184 0.000000 -47.769392 0.000000 0.000000 1.000000 0.000000
0.967185 0.254074 0.000000 284.475344 -0.254074 0.967185 0.000000 -47.769660 0.000000 0.000000 1.000000 0.000000
0.967174 0.254114 0.000000 284.475131 -0.254114 0.967174 0.000000 -47.770767 0.000000 0.000000 1.000000 0.000000
0.967174 0.254116 0.000000 284.475507 -0.254116 0.967174 0.000000 -47.772081 0.000000 0.000000 1.000000 0.000000
0.967192 0.254048 0.000000 284.476048 -0.254048 0.967192 0.000000 -47.772031 0.000000 0.000000 1.000000 0.000000
0.967173 0.254118 0.000000 284.476804 -0.254118 0.967173 0.000000 -47.772575 0.000000 0.000000 1.000000 0.000000
0.967113 0.254346 0.000000 284.477382 -0.254346 0.967113 0.000000 -47.773581 0.000000 0.000000 1.000000 0.000000
0.967083 0.254460 0.000000 284.477073 -0.254460 0.967083 0.000000 -47.774678 0.000000 0.000000 1.000000 0.000000
0.967069 0.254514 0.000000 284.477392 -0.254514 0.967069 0.000000 -47.775323 0.000000 0.000000 1.000000 0.000000
0.967090 0.254433 0.000000 284.477964 -0.254433 0.967090 0.000000 -47.776188 0.000000 0.000000 1.000000 0.000000
0.967048 0.254595 0.000000 284.479123 -0.254595 0.967048 0.000000 -47.776769 0.000000 0.000000 1.000000 0.000000
0.967027 0.254675 0.000000 284.480506 -0.254675 0.967027 0.000000 -47.775795 0.000000 0.000000 1.000000 0.000000
0.967042 0.254618 0.000000 284.481965 -0.254618 0.967042 0.000000 -47.774965 0.000000 0.000000 1.000000 0.000000
0.967030 0.254663 0.000000 284.483496 -0.254663 0.967030 0.000000 -47.773947 0.000000 0.000000 1.000000 0.000000
0.967046 0.254602 0.000000 284.484787 -0.254602 0.967046 0.000000 -47.773674 0.000000 0.000000 1.000000 0.000000
0.967040 0.254623 0.000000 284.485852 -0.254623 0.967040 0.000000 -47.772836 0.000000 0.000000 1.000000 0.000000
0.967040 0.254624 0.000000 284.486467 -0.254624 0.967040 0.000000 -47.772532 0.000000 0.000000 1.000000 0.000000
0.967043 0.254614 0.000000 284.486931 -0.254614 0.967043 0.000000 -47.771506 0.000000 0.000000 1.000000 0.000000
0.967043 0.254613 0.000000 284.486558 -0.254613 0.967043 0.000000 -47.770888 0.000000 0.000000 1.000000 0.000000
0.967035 0.254643 0.000000 284.486280 -0.254643 0.967035 0.000000 -47.771108 0.000000 0.000000 1.000000 0.000000
0.967086 0.254448 0.000000 284.485997 -0.254448 0.967086 0.000000 -47.770076 0.000000 0.000000 1.000000 0.000000
0.967087 0.254447 0.000000 284.486109 -0.254447 0.967087 0.000000 -47.770400 0.000000 0.000000 1.000000 0.000000
0.967055 0.254567 0.000000 284.486194 -0.254567 0.967055 0.000000 -47.769691 0.000000 0.000000 1.000000 0.000000
0.967064 0.254533 0.000000 284.486055 -0.254533 0.967064 0.000000 -47.769607 0.000000 0.000000 1.000000 0.000000
0.967075 0.254490 0.000000 284.486454 -0.254490 0.967075 0.000000 -47.769178 0.000000 0.000000 1.000000 0.000000
0.966978 0.254861 0.000000 284.486414 -0.254861 0.966978 0.000000 -47.768340 0.000000 0.000000 1.000000 0.000000
0.967014 0.254722 0.000000 284.486910 -0.254722 0.967014 0.000000 -47.767783 0.000000 0.000000 1.000000 0.000000
0.967020 0.254702 0.000000 284.487816 -0.254702 0.967020 0.000000 -47.767756 0.000000 0.000000 1.000000 0.000000
0.967035 0.254643 0.000000 284.488219 -0.254643 0.967035 0.000000 -47.766706 0.000000 0.000000 1.000000 0.000000
0.967040 0.254625 0.000000 284.489315 -0.254625 0.967040 0.000000 -47.765942 0.000000 0.000000 1.000000 0.000000
0.967042 0.254616 0.000000 284.489875 -0.254616 0.967042 0.000000 -47.765890 0.000000 0.000000 1.000000 0.000000
0.967054 0.254570 0.000000 284.490613 -0.254570 0.967054 0.000000 -47.764113 0.000000 0.000000 1.000000 0.000000
0.967070 0.254510 0.000000 284.491019 -0.254510 0.967070 0.000000 -47.762222 0.000000 0.000000 1.000000 0.000000
0.967080 0.254474 0.000000 284.491896 -0.254474 0.967080 0.000000 -47.761205 0.000000 0.000000 1.000000 0.000000
0.967097 0.254406 0.000000 284.491732 -0.254406 0.967097 0.000000 -47.760916 0.000000 0.000000 1.000000 0.000000
0.967095 0.254415 0.000000 284.491394 -0.254415 0.967095 0.000000 -47.762007 0.000000 0.000000 1.000000 0.000000
0.967101 0.254394 0.000000 284.491148 -0.254394 0.967101 0.000000 -47.761928 0.000000 0.000000 1.000000 0.000000
0.967106 0.254375 0.000000 284.491567 -0.254375 0.967106 0.000000 -47.762188 0.000000 0.000000 1.000000 0.000000
0.967109 0.254363 0.000000 284.492259 -0.254363 0.967109 0.000000 -47.762959 0.000000 0.000000 1.000000 0.000000
0.967110 0.254359 0.000000 284.492582 -0.254359 0.967110 0.000000 -47.763403 0.000000 0.000000 1.000000 0.000000
0.967112 0.254351 0.000000 284.494048 -0.254351 0.967112 0.000000 -47.763626 0.000000 0.000000 1.000000 0.000000
0.967094 0.254418 0.000000 284.494379 -0.254418 0.967094 0.000000 -47.764488 0.000000 0.000000 1.000000 0.000000
0.967094 0.254420 0.000000 284.494632 -0.254420 0.967094 0.000000 -47.764509 0.000000 0.000000 1.000000 0.000000
0.967092 0.254427 0.000000 284.495338 -0.254427 0.967092 0.000000 -47.765464 0.000000 0.000000 1.000000 0.000000
0.967082 0.254464 0.000000 284.496278 -0.254464 0.967082 0.000000 -47.766121 0.000000 0.000000 1.000000 0.000000
0.967067 0.254524 0.000000 284.496964 -0.254524 0.967067 0.000000 -47.765770 0.000000 0.000000 1.000000 0.000000
0.967064 0.254533 0.000000 284.497570 -0.254533 0.967064 0.000000 -47.766237 0.000000 0.000000 1.000000 0.000000
0.967053 0.254575 0.000000 284.497898 -0.254575 0.967053 0.000000 -47.766359 0.000000 0.000000 1.000000 0.000000
0.967026 0.254676 0.000000 284.498392 -0.254676 0.967026 0.000000 -47.766139 0.000000 0.000000 1.000000 0.000000
0.967037 0.254635 0.000000 284.498835 -0.254635 0.967037 0.000000 -47.766961 0.000000 0.000000 1.000000 0.000000
0.967024 0.254684 0.000000 284.498972 -0.254684 0.967024 0.000000 -47.767153 0.000000 0.000000 1.000000 0.000000
0.967028 0.254669 0.000000 284.499324 -0.254669 0.967028 0.000000 -47.767475 0.000000 0.000000 1.000000 0.000000
0.967056 0.254563 0.000000 284.499397 -0.254563 0.967056 0.000000 -47.768233 0.000000 0.000000 1.000000 0.000000
0.967041 0.254622 0.000000 284.499669 -0.254622 0.967041 0.000000 -47.768498 0.000000 0.000000 1.000000 0.000000
0.967023 0.254691 0.000000 284.499445 -0.254691 0.967023 0.000000 -47.769388 0.000000 0.000000 1.000000 0.000000
0.966967 0.254901 0.000000 284.499683 -0.254901 0.966967 0.000000 -47.769835 0.000000 0.000000 1.000000 0.000000
0.966981 0.254850 0.000000 284.499923 -0.254850 0.966981 0.000000 -47.770259 0.000000 0.000000 1.000000 0.000000
0.966993 0.254803 0.000000 284.500558 -0.254803 0.966993 0.000000 -47.770532 0.000000 0.000000 1.000000 0.000000
0.967016 0.254715 0.000000 284.500349 -0.254715 0.967016 0.000000 -47.771384 0.000000 0.000000 1.000000 0.000000
0.967027 0.254674 0.000000 284.499771 -0.254674 0.967027 0.000000 -47.771708 0.000000 0.000000 1.000000 0.000000
0.966982 0.254844 0.000000 284.499258 -0.254844 0.966982 0.000000 -47.772102 0.000000 0.000000 1.000000 0.000000
0.967001 0.254771 0.000000 284.499153 -0.254771 0.967001 0.000000 -47.773151 0.000000 0.000000 1.000000 0.000000
0.966984 0.254836 0.000000 284.499379 -0.254836 0.966984 0.000000 -47.773285 0.000000 0.000000 1.000000 0.000000
0.966944 0.254991 0.000000 284.499677 -0.254991 0.966944 0.000000 -47.773878 0.000000 0.000000 1.000000 0.000000
0.966948 0.254972 0.000000 284.499786 -0.254972 0.966948 0.000000 -47.773613 0.000000 0.000000 1.000000 0.000000
0.966920 0.255079 0.000000 284.499662 -0.255079 0.966920 0.000000 -47.772629 0.000000 0.000000 1.000000 0.000000
0.966946 0.254980 0.000000 284.500218 -0.254980 0.966946 0.000000 -47.772212 0.000000 0.000000 1.000000 0.000000
0.967016 0.254714 0.000000 284.500036 -0.254714 0.967016 0.000000 -47.771721 0.000000 0.000000 1.000000 0.000000
0.967067 0.254521 0.000000 284.500609 -0.254521 0.967067 0.000000 -47.770967 0.000000 0.000000 1.000000 0.000000
0.967112 0.254350 0.000000 284.500803 -0.254350 0.967112 0.000000 -47.770725 0.000000 0.000000 1.000000 0.000000
0.967164 0.254152 0.000000 284.501417 -0.254152 0.967164 0.000000 -47.770993 0.000000 0.000000 1.000000 0.000000
0.967144 0.254230 0.000000 284.501601 -0.254230 0.967144 0.000000 -47.770191 0.000000 0.000000 1.000000 0.000000
0.967147 0.254220 0.000000 284.502440 -0.254220 0.967147 0.000000 -47.770384 0.000000 0.000000 1.000000 0.000000
0.967149 0.254211 0.000000 284.503817 -0.254211 0.967149 0.000000 -47.770160 0.000000 0.000000 1.000000 0.000000
0.967138 0.254253 0.000000 284.504898 -0.254253 0.967138 0.000000 -47.770571 0.000000 0.000000 1.000000 0.000000
0.967123 0.254308 0.000000 284.506462 -0.254308 0.967123 0.000000 -47.771276 0.000000 0.000000 1.000000 0.000000
0.967093 0.254422 0.000000 284.507768 -0.254422 0.967093 0.000000 -47.771701 0.000000 0.000000 1.000000 0.000000
0.967092 0.254427 0.000000 284.509127 -0.254427 0.967092 0.000000 -47.772221 0.000000 0.000000 1.000000 0.000000
0.967129 0.254286 0.000000 284.509825 -0.254286 0.967129 0.000000 -47.772374 0.000000 0.000000 1.000000 0.000000
0.967069 0.254513 0.000000 284.510984 -0.254513 0.967069 0.000000 -47.771367 0.000000 0.000000 1.000000 0.000000
0.967019 0.254704 0.000000 284.510920 -0.254704 0.967019 0.000000 -47.770123 0.000000 0.000000 1.000000 0.000000
0.967013 0.254728 0.000000 284.511631 -0.254728 0.967013 0.000000 -47.768540 0.000000 0.000000 1.000000 0.000000
0.967016 0.254716 0.000000 284.511780 -0.254716 0.967016 0.000000 -47.768180 0.000000 0.000000 1.000000 0.000000
0.966987 0.254827 0.000000 284.511773 -0.254827 0.966987 0.000000 -47.767472 0.000000 0.000000 1.000000 0.000000
0.966996 0.254792 0.000000 284.512367 -0.254792 0.966996 0.000000 -47.766876 0.000000 0.000000 1.000000 0.000000
0.966979 0.254856 0.000000 284.512347 -0.254856 0.966979 0.000000 -47.764389 0.000000 0.000000 1.000000 0.000000
0.966968 0.254899 0.000000 284.512154 -0.254899 0.966968 0.000000 -47.762630 0.000000 0.000000 1.000000 0.000000
0.966986 0.254829 0.000000 284.511958 -0.254829 0.966986 0.000000 -47.761463 0.000000 0.000000 1.000000 0.000000
0.966942 0.254997 0.000000 284.511905 -0.254997 0.966942 0.000000 -47.759136 0.000000 0.000000 1.000000 0.000000
0.966965 0.254910 0.000000 284.512282 -0.254910 0.966965 0.000000 -47.757418 0.000000 0.000000 1.000000 0.000000
0.966957 0.254940 0.000000 284.513216 -0.254940 0.966957 0.000000 -47.756339 0.000000 0.000000 1.000000 0.000000
0.966967 0.254902 0.000000 284.512928 -0.254902 0.966967 0.000000 -47.755976 0.000000 0.000000 1.000000 0.000000
0.966973 0.254877 0.000000 284.513408 -0.254877 0.966973 0.000000 -47.755856 0.000000 0.000000 1.000000 0.000000
0.966993 0.254803 0.000000 284.513823 -0.254803 0.966993 0.000000 -47.755735 0.000000 0.000000 1.000000 0.000000
0.967021 0.254697 0.000000 284.513716 -0.254697 0.967021 0.000000 -47.755287 0.000000 0.000000 1.000000 0.000000
0.967018 0.254709 0.000000 284.514488 -0.254709 0.967018 0.000000 -47.754739 0.000000 0.000000 1.000000 0.000000
0.966997 0.254787 0.000000 284.514595 -0.254787 0.966997 0.000000 -47.754609 0.000000 0.000000 1.000000 0.000000
0.966999 0.254781 0.000000 284.514247 -0.254781 0.966999 0.000000 -47.754987 0.000000 0.000000 1.000000 0.000000
0.967015 0.254719 0.000000 284.513888 -0.254719 0.967015 0.000000 -47.755969 0.000000 0.000000 1.000000 0.000000
0.967023 0.254690 0.000000 284.513977 -0.254690 0.967023 0.000000 -47.756394 0.000000 0.000000 1.000000 0.000000
0.967043 0.254612 0.000000 284.513615 -0.254612 0.967043 0.000000 -47.756752 0.000000 0.000000 1.000000 0.000000
0.967046 0.254603 0.000000 284.514361 -0.254603 0.967046 0.000000 -47.756376 0.000000 0.000000 1.000000 0.000000
0.967055 0.254566 0.000000 284.515303 -0.254566 0.967055 0.000000 -47.756088 0.000000 0.000000 1.000000 0.000000
0.967091 0.254432 0.000000 284.515515 -0.254432 0.967091 0.000000 -47.756297 0.000000 0.000000 1.000000 0.000000
0.967129 0.254286 0.000000 284.516148 -0.254286 0.967129 0.000000 -47.756721 0.000000 0.000000 1.000000 0.000000
0.967134 0.254269 0.000000 284.515741 -0.254269 0.967134 0.000000 -47.757197 0.000000 0.000000 1.000000 0.000000
0.967097 0.254408 0.000000 284.515473 -0.254408 0.967097 0.000000 -47.757230 0.000000 0.000000 1.000000 0.000000
0.967071 0.254508 0.000000 284.515881 -0.254508 0.967071 0.000000 -47.756619 0.000000 0.000000 1.000000 0.000000
0.967045 0.254606 0.000000 284.516721 -0.254606 0.967045 0.000000 -47.756244 0.000000 0.000000 1.000000 0.000000
0.967024 0.254687 0.000000 284.517425 -0.254687 0.967024 0.000000 -47.756282 0.000000 0.000000 1.000000 0.000000
