0.999991 -0.004352 0.000000 0.624434 0.004352 0.999991 0.000000 -0.021944 0.000000 0.000000 1.000000 0.000000
0.999960 -0.008964 0.000000 1.246699 0.008964 0.999960 0.000000 -0.028949 0.000000 0.000000 1.000000 0.000000
0.999922 -0.012463 0.000000 1.869081 0.012463 0.999922 0.000000 -0.045849 0.000000 0.000000 1.000000 0.000000
0.999949 -0.010067 0.000000 2.494001 0.010067 0.999949 0.000000 -0.064301 0.000000 0.000000 1.000000 0.000000
0.999960 -0.008896 0.000000 3.119672 0.008896 0.999960 0.000000 -0.076752 0.000000 0.000000 1.000000 0.000000
0.999936 -0.011279 0.000000 3.942953 0.011279 0.999936 0.000000 -0.093498 0.000000 0.000000 1.000000 0.000000
0.999957 -0.009326 0.000000 4.529732 0.009326 0.999957 0.000000 -0.099761 0.000000 0.000000 1.000000 0.000000
0.999935 -0.011366 0.000000 5.158215 0.011366 0.999935 0.000000 -0.119320 0.000000 0.000000 1.000000 0.000000
0.999846 -0.017555 0.000000 6.087329 0.017555 0.999846 0.000000 -0.155312 0.000000 0.000000 1.000000 0.000000
0.999820 -0.018974 0.000000 6.711939 0.018974 0.999820 0.000000 -0.169314 0.000000 0.000000 1.000000 0.000000
0.999732 -0.023141 0.000000 7.339790 0.023141 0.999732 0.000000 -0.186458 0.000000 0.000000 1.000000 0.000000
0.999799 -0.020024 0.000000 7.968987 0.020024 0.999799 0.000000 -0.189746 0.000000 0.000000 1.000000 0.000000
0.999714 -0.023918 0.000000 9.224071 0.023918 0.999714 0.000000 -0.205365 0.000000 0.000000 1.000000 0.000000
0.999541 -0.030279 0.000000 9.852439 0.030279 0.999541 0.000000 -0.210469 0.000000 0.000000 1.000000 0.000000
0.999542 -0.030254 0.000000 10.478511 0.030254 0.999542 0.000000 -0.207157 0.000000 0.000000 1.000000 0.000000
0.999472 -0.032497 0.000000 11.104629 0.032497 0.999472 0.000000 -0.208120 0.000000 0.000000 1.000000 0.000000
0.999466 -0.032663 0.000000 11.769861 0.032663 0.999466 0.000000 -0.217908 0.000000 0.000000 1.000000 0.000000
0.999444 -0.033332 0.000000 12.395732 0.033332 0.999444 0.000000 -0.213122 0.000000 0.000000 1.000000 0.000000
0.999440 -0.033452 0.000000 13.018121 0.033452 0.999440 0.000000 -0.206698 0.000000 0.000000 1.000000 0.000000
0.999346 -0.036159 0.000000 13.642232 0.036159 0.999346 0.000000 -0.206474 0.000000 0.000000 1.000000 0.000000
0.999265 -0.038340 0.000000 14.261211 0.038340 0.999265 0.000000 -0.202169 0.000000 0.000000 1.000000 0.000000
0.999289 -0.037698 0.000000 14.884260 0.037698 0.999289 0.000000 -0.193125 0.000000 0.000000 1.000000 0.000000
0.999228 -0.039275 0.000000 15.509054 0.039275 0.999228 0.000000 -0.193078 0.000000 0.000000 1.000000 0.000000
0.999256 -0.038563 0.000000 16.125178 0.038563 0.999256 0.000000 -0.184063 0.000000 0.000000 1.000000 0.000000
0.999202 -0.039933 0.000000 16.778868 0.039933 0.999202 0.000000 -0.178574 0.000000 0.000000 1.000000 0.000000
0.999193 -0.040174 0.000000 17.365770 0.040174 0.999193 0.000000 -0.169000 0.000000 0.000000 1.000000 0.000000
0.999214 -0.039648 0.000000 17.988380 0.039648 0.999214 0.000000 -0.163391 0.000000 0.000000 1.000000 0.000000
0.999015 -0.044380 0.000000 18.608913 0.044380 0.999015 0.000000 -0.166179 0.000000 0.000000 1.000000 0.000000
0.998941 -0.046018 0.000000 19.262408 0.046018 0.998941 0.000000 -0.149763 0.000000 0.000000 1.000000 0.000000
0.998556 -0.053719 0.000000 19.898210 0.053719 0.998556 0.000000 -0.147009 0.000000 0.000000 1.000000 0.000000
0.998523 -0.054328 0.000000 20.519379 0.054328 0.998523 0.000000 -0.134481 0.000000 0.000000 1.000000 0.000000
0.998659 -0.051763 0.000000 21.138737 0.051763 0.998659 0.000000 -0.115460 0.000000 0.000000 1.000000 0.000000
0.998509 -0.054595 0.000000 21.762963 0.054595 0.998509 0.000000 -0.102493 0.000000 0.000000 1.000000 0.000000
0.998517 -0.054441 0.000000 22.380955 0.054441 0.998517 0.000000 -0.088893 0.000000 0.000000 1.000000 0.000000
0.998465 -0.055384 0.000000 22.982191 0.055384 0.998465 0.000000 -0.073430 0.000000 0.000000 1.000000 0.000000
0.998471 -0.055277 0.000000 23.603669 0.055277 0.998471 0.000000 -0.056722 0.000000 0.000000 1.000000 0.000000
0.998520 -0.054383 0.000000 24.226292 0.054383 0.998520 0.000000 -0.037448 0.000000 0.000000 1.000000 0.000000
0.998381 -0.056884 0.000000 24.807952 0.056884 0.998381 0.000000 -0.027727 0.000000 0.000000 1.000000 0.000000
0.998233 -0.059414 0.000000 25.434337 0.059414 0.998233 0.000000 -0.010562 0.000000 0.000000 1.000000 0.000000
0.998099 -0.061637 0.000000 26.045721 0.061637 0.998099 0.000000 0.003475 0.000000 0.000000 1.000000 0.000000
0.998055 -0.062347 0.000000 26.636014 0.062347 0.998055 0.000000 0.016274 0.000000 0.000000 1.000000 0.000000
0.998060 -0.062258 0.000000 27.256928 0.062258 0.998060 0.000000 0.034316 0.000000 0.000000 1.000000 0.000000
0.998080 -0.061941 0.000000 27.886121 0.061941 0.998080 0.000000 0.053115 0.000000 0.000000 1.000000 0.000000
0.998203 -0.059919 0.000000 28.511271 0.059919 0.998203 0.000000 0.076256 0.000000 0.000000 1.000000 0.000000
0.998463 -0.055423 0.000000 29.094933 0.055423 0.998463 0.000000 0.094929 0.000000 0.000000 1.000000 0.000000
0.998607 -0.052768 0.000000 29.725591 0.052768 0.998607 0.000000 0.111775 0.000000 0.000000 1.000000 0.000000
0.998689 -0.051194 0.000000 30.312938 0.051194 0.998689 0.000000 0.130152 0.000000 0.000000 1.000000 0.000000
0.998656 -0.051822 0.000000 30.935209 0.051822 0.998656 0.000000 0.144565 0.000000 0.000000 1.000000 0.000000
0.998649 -0.051971 0.000000 31.573912 0.051971 0.998649 0.000000 0.159427 0.000000 0.000000 1.000000 0.000000
0.998824 -0.048491 0.000000 32.397229 0.048491 0.998824 0.000000 0.188184 0.000000 0.000000 1.000000 0.000000
0.998910 -0.046669 0.000000 33.030282 0.046669 0.998910 0.000000 0.209869 0.000000 0.000000 1.000000 0.000000
0.999002 -0.044672 0.000000 33.667504 0.044672 0.999002 0.000000 0.228762 0.000000 0.000000 1.000000 0.000000
0.999119 -0.041977 0.000000 34.298420 0.041977 0.999119 0.000000 0.242376 0.000000 0.000000 1.000000 0.000000
0.999091 -0.042619 0.000000 34.931496 0.042619 0.999091 0.000000 0.249759 0.000000 0.000000 1.000000 0.000000
0.999265 -0.038332 0.000000 35.572036 0.038332 0.999265 0.000000 0.268435 0.000000 0.000000 1.000000 0.000000
0.999357 -0.035842 0.000000 36.205743 0.035842 0.999357 0.000000 0.277889 0.000000 0.000000 1.000000 0.000000
0.999512 -0.031252 0.000000 36.846984 0.031252 0.999512 0.000000 0.289660 0.000000 0.000000 1.000000 0.000000
0.999501 -0.031600 0.000000 37.480645 0.031600 0.999501 0.000000 0.285789 0.000000 0.000000 1.000000 0.000000
0.999641 -0.026801 0.000000 38.118653 0.026801 0.999641 0.000000 0.298886 0.000000 0.000000 1.000000 0.000000
0.999622 -0.027485 0.000000 38.756837 0.027485 0.999622 0.000000 0.295264 0.000000 0.000000 1.000000 0.000000
0.999681 -0.025241 0.000000 39.394027 0.025241 0.999681 0.000000 0.297188 0.000000 0.000000 1.000000 0.000000
0.999729 -0.023258 0.000000 40.032971 0.023258 0.999729 0.000000 0.299511 0.000000 0.000000 1.000000 0.000000
0.999720 -0.023665 0.000000 40.665324 0.023665 0.999720 0.000000 0.289854 0.000000 0.000000 1.000000 0.000000
0.999764 -0.021716 0.000000 41.258984 0.021716 0.999764 0.000000 0.285229 0.000000 0.000000 1.000000 0.000000
0.999855 -0.017015 0.000000 41.904894 0.017015 0.999855 0.000000 0.286500 0.000000 0.000000 1.000000 0.000000
0.999863 -0.016535 0.000000 42.535794 0.016535 0.999863 0.000000 0.278635 0.000000 0.000000 1.000000 0.000000
0.999858 -0.016836 0.000000 43.182990 0.016836 0.999858 0.000000 0.266620 0.000000 0.000000 1.000000 0.000000
0.999879 -0.015527 0.000000 43.822508 0.015527 0.999879 0.000000 0.261791 0.000000 0.000000 1.000000 0.000000
0.999895 -0.014478 0.000000 44.455065 0.014478 0.999895 0.000000 0.252707 0.000000 0.000000 1.000000 0.000000
0.999894 -0.014566 0.000000 45.102763 0.014566 0.999894 0.000000 0.246834 0.000000 0.000000 1.000000 0.000000
0.999906 -0.013694 0.000000 45.747344 0.013694 0.999906 0.000000 0.243588 0.000000 0.000000 1.000000 0.000000
0.999942 -0.010804 0.000000 46.393677 0.010804 0.999942 0.000000 0.238418 0.000000 0.000000 1.000000 0.000000
0.999952 -0.009825 0.000000 47.035924 0.009825 0.999952 0.000000 0.228166 0.000000 0.000000 1.000000 0.000000
0.999940 -0.010988 0.000000 47.695658 0.010988 0.999940 0.000000 0.209023 0.000000 0.000000 1.000000 0.000000
0.999955 -0.009451 0.000000 48.306069 0.009451 0.999955 0.000000 0.203789 0.000000 0.000000 1.000000 0.000000
0.999921 -0.012584 0.000000 48.954984 0.012584 0.999921 0.000000 0.188409 0.000000 0.000000 1.000000 0.000000
0.999955 -0.009481 0.000000 49.610566 0.009481 0.999955 0.000000 0.183312 0.000000 0.000000 1.000000 0.000000
0.999915 -0.013025 0.000000 50.273162 0.013025 0.999915 0.000000 0.171069 0.000000 0.000000 1.000000 0.000000
0.999884 -0.015246 0.000000 50.935292 0.015246 0.999884 0.000000 0.156147 0.000000 0.000000 1.000000 0.000000
0.999889 -0.014887 0.000000 51.588525 0.014887 0.999889 0.000000 0.151562 0.000000 0.000000 1.000000 0.000000
0.999905 -0.013816 0.000000 52.212151 0.013816 0.999905 0.000000 0.149630 0.000000 0.000000 1.000000 0.000000
0.999942 -0.010782 0.000000 52.872917 0.010782 0.999942 0.000000 0.148025 0.000000 0.000000 1.000000 0.000000
0.999958 -0.009216 0.000000 53.533151 0.009216 0.999958 0.000000 0.136882 0.000000 0.000000 1.000000 0.000000
0.999969 -0.007846 0.000000 54.200181 0.007846 0.999969 0.000000 0.129284 0.000000 0.000000 1.000000 0.000000
0.999922 -0.012509 0.000000 54.863351 0.012509 0.999922 0.000000 0.121527 0.000000 0.000000 1.000000 0.000000
0.999950 -0.010043 0.000000 55.527491 0.010043 0.999950 0.000000 0.110091 0.000000 0.000000 1.000000 0.000000
0.999935 -0.011379 0.000000 56.555930 0.011379 0.999935 0.000000 0.092277 0.000000 0.000000 1.000000 0.000000
0.999926 -0.012125 0.000000 57.244378 0.012125 0.999926 0.000000 0.083388 0.000000 0.000000 1.000000 0.000000
0.999925 -0.012232 0.000000 57.879400 0.012232 0.999925 0.000000 0.072714 0.000000 0.000000 1.000000 0.000000
0.999933 -0.011587 0.000000 58.538599 0.011587 0.999933 0.000000 0.060361 0.000000 0.000000 1.000000 0.000000
0.999942 -0.010775 0.000000 59.196035 0.010775 0.999942 0.000000 0.050331 0.000000 0.000000 1.000000 0.000000
0.999916 -0.012956 0.000000 59.850686 0.012956 0.999916 0.000000 0.039516 0.000000 0.000000 1.000000 0.000000
0.999918 -0.012777 0.000000 60.504111 0.012777 0.999918 0.000000 0.024871 0.000000 0.000000 1.000000 0.000000
0.999910 -0.013433 0.000000 61.153428 0.013433 0.999910 0.000000 0.020293 0.000000 0.000000 1.000000 0.000000
0.999870 -0.016133 0.000000 62.486939 0.016133 0.999870 0.000000 0.001353 0.000000 0.000000 1.000000 0.000000
0.999794 -0.020313 0.000000 63.134558 0.020313 0.999794 0.000000 -0.002377 0.000000 0.000000 1.000000 0.000000
0.999774 -0.021277 0.000000 63.771186 0.021277 0.999774 0.000000 -0.012028 0.000000 0.000000 1.000000 0.000000
0.999791 -0.020422 0.000000 64.411697 0.020422 0.999791 0.000000 -0.021537 0.000000 0.000000 1.000000 0.000000
0.999810 -0.019484 0.000000 65.050070 0.019484 0.999810 0.000000 -0.033183 0.000000 0.000000 1.000000 0.000000
0.999773 -0.021300 0.000000 65.724566 0.021300 0.999773 0.000000 -0.045066 0.000000 0.000000 1.000000 0.000000
0.999799 -0.020032 0.000000 66.359424 0.020032 0.999799 0.000000 -0.047565 0.000000 0.000000 1.000000 0.000000
0.999818 -0.019072 0.000000 66.966063 0.019072 0.999818 0.000000 -0.051164 0.000000 0.000000 1.000000 0.000000
0.999828 -0.018521 0.000000 67.598115 0.018521 0.999828 0.000000 -0.059735 0.000000 0.000000 1.000000 0.000000
0.999846 -0.017554 0.000000 68.187834 0.017554 0.999846 0.000000 -0.070843 0.000000 0.000000 1.000000 0.000000
0.999850 -0.017316 0.000000 68.815311 0.017316 0.999850 0.000000 -0.081298 0.000000 0.000000 1.000000 0.000000
0.999841 -0.017810 0.000000 69.441898 0.017810 0.999841 0.000000 -0.094965 0.000000 0.000000 1.000000 0.000000
0.999842 -0.017788 0.000000 70.023796 0.017788 0.999842 0.000000 -0.106088 0.000000 0.000000 1.000000 0.000000
0.999813 -0.019333 0.000000 70.646918 0.019333 0.999813 0.000000 -0.121460 0.000000 0.000000 1.000000 0.000000
0.999823 -0.018795 0.000000 71.265903 0.018795 0.999823 0.000000 -0.133123 0.000000 0.000000 1.000000 0.000000
0.999807 -0.019661 0.000000 71.844885 0.019661 0.999807 0.000000 -0.146083 0.000000 0.000000 1.000000 0.000000
0.999820 -0.018993 0.000000 72.461287 0.018993 0.999820 0.000000 -0.150908 0.000000 0.000000 1.000000 0.000000
0.999885 -0.015166 0.000000 73.037168 0.015166 0.999885 0.000000 -0.153275 0.000000 0.000000 1.000000 0.000000
0.999893 -0.014611 0.000000 73.649847 0.014611 0.999893 0.000000 -0.161552 0.000000 0.000000 1.000000 0.000000
0.999903 -0.013913 0.000000 74.260105 0.013913 0.999903 0.000000 -0.170842 0.000000 0.000000 1.000000 0.000000
0.999922 -0.012455 0.000000 75.103111 0.012455 0.999922 0.000000 -0.186796 0.000000 0.000000 1.000000 0.000000
0.999947 -0.010309 0.000000 75.705733 0.010309 0.999947 0.000000 -0.200946 0.000000 0.000000 1.000000 0.000000
0.999899 -0.014187 0.000000 76.308446 0.014187 0.999899 0.000000 -0.213282 0.000000 0.000000 1.000000 0.000000
0.999912 -0.013247 0.000000 76.909384 0.013247 0.999912 0.000000 -0.221033 0.000000 0.000000 1.000000 0.000000
0.999859 -0.016768 0.000000 77.508327 0.016768 0.999859 0.000000 -0.229290 0.000000 0.000000 1.000000 0.000000
0.999838 -0.018009 0.000000 78.107457 0.018009 0.999838 0.000000 -0.238526 0.000000 0.000000 1.000000 0.000000
0.999843 -0.017727 0.000000 78.741924 0.017727 0.999843 0.000000 -0.241348 0.000000 0.000000 1.000000 0.000000
0.999826 -0.018673 0.000000 79.336384 0.018673 0.999826 0.000000 -0.251443 0.000000 0.000000 1.000000 0.000000
0.999857 -0.016882 0.000000 79.927212 0.016882 0.999857 0.000000 -0.259454 0.000000 0.000000 1.000000 0.000000
0.999804 -0.019780 0.000000 81.093575 0.019780 0.999804 0.000000 -0.271995 0.000000 0.000000 1.000000 0.000000
0.999834 -0.018196 0.000000 81.677159 0.018196 0.999834 0.000000 -0.278359 0.000000 0.000000 1.000000 0.000000
0.999869 -0.016161 0.000000 82.256561 0.016161 0.999869 0.000000 -0.295634 0.000000 0.000000 1.000000 0.000000
0.999869 -0.016207 0.000000 82.837201 0.016207 0.999869 0.000000 -0.309195 0.000000 0.000000 1.000000 0.000000
0.999904 -0.013869 0.000000 83.414247 0.013869 0.999904 0.000000 -0.318448 0.000000 0.000000 1.000000 0.000000
0.999895 -0.014457 0.000000 83.985861 0.014457 0.999895 0.000000 -0.339792 0.000000 0.000000 1.000000 0.000000
0.999864 -0.016499 0.000000 84.552245 0.016499 0.999864 0.000000 -0.350931 0.000000 0.000000 1.000000 0.000000
0.999854 -0.017092 0.000000 85.115126 0.017092 0.999854 0.000000 -0.365894 0.000000 0.000000 1.000000 0.000000
0.999870 -0.016145 0.000000 85.675565 0.016145 0.999870 0.000000 -0.380011 0.000000 0.000000 1.000000 0.000000
0.999871 -0.016074 0.000000 86.231570 0.016074 0.999871 0.000000 -0.394828 0.000000 0.000000 1.000000 0.000000
0.999867 -0.016288 0.000000 86.781332 0.016288 0.999867 0.000000 -0.408768 0.000000 0.000000 1.000000 0.000000
0.999871 -0.016040 0.000000 87.327995 0.016040 0.999871 0.000000 -0.425736 0.000000 0.000000 1.000000 0.000000
0.999902 -0.013985 0.000000 87.871039 0.013985 0.999902 0.000000 -0.441405 0.000000 0.000000 1.000000 0.000000
0.999923 -0.012396 0.000000 88.386277 0.012396 0.999923 0.000000 -0.453067 0.000000 0.000000 1.000000 0.000000
0.999954 -0.009557 0.000000 88.929536 0.009557 0.999954 0.000000 -0.462666 0.000000 0.000000 1.000000 0.000000
0.999979 -0.006509 0.000000 89.451430 0.006509 0.999979 0.000000 -0.466887 0.000000 0.000000 1.000000 0.000000
0.999976 -0.006906 0.000000 89.960769 0.006906 0.999976 0.000000 -0.484228 0.000000 0.000000 1.000000 0.000000
0.999974 -0.007167 0.000000 90.496350 0.007167 0.999974 0.000000 -0.502156 0.000000 0.000000 1.000000 0.000000
0.999975 -0.007049 0.000000 91.021288 0.007049 0.999975 0.000000 -0.514476 0.000000 0.000000 1.000000 0.000000
0.999981 -0.006161 0.000000 91.512084 0.006161 0.999981 0.000000 -0.529855 0.000000 0.000000 1.000000 0.000000
0.999993 -0.003820 0.000000 92.039363 0.003820 0.999993 0.000000 -0.543274 0.000000 0.000000 1.000000 0.000000
0.999988 -0.004843 0.000000 92.556778 0.004843 0.999988 0.000000 -0.559784 0.000000 0.000000 1.000000 0.000000
0.999991 -0.004329 0.000000 93.041391 0.004329 0.999991 0.000000 -0.570753 0.000000 0.000000 1.000000 0.000000
0.999995 -0.003100 0.000000 93.560667 0.003100 0.999995 0.000000 -0.580093 0.000000 0.000000 1.000000 0.000000
0.999999 -0.001053 0.000000 94.072353 0.001053 0.999999 0.000000 -0.594129 0.000000 0.000000 1.000000 0.000000
1.000000 -0.000631 0.000000 94.548962 0.000631 1.000000 0.000000 -0.612230 0.000000 0.000000 1.000000 0.000000
1.000000 -0.000672 0.000000 95.058272 0.000672 1.000000 0.000000 -0.631001 0.000000 0.000000 1.000000 0.000000
0.999999 0.001215 0.000000 95.532420 -0.001215 0.999999 0.000000 -0.648168 0.000000 0.000000 1.000000 0.000000
0.999999 0.001142 0.000000 96.033810 -0.001142 0.999999 0.000000 -0.667613 0.000000 0.000000 1.000000 0.000000
1.000000 0.000155 0.000000 96.692780 -0.000155 1.000000 0.000000 -0.690080 0.000000 0.000000 1.000000 0.000000
1.000000 0.000186 0.000000 97.186459 -0.000186 1.000000 0.000000 -0.704292 0.000000 0.000000 1.000000 0.000000
1.000000 0.000700 0.000000 97.680110 -0.000700 1.000000 0.000000 -0.714842 0.000000 0.000000 1.000000 0.000000
1.000000 -0.000497 0.000000 98.165609 0.000497 1.000000 0.000000 -0.730833 0.000000 0.000000 1.000000 0.000000
0.999997 -0.002631 0.000000 98.650502 0.002631 0.999997 0.000000 -0.753742 0.000000 0.000000 1.000000 0.000000
0.999994 -0.003425 0.000000 99.133159 0.003425 0.999994 0.000000 -0.776127 0.000000 0.000000 1.000000 0.000000
0.999999 -0.001067 0.000000 99.605908 0.001067 0.999999 0.000000 -0.790355 0.000000 0.000000 1.000000 0.000000
0.999992 0.003949 0.000000 100.556500 -0.003949 0.999992 0.000000 -0.829837 0.000000 0.000000 1.000000 0.000000
0.999987 0.005181 0.000000 101.026233 -0.005181 0.999987 0.000000 -0.852470 0.000000 0.000000 1.000000 0.000000
0.999964 0.008531 0.000000 101.500430 -0.008531 0.999964 0.000000 -0.874750 0.000000 0.000000 1.000000 0.000000
0.999957 0.009268 0.000000 101.968143 -0.009268 0.999957 0.000000 -0.903396 0.000000 0.000000 1.000000 0.000000
0.999931 0.011777 0.000000 102.442692 -0.011777 0.999931 0.000000 -0.927130 0.000000 0.000000 1.000000 0.000000
0.999921 0.012569 0.000000 102.905629 -0.012569 0.999921 0.000000 -0.957695 0.000000 0.000000 1.000000 0.000000
0.999882 0.015385 0.000000 103.374785 -0.015385 0.999882 0.000000 -0.983506 0.000000 0.000000 1.000000 0.000000
0.999788 0.020582 0.000000 103.834300 -0.020582 0.999788 0.000000 -1.002186 0.000000 0.000000 1.000000 0.000000
0.999736 0.022971 0.000000 104.293419 -0.022971 0.999736 0.000000 -1.028362 0.000000 0.000000 1.000000 0.000000
0.999681 0.025251 0.000000 104.744932 -0.025251 0.999681 0.000000 -1.058598 0.000000 0.000000 1.000000 0.000000
0.999639 0.026861 0.000000 105.168483 -0.026861 0.999639 0.000000 -1.087352 0.000000 0.000000 1.000000 0.000000
0.999615 0.027737 0.000000 105.609156 -0.027737 0.999615 0.000000 -1.117535 0.000000 0.000000 1.000000 0.000000
0.999621 0.027546 0.000000 106.045777 -0.027546 0.999621 0.000000 -1.154597 0.000000 0.000000 1.000000 0.000000
0.999537 0.030418 0.000000 106.479509 -0.030418 0.999537 0.000000 -1.186015 0.000000 0.000000 1.000000 0.000000
0.999504 0.031502 0.000000 106.906640 -0.031502 0.999504 0.000000 -1.209128 0.000000 0.000000 1.000000 0.000000
0.999286 0.037788 0.000000 107.331874 -0.037788 0.999286 0.000000 -1.237561 0.000000 0.000000 1.000000 0.000000
0.999114 0.042084 0.000000 107.750193 -0.042084 0.999114 0.000000 -1.259629 0.000000 0.000000 1.000000 0.000000
0.999137 0.041527 0.000000 108.157592 -0.041527 0.999137 0.000000 -1.287531 0.000000 0.000000 1.000000 0.000000
0.999248 0.038777 0.000000 108.566273 -0.038777 0.999248 0.000000 -1.322535 0.000000 0.000000 1.000000 0.000000
0.999167 0.040803 0.000000 108.976106 -0.040803 0.999167 0.000000 -1.351505 0.000000 0.000000 1.000000 0.000000
0.999250 0.038715 0.000000 109.369547 -0.038715 0.999250 0.000000 -1.393232 0.000000 0.000000 1.000000 0.000000
0.999030 0.044027 0.000000 109.772370 -0.044027 0.999030 0.000000 -1.422805 0.000000 0.000000 1.000000 0.000000
0.998824 0.048492 0.000000 110.155208 -0.048492 0.998824 0.000000 -1.448482 0.000000 0.000000 1.000000 0.000000
0.998932 0.046206 0.000000 110.556950 -0.046206 0.998932 0.000000 -1.488920 0.000000 0.000000 1.000000 0.000000
0.998801 0.048957 0.000000 110.956014 -0.048957 0.998801 0.000000 -1.518235 0.000000 0.000000 1.000000 0.000000
0.998660 0.051758 0.000000 111.336404 -0.051758 0.998660 0.000000 -1.549223 0.000000 0.000000 1.000000 0.000000
0.998422 0.056156 0.000000 111.745863 -0.056156 0.998422 0.000000 -1.578618 0.000000 0.000000 1.000000 0.000000
0.998238 0.059335 0.000000 112.150247 -0.059335 0.998238 0.000000 -1.613719 0.000000 0.000000 1.000000 0.000000
0.998070 0.062094 0.000000 112.722415 -0.062094 0.998070 0.000000 -1.671781 0.000000 0.000000 1.000000 0.000000
0.997959 0.063850 0.000000 113.135787 -0.063850 0.997959 0.000000 -1.714290 0.000000 0.000000 1.000000 0.000000
0.997829 0.065858 0.000000 113.551132 -0.065858 0.997829 0.000000 -1.753295 0.000000 0.000000 1.000000 0.000000
0.997682 0.068054 0.000000 113.969290 -0.068054 0.997682 0.000000 -1.801142 0.000000 0.000000 1.000000 0.000000
0.997586 0.069444 0.000000 114.391179 -0.069444 0.997586 0.000000 -1.840108 0.000000 0.000000 1.000000 0.000000
0.997613 0.069048 0.000000 114.811801 -0.069048 0.997613 0.000000 -1.886919 0.000000 0.000000 1.000000 0.000000
0.997401 0.072054 0.000000 115.234407 -0.072054 0.997401 0.000000 -1.928360 0.000000 0.000000 1.000000 0.000000
0.996992 0.077510 0.000000 115.660360 -0.077510 0.996992 0.000000 -1.969657 0.000000 0.000000 1.000000 0.000000
0.997047 0.076800 0.000000 116.405996 -0.076800 0.997047 0.000000 -2.064068 0.000000 0.000000 1.000000 0.000000
0.997102 0.076070 0.000000 116.838597 -0.076070 0.997102 0.000000 -2.115394 0.000000 0.000000 1.000000 0.000000
0.997018 0.077166 0.000000 117.278500 -0.077166 0.997018 0.000000 -2.161757 0.000000 0.000000 1.000000 0.000000
0.997087 0.076276 0.000000 117.713725 -0.076276 0.997087 0.000000 -2.205079 0.000000 0.000000 1.000000 0.000000
0.996793 0.080023 0.000000 118.152935 -0.080023 0.996793 0.000000 -2.234048 0.000000 0.000000 1.000000 0.000000
0.996767 0.080352 0.000000 118.593369 -0.080352 0.996767 0.000000 -2.278660 0.000000 0.000000 1.000000 0.000000
0.996828 0.079584 0.000000 119.038009 -0.079584 0.996828 0.000000 -2.322554 0.000000 0.000000 1.000000 0.000000
0.996816 0.079737 0.000000 119.484815 -0.079737 0.996816 0.000000 -2.369162 0.000000 0.000000 1.000000 0.000000
0.996805 0.079879 0.000000 119.931135 -0.079879 0.996805 0.000000 -2.422038 0.000000 0.000000 1.000000 0.000000
0.996483 0.083796 0.000000 120.382525 -0.083796 0.996483 0.000000 -2.473177 0.000000 0.000000 1.000000 0.000000
0.996474 0.083902 0.000000 120.835542 -0.083902 0.996474 0.000000 -2.524647 0.000000 0.000000 1.000000 0.000000
0.996550 0.082998 0.000000 121.671304 -0.082998 0.996550 0.000000 -2.620737 0.000000 0.000000 1.000000 0.000000
0.996297 0.085975 0.000000 122.132145 -0.085975 0.996297 0.000000 -2.664068 0.000000 0.000000 1.000000 0.000000
0.996278 0.086194 0.000000 122.594117 -0.086194 0.996278 0.000000 -2.729487 0.000000 0.000000 1.000000 0.000000
0.996092 0.088317 0.000000 123.058048 -0.088317 0.996092 0.000000 -2.789212 0.000000 0.000000 1.000000 0.000000
0.995991 0.089454 0.000000 123.520985 -0.089454 0.995991 0.000000 -2.850516 0.000000 0.000000 1.000000 0.000000
0.995902 0.090443 0.000000 123.987681 -0.090443 0.995902 0.000000 -2.913893 0.000000 0.000000 1.000000 0.000000
0.995508 0.094680 0.000000 124.455747 -0.094680 0.995508 0.000000 -2.969901 0.000000 0.000000 1.000000 0.000000
0.995051 0.099364 0.000000 124.928219 -0.099364 0.995051 0.000000 -3.027128 0.000000 0.000000 1.000000 0.000000
0.994583 0.103948 0.000000 125.434454 -0.103948 0.994583 0.000000 -3.091851 0.000000 0.000000 1.000000 0.000000
0.994564 0.104124 0.000000 125.874360 -0.104124 0.994564 0.000000 -3.154681 0.000000 0.000000 1.000000 0.000000
0.994306 0.106562 0.000000 126.378855 -0.106562 0.994306 0.000000 -3.227529 0.000000 0.000000 1.000000 0.000000
0.994209 0.107465 0.000000 126.853223 -0.107465 0.994209 0.000000 -3.295095 0.000000 0.000000 1.000000 0.000000
0.994544 0.104317 0.000000 127.323528 -0.104317 0.994544 0.000000 -3.373499 0.000000 0.000000 1.000000 0.000000
0.994272 0.106880 0.000000 127.794160 -0.106880 0.994272 0.000000 -3.435155 0.000000 0.000000 1.000000 0.000000
0.994085 0.108603 0.000000 128.267905 -0.108603 0.994085 0.000000 -3.502641 0.000000 0.000000 1.000000 0.000000
0.993589 0.113052 0.000000 128.743200 -0.113052 0.993589 0.000000 -3.566221 0.000000 0.000000 1.000000 0.000000
0.992735 0.120325 0.000000 129.221945 -0.120325 0.992735 0.000000 -3.627059 0.000000 0.000000 1.000000 0.000000
0.992275 0.124061 0.000000 129.701620 -0.124061 0.992275 0.000000 -3.697820 0.000000 0.000000 1.000000 0.000000
0.992096 0.125483 0.000000 130.157905 -0.125483 0.992096 0.000000 -3.765293 0.000000 0.000000 1.000000 0.000000
0.991549 0.129734 0.000000 130.643362 -0.129734 0.991549 0.000000 -3.840782 0.000000 0.000000 1.000000 0.000000
0.991403 0.130846 0.000000 131.125932 -0.130846 0.991403 0.000000 -3.919091 0.000000 0.000000 1.000000 0.000000
0.991213 0.132275 0.000000 131.927023 -0.132275 0.991213 0.000000 -4.050942 0.000000 0.000000 1.000000 0.000000
0.991931 0.126778 0.000000 132.416679 -0.126778 0.991931 0.000000 -4.139513 0.000000 0.000000 1.000000 0.000000
0.993109 0.117193 0.000000 133.403697 -0.117193 0.993109 0.000000 -4.323209 0.000000 0.000000 1.000000 0.000000
0.993577 0.113160 0.000000 133.900605 -0.113160 0.993577 0.000000 -4.410368 0.000000 0.000000 1.000000 0.000000
0.993704 0.112034 0.000000 134.400234 -0.112034 0.993704 0.000000 -4.483460 0.000000 0.000000 1.000000 0.000000
0.994072 0.108725 0.000000 134.901592 -0.108725 0.994072 0.000000 -4.562397 0.000000 0.000000 1.000000 0.000000
0.993639 0.112616 0.000000 135.407001 -0.112616 0.993639 0.000000 -4.623473 0.000000 0.000000 1.000000 0.000000
0.994386 0.105815 0.000000 135.911879 -0.105815 0.994386 0.000000 -4.699610 0.000000 0.000000 1.000000 0.000000
0.994081 0.108644 0.000000 136.458284 -0.108644 0.994081 0.000000 -4.769625 0.000000 0.000000 1.000000 0.000000
0.993909 0.110204 0.000000 136.950191 -0.110204 0.993909 0.000000 -4.833668 0.000000 0.000000 1.000000 0.000000
0.993814 0.111054 0.000000 137.464524 -0.111054 0.993814 0.000000 -4.897097 0.000000 0.000000 1.000000 0.000000
0.993861 0.110632 0.000000 137.985829 -0.110632 0.993861 0.000000 -4.968399 0.000000 0.000000 1.000000 0.000000
0.993872 0.110541 0.000000 138.470760 -0.110541 0.993872 0.000000 -5.034478 0.000000 0.000000 1.000000 0.000000
0.993957 0.109767 0.000000 138.990964 -0.109767 0.993957 0.000000 -5.112423 0.000000 0.000000 1.000000 0.000000
0.993689 0.112167 0.000000 139.520380 -0.112167 0.993689 0.000000 -5.178419 0.000000 0.000000 1.000000 0.000000
0.994100 0.108468 0.000000 140.011731 -0.108468 0.994100 0.000000 -5.244588 0.000000 0.000000 1.000000 0.000000
0.993874 0.110518 0.000000 140.539315 -0.110518 0.993874 0.000000 -5.319661 0.000000 0.000000 1.000000 0.000000
0.993488 0.113937 0.000000 141.077718 -0.113937 0.993488 0.000000 -5.384522 0.000000 0.000000 1.000000 0.000000
0.993314 0.115441 0.000000 141.710240 -0.115441 0.993314 0.000000 -5.467658 0.000000 0.000000 1.000000 0.000000
0.992055 0.125804 0.000000 142.285199 -0.125804 0.992055 0.000000 -5.544591 0.000000 0.000000 1.000000 0.000000
0.992032 0.125985 0.000000 142.788695 -0.125985 0.992032 0.000000 -5.621451 0.000000 0.000000 1.000000 0.000000
0.991200 0.132370 0.000000 143.330603 -0.132370 0.991200 0.000000 -5.700632 0.000000 0.000000 1.000000 0.000000
0.990866 0.134848 0.000000 143.874102 -0.134848 0.990866 0.000000 -5.785568 0.000000 0.000000 1.000000 0.000000
0.990765 0.135590 0.000000 144.417466 -0.135590 0.990765 0.000000 -5.874693 0.000000 0.000000 1.000000 0.000000
0.990362 0.138501 0.000000 148.344084 -0.138501 0.990362 0.000000 -6.484099 0.000000 0.000000 1.000000 0.000000
0.991277 0.131792 0.000000 148.862587 -0.131792 0.991277 0.000000 -6.587171 0.000000 0.000000 1.000000 0.000000
0.990562 0.137067 0.000000 150.025304 -0.137067 0.990562 0.000000 -6.787928 0.000000 0.000000 1.000000 0.000000
0.990338 0.138677 0.000000 151.156662 -0.138677 0.990338 0.000000 -6.988174 0.000000 0.000000 1.000000 0.000000
0.990194 0.139699 0.000000 151.723601 -0.139699 0.990194 0.000000 -7.091124 0.000000 0.000000 1.000000 0.000000
0.990222 0.139502 0.000000 152.293054 -0.139502 0.990222 0.000000 -7.198190 0.000000 0.000000 1.000000 0.000000
0.990357 0.138541 0.000000 152.860810 -0.138541 0.990357 0.000000 -7.313285 0.000000 0.000000 1.000000 0.000000
0.990849 0.134976 0.000000 153.429525 -0.134976 0.990849 0.000000 -7.422234 0.000000 0.000000 1.000000 0.000000
0.990364 0.138488 0.000000 154.003371 -0.138488 0.990364 0.000000 -7.517205 0.000000 0.000000 1.000000 0.000000
0.990131 0.140148 0.000000 154.579074 -0.140148 0.990131 0.000000 -7.614348 0.000000 0.000000 1.000000 0.000000
0.990381 0.138366 0.000000 155.153145 -0.138366 0.990381 0.000000 -7.731433 0.000000 0.000000 1.000000 0.000000
0.990237 0.139394 0.000000 155.730919 -0.139394 0.990237 0.000000 -7.836156 0.000000 0.000000 1.000000 0.000000
0.988995 0.147950 0.000000 156.648056 -0.147950 0.988995 0.000000 -7.998746 0.000000 0.000000 1.000000 0.000000
0.989014 0.147824 0.000000 157.223113 -0.147824 0.989014 0.000000 -8.122778 0.000000 0.000000 1.000000 0.000000
0.988326 0.152353 0.000000 157.797120 -0.152353 0.988326 0.000000 -8.224647 0.000000 0.000000 1.000000 0.000000
0.987499 0.157624 0.000000 158.376828 -0.157624 0.987499 0.000000 -8.325429 0.000000 0.000000 1.000000 0.000000
0.986689 0.162618 0.000000 158.993739 -0.162618 0.986689 0.000000 -8.440743 0.000000 0.000000 1.000000 0.000000
0.986333 0.164763 0.000000 159.526534 -0.164763 0.986333 0.000000 -8.548468 0.000000 0.000000 1.000000 0.000000
0.986102 0.166140 0.000000 160.134599 -0.166140 0.986102 0.000000 -8.679411 0.000000 0.000000 1.000000 0.000000
0.985879 0.167457 0.000000 160.707327 -0.167457 0.985879 0.000000 -8.790542 0.000000 0.000000 1.000000 0.000000
0.985449 0.169974 0.000000 161.285027 -0.169974 0.985449 0.000000 -8.893263 0.000000 0.000000 1.000000 0.000000
0.984975 0.172695 0.000000 161.857903 -0.172695 0.984975 0.000000 -8.998309 0.000000 0.000000 1.000000 0.000000
0.985133 0.171792 0.000000 162.430608 -0.171792 0.985133 0.000000 -9.113858 0.000000 0.000000 1.000000 0.000000
0.985021 0.172435 0.000000 163.000784 -0.172435 0.985021 0.000000 -9.223936 0.000000 0.000000 1.000000 0.000000
0.984711 0.174194 0.000000 163.573423 -0.174194 0.984711 0.000000 -9.330505 0.000000 0.000000 1.000000 0.000000
0.984778 0.173818 0.000000 164.139197 -0.173818 0.984778 0.000000 -9.447643 0.000000 0.000000 1.000000 0.000000
0.984036 0.177967 0.000000 164.716940 -0.177967 0.984036 0.000000 -9.556867 0.000000 0.000000 1.000000 0.000000
0.983715 0.179734 0.000000 165.287871 -0.179734 0.983715 0.000000 -9.672031 0.000000 0.000000 1.000000 0.000000
0.982973 0.183751 0.000000 166.422499 -0.183751 0.982973 0.000000 -9.902453 0.000000 0.000000 1.000000 0.000000
0.983266 0.182174 0.000000 166.987734 -0.182174 0.983266 0.000000 -10.031742 0.000000 0.000000 1.000000 0.000000
0.982092 0.188400 0.000000 167.521400 -0.188400 0.982092 0.000000 -10.130642 0.000000 0.000000 1.000000 0.000000
0.981495 0.191489 0.000000 168.101588 -0.191489 0.981495 0.000000 -10.249975 0.000000 0.000000 1.000000 0.000000
0.981552 0.191197 0.000000 168.655972 -0.191197 0.981552 0.000000 -10.372914 0.000000 0.000000 1.000000 0.000000
0.981616 0.190869 0.000000 169.754660 -0.190869 0.981616 0.000000 -10.613495 0.000000 0.000000 1.000000 0.000000
0.981391 0.192021 0.000000 170.310756 -0.192021 0.981391 0.000000 -10.743504 0.000000 0.000000 1.000000 0.000000
0.981094 0.193533 0.000000 170.844882 -0.193533 0.981094 0.000000 -10.858973 0.000000 0.000000 1.000000 0.000000
0.981309 0.192440 0.000000 171.404186 -0.192440 0.981309 0.000000 -10.983720 0.000000 0.000000 1.000000 0.000000
0.980620 0.195919 0.000000 171.969119 -0.195919 0.980620 0.000000 -11.099916 0.000000 0.000000 1.000000 0.000000
0.979869 0.199639 0.000000 172.501320 -0.199639 0.979869 0.000000 -11.203671 0.000000 0.000000 1.000000 0.000000
0.979119 0.203286 0.000000 173.252167 -0.203286 0.979119 0.000000 -11.364044 0.000000 0.000000 1.000000 0.000000
0.978483 0.206328 0.000000 173.819405 -0.206328 0.978483 0.000000 -11.483112 0.000000 0.000000 1.000000 0.000000
0.977094 0.212808 0.000000 174.385674 -0.212808 0.977094 0.000000 -11.599338 0.000000 0.000000 1.000000 0.000000
0.977022 0.213139 0.000000 174.987393 -0.213139 0.977022 0.000000 -11.746369 0.000000 0.000000 1.000000 0.000000
0.977315 0.211792 0.000000 175.515027 -0.211792 0.977315 0.000000 -11.881599 0.000000 0.000000 1.000000 0.000000
0.976100 0.217321 0.000000 176.123082 -0.217321 0.976100 0.000000 -12.018783 0.000000 0.000000 1.000000 0.000000
0.976309 0.216382 0.000000 176.692144 -0.216382 0.976309 0.000000 -12.157354 0.000000 0.000000 1.000000 0.000000
0.974773 0.223200 0.000000 177.266799 -0.223200 0.974773 0.000000 -12.284713 0.000000 0.000000 1.000000 0.000000
0.975635 0.219399 0.000000 177.839467 -0.219399 0.975635 0.000000 -12.444997 0.000000 0.000000 1.000000 0.000000
0.975780 0.218756 0.000000 178.404263 -0.218756 0.975780 0.000000 -12.586325 0.000000 0.000000 1.000000 0.000000
0.975628 0.219432 0.000000 178.975853 -0.219432 0.975628 0.000000 -12.734554 0.000000 0.000000 1.000000 0.000000
0.976271 0.216553 0.000000 179.538715 -0.216553 0.976271 0.000000 -12.885955 0.000000 0.000000 1.000000 0.000000
0.977639 0.210292 0.000000 180.105380 -0.210292 0.977639 0.000000 -13.044432 0.000000 0.000000 1.000000 0.000000
0.978281 0.207284 0.000000 180.676615 -0.207284 0.978281 0.000000 -13.191195 0.000000 0.000000 1.000000 0.000000
0.978011 0.208553 0.000000 181.252337 -0.208553 0.978011 0.000000 -13.328298 0.000000 0.000000 1.000000 0.000000
0.978527 0.206117 0.000000 181.825620 -0.206117 0.978527 0.000000 -13.473671 0.000000 0.000000 1.000000 0.000000
0.977916 0.208997 0.000000 182.402371 -0.208997 0.977916 0.000000 -13.606871 0.000000 0.000000 1.000000 0.000000
0.977776 0.209651 0.000000 182.938942 -0.209651 0.977776 0.000000 -13.734792 0.000000 0.000000 1.000000 0.000000
0.977845 0.209328 0.000000 183.549735 -0.209328 0.977845 0.000000 -13.874263 0.000000 0.000000 1.000000 0.000000
0.977764 0.209706 0.000000 184.084259 -0.209706 0.977764 0.000000 -14.006586 0.000000 0.000000 1.000000 0.000000
0.977271 0.211992 0.000000 184.660504 -0.211992 0.977271 0.000000 -14.140003 0.000000 0.000000 1.000000 0.000000
0.976503 0.215503 0.000000 185.236189 -0.215503 0.976503 0.000000 -14.277021 0.000000 0.000000 1.000000 0.000000
0.974556 0.224145 0.000000 185.811399 -0.224145 0.974556 0.000000 -14.414570 0.000000 0.000000 1.000000 0.000000
0.974186 0.225745 0.000000 186.385735 -0.225745 0.974186 0.000000 -14.557542 0.000000 0.000000 1.000000 0.000000
0.974026 0.226436 0.000000 186.959342 -0.226436 0.974026 0.000000 -14.703946 0.000000 0.000000 1.000000 0.000000
0.973834 0.227259 0.000000 187.532195 -0.227259 0.973834 0.000000 -14.850217 0.000000 0.000000 1.000000 0.000000
0.973276 0.229640 0.000000 188.104522 -0.229640 0.973276 0.000000 -14.992110 0.000000 0.000000 1.000000 0.000000
0.972554 0.232678 0.000000 188.681882 -0.232678 0.972554 0.000000 -15.134109 0.000000 0.000000 1.000000 0.000000
0.972760 0.231814 0.000000 189.257990 -0.231814 0.972760 0.000000 -15.288636 0.000000 0.000000 1.000000 0.000000
0.972847 0.231447 0.000000 189.822301 -0.231447 0.972847 0.000000 -15.441424 0.000000 0.000000 1.000000 0.000000
0.972029 0.234862 0.000000 190.395761 -0.234862 0.972029 0.000000 -15.589344 0.000000 0.000000 1.000000 0.000000
0.971537 0.236886 0.000000 190.965205 -0.236886 0.971537 0.000000 -15.736734 0.000000 0.000000 1.000000 0.000000
0.971497 0.237054 0.000000 191.501966 -0.237054 0.971497 0.000000 -15.882496 0.000000 0.000000 1.000000 0.000000
0.970187 0.242359 0.000000 192.069583 -0.242359 0.970187 0.000000 -16.035645 0.000000 0.000000 1.000000 0.000000
0.969948 0.243311 0.000000 192.641140 -0.243311 0.969948 0.000000 -16.191521 0.000000 0.000000 1.000000 0.000000
0.970422 0.241415 0.000000 193.186118 -0.241415 0.970422 0.000000 -16.344754 0.000000 0.000000 1.000000 0.000000
0.969369 0.245611 0.000000 193.748535 -0.245611 0.969369 0.000000 -16.496515 0.000000 0.000000 1.000000 0.000000
0.970169 0.242428 0.000000 194.311397 -0.242428 0.970169 0.000000 -16.661305 0.000000 0.000000 1.000000 0.000000
0.969905 0.243482 0.000000 194.842276 -0.243482 0.969905 0.000000 -16.813974 0.000000 0.000000 1.000000 0.000000
0.968902 0.247445 0.000000 195.402240 -0.247445 0.968902 0.000000 -16.966916 0.000000 0.000000 1.000000 0.000000
0.968603 0.248613 0.000000 195.968130 -0.248613 0.968603 0.000000 -17.120463 0.000000 0.000000 1.000000 0.000000
0.968159 0.250337 0.000000 196.497222 -0.250337 0.968159 0.000000 -17.270550 0.000000 0.000000 1.000000 0.000000
0.967533 0.252744 0.000000 197.061231 -0.252744 0.967533 0.000000 -17.432138 0.000000 0.000000 1.000000 0.000000
0.966946 0.254982 0.000000 197.618334 -0.254982 0.966946 0.000000 -17.597656 0.000000 0.000000 1.000000 0.000000
0.965727 0.259559 0.000000 198.431693 -0.259559 0.965727 0.000000 -17.826076 0.000000 0.000000 1.000000 0.000000
0.964797 0.262994 0.000000 198.988213 -0.262994 0.964797 0.000000 -17.986086 0.000000 0.000000 1.000000 0.000000
0.964798 0.262991 0.000000 199.548880 -0.262991 0.964798 0.000000 -18.148913 0.000000 0.000000 1.000000 0.000000
0.964310 0.264777 0.000000 200.104025 -0.264777 0.964310 0.000000 -18.313050 0.000000 0.000000 1.000000 0.000000
0.964586 0.263770 0.000000 200.661774 -0.263770 0.964586 0.000000 -18.472147 0.000000 0.000000 1.000000 0.000000
0.965372 0.260877 0.000000 201.215391 -0.260877 0.965372 0.000000 -18.644213 0.000000 0.000000 1.000000 0.000000
0.965177 0.261597 0.000000 201.770454 -0.261597 0.965177 0.000000 -18.805076 0.000000 0.000000 1.000000 0.000000
0.965189 0.261554 0.000000 202.345569 -0.261554 0.965189 0.000000 -18.977290 0.000000 0.000000 1.000000 0.000000
0.964952 0.262426 0.000000 202.843792 -0.262426 0.964952 0.000000 -19.122634 0.000000 0.000000 1.000000 0.000000
0.964657 0.263507 0.000000 203.809696 -0.263507 0.964657 0.000000 -19.396479 0.000000 0.000000 1.000000 0.000000
0.964260 0.264959 0.000000 204.366634 -0.264959 0.964260 0.000000 -19.562824 0.000000 0.000000 1.000000 0.000000
0.963706 0.266965 0.000000 205.066912 -0.266965 0.963706 0.000000 -19.774339 0.000000 0.000000 1.000000 0.000000
0.963040 0.269358 0.000000 205.770389 -0.269358 0.963040 0.000000 -19.989227 0.000000 0.000000 1.000000 0.000000
0.962928 0.269758 0.000000 206.721814 -0.269758 0.962928 0.000000 -20.278957 0.000000 0.000000 1.000000 0.000000
0.963068 0.269258 0.000000 207.267373 -0.269258 0.963068 0.000000 -20.449010 0.000000 0.000000 1.000000 0.000000
0.962783 0.270277 0.000000 207.825646 -0.270277 0.962783 0.000000 -20.615799 0.000000 0.000000 1.000000 0.000000
0.962426 0.271545 0.000000 208.372017 -0.271545 0.962426 0.000000 -20.781498 0.000000 0.000000 1.000000 0.000000
0.963333 0.268310 0.000000 208.885647 -0.268310 0.963333 0.000000 -20.944600 0.000000 0.000000 1.000000 0.000000
0.962655 0.270732 0.000000 209.439431 -0.270732 0.962655 0.000000 -21.117698 0.000000 0.000000 1.000000 0.000000
0.962522 0.271203 0.000000 209.984190 -0.271203 0.962522 0.000000 -21.294375 0.000000 0.000000 1.000000 0.000000
0.963127 0.269048 0.000000 210.761586 -0.269048 0.963127 0.000000 -21.536125 0.000000 0.000000 1.000000 0.000000
0.963281 0.268494 0.000000 211.314342 -0.268494 0.963281 0.000000 -21.703510 0.000000 0.000000 1.000000 0.000000
0.963215 0.268733 0.000000 211.862362 -0.268733 0.963215 0.000000 -21.873561 0.000000 0.000000 1.000000 0.000000
0.964393 0.264472 0.000000 212.410186 -0.264472 0.964393 0.000000 -22.044887 0.000000 0.000000 1.000000 0.000000
0.964547 0.263910 0.000000 212.996228 -0.263910 0.964547 0.000000 -22.224155 0.000000 0.000000 1.000000 0.000000
0.964554 0.263885 0.000000 213.510844 -0.263885 0.964554 0.000000 -22.381562 0.000000 0.000000 1.000000 0.000000
0.965300 0.261143 0.000000 214.088984 -0.261143 0.965300 0.000000 -22.565912 0.000000 0.000000 1.000000 0.000000
0.965416 0.260715 0.000000 214.606159 -0.260715 0.965416 0.000000 -22.722127 0.000000 0.000000 1.000000 0.000000
0.965989 0.258583 0.000000 215.190285 -0.258583 0.965989 0.000000 -22.902886 0.000000 0.000000 1.000000 0.000000
0.965803 0.259277 0.000000 215.740898 -0.259277 0.965803 0.000000 -23.058509 0.000000 0.000000 1.000000 0.000000
0.966331 0.257301 0.000000 216.288791 -0.257301 0.966331 0.000000 -23.223650 0.000000 0.000000 1.000000 0.000000
0.966226 0.257696 0.000000 216.841213 -0.257696 0.966226 0.000000 -23.383662 0.000000 0.000000 1.000000 0.000000
0.966355 0.257213 0.000000 217.380605 -0.257213 0.966355 0.000000 -23.543525 0.000000 0.000000 1.000000 0.000000
0.966985 0.254833 0.000000 217.927370 -0.254833 0.966985 0.000000 -23.707049 0.000000 0.000000 1.000000 0.000000
0.967598 0.252494 0.000000 218.478637 -0.252494 0.967598 0.000000 -23.871189 0.000000 0.000000 1.000000 0.000000
0.966101 0.258164 0.000000 219.024934 -0.258164 0.966101 0.000000 -24.029791 0.000000 0.000000 1.000000 0.000000
0.966704 0.255896 0.000000 219.563218 -0.255896 0.966704 0.000000 -24.189336 0.000000 0.000000 1.000000 0.000000
0.967536 0.252735 0.000000 220.106468 -0.252735 0.967536 0.000000 -24.348095 0.000000 0.000000 1.000000 0.000000
0.968084 0.250627 0.000000 220.688816 -0.250627 0.968084 0.000000 -24.516103 0.000000 0.000000 1.000000 0.000000
0.968944 0.247279 0.000000 221.233513 -0.247279 0.968944 0.000000 -24.670712 0.000000 0.000000 1.000000 0.000000
0.969104 0.246652 0.000000 221.777782 -0.246652 0.969104 0.000000 -24.829180 0.000000 0.000000 1.000000 0.000000
0.969043 0.246893 0.000000 222.285718 -0.246893 0.969043 0.000000 -24.970361 0.000000 0.000000 1.000000 0.000000
0.968421 0.249319 0.000000 222.829069 -0.249319 0.968421 0.000000 -25.122713 0.000000 0.000000 1.000000 0.000000
0.969283 0.245946 0.000000 223.406647 -0.245946 0.969283 0.000000 -25.291142 0.000000 0.000000 1.000000 0.000000
0.969905 0.243485 0.000000 223.948899 -0.243485 0.969905 0.000000 -25.445054 0.000000 0.000000 1.000000 0.000000
0.970057 0.242879 0.000000 224.491456 -0.242879 0.970057 0.000000 -25.598124 0.000000 0.000000 1.000000 0.000000
0.970238 0.242154 0.000000 225.007879 -0.242154 0.970238 0.000000 -25.741834 0.000000 0.000000 1.000000 0.000000
0.972095 0.234587 0.000000 226.070561 -0.234587 0.972095 0.000000 -26.052137 0.000000 0.000000 1.000000 0.000000
0.972639 0.232321 0.000000 226.594974 -0.232321 0.972639 0.000000 -26.194883 0.000000 0.000000 1.000000 0.000000
0.973294 0.229560 0.000000 227.116934 -0.229560 0.973294 0.000000 -26.335880 0.000000 0.000000 1.000000 0.000000
0.973276 0.229637 0.000000 227.615926 -0.229637 0.973276 0.000000 -26.469127 0.000000 0.000000 1.000000 0.000000
0.973899 0.226981 0.000000 228.155336 -0.226981 0.973899 0.000000 -26.614897 0.000000 0.000000 1.000000 0.000000
0.974383 0.224897 0.000000 228.685320 -0.224897 0.974383 0.000000 -26.749456 0.000000 0.000000 1.000000 0.000000
0.974651 0.223730 0.000000 229.220081 -0.223730 0.974651 0.000000 -26.885260 0.000000 0.000000 1.000000 0.000000
0.975085 0.221831 0.000000 229.717441 -0.221831 0.975085 0.000000 -27.019951 0.000000 0.000000 1.000000 0.000000
0.974927 0.222523 0.000000 230.246617 -0.222523 0.974927 0.000000 -27.152515 0.000000 0.000000 1.000000 0.000000
0.974855 0.222840 0.000000 230.738714 -0.222840 0.974855 0.000000 -27.277511 0.000000 0.000000 1.000000 0.000000
0.974941 0.222465 0.000000 231.261502 -0.222465 0.974941 0.000000 -27.407001 0.000000 0.000000 1.000000 0.000000
0.975226 0.221213 0.000000 231.783595 -0.221213 0.975226 0.000000 -27.540343 0.000000 0.000000 1.000000 0.000000
0.975730 0.218975 0.000000 232.296778 -0.218975 0.975730 0.000000 -27.677833 0.000000 0.000000 1.000000 0.000000
0.975822 0.218565 0.000000 232.788881 -0.218565 0.975822 0.000000 -27.796052 0.000000 0.000000 1.000000 0.000000
0.976479 0.215612 0.000000 233.308671 -0.215612 0.976479 0.000000 -27.923869 0.000000 0.000000 1.000000 0.000000
0.976542 0.215329 0.000000 233.952426 -0.215329 0.976542 0.000000 -28.086468 0.000000 0.000000 1.000000 0.000000
0.976635 0.214903 0.000000 234.575485 -0.214903 0.976635 0.000000 -28.242778 0.000000 0.000000 1.000000 0.000000
0.976766 0.214310 0.000000 235.095886 -0.214310 0.976766 0.000000 -28.366531 0.000000 0.000000 1.000000 0.000000
0.977446 0.211184 0.000000 235.612697 -0.211184 0.977446 0.000000 -28.497720 0.000000 0.000000 1.000000 0.000000
0.977898 0.209081 0.000000 236.130104 -0.209081 0.977898 0.000000 -28.621577 0.000000 0.000000 1.000000 0.000000
0.978396 0.206742 0.000000 236.647188 -0.206742 0.978396 0.000000 -28.746247 0.000000 0.000000 1.000000 0.000000
0.979081 0.203469 0.000000 237.163229 -0.203469 0.979081 0.000000 -28.877720 0.000000 0.000000 1.000000 0.000000
0.978616 0.205693 0.000000 238.058231 -0.205693 0.978616 0.000000 -29.088561 0.000000 0.000000 1.000000 0.000000
0.978561 0.205957 0.000000 238.580791 -0.205957 0.978561 0.000000 -29.215405 0.000000 0.000000 1.000000 0.000000
0.977977 0.208711 0.000000 239.063462 -0.208711 0.977977 0.000000 -29.329356 0.000000 0.000000 1.000000 0.000000
0.977525 0.210819 0.000000 239.581729 -0.210819 0.977525 0.000000 -29.455784 0.000000 0.000000 1.000000 0.000000
0.977023 0.213135 0.000000 240.100633 -0.213135 0.977023 0.000000 -29.573730 0.000000 0.000000 1.000000 0.000000
0.977531 0.210791 0.000000 240.610901 -0.210791 0.977531 0.000000 -29.712303 0.000000 0.000000 1.000000 0.000000
0.977497 0.210950 0.000000 241.126324 -0.210950 0.977497 0.000000 -29.845531 0.000000 0.000000 1.000000 0.000000
0.976810 0.214108 0.000000 241.642904 -0.214108 0.976810 0.000000 -29.964050 0.000000 0.000000 1.000000 0.000000
0.976308 0.216385 0.000000 242.154608 -0.216385 0.976308 0.000000 -30.091547 0.000000 0.000000 1.000000 0.000000
0.976146 0.217115 0.000000 242.672032 -0.217115 0.976146 0.000000 -30.226483 0.000000 0.000000 1.000000 0.000000
0.975471 0.220126 0.000000 243.187054 -0.220126 0.975471 0.000000 -30.352898 0.000000 0.000000 1.000000 0.000000
0.975612 0.219501 0.000000 243.702721 -0.219501 0.975612 0.000000 -30.493239 0.000000 0.000000 1.000000 0.000000
0.975078 0.221864 0.000000 244.215852 -0.221864 0.975078 0.000000 -30.624822 0.000000 0.000000 1.000000 0.000000
0.975075 0.221875 0.000000 244.721937 -0.221875 0.975075 0.000000 -30.760370 0.000000 0.000000 1.000000 0.000000
0.974706 0.223491 0.000000 245.236371 -0.223491 0.974706 0.000000 -30.892488 0.000000 0.000000 1.000000 0.000000
0.974820 0.222994 0.000000 245.752695 -0.222994 0.974820 0.000000 -31.029373 0.000000 0.000000 1.000000 0.000000
0.974464 0.224545 0.000000 246.300869 -0.224545 0.974464 0.000000 -31.168868 0.000000 0.000000 1.000000 0.000000
0.974120 0.226030 0.000000 246.779730 -0.226030 0.974120 0.000000 -31.293286 0.000000 0.000000 1.000000 0.000000
0.972980 0.230890 0.000000 247.286811 -0.230890 0.972980 0.000000 -31.422763 0.000000 0.000000 1.000000 0.000000
0.972444 0.233135 0.000000 247.801769 -0.233135 0.972444 0.000000 -31.562590 0.000000 0.000000 1.000000 0.000000
0.972796 0.231662 0.000000 248.308600 -0.231662 0.972796 0.000000 -31.707211 0.000000 0.000000 1.000000 0.000000
0.972797 0.231660 0.000000 248.819818 -0.231660 0.972797 0.000000 -31.846387 0.000000 0.000000 1.000000 0.000000
0.972396 0.233338 0.000000 249.327545 -0.233338 0.972396 0.000000 -31.982148 0.000000 0.000000 1.000000 0.000000
0.971989 0.235025 0.000000 249.834203 -0.235025 0.971989 0.000000 -32.121940 0.000000 0.000000 1.000000 0.000000
0.972075 0.234672 0.000000 250.340826 -0.234672 0.972075 0.000000 -32.265225 0.000000 0.000000 1.000000 0.000000
0.970775 0.239992 0.000000 250.855484 -0.239992 0.970775 0.000000 -32.398327 0.000000 0.000000 1.000000 0.000000
0.970074 0.242811 0.000000 251.395418 -0.242811 0.970074 0.000000 -32.548897 0.000000 0.000000 1.000000 0.000000
0.969289 0.245923 0.000000 251.897456 -0.245923 0.969289 0.000000 -32.695208 0.000000 0.000000 1.000000 0.000000
0.968812 0.247796 0.000000 252.369345 -0.247796 0.968812 0.000000 -32.829850 0.000000 0.000000 1.000000 0.000000
0.967871 0.251446 0.000000 252.875212 -0.251446 0.967871 0.000000 -32.965645 0.000000 0.000000 1.000000 0.000000
0.966162 0.257935 0.000000 253.887790 -0.257935 0.966162 0.000000 -33.246913 0.000000 0.000000 1.000000 0.000000
0.964892 0.262648 0.000000 254.395354 -0.262648 0.964892 0.000000 -33.385048 0.000000 0.000000 1.000000 0.000000
0.965574 0.260129 0.000000 255.097160 -0.260129 0.965574 0.000000 -33.593036 0.000000 0.000000 1.000000 0.000000
0.965036 0.262118 0.000000 256.063519 -0.262118 0.965036 0.000000 -33.877330 0.000000 0.000000 1.000000 0.000000
0.964210 0.265139 0.000000 256.564994 -0.265139 0.964210 0.000000 -34.019742 0.000000 0.000000 1.000000 0.000000
0.963709 0.266955 0.000000 257.062013 -0.266955 0.963709 0.000000 -34.169272 0.000000 0.000000 1.000000 0.000000
0.963403 0.268056 0.000000 257.551037 -0.268056 0.963403 0.000000 -34.320999 0.000000 0.000000 1.000000 0.000000
0.962944 0.269702 0.000000 258.050964 -0.269702 0.962944 0.000000 -34.479458 0.000000 0.000000 1.000000 0.000000
0.962624 0.270840 0.000000 258.543854 -0.270840 0.962624 0.000000 -34.635247 0.000000 0.000000 1.000000 0.000000
0.962505 0.271266 0.000000 259.038328 -0.271266 0.962505 0.000000 -34.784620 0.000000 0.000000 1.000000 0.000000
0.962749 0.270396 0.000000 259.529212 -0.270396 0.962749 0.000000 -34.935647 0.000000 0.000000 1.000000 0.000000
0.964329 0.264705 0.000000 260.017608 -0.264705 0.964329 0.000000 -35.088023 0.000000 0.000000 1.000000 0.000000
0.965191 0.261548 0.000000 260.505484 -0.261548 0.965191 0.000000 -35.234597 0.000000 0.000000 1.000000 0.000000
0.965534 0.260275 0.000000 260.961623 -0.260275 0.965534 0.000000 -35.365274 0.000000 0.000000 1.000000 0.000000
0.965379 0.260850 0.000000 261.450501 -0.260850 0.965379 0.000000 -35.503935 0.000000 0.000000 1.000000 0.000000
0.965842 0.259132 0.000000 261.935490 -0.259132 0.965842 0.000000 -35.644147 0.000000 0.000000 1.000000 0.000000
0.966121 0.258089 0.000000 262.413107 -0.258089 0.966121 0.000000 -35.781608 0.000000 0.000000 1.000000 0.000000
0.966776 0.255626 0.000000 262.896450 -0.255626 0.966776 0.000000 -35.917639 0.000000 0.000000 1.000000 0.000000
0.966766 0.255663 0.000000 263.372712 -0.255663 0.966766 0.000000 -36.053295 0.000000 0.000000 1.000000 0.000000
0.966393 0.257070 0.000000 263.854673 -0.257070 0.966393 0.000000 -36.189798 0.000000 0.000000 1.000000 0.000000
0.966021 0.258464 0.000000 264.323156 -0.258464 0.966021 0.000000 -36.321583 0.000000 0.000000 1.000000 0.000000
0.965063 0.262019 0.000000 264.799259 -0.262019 0.965063 0.000000 -36.455581 0.000000 0.000000 1.000000 0.000000
0.965316 0.261083 0.000000 265.259757 -0.261083 0.965316 0.000000 -36.592401 0.000000 0.000000 1.000000 0.000000
0.966263 0.257556 0.000000 265.718343 -0.257556 0.966263 0.000000 -36.734717 0.000000 0.000000 1.000000 0.000000
0.966030 0.258429 0.000000 266.180303 -0.258429 0.966030 0.000000 -36.865242 0.000000 0.000000 1.000000 0.000000
0.965741 0.259506 0.000000 266.597848 -0.259506 0.965741 0.000000 -36.990514 0.000000 0.000000 1.000000 0.000000
0.965712 0.259617 0.000000 267.047407 -0.259617 0.965712 0.000000 -37.122437 0.000000 0.000000 1.000000 0.000000
0.965850 0.259101 0.000000 267.493768 -0.259101 0.965850 0.000000 -37.252330 0.000000 0.000000 1.000000 0.000000
0.965981 0.258614 0.000000 267.930860 -0.258614 0.965981 0.000000 -37.375911 0.000000 0.000000 1.000000 0.000000
0.966304 0.257402 0.000000 268.373315 -0.257402 0.966304 0.000000 -37.500634 0.000000 0.000000 1.000000 0.000000
0.966204 0.257779 0.000000 268.798044 -0.257779 0.966204 0.000000 -37.630264 0.000000 0.000000 1.000000 0.000000
0.966884 0.255217 0.000000 269.226663 -0.255217 0.966884 0.000000 -37.752627 0.000000 0.000000 1.000000 0.000000
0.967512 0.252825 0.000000 269.652205 -0.252825 0.967512 0.000000 -37.872131 0.000000 0.000000 1.000000 0.000000
0.968329 0.249679 0.000000 270.081531 -0.249679 0.968329 0.000000 -37.993689 0.000000 0.000000 1.000000 0.000000
0.968392 0.249433 0.000000 270.632182 -0.249433 0.968392 0.000000 -38.137817 0.000000 0.000000 1.000000 0.000000
0.967966 0.251081 0.000000 271.043279 -0.251081 0.967966 0.000000 -38.245817 0.000000 0.000000 1.000000 0.000000
0.968739 0.248082 0.000000 271.449600 -0.248082 0.968739 0.000000 -38.365797 0.000000 0.000000 1.000000 0.000000
0.968605 0.248603 0.000000 271.852012 -0.248603 0.968605 0.000000 -38.474410 0.000000 0.000000 1.000000 0.000000
0.969371 0.245600 0.000000 272.261465 -0.245600 0.969371 0.000000 -38.586196 0.000000 0.000000 1.000000 0.000000
0.969245 0.246099 0.000000 272.648918 -0.246099 0.969245 0.000000 -38.684655 0.000000 0.000000 1.000000 0.000000
0.968806 0.247819 0.000000 273.042320 -0.247819 0.968806 0.000000 -38.783527 0.000000 0.000000 1.000000 0.000000
0.968551 0.248814 0.000000 273.454586 -0.248814 0.968551 0.000000 -38.893184 0.000000 0.000000 1.000000 0.000000
0.967843 0.251556 0.000000 273.838586 -0.251556 0.967843 0.000000 -38.992276 0.000000 0.000000 1.000000 0.000000
0.968145 0.250391 0.000000 274.216754 -0.250391 0.968145 0.000000 -39.099370 0.000000 0.000000 1.000000 0.000000
0.968373 0.249505 0.000000 274.590527 -0.249505 0.968373 0.000000 -39.204917 0.000000 0.000000 1.000000 0.000000
0.967843 0.251556 0.000000 274.958798 -0.251556 0.967843 0.000000 -39.306788 0.000000 0.000000 1.000000 0.000000
0.967476 0.252961 0.000000 275.321062 -0.252961 0.967476 0.000000 -39.410667 0.000000 0.000000 1.000000 0.000000
0.967572 0.252597 0.000000 275.679810 -0.252597 0.967572 0.000000 -39.515384 0.000000 0.000000 1.000000 0.000000
0.967874 0.251435 0.000000 276.035528 -0.251435 0.967874 0.000000 -39.614955 0.000000 0.000000 1.000000 0.000000
0.968149 0.250376 0.000000 276.386390 -0.250376 0.968149 0.000000 -39.710830 0.000000 0.000000 1.000000 0.000000
0.967929 0.251224 0.000000 276.733503 -0.251224 0.967929 0.000000 -39.804097 0.000000 0.000000 1.000000 0.000000
0.967737 0.251961 0.000000 277.074931 -0.251961 0.967737 0.000000 -39.898619 0.000000 0.000000 1.000000 0.000000
0.968673 0.248338 0.000000 277.412180 -0.248338 0.968673 0.000000 -40.000968 0.000000 0.000000 1.000000 0.000000
0.968785 0.247903 0.000000 277.744582 -0.247903 0.968785 0.000000 -40.098085 0.000000 0.000000 1.000000 0.000000
0.968509 0.248978 0.000000 278.399221 -0.248978 0.968509 0.000000 -40.278868 0.000000 0.000000 1.000000 0.000000
0.968684 0.248296 0.000000 278.718083 -0.248296 0.968684 0.000000 -40.372933 0.000000 0.000000 1.000000 0.000000
0.968915 0.247394 0.000000 279.035209 -0.247394 0.968915 0.000000 -40.463686 0.000000 0.000000 1.000000 0.000000
0.968805 0.247825 0.000000 279.348296 -0.247825 0.968805 0.000000 -40.545492 0.000000 0.000000 1.000000 0.000000
0.968012 0.250904 0.000000 279.658693 -0.250904 0.968012 0.000000 -40.626792 0.000000 0.000000 1.000000 0.000000
0.967975 0.251048 0.000000 280.241428 -0.251048 0.967975 0.000000 -40.778713 0.000000 0.000000 1.000000 0.000000
0.968368 0.249527 0.000000 280.534273 -0.249527 0.968368 0.000000 -40.864474 0.000000 0.000000 1.000000 0.000000
0.968867 0.247581 0.000000 280.809999 -0.247581 0.968867 0.000000 -40.950312 0.000000 0.000000 1.000000 0.000000
0.969298 0.245887 0.000000 281.094573 -0.245887 0.969298 0.000000 -41.036446 0.000000 0.000000 1.000000 0.000000
0.969369 0.245608 0.000000 281.361048 -0.245608 0.969369 0.000000 -41.107941 0.000000 0.000000 1.000000 0.000000
0.961320 0.275436 0.000000 283.669277 -0.275436 0.961320 0.000000 -41.739720 0.000000 0.000000 1.000000 0.000000
0.960857 0.277046 0.000000 283.916836 -0.277046 0.960857 0.000000 -41.813543 0.000000 0.000000 1.000000 0.000000
0.961592 0.274483 0.000000 284.153779 -0.274483 0.961592 0.000000 -41.894549 0.000000 0.000000 1.000000 0.000000
0.962601 0.270922 0.000000 284.449963 -0.270922 0.962601 0.000000 -41.989411 0.000000 0.000000 1.000000 0.000000
0.962828 0.270116 0.000000 284.789224 -0.270116 0.962828 0.000000 -42.088007 0.000000 0.000000 1.000000 0.000000
0.962462 0.271415 0.000000 285.077327 -0.271415 0.962462 0.000000 -42.175819 0.000000 0.000000 1.000000 0.000000
0.962921 0.269783 0.000000 285.299381 -0.269783 0.962921 0.000000 -42.245726 0.000000 0.000000 1.000000 0.000000
0.963390 0.268105 0.000000 285.517512 -0.268105 0.963390 0.000000 -42.313493 0.000000 0.000000 1.000000 0.000000
0.963595 0.267365 0.000000 285.733308 -0.267365 0.963595 0.000000 -42.380625 0.000000 0.000000 1.000000 0.000000
0.962994 0.269524 0.000000 285.948234 -0.269524 0.962994 0.000000 -42.440209 0.000000 0.000000 1.000000 0.000000
0.962577 0.271010 0.000000 286.158995 -0.271010 0.962577 0.000000 -42.499850 0.000000 0.000000 1.000000 0.000000
0.963585 0.267402 0.000000 286.361461 -0.267402 0.963585 0.000000 -42.563067 0.000000 0.000000 1.000000 0.000000
0.963347 0.268259 0.000000 286.560799 -0.268259 0.963347 0.000000 -42.626316 0.000000 0.000000 1.000000 0.000000
0.962707 0.270545 0.000000 286.761052 -0.270545 0.962707 0.000000 -42.683100 0.000000 0.000000 1.000000 0.000000
0.962368 0.271751 0.000000 286.954746 -0.271751 0.962368 0.000000 -42.740187 0.000000 0.000000 1.000000 0.000000
0.962755 0.270377 0.000000 287.157098 -0.270377 0.962755 0.000000 -42.802530 0.000000 0.000000 1.000000 0.000000
0.963065 0.269270 0.000000 287.325456 -0.269270 0.963065 0.000000 -42.861792 0.000000 0.000000 1.000000 0.000000
0.963277 0.268511 0.000000 287.518851 -0.268511 0.963277 0.000000 -42.919862 0.000000 0.000000 1.000000 0.000000
0.963065 0.269268 0.000000 287.685474 -0.269268 0.963065 0.000000 -42.968321 0.000000 0.000000 1.000000 0.000000
0.962321 0.271917 0.000000 287.860975 -0.271917 0.962321 0.000000 -43.016980 0.000000 0.000000 1.000000 0.000000
0.962737 0.270440 0.000000 288.024339 -0.270440 0.962737 0.000000 -43.075857 0.000000 0.000000 1.000000 0.000000
0.961938 0.273267 0.000000 288.186099 -0.273267 0.961938 0.000000 -43.126334 0.000000 0.000000 1.000000 0.000000
0.960945 0.276739 0.000000 288.340840 -0.276739 0.960945 0.000000 -43.170873 0.000000 0.000000 1.000000 0.000000
0.960638 0.277803 0.000000 288.499225 -0.277803 0.960638 0.000000 -43.216376 0.000000 0.000000 1.000000 0.000000
0.961133 0.276086 0.000000 288.638482 -0.276086 0.961133 0.000000 -43.260520 0.000000 0.000000 1.000000 0.000000
0.960067 0.279770 0.000000 288.867323 -0.279770 0.960067 0.000000 -43.321979 0.000000 0.000000 1.000000 0.000000
0.959176 0.282810 0.000000 289.012033 -0.282810 0.959176 0.000000 -43.360469 0.000000 0.000000 1.000000 0.000000
0.959435 0.281930 0.000000 289.147606 -0.281930 0.959435 0.000000 -43.402531 0.000000 0.000000 1.000000 0.000000
0.958988 0.283447 0.000000 289.274658 -0.283447 0.958988 0.000000 -43.442440 0.000000 0.000000 1.000000 0.000000
0.961151 0.276025 0.000000 289.496067 -0.276025 0.961151 0.000000 -43.512162 0.000000 0.000000 1.000000 0.000000
0.959847 0.280525 0.000000 289.605380 -0.280525 0.959847 0.000000 -43.538767 0.000000 0.000000 1.000000 0.000000
0.960029 0.279902 0.000000 289.705907 -0.279902 0.960029 0.000000 -43.568674 0.000000 0.000000 1.000000 0.000000
0.959095 0.283086 0.000000 289.795300 -0.283086 0.959095 0.000000 -43.596258 0.000000 0.000000 1.000000 0.000000
0.959764 0.280808 0.000000 289.868549 -0.280808 0.959764 0.000000 -43.624940 0.000000 0.000000 1.000000 0.000000
0.959633 0.281256 0.000000 289.973859 -0.281256 0.959633 0.000000 -43.661454 0.000000 0.000000 1.000000 0.000000
0.959001 0.283403 0.000000 290.029053 -0.283403 0.959001 0.000000 -43.674767 0.000000 0.000000 1.000000 0.000000
0.958794 0.284101 0.000000 290.088447 -0.284101 0.958794 0.000000 -43.696490 0.000000 0.000000 1.000000 0.000000
0.958501 0.285091 0.000000 290.125270 -0.285091 0.958501 0.000000 -43.707261 0.000000 0.000000 1.000000 0.000000
0.958824 0.284000 0.000000 290.157509 -0.284000 0.958824 0.000000 -43.718824 0.000000 0.000000 1.000000 0.000000
0.958554 0.284909 0.000000 290.176388 -0.284909 0.958554 0.000000 -43.723787 0.000000 0.000000 1.000000 0.000000
0.958608 0.284729 0.000000 290.192472 -0.284729 0.958608 0.000000 -43.729794 0.000000 0.000000 1.000000 0.000000
0.958859 0.283882 0.000000 290.205713 -0.283882 0.958859 0.000000 -43.737289 0.000000 0.000000 1.000000 0.000000
0.959128 0.282973 0.000000 290.205295 -0.282973 0.959128 0.000000 -43.740504 0.000000 0.000000 1.000000 0.000000
0.959139 0.282936 0.000000 290.205338 -0.282936 0.959139 0.000000 -43.740686 0.000000 0.000000 1.000000 0.000000
0.959369 0.282153 0.000000 290.204497 -0.282153 0.959369 0.000000 -43.742376 0.000000 0.000000 1.000000 0.000000
0.959522 0.281632 0.000000 290.203898 -0.281632 0.959522 0.000000 -43.743388 0.000000 0.000000 1.000000 0.000000
0.959575 0.281453 0.000000 290.203655 -0.281453 0.959575 0.000000 -43.743889 0.000000 0.000000 1.000000 0.000000
0.959583 0.281426 0.000000 290.203661 -0.281426 0.959583 0.000000 -43.743866 0.000000 0.000000 1.000000 0.000000
0.959580 0.281436 0.000000 290.203602 -0.281436 0.959580 0.000000 -43.743661 0.000000 0.000000 1.000000 0.000000
0.959546 0.281553 0.000000 290.203540 -0.281553 0.959546 0.000000 -43.743289 0.000000 0.000000 1.000000 0.000000
0.959579 0.281441 0.000000 290.203227 -0.281441 0.959579 0.000000 -43.743437 0.000000 0.000000 1.000000 0.000000
0.959585 0.281418 0.000000 290.203172 -0.281418 0.959585 0.000000 -43.743411 0.000000 0.000000 1.000000 0.000000
0.959607 0.281344 0.000000 290.203056 -0.281344 0.959607 0.000000 -43.743166 0.000000 0.000000 1.000000 0.000000
0.959624 0.281285 0.000000 290.202919 -0.281285 0.959624 0.000000 -43.743163 0.000000 0.000000 1.000000 0.000000
0.959622 0.281292 0.000000 290.202780 -0.281292 0.959622 0.000000 -43.742981 0.000000 0.000000 1.000000 0.000000
0.959621 0.281295 0.000000 290.202936 -0.281295 0.959621 0.000000 -43.742889 0.000000 0.000000 1.000000 0.000000
0.959677 0.281106 0.000000 290.202861 -0.281106 0.959677 0.000000 -43.743330 0.000000 0.000000 1.000000 0.000000
0.959658 0.281170 0.000000 290.202855 -0.281170 0.959658 0.000000 -43.743177 0.000000 0.000000 1.000000 0.000000
0.959662 0.281155 0.000000 290.202578 -0.281155 0.959662 0.000000 -43.743052 0.000000 0.000000 1.000000 0.000000
0.959697 0.281036 0.000000 290.202516 -0.281036 0.959697 0.000000 -43.743277 0.000000 0.000000 1.000000 0.000000
0.959666 0.281144 0.000000 290.202601 -0.281144 0.959666 0.000000 -43.743043 0.000000 0.000000 1.000000 0.000000
0.959675 0.281112 0.000000 290.202663 -0.281112 0.959675 0.000000 -43.743034 0.000000 0.000000 1.000000 0.000000
0.959645 0.281216 0.000000 290.202759 -0.281216 0.959645 0.000000 -43.742996 0.000000 0.000000 1.000000 0.000000
0.959654 0.281183 0.000000 290.202690 -0.281183 0.959654 0.000000 -43.743001 0.000000 0.000000 1.000000 0.000000
0.959692 0.281054 0.000000 290.202727 -0.281054 0.959692 0.000000 -43.743235 0.000000 0.000000 1.000000 0.000000
0.959686 0.281074 0.000000 290.202868 -0.281074 0.959686 0.000000 -43.743220 0.000000 0.000000 1.000000 0.000000
0.959661 0.281158 0.000000 290.203048 -0.281158 0.959661 0.000000 -43.743026 0.000000 0.000000 1.000000 0.000000
0.959718 0.280965 0.000000 290.203070 -0.280965 0.959718 0.000000 -43.743332 0.000000 0.000000 1.000000 0.000000
0.959728 0.280932 0.000000 290.203297 -0.280932 0.959728 0.000000 -43.743336 0.000000 0.000000 1.000000 0.000000
0.959715 0.280977 0.000000 290.203376 -0.280977 0.959715 0.000000 -43.743303 0.000000 0.000000 1.000000 0.000000
0.959715 0.280977 0.000000 290.203376 -0.280977 0.959715 0.000000 -43.743303 0.000000 0.000000 1.000000 0.000000
0.959706 0.281007 0.000000 290.203442 -0.281007 0.959706 0.000000 -43.743302 0.000000 0.000000 1.000000 0.000000
0.959701 0.281022 0.000000 290.203569 -0.281022 0.959701 0.000000 -43.743312 0.000000 0.000000 1.000000 0.000000
0.959685 0.281079 0.000000 290.203468 -0.281079 0.959685 0.000000 -43.743346 0.000000 0.000000 1.000000 0.000000
0.959659 0.281168 0.000000 290.203630 -0.281168 0.959659 0.000000 -43.743265 0.000000 0.000000 1.000000 0.000000
0.959659 0.281168 0.000000 290.203630 -0.281168 0.959659 0.000000 -43.743265 0.000000 0.000000 1.000000 0.000000
0.959643 0.281222 0.000000 290.203742 -0.281222 0.959643 0.000000 -43.743293 0.000000 0.000000 1.000000 0.000000
0.959643 0.281222 0.000000 290.203742 -0.281222 0.959643 0.000000 -43.743293 0.000000 0.000000 1.000000 0.000000
0.959636 0.281244 0.000000 290.203683 -0.281244 0.959636 0.000000 -43.743281 0.000000 0.000000 1.000000 0.000000
0.959632 0.281260 0.000000 290.203729 -0.281260 0.959632 0.000000 -43.743331 0.000000 0.000000 1.000000 0.000000
0.959658 0.281169 0.000000 290.203874 -0.281169 0.959658 0.000000 -43.743444 0.000000 0.000000 1.000000 0.000000
0.959644 0.281218 0.000000 290.203958 -0.281218 0.959644 0.000000 -43.743393 0.000000 0.000000 1.000000 0.000000
0.959608 0.281340 0.000000 290.203607 -0.281340 0.959608 0.000000 -43.743320 0.000000 0.000000 1.000000 0.000000
0.959618 0.281306 0.000000 290.203650 -0.281306 0.959618 0.000000 -43.743376 0.000000 0.000000 1.000000 0.000000
0.959576 0.281449 0.000000 290.203541 -0.281449 0.959576 0.000000 -43.743658 0.000000 0.000000 1.000000 0.000000
0.959437 0.281923 0.000000 290.203826 -0.281923 0.959437 0.000000 -43.742871 0.000000 0.000000 1.000000 0.000000
0.959389 0.282086 0.000000 290.204021 -0.282086 0.959389 0.000000 -43.742821 0.000000 0.000000 1.000000 0.000000
0.959336 0.282267 0.000000 290.204071 -0.282267 0.959336 0.000000 -43.742553 0.000000 0.000000 1.000000 0.000000
0.959276 0.282470 0.000000 290.203948 -0.282470 0.959276 0.000000 -43.742726 0.000000 0.000000 1.000000 0.000000
0.959402 0.282042 0.000000 290.201769 -0.282042 0.959402 0.000000 -43.745268 0.000000 0.000000 1.000000 0.000000
0.959471 0.281808 0.000000 290.200612 -0.281808 0.959471 0.000000 -43.746186 0.000000 0.000000 1.000000 0.000000
0.959607 0.281345 0.000000 290.199340 -0.281345 0.959607 0.000000 -43.747895 0.000000 0.000000 1.000000 0.000000
0.959688 0.281068 0.000000 290.198320 -0.281068 0.959688 0.000000 -43.748882 0.000000 0.000000 1.000000 0.000000
0.959835 0.280563 0.000000 290.197035 -0.280563 0.959835 0.000000 -43.750333 0.000000 0.000000 1.000000 0.000000
0.960047 0.279840 0.000000 290.195823 -0.279840 0.960047 0.000000 -43.752097 0.000000 0.000000 1.000000 0.000000
0.960176 0.279395 0.000000 290.194805 -0.279395 0.960176 0.000000 -43.753194 0.000000 0.000000 1.000000 0.000000
0.960367 0.278740 0.000000 290.193633 -0.278740 0.960367 0.000000 -43.754860 0.000000 0.000000 1.000000 0.000000
0.960471 0.278380 0.000000 290.192653 -0.278380 0.960471 0.000000 -43.756144 0.000000 0.000000 1.000000 0.000000
0.960598 0.277940 0.000000 290.191679 -0.277940 0.960598 0.000000 -43.757761 0.000000 0.000000 1.000000 0.000000
0.960770 0.277345 0.000000 290.190618 -0.277345 0.960770 0.000000 -43.759468 0.000000 0.000000 1.000000 0.000000
0.960939 0.276760 0.000000 290.189494 -0.276760 0.960939 0.000000 -43.761337 0.000000 0.000000 1.000000 0.000000
0.960987 0.276592 0.000000 290.189422 -0.276592 0.960987 0.000000 -43.762110 0.000000 0.000000 1.000000 0.000000
0.961014 0.276499 0.000000 290.189630 -0.276499 0.961014 0.000000 -43.762374 0.000000 0.000000 1.000000 0.000000
0.961049 0.276379 0.000000 290.189730 -0.276379 0.961049 0.000000 -43.762625 0.000000 0.000000 1.000000 0.000000
0.961066 0.276320 0.000000 290.189844 -0.276320 0.961066 0.000000 -43.762808 0.000000 0.000000 1.000000 0.000000
0.961101 0.276199 0.000000 290.189853 -0.276199 0.961101 0.000000 -43.762931 0.000000 0.000000 1.000000 0.000000
0.961122 0.276124 0.000000 290.189890 -0.276124 0.961122 0.000000 -43.763099 0.000000 0.000000 1.000000 0.000000
0.961111 0.276164 0.000000 290.190054 -0.276164 0.961111 0.000000 -43.763055 0.000000 0.000000 1.000000 0.000000
0.961112 0.276158 0.000000 290.190213 -0.276158 0.961112 0.000000 -43.763153 0.000000 0.000000 1.000000 0.000000
0.961128 0.276102 0.000000 290.190110 -0.276102 0.961128 0.000000 -43.763169 0.000000 0.000000 1.000000 0.000000
0.961136 0.276074 0.000000 290.190189 -0.276074 0.961136 0.000000 -43.763286 0.000000 0.000000 1.000000 0.000000
0.961113 0.276157 0.000000 290.190209 -0.276157 0.961113 0.000000 -43.763260 0.000000 0.000000 1.000000 0.000000
0.961115 0.276149 0.000000 290.190302 -0.276149 0.961115 0.000000 -43.763200 0.000000 0.000000 1.000000 0.000000
0.961115 0.276149 0.000000 290.190302 -0.276149 0.961115 0.000000 -43.763200 0.000000 0.000000 1.000000 0.000000
0.961084 0.276257 0.000000 290.190537 -0.276257 0.961084 0.000000 -43.763593 0.000000 0.000000 1.000000 0.000000
0.961101 0.276197 0.000000 290.190578 -0.276197 0.961101 0.000000 -43.763944 0.000000 0.000000 1.000000 0.000000
0.961098 0.276208 0.000000 290.190813 -0.276208 0.961098 0.000000 -43.763950 0.000000 0.000000 1.000000 0.000000
0.961041 0.276407 0.000000 290.191359 -0.276407 0.961041 0.000000 -43.763768 0.000000 0.000000 1.000000 0.000000
0.961031 0.276441 0.000000 290.191771 -0.276441 0.961031 0.000000 -43.763837 0.000000 0.000000 1.000000 0.000000
0.960990 0.276582 0.000000 290.192156 -0.276582 0.960990 0.000000 -43.763836 0.000000 0.000000 1.000000 0.000000
0.960957 0.276699 0.000000 290.192539 -0.276699 0.960957 0.000000 -43.763881 0.000000 0.000000 1.000000 0.000000
0.960940 0.276756 0.000000 290.192829 -0.276756 0.960940 0.000000 -43.763941 0.000000 0.000000 1.000000 0.000000
0.960948 0.276729 0.000000 290.192921 -0.276729 0.960948 0.000000 -43.764032 0.000000 0.000000 1.000000 0.000000
0.960969 0.276656 0.000000 290.193007 -0.276656 0.960969 0.000000 -43.764114 0.000000 0.000000 1.000000 0.000000
0.960969 0.276655 0.000000 290.193007 -0.276655 0.960969 0.000000 -43.764114 0.000000 0.000000 1.000000 0.000000
0.960981 0.276615 0.000000 290.192940 -0.276615 0.960981 0.000000 -43.764144 0.000000 0.000000 1.000000 0.000000
0.960963 0.276676 0.000000 290.193029 -0.276676 0.960963 0.000000 -43.764052 0.000000 0.000000 1.000000 0.000000
0.960963 0.276676 0.000000 290.193029 -0.276676 0.960963 0.000000 -43.764052 0.000000 0.000000 1.000000 0.000000
0.960982 0.276611 0.000000 290.193044 -0.276611 0.960982 0.000000 -43.764200 0.000000 0.000000 1.000000 0.000000
0.960980 0.276617 0.000000 290.193043 -0.276617 0.960980 0.000000 -43.764201 0.000000 0.000000 1.000000 0.000000
0.960973 0.276644 0.000000 290.193040 -0.276644 0.960973 0.000000 -43.764207 0.000000 0.000000 1.000000 0.000000
0.960973 0.276642 0.000000 290.193039 -0.276642 0.960973 0.000000 -43.764213 0.000000 0.000000 1.000000 0.000000
0.960988 0.276590 0.000000 290.193008 -0.276590 0.960988 0.000000 -43.764304 0.000000 0.000000 1.000000 0.000000
0.960966 0.276668 0.000000 290.193137 -0.276668 0.960966 0.000000 -43.764230 0.000000 0.000000 1.000000 0.000000
0.960923 0.276817 0.000000 290.193256 -0.276817 0.960923 0.000000 -43.764165 0.000000 0.000000 1.000000 0.000000
0.960870 0.277001 0.000000 290.193281 -0.277001 0.960870 0.000000 -43.763991 0.000000 0.000000 1.000000 0.000000
0.960857 0.277043 0.000000 290.193532 -0.277043 0.960857 0.000000 -43.763976 0.000000 0.000000 1.000000 0.000000
0.960885 0.276947 0.000000 290.193669 -0.276947 0.960885 0.000000 -43.764027 0.000000 0.000000 1.000000 0.000000
0.960864 0.277020 0.000000 290.193764 -0.277020 0.960864 0.000000 -43.763925 0.000000 0.000000 1.000000 0.000000
0.960808 0.277213 0.000000 290.194007 -0.277213 0.960808 0.000000 -43.763560 0.000000 0.000000 1.000000 0.000000
0.960815 0.277191 0.000000 290.194062 -0.277191 0.960815 0.000000 -43.763567 0.000000 0.000000 1.000000 0.000000
0.960799 0.277246 0.000000 290.194314 -0.277246 0.960799 0.000000 -43.763488 0.000000 0.000000 1.000000 0.000000
0.960804 0.277230 0.000000 290.194476 -0.277230 0.960804 0.000000 -43.763537 0.000000 0.000000 1.000000 0.000000
0.960780 0.277311 0.000000 290.194555 -0.277311 0.960780 0.000000 -43.763285 0.000000 0.000000 1.000000 0.000000
0.960780 0.277311 0.000000 290.194555 -0.277311 0.960780 0.000000 -43.763285 0.000000 0.000000 1.000000 0.000000
0.960780 0.277311 0.000000 290.194555 -0.277311 0.960780 0.000000 -43.763285 0.000000 0.000000 1.000000 0.000000
0.960782 0.277304 0.000000 290.194493 -0.277304 0.960782 0.000000 -43.763281 0.000000 0.000000 1.000000 0.000000
0.960781 0.277307 0.000000 290.194215 -0.277307 0.960781 0.000000 -43.763234 0.000000 0.000000 1.000000 0.000000
0.960842 0.277098 0.000000 290.193953 -0.277098 0.960842 0.000000 -43.763644 0.000000 0.000000 1.000000 0.000000
0.960849 0.277071 0.000000 290.193744 -0.277071 0.960849 0.000000 -43.763754 0.000000 0.000000 1.000000 0.000000
0.960821 0.277170 0.000000 290.193547 -0.277170 0.960821 0.000000 -43.763554 0.000000 0.000000 1.000000 0.000000
0.960837 0.277114 0.000000 290.193312 -0.277114 0.960837 0.000000 -43.763538 0.000000 0.000000 1.000000 0.000000
0.960846 0.277082 0.000000 290.193099 -0.277082 0.960846 0.000000 -43.763657 0.000000 0.000000 1.000000 0.000000
0.960793 0.277266 0.000000 290.192863 -0.277266 0.960793 0.000000 -43.763545 0.000000 0.000000 1.000000 0.000000
0.960872 0.276993 0.000000 290.192330 -0.276993 0.960872 0.000000 -43.764149 0.000000 0.000000 1.000000 0.000000
0.960883 0.276955 0.000000 290.192369 -0.276955 0.960883 0.000000 -43.764207 0.000000 0.000000 1.000000 0.000000
0.960892 0.276924 0.000000 290.192313 -0.276924 0.960892 0.000000 -43.764202 0.000000 0.000000 1.000000 0.000000
0.960892 0.276924 0.000000 290.192313 -0.276924 0.960892 0.000000 -43.764202 0.000000 0.000000 1.000000 0.000000
0.960884 0.276951 0.000000 290.192264 -0.276951 0.960884 0.000000 -43.764173 0.000000 0.000000 1.000000 0.000000
0.960890 0.276931 0.000000 290.192216 -0.276931 0.960890 0.000000 -43.764135 0.000000 0.000000 1.000000 0.000000
0.960894 0.276916 0.000000 290.191964 -0.276916 0.960894 0.000000 -43.764087 0.000000 0.000000 1.000000 0.000000
0.960894 0.276916 0.000000 290.191964 -0.276916 0.960894 0.000000 -43.764087 0.000000 0.000000 1.000000 0.000000
0.960905 0.276879 0.000000 290.191898 -0.276879 0.960905 0.000000 -43.764105 0.000000 0.000000 1.000000 0.000000
0.960904 0.276881 0.000000 290.191900 -0.276881 0.960904 0.000000 -43.764100 0.000000 0.000000 1.000000 0.000000
0.960904 0.276881 0.000000 290.191900 -0.276881 0.960904 0.000000 -43.764100 0.000000 0.000000 1.000000 0.000000
0.960904 0.276881 0.000000 290.191900 -0.276881 0.960904 0.000000 -43.764100 0.000000 0.000000 1.000000 0.000000
0.960910 0.276862 0.000000 290.191855 -0.276862 0.960910 0.000000 -43.764064 0.000000 0.000000 1.000000 0.000000
0.960910 0.276862 0.000000 290.191855 -0.276862 0.960910 0.000000 -43.764064 0.000000 0.000000 1.000000 0.000000
0.960914 0.276849 0.000000 290.191948 -0.276849 0.960914 0.000000 -43.764157 0.000000 0.000000 1.000000 0.000000
0.960893 0.276922 0.000000 290.191953 -0.276922 0.960893 0.000000 -43.763975 0.000000 0.000000 1.000000 0.000000
0.960893 0.276922 0.000000 290.191953 -0.276922 0.960893 0.000000 -43.763975 0.000000 0.000000 1.000000 0.000000
0.960893 0.276922 0.000000 290.191953 -0.276922 0.960893 0.000000 -43.763975 0.000000 0.000000 1.000000 0.000000
0.960880 0.276963 0.000000 290.192024 -0.276963 0.960880 0.000000 -43.763952 0.000000 0.000000 1.000000 0.000000
0.960860 0.277034 0.000000 290.192024 -0.277034 0.960860 0.000000 -43.763790 0.000000 0.000000 1.000000 0.000000
0.960856 0.277050 0.000000 290.192045 -0.277050 0.960856 0.000000 -43.763738 0.000000 0.000000 1.000000 0.000000
0.960838 0.277109 0.000000 290.192032 -0.277109 0.960838 0.000000 -43.763751 0.000000 0.000000 1.000000 0.000000
0.960804 0.277230 0.000000 290.192109 -0.277230 0.960804 0.000000 -43.763535 0.000000 0.000000 1.000000 0.000000
0.960804 0.277230 0.000000 290.192109 -0.277230 0.960804 0.000000 -43.763535 0.000000 0.000000 1.000000 0.000000
0.960778 0.277317 0.000000 290.192247 -0.277317 0.960778 0.000000 -43.763471 0.000000 0.000000 1.000000 0.000000
0.960777 0.277322 0.000000 290.192210 -0.277322 0.960777 0.000000 -43.763261 0.000000 0.000000 1.000000 0.000000
0.960804 0.277229 0.000000 290.192118 -0.277229 0.960804 0.000000 -43.763194 0.000000 0.000000 1.000000 0.000000
0.960773 0.277337 0.000000 290.192189 -0.277337 0.960773 0.000000 -43.763012 0.000000 0.000000 1.000000 0.000000
0.960757 0.277393 0.000000 290.192139 -0.277393 0.960757 0.000000 -43.762914 0.000000 0.000000 1.000000 0.000000
0.960635 0.277812 0.000000 290.192343 -0.277812 0.960635 0.000000 -43.762041 0.000000 0.000000 1.000000 0.000000
0.960635 0.277812 0.000000 290.192343 -0.277812 0.960635 0.000000 -43.762041 0.000000 0.000000 1.000000 0.000000
0.960634 0.277816 0.000000 290.192274 -0.277816 0.960634 0.000000 -43.762084 0.000000 0.000000 1.000000 0.000000
0.960652 0.277756 0.000000 290.192308 -0.277756 0.960652 0.000000 -43.761885 0.000000 0.000000 1.000000 0.000000
0.960652 0.277756 0.000000 290.192308 -0.277756 0.960652 0.000000 -43.761885 0.000000 0.000000 1.000000 0.000000
0.960590 0.277971 0.000000 290.192295 -0.277971 0.960590 0.000000 -43.761692 0.000000 0.000000 1.000000 0.000000
0.960590 0.277971 0.000000 290.192295 -0.277971 0.960590 0.000000 -43.761692 0.000000 0.000000 1.000000 0.000000
0.960553 0.278096 0.000000 290.192309 -0.278096 0.960553 0.000000 -43.761507 0.000000 0.000000 1.000000 0.000000
0.960491 0.278311 0.000000 290.192271 -0.278311 0.960491 0.000000 -43.761194 0.000000 0.000000 1.000000 0.000000
0.960482 0.278340 0.000000 290.192290 -0.278340 0.960482 0.000000 -43.760932 0.000000 0.000000 1.000000 0.000000
0.960434 0.278509 0.000000 290.192240 -0.278509 0.960434 0.000000 -43.760797 0.000000 0.000000 1.000000 0.000000
0.960446 0.278466 0.000000 290.192290 -0.278466 0.960446 0.000000 -43.760788 0.000000 0.000000 1.000000 0.000000
0.960507 0.278256 0.000000 290.192098 -0.278256 0.960507 0.000000 -43.760985 0.000000 0.000000 1.000000 0.000000
0.960556 0.278087 0.000000 290.192079 -0.278087 0.960556 0.000000 -43.761200 0.000000 0.000000 1.000000 0.000000
0.960600 0.277933 0.000000 290.191833 -0.277933 0.960600 0.000000 -43.761526 0.000000 0.000000 1.000000 0.000000
0.960641 0.277793 0.000000 290.191644 -0.277793 0.960641 0.000000 -43.761775 0.000000 0.000000 1.000000 0.000000
0.960617 0.277876 0.000000 290.191410 -0.277876 0.960617 0.000000 -43.761605 0.000000 0.000000 1.000000 0.000000
0.960620 0.277866 0.000000 290.191441 -0.277866 0.960620 0.000000 -43.761697 0.000000 0.000000 1.000000 0.000000
0.960617 0.277874 0.000000 290.191367 -0.277874 0.960617 0.000000 -43.761790 0.000000 0.000000 1.000000 0.000000
0.960605 0.277916 0.000000 290.191438 -0.277916 0.960605 0.000000 -43.761757 0.000000 0.000000 1.000000 0.000000
0.960593 0.277958 0.000000 290.191351 -0.277958 0.960593 0.000000 -43.761717 0.000000 0.000000 1.000000 0.000000
0.960565 0.278057 0.000000 290.191386 -0.278057 0.960565 0.000000 -43.761461 0.000000 0.000000 1.000000 0.000000
0.960565 0.278057 0.000000 290.191386 -0.278057 0.960565 0.000000 -43.761461 0.000000 0.000000 1.000000 0.000000
0.960601 0.277931 0.000000 290.191155 -0.277931 0.960601 0.000000 -43.761853 0.000000 0.000000 1.000000 0.000000
0.960527 0.278187 0.000000 290.191376 -0.278187 0.960527 0.000000 -43.761765 0.000000 0.000000 1.000000 0.000000
0.960458 0.278425 0.000000 290.191545 -0.278425 0.960458 0.000000 -43.761829 0.000000 0.000000 1.000000 0.000000
0.960434 0.278508 0.000000 290.191636 -0.278508 0.960434 0.000000 -43.761990 0.000000 0.000000 1.000000 0.000000
0.960424 0.278543 0.000000 290.191519 -0.278543 0.960424 0.000000 -43.762315 0.000000 0.000000 1.000000 0.000000
0.960407 0.278601 0.000000 290.191454 -0.278601 0.960407 0.000000 -43.762328 0.000000 0.000000 1.000000 0.000000
0.960401 0.278623 0.000000 290.191436 -0.278623 0.960401 0.000000 -43.762917 0.000000 0.000000 1.000000 0.000000
0.960372 0.278722 0.000000 290.191545 -0.278722 0.960372 0.000000 -43.762658 0.000000 0.000000 1.000000 0.000000
0.960349 0.278799 0.000000 290.191550 -0.278799 0.960349 0.000000 -43.762471 0.000000 0.000000 1.000000 0.000000
0.960362 0.278755 0.000000 290.191472 -0.278755 0.960362 0.000000 -43.762512 0.000000 0.000000 1.000000 0.000000
0.960309 0.278937 0.000000 290.191386 -0.278937 0.960309 0.000000 -43.762556 0.000000 0.000000 1.000000 0.000000
0.960325 0.278885 0.000000 290.191501 -0.278885 0.960325 0.000000 -43.762528 0.000000 0.000000 1.000000 0.000000
0.960309 0.278940 0.000000 290.191665 -0.278940 0.960309 0.000000 -43.762378 0.000000 0.000000 1.000000 0.000000
0.960311 0.278932 0.000000 290.191781 -0.278932 0.960311 0.000000 -43.762363 0.000000 0.000000 1.000000 0.000000
0.960320 0.278900 0.000000 290.191946 -0.278900 0.960320 0.000000 -43.762346 0.000000 0.000000 1.000000 0.000000
0.960338 0.278838 0.000000 290.191932 -0.278838 0.960338 0.000000 -43.762364 0.000000 0.000000 1.000000 0.000000
0.960376 0.278707 0.000000 290.191888 -0.278707 0.960376 0.000000 -43.762460 0.000000 0.000000 1.000000 0.000000
0.960380 0.278695 0.000000 290.191774 -0.278695 0.960380 0.000000 -43.762468 0.000000 0.000000 1.000000 0.000000
0.960369 0.278730 0.000000 290.191551 -0.278730 0.960369 0.000000 -43.762495 0.000000 0.000000 1.000000 0.000000
0.960373 0.278720 0.000000 290.191448 -0.278720 0.960373 0.000000 -43.762419 0.000000 0.000000 1.000000 0.000000
0.960393 0.278649 0.000000 290.191285 -0.278649 0.960393 0.000000 -43.762345 0.000000 0.000000 1.000000 0.000000
0.960412 0.278585 0.000000 290.191216 -0.278585 0.960412 0.000000 -43.762341 0.000000 0.000000 1.000000 0.000000
0.960439 0.278490 0.000000 290.191075 -0.278490 0.960439 0.000000 -43.762408 0.000000 0.000000 1.000000 0.000000
0.960452 0.278447 0.000000 290.190932 -0.278447 0.960452 0.000000 -43.762491 0.000000 0.000000 1.000000 0.000000
0.960468 0.278389 0.000000 290.190663 -0.278389 0.960468 0.000000 -43.762674 0.000000 0.000000 1.000000 0.000000
0.960499 0.278282 0.000000 290.190619 -0.278282 0.960499 0.000000 -43.762546 0.000000 0.000000 1.000000 0.000000
0.960569 0.278040 0.000000 290.190510 -0.278040 0.960569 0.000000 -43.762832 0.000000 0.000000 1.000000 0.000000
0.960585 0.277986 0.000000 290.190361 -0.277986 0.960585 0.000000 -43.762931 0.000000 0.000000 1.000000 0.000000
0.960559 0.278075 0.000000 290.190228 -0.278075 0.960559 0.000000 -43.762529 0.000000 0.000000 1.000000 0.000000
0.960542 0.278135 0.000000 290.189893 -0.278135 0.960542 0.000000 -43.762379 0.000000 0.000000 1.000000 0.000000
0.960518 0.278219 0.000000 290.190042 -0.278219 0.960518 0.000000 -43.762324 0.000000 0.000000 1.000000 0.000000
0.960503 0.278270 0.000000 290.190045 -0.278270 0.960503 0.000000 -43.762338 0.000000 0.000000 1.000000 0.000000
0.960548 0.278113 0.000000 290.189825 -0.278113 0.960548 0.000000 -43.762629 0.000000 0.000000 1.000000 0.000000
0.960540 0.278141 0.000000 290.189627 -0.278141 0.960540 0.000000 -43.762724 0.000000 0.000000 1.000000 0.000000
