0.999997 -0.002307 0.000000 0.620040 0.002307 0.999997 0.000000 -0.024399 0.000000 0.000000 1.000000 0.000000
0.999998 -0.002234 0.000000 1.244329 0.002234 0.999998 0.000000 -0.031922 0.000000 0.000000 1.000000 0.000000
0.999997 0.002390 0.000000 2.441775 -0.002390 0.999997 0.000000 -0.090715 0.000000 0.000000 1.000000 0.000000
0.999999 -0.001026 0.000000 3.058843 0.001026 0.999999 0.000000 -0.110850 0.000000 0.000000 1.000000 0.000000
0.999994 -0.003441 0.000000 3.680144 0.003441 0.999994 0.000000 -0.114083 0.000000 0.000000 1.000000 0.000000
0.999992 -0.004102 0.000000 4.317674 0.004102 0.999992 0.000000 -0.124157 0.000000 0.000000 1.000000 0.000000
0.999989 -0.004757 0.000000 4.989389 0.004757 0.999989 0.000000 -0.144621 0.000000 0.000000 1.000000 0.000000
0.999988 -0.004820 0.000000 5.619805 0.004820 0.999988 0.000000 -0.160159 0.000000 0.000000 1.000000 0.000000
0.999988 -0.004836 0.000000 6.246405 0.004836 0.999988 0.000000 -0.166112 0.000000 0.000000 1.000000 0.000000
0.999983 -0.005869 0.000000 6.875359 0.005869 0.999983 0.000000 -0.180831 0.000000 0.000000 1.000000 0.000000
0.999968 -0.007944 0.000000 7.499796 0.007944 0.999968 0.000000 -0.192275 0.000000 0.000000 1.000000 0.000000
0.999964 -0.008445 0.000000 8.127583 0.008445 0.999964 0.000000 -0.191341 0.000000 0.000000 1.000000 0.000000
0.999962 -0.008707 0.000000 8.755696 0.008707 0.999962 0.000000 -0.198568 0.000000 0.000000 1.000000 0.000000
0.999961 -0.008851 0.000000 9.380883 0.008851 0.999961 0.000000 -0.203371 0.000000 0.000000 1.000000 0.000000
0.999959 -0.009011 0.000000 10.032983 0.009011 0.999959 0.000000 -0.214078 0.000000 0.000000 1.000000 0.000000
0.999955 -0.009493 0.000000 10.625574 0.009493 0.999955 0.000000 -0.221554 0.000000 0.000000 1.000000 0.000000
0.999958 -0.009198 0.000000 11.247756 0.009198 0.999958 0.000000 -0.230783 0.000000 0.000000 1.000000 0.000000
0.999953 -0.009712 0.000000 11.850788 0.009712 0.999953 0.000000 -0.251408 0.000000 0.000000 1.000000 0.000000
0.999919 -0.012730 0.000000 12.479206 0.012730 0.999919 0.000000 -0.262230 0.000000 0.000000 1.000000 0.000000
0.999874 -0.015856 0.000000 13.118663 0.015856 0.999874 0.000000 -0.273704 0.000000 0.000000 1.000000 0.000000
0.999803 -0.019853 0.000000 13.719590 0.019853 0.999803 0.000000 -0.276480 0.000000 0.000000 1.000000 0.000000
0.999833 -0.018261 0.000000 14.322576 0.018261 0.999833 0.000000 -0.282458 0.000000 0.000000 1.000000 0.000000
0.999843 -0.017747 0.000000 14.942928 0.017747 0.999843 0.000000 -0.287575 0.000000 0.000000 1.000000 0.000000
0.999833 -0.018262 0.000000 15.555770 0.018262 0.999833 0.000000 -0.295951 0.000000 0.000000 1.000000 0.000000
0.999832 -0.018345 0.000000 16.154469 0.018345 0.999832 0.000000 -0.300496 0.000000 0.000000 1.000000 0.000000
0.999831 -0.018396 0.000000 16.769684 0.018396 0.999831 0.000000 -0.303380 0.000000 0.000000 1.000000 0.000000
0.999846 -0.017576 0.000000 17.393871 0.017576 0.999846 0.000000 -0.304775 0.000000 0.000000 1.000000 0.000000
0.999835 -0.018181 0.000000 17.977612 0.018181 0.999835 0.000000 -0.302703 0.000000 0.000000 1.000000 0.000000
0.999785 -0.020727 0.000000 18.607230 0.020727 0.999785 0.000000 -0.310350 0.000000 0.000000 1.000000 0.000000
0.999738 -0.022876 0.000000 19.219854 0.022876 0.999738 0.000000 -0.316666 0.000000 0.000000 1.000000 0.000000
0.999712 -0.024012 0.000000 19.807394 0.024012 0.999712 0.000000 -0.327065 0.000000 0.000000 1.000000 0.000000
0.999709 -0.024116 0.000000 20.429028 0.024116 0.999709 0.000000 -0.333146 0.000000 0.000000 1.000000 0.000000
0.999720 -0.023678 0.000000 21.058074 0.023678 0.999720 0.000000 -0.339111 0.000000 0.000000 1.000000 0.000000
0.999751 -0.022304 0.000000 21.661686 0.022304 0.999751 0.000000 -0.337680 0.000000 0.000000 1.000000 0.000000
0.999816 -0.019165 0.000000 22.220946 0.019165 0.999816 0.000000 -0.336644 0.000000 0.000000 1.000000 0.000000
0.999881 -0.015420 0.000000 22.866752 0.015420 0.999881 0.000000 -0.345476 0.000000 0.000000 1.000000 0.000000
0.999908 -0.013552 0.000000 23.463704 0.013552 0.999908 0.000000 -0.349054 0.000000 0.000000 1.000000 0.000000
0.999912 -0.013284 0.000000 24.099686 0.013284 0.999912 0.000000 -0.361736 0.000000 0.000000 1.000000 0.000000
0.999902 -0.013964 0.000000 24.733244 0.013964 0.999902 0.000000 -0.371917 0.000000 0.000000 1.000000 0.000000
0.999870 -0.016106 0.000000 25.493489 0.016106 0.999870 0.000000 -0.560119 0.000000 0.000000 1.000000 0.000000
0.999898 -0.014265 0.000000 26.126812 0.014265 0.999898 0.000000 -0.567982 0.000000 0.000000 1.000000 0.000000
0.999920 -0.012633 0.000000 26.762189 0.012633 0.999920 0.000000 -0.574031 0.000000 0.000000 1.000000 0.000000
0.999944 -0.010549 0.000000 27.387834 0.010549 0.999944 0.000000 -0.587842 0.000000 0.000000 1.000000 0.000000
0.999952 -0.009812 0.000000 27.963485 0.009812 0.999952 0.000000 -0.614385 0.000000 0.000000 1.000000 0.000000
0.999960 -0.008914 0.000000 28.616267 0.008914 0.999960 0.000000 -0.626463 0.000000 0.000000 1.000000 0.000000
0.999981 -0.006186 0.000000 29.249818 0.006186 0.999981 0.000000 -0.636254 0.000000 0.000000 1.000000 0.000000
0.999995 -0.003287 0.000000 29.883041 0.003287 0.999995 0.000000 -0.646776 0.000000 0.000000 1.000000 0.000000
0.999999 -0.001731 0.000000 30.514265 0.001731 0.999999 0.000000 -0.666725 0.000000 0.000000 1.000000 0.000000
1.000000 -0.000641 0.000000 31.141900 0.000641 1.000000 0.000000 -0.678544 0.000000 0.000000 1.000000 0.000000
1.000000 0.000676 0.000000 31.776850 -0.000676 1.000000 0.000000 -0.696334 0.000000 0.000000 1.000000 0.000000
1.000000 0.000902 0.000000 32.409988 -0.000902 1.000000 0.000000 -0.717166 0.000000 0.000000 1.000000 0.000000
0.999997 0.002506 0.000000 33.046596 -0.002506 0.999997 0.000000 -0.737223 0.000000 0.000000 1.000000 0.000000
0.999996 0.002897 0.000000 33.701722 -0.002897 0.999996 0.000000 -0.771320 0.000000 0.000000 1.000000 0.000000
0.999995 0.003115 0.000000 34.296185 -0.003115 0.999995 0.000000 -0.795374 0.000000 0.000000 1.000000 0.000000
0.999983 0.005776 0.000000 34.945591 -0.005776 0.999983 0.000000 -0.817561 0.000000 0.000000 1.000000 0.000000
0.999969 0.007882 0.000000 35.569086 -0.007882 0.999969 0.000000 -0.836738 0.000000 0.000000 1.000000 0.000000
0.999971 0.007681 0.000000 36.218087 -0.007681 0.999971 0.000000 -0.859495 0.000000 0.000000 1.000000 0.000000
0.999968 0.007942 0.000000 36.863808 -0.007942 0.999968 0.000000 -0.878186 0.000000 0.000000 1.000000 0.000000
0.999961 0.008870 0.000000 37.501221 -0.008870 0.999961 0.000000 -0.897800 0.000000 0.000000 1.000000 0.000000
0.999958 0.009174 0.000000 38.147722 -0.009174 0.999958 0.000000 -0.918435 0.000000 0.000000 1.000000 0.000000
0.999955 0.009470 0.000000 38.796358 -0.009470 0.999955 0.000000 -0.936141 0.000000 0.000000 1.000000 0.000000
0.999937 0.011213 0.000000 39.447171 -0.011213 0.999937 0.000000 -0.956857 0.000000 0.000000 1.000000 0.000000
0.999915 0.013007 0.000000 40.090370 -0.013007 0.999915 0.000000 -0.980583 0.000000 0.000000 1.000000 0.000000
0.999918 0.012824 0.000000 40.746982 -0.012824 0.999918 0.000000 -1.010515 0.000000 0.000000 1.000000 0.000000
0.999920 0.012674 0.000000 41.355996 -0.012674 0.999920 0.000000 -1.040246 0.000000 0.000000 1.000000 0.000000
0.999927 0.012085 0.000000 42.021905 -0.012085 0.999927 0.000000 -1.061046 0.000000 0.000000 1.000000 0.000000
0.999935 0.011438 0.000000 42.664492 -0.011438 0.999935 0.000000 -1.074239 0.000000 0.000000 1.000000 0.000000
0.999933 0.011552 0.000000 43.323392 -0.011552 0.999933 0.000000 -1.101570 0.000000 0.000000 1.000000 0.000000
0.999963 0.008657 0.000000 43.965315 -0.008657 0.999963 0.000000 -1.124853 0.000000 0.000000 1.000000 0.000000
0.999971 0.007592 0.000000 44.588550 -0.007592 0.999971 0.000000 -1.143706 0.000000 0.000000 1.000000 0.000000
0.999966 0.008270 0.000000 45.201242 -0.008270 0.999966 0.000000 -1.155515 0.000000 0.000000 1.000000 0.000000
0.999949 0.010124 0.000000 45.848738 -0.010124 0.999949 0.000000 -1.166863 0.000000 0.000000 1.000000 0.000000
0.999925 0.012280 0.000000 46.501884 -0.012280 0.999925 0.000000 -1.182410 0.000000 0.000000 1.000000 0.000000
0.999908 0.013587 0.000000 47.167946 -0.013587 0.999908 0.000000 -1.198623 0.000000 0.000000 1.000000 0.000000
0.999931 0.011708 0.000000 47.814552 -0.011708 0.999931 0.000000 -1.213276 0.000000 0.000000 1.000000 0.000000
0.999954 0.009584 0.000000 48.482627 -0.009584 0.999954 0.000000 -1.224150 0.000000 0.000000 1.000000 0.000000
0.999945 0.010500 0.000000 49.494630 -0.010500 0.999945 0.000000 -1.257806 0.000000 0.000000 1.000000 0.000000
0.999955 0.009508 0.000000 50.176032 -0.009508 0.999955 0.000000 -1.273157 0.000000 0.000000 1.000000 0.000000
0.999960 0.008999 0.000000 50.810855 -0.008999 0.999960 0.000000 -1.289848 0.000000 0.000000 1.000000 0.000000
0.999989 0.004706 0.000000 51.775962 -0.004706 0.999989 0.000000 -1.329798 0.000000 0.000000 1.000000 0.000000
0.999986 0.005329 0.000000 52.433938 -0.005329 0.999986 0.000000 -1.346580 0.000000 0.000000 1.000000 0.000000
0.999989 0.004631 0.000000 53.094278 -0.004631 0.999989 0.000000 -1.361844 0.000000 0.000000 1.000000 0.000000
0.999997 0.002277 0.000000 53.587878 -0.002277 0.999997 0.000000 -1.374743 0.000000 0.000000 1.000000 0.000000
0.999993 0.003711 0.000000 54.203333 -0.003711 0.999993 0.000000 -1.376565 0.000000 0.000000 1.000000 0.000000
0.999998 0.001795 0.000000 55.537318 -0.001795 0.999998 0.000000 -1.408311 0.000000 0.000000 1.000000 0.000000
1.000000 -0.000661 0.000000 56.194974 0.000661 1.000000 0.000000 -1.418688 0.000000 0.000000 1.000000 0.000000
0.999996 -0.002924 0.000000 56.815736 0.002924 0.999996 0.000000 -1.426957 0.000000 0.000000 1.000000 0.000000
0.999997 -0.002604 0.000000 57.457237 0.002604 0.999997 0.000000 -1.440068 0.000000 0.000000 1.000000 0.000000
0.999999 -0.001629 0.000000 58.095375 0.001629 0.999999 0.000000 -1.456204 0.000000 0.000000 1.000000 0.000000
0.999999 -0.001475 0.000000 58.773835 0.001475 0.999999 0.000000 -1.472630 0.000000 0.000000 1.000000 0.000000
0.999999 -0.001397 0.000000 59.389792 0.001397 0.999999 0.000000 -1.474368 0.000000 0.000000 1.000000 0.000000
1.000000 -0.000060 0.000000 59.989091 0.000060 1.000000 0.000000 -1.479840 0.000000 0.000000 1.000000 0.000000
1.000000 0.000979 0.000000 60.610494 -0.000979 1.000000 0.000000 -1.492824 0.000000 0.000000 1.000000 0.000000
0.999998 0.001977 0.000000 61.198733 -0.001977 0.999998 0.000000 -1.509946 0.000000 0.000000 1.000000 0.000000
0.999996 0.002921 0.000000 61.839987 -0.002921 0.999996 0.000000 -1.531602 0.000000 0.000000 1.000000 0.000000
0.999996 0.002821 0.000000 62.467322 -0.002821 0.999996 0.000000 -1.555934 0.000000 0.000000 1.000000 0.000000
0.999997 0.002646 0.000000 63.048268 -0.002646 0.999997 0.000000 -1.577345 0.000000 0.000000 1.000000 0.000000
0.999998 0.001871 0.000000 63.666191 -0.001871 0.999998 0.000000 -1.601324 0.000000 0.000000 1.000000 0.000000
0.999999 0.001354 0.000000 64.289678 -0.001354 0.999999 0.000000 -1.624152 0.000000 0.000000 1.000000 0.000000
0.999999 0.001269 0.000000 64.863990 -0.001269 0.999999 0.000000 -1.649866 0.000000 0.000000 1.000000 0.000000
0.999999 0.001097 0.000000 65.485270 -0.001097 0.999999 0.000000 -1.672143 0.000000 0.000000 1.000000 0.000000
0.999996 0.002788 0.000000 66.062101 -0.002788 0.999996 0.000000 -1.686147 0.000000 0.000000 1.000000 0.000000
0.999985 0.005390 0.000000 66.673278 -0.005390 0.999985 0.000000 -1.705828 0.000000 0.000000 1.000000 0.000000
0.999983 0.005872 0.000000 67.274443 -0.005872 0.999983 0.000000 -1.724973 0.000000 0.000000 1.000000 0.000000
0.999977 0.006716 0.000000 68.073893 -0.006716 0.999977 0.000000 -1.757232 0.000000 0.000000 1.000000 0.000000
0.999968 0.007951 0.000000 68.663198 -0.007951 0.999968 0.000000 -1.781642 0.000000 0.000000 1.000000 0.000000
0.999978 0.006643 0.000000 69.258544 -0.006643 0.999978 0.000000 -1.804238 0.000000 0.000000 1.000000 0.000000
0.999988 0.004814 0.000000 69.851098 -0.004814 0.999988 0.000000 -1.821066 0.000000 0.000000 1.000000 0.000000
0.999994 0.003421 0.000000 70.438773 -0.003421 0.999994 0.000000 -1.840467 0.000000 0.000000 1.000000 0.000000
1.000000 0.000054 0.000000 71.069783 -0.000054 1.000000 0.000000 -1.852056 0.000000 0.000000 1.000000 0.000000
1.000000 -0.000404 0.000000 71.712858 0.000404 1.000000 0.000000 -1.868401 0.000000 0.000000 1.000000 0.000000
1.000000 -0.000791 0.000000 72.305012 0.000791 1.000000 0.000000 -1.884283 0.000000 0.000000 1.000000 0.000000
1.000000 -0.000407 0.000000 72.898159 0.000407 1.000000 0.000000 -1.896345 0.000000 0.000000 1.000000 0.000000
1.000000 0.000528 0.000000 74.070586 -0.000528 1.000000 0.000000 -1.933741 0.000000 0.000000 1.000000 0.000000
1.000000 0.000924 0.000000 74.656864 -0.000924 1.000000 0.000000 -1.951798 0.000000 0.000000 1.000000 0.000000
0.999996 0.002861 0.000000 75.239010 -0.002861 0.999996 0.000000 -1.973591 0.000000 0.000000 1.000000 0.000000
0.999988 0.004856 0.000000 75.809115 -0.004856 0.999988 0.000000 -2.006659 0.000000 0.000000 1.000000 0.000000
0.999982 0.006010 0.000000 76.386568 -0.006010 0.999982 0.000000 -2.028574 0.000000 0.000000 1.000000 0.000000
0.999976 0.006962 0.000000 76.974968 -0.006962 0.999976 0.000000 -2.060747 0.000000 0.000000 1.000000 0.000000
0.999979 0.006489 0.000000 77.531677 -0.006489 0.999979 0.000000 -2.104456 0.000000 0.000000 1.000000 0.000000
0.999991 0.004296 0.000000 78.110956 -0.004296 0.999991 0.000000 -2.116378 0.000000 0.000000 1.000000 0.000000
1.000000 -0.000614 0.000000 78.719022 0.000614 1.000000 0.000000 -2.052283 0.000000 0.000000 1.000000 0.000000
1.000000 -0.000144 0.000000 79.270213 0.000144 1.000000 0.000000 -2.074109 0.000000 0.000000 1.000000 0.000000
1.000000 -0.000221 0.000000 79.816737 0.000221 1.000000 0.000000 -2.092921 0.000000 0.000000 1.000000 0.000000
1.000000 -0.000158 0.000000 80.356747 0.000158 1.000000 0.000000 -2.113420 0.000000 0.000000 1.000000 0.000000
1.000000 0.000994 0.000000 80.900594 -0.000994 1.000000 0.000000 -2.134820 0.000000 0.000000 1.000000 0.000000
0.999996 0.002932 0.000000 81.413067 -0.002932 0.999996 0.000000 -2.156264 0.000000 0.000000 1.000000 0.000000
0.999997 0.002515 0.000000 82.094031 -0.002515 0.999997 0.000000 -2.190390 0.000000 0.000000 1.000000 0.000000
0.999985 0.005399 0.000000 82.615786 -0.005399 0.999985 0.000000 -2.203646 0.000000 0.000000 1.000000 0.000000
0.999977 0.006799 0.000000 83.115908 -0.006799 0.999977 0.000000 -2.224940 0.000000 0.000000 1.000000 0.000000
0.999980 0.006332 0.000000 83.652674 -0.006332 0.999980 0.000000 -2.251172 0.000000 0.000000 1.000000 0.000000
0.999981 0.006162 0.000000 84.179674 -0.006162 0.999981 0.000000 -2.272410 0.000000 0.000000 1.000000 0.000000
0.999979 0.006551 0.000000 84.668742 -0.006551 0.999979 0.000000 -2.291284 0.000000 0.000000 1.000000 0.000000
0.999968 0.007976 0.000000 85.201278 -0.007976 0.999968 0.000000 -2.313236 0.000000 0.000000 1.000000 0.000000
0.999963 0.008623 0.000000 85.722510 -0.008623 0.999963 0.000000 -2.340374 0.000000 0.000000 1.000000 0.000000
0.999965 0.008404 0.000000 86.206462 -0.008404 0.999965 0.000000 -2.356582 0.000000 0.000000 1.000000 0.000000
0.999957 0.009244 0.000000 86.729400 -0.009244 0.999957 0.000000 -2.370039 0.000000 0.000000 1.000000 0.000000
0.999940 0.010985 0.000000 87.245008 -0.010985 0.999940 0.000000 -2.387214 0.000000 0.000000 1.000000 0.000000
0.999926 0.012162 0.000000 87.723789 -0.012162 0.999926 0.000000 -2.404907 0.000000 0.000000 1.000000 0.000000
0.999921 0.012571 0.000000 88.240151 -0.012571 0.999921 0.000000 -2.433318 0.000000 0.000000 1.000000 0.000000
0.999906 0.013735 0.000000 88.723410 -0.013735 0.999906 0.000000 -2.458035 0.000000 0.000000 1.000000 0.000000
0.999891 0.014795 0.000000 89.221245 -0.014795 0.999891 0.000000 -2.480408 0.000000 0.000000 1.000000 0.000000
0.999896 0.014407 0.000000 89.876890 -0.014407 0.999896 0.000000 -2.513059 0.000000 0.000000 1.000000 0.000000
0.999900 0.014146 0.000000 90.371656 -0.014146 0.999900 0.000000 -2.537778 0.000000 0.000000 1.000000 0.000000
0.999893 0.014594 0.000000 90.862296 -0.014594 0.999893 0.000000 -2.557176 0.000000 0.000000 1.000000 0.000000
0.999891 0.014756 0.000000 91.352507 -0.014756 0.999891 0.000000 -2.575332 0.000000 0.000000 1.000000 0.000000
0.999910 0.013435 0.000000 91.844550 -0.013435 0.999910 0.000000 -2.597691 0.000000 0.000000 1.000000 0.000000
0.999923 0.012394 0.000000 92.331703 -0.012394 0.999923 0.000000 -2.625820 0.000000 0.000000 1.000000 0.000000
0.999901 0.014042 0.000000 92.803390 -0.014042 0.999901 0.000000 -2.650885 0.000000 0.000000 1.000000 0.000000
0.999817 0.019146 0.000000 93.755217 -0.019146 0.999817 0.000000 -2.701861 0.000000 0.000000 1.000000 0.000000
0.999775 0.021196 0.000000 94.222466 -0.021196 0.999775 0.000000 -2.731190 0.000000 0.000000 1.000000 0.000000
0.999717 0.023801 0.000000 94.689443 -0.023801 0.999717 0.000000 -2.761272 0.000000 0.000000 1.000000 0.000000
0.999659 0.026129 0.000000 95.153489 -0.026129 0.999659 0.000000 -2.793124 0.000000 0.000000 1.000000 0.000000
0.999607 0.028023 0.000000 95.626903 -0.028023 0.999607 0.000000 -2.823306 0.000000 0.000000 1.000000 0.000000
0.999553 0.029893 0.000000 96.085402 -0.029893 0.999553 0.000000 -2.849969 0.000000 0.000000 1.000000 0.000000
0.999491 0.031895 0.000000 96.551326 -0.031895 0.999491 0.000000 -2.879321 0.000000 0.000000 1.000000 0.000000
0.999348 0.036092 0.000000 97.013798 -0.036092 0.999348 0.000000 -2.900766 0.000000 0.000000 1.000000 0.000000
0.999191 0.040214 0.000000 97.486167 -0.040214 0.999191 0.000000 -2.936514 0.000000 0.000000 1.000000 0.000000
0.999094 0.042555 0.000000 97.941861 -0.042555 0.999094 0.000000 -2.972199 0.000000 0.000000 1.000000 0.000000
0.999011 0.044469 0.000000 98.367999 -0.044469 0.999011 0.000000 -3.006908 0.000000 0.000000 1.000000 0.000000
0.998952 0.045772 0.000000 98.809873 -0.045772 0.998952 0.000000 -3.045600 0.000000 0.000000 1.000000 0.000000
0.998917 0.046532 0.000000 99.230557 -0.046532 0.998917 0.000000 -3.091117 0.000000 0.000000 1.000000 0.000000
0.998839 0.048180 0.000000 99.649479 -0.048180 0.998839 0.000000 -3.123299 0.000000 0.000000 1.000000 0.000000
0.998725 0.050477 0.000000 100.083428 -0.050477 0.998725 0.000000 -3.159619 0.000000 0.000000 1.000000 0.000000
0.998518 0.054415 0.000000 100.495702 -0.054415 0.998518 0.000000 -3.186689 0.000000 0.000000 1.000000 0.000000
0.998205 0.059882 0.000000 100.926854 -0.059882 0.998205 0.000000 -3.220377 0.000000 0.000000 1.000000 0.000000
0.998093 0.061731 0.000000 101.334693 -0.061731 0.998093 0.000000 -3.258385 0.000000 0.000000 1.000000 0.000000
0.998158 0.060670 0.000000 101.734802 -0.060670 0.998158 0.000000 -3.302019 0.000000 0.000000 1.000000 0.000000
0.998118 0.061315 0.000000 102.136520 -0.061315 0.998118 0.000000 -3.337463 0.000000 0.000000 1.000000 0.000000
0.998094 0.061709 0.000000 102.528846 -0.061709 0.998094 0.000000 -3.384054 0.000000 0.000000 1.000000 0.000000
0.997906 0.064681 0.000000 102.932767 -0.064681 0.997906 0.000000 -3.422714 0.000000 0.000000 1.000000 0.000000
0.997542 0.070067 0.000000 103.313232 -0.070067 0.997542 0.000000 -3.461871 0.000000 0.000000 1.000000 0.000000
0.997398 0.072096 0.000000 103.730203 -0.072096 0.997398 0.000000 -3.485800 0.000000 0.000000 1.000000 0.000000
0.997335 0.072957 0.000000 104.118684 -0.072957 0.997335 0.000000 -3.513490 0.000000 0.000000 1.000000 0.000000
0.997124 0.075783 0.000000 104.496976 -0.075783 0.997124 0.000000 -3.549419 0.000000 0.000000 1.000000 0.000000
0.996823 0.079646 0.000000 104.904570 -0.079646 0.996823 0.000000 -3.589952 0.000000 0.000000 1.000000 0.000000
0.996517 0.083392 0.000000 105.306336 -0.083392 0.996517 0.000000 -3.634025 0.000000 0.000000 1.000000 0.000000
0.996205 0.087034 0.000000 105.875828 -0.087034 0.996205 0.000000 -3.696836 0.000000 0.000000 1.000000 0.000000
0.996035 0.088961 0.000000 106.288912 -0.088961 0.996035 0.000000 -3.750330 0.000000 0.000000 1.000000 0.000000
0.995856 0.090940 0.000000 106.699662 -0.090940 0.995856 0.000000 -3.804177 0.000000 0.000000 1.000000 0.000000
0.995661 0.093053 0.000000 107.120456 -0.093053 0.995661 0.000000 -3.856284 0.000000 0.000000 1.000000 0.000000
0.995496 0.094807 0.000000 107.543573 -0.094807 0.995496 0.000000 -3.911852 0.000000 0.000000 1.000000 0.000000
0.995462 0.095159 0.000000 107.962179 -0.095159 0.995462 0.000000 -3.959340 0.000000 0.000000 1.000000 0.000000
0.995357 0.096256 0.000000 108.384073 -0.096256 0.995357 0.000000 -4.003674 0.000000 0.000000 1.000000 0.000000
0.994966 0.100214 0.000000 108.801625 -0.100214 0.994966 0.000000 -4.046280 0.000000 0.000000 1.000000 0.000000
0.994025 0.109151 0.000000 109.541502 -0.109151 0.994025 0.000000 -4.152755 0.000000 0.000000 1.000000 0.000000
0.994106 0.108411 0.000000 109.968061 -0.108411 0.994106 0.000000 -4.213612 0.000000 0.000000 1.000000 0.000000
0.994091 0.108548 0.000000 110.402203 -0.108548 0.994091 0.000000 -4.270586 0.000000 0.000000 1.000000 0.000000
0.994091 0.108548 0.000000 110.838072 -0.108548 0.994091 0.000000 -4.329069 0.000000 0.000000 1.000000 0.000000
0.993969 0.109658 0.000000 111.284835 -0.109658 0.993969 0.000000 -4.367175 0.000000 0.000000 1.000000 0.000000
0.993776 0.111399 0.000000 111.718172 -0.111399 0.993776 0.000000 -4.424498 0.000000 0.000000 1.000000 0.000000
0.993820 0.111000 0.000000 112.157469 -0.111000 0.993820 0.000000 -4.483153 0.000000 0.000000 1.000000 0.000000
0.993855 0.110694 0.000000 112.595953 -0.110694 0.993855 0.000000 -4.545410 0.000000 0.000000 1.000000 0.000000
0.993850 0.110733 0.000000 113.033869 -0.110733 0.993850 0.000000 -4.609342 0.000000 0.000000 1.000000 0.000000
0.993647 0.112544 0.000000 113.488206 -0.112544 0.993647 0.000000 -4.674944 0.000000 0.000000 1.000000 0.000000
0.993412 0.114594 0.000000 113.939808 -0.114594 0.993412 0.000000 -4.746718 0.000000 0.000000 1.000000 0.000000
0.993456 0.114219 0.000000 114.772445 -0.114219 0.993456 0.000000 -4.869663 0.000000 0.000000 1.000000 0.000000
0.993341 0.115214 0.000000 115.229594 -0.115214 0.993341 0.000000 -4.930006 0.000000 0.000000 1.000000 0.000000
0.993152 0.116827 0.000000 115.690991 -0.116827 0.993152 0.000000 -4.995832 0.000000 0.000000 1.000000 0.000000
0.993005 0.118076 0.000000 116.149478 -0.118076 0.993005 0.000000 -5.072045 0.000000 0.000000 1.000000 0.000000
0.992797 0.119810 0.000000 116.596122 -0.119810 0.992797 0.000000 -5.143100 0.000000 0.000000 1.000000 0.000000
0.992667 0.120885 0.000000 117.058808 -0.120885 0.992667 0.000000 -5.217129 0.000000 0.000000 1.000000 0.000000
0.992355 0.123417 0.000000 117.527368 -0.123417 0.992355 0.000000 -5.295339 0.000000 0.000000 1.000000 0.000000
0.991813 0.127699 0.000000 118.003009 -0.127699 0.991813 0.000000 -5.370629 0.000000 0.000000 1.000000 0.000000
0.991219 0.132233 0.000000 118.503275 -0.132233 0.991219 0.000000 -5.450759 0.000000 0.000000 1.000000 0.000000
0.990995 0.133901 0.000000 118.948669 -0.133901 0.990995 0.000000 -5.522007 0.000000 0.000000 1.000000 0.000000
0.990895 0.134638 0.000000 119.446070 -0.134638 0.990895 0.000000 -5.604500 0.000000 0.000000 1.000000 0.000000
0.990729 0.135851 0.000000 119.929602 -0.135851 0.990729 0.000000 -5.686049 0.000000 0.000000 1.000000 0.000000
0.990886 0.134702 0.000000 120.594165 -0.134702 0.990886 0.000000 -5.719698 0.000000 0.000000 1.000000 0.000000
0.990955 0.134196 0.000000 121.065345 -0.134196 0.990955 0.000000 -5.809940 0.000000 0.000000 1.000000 0.000000
0.990707 0.136014 0.000000 121.624275 -0.136014 0.990707 0.000000 -5.863851 0.000000 0.000000 1.000000 0.000000
0.990406 0.138190 0.000000 122.142038 -0.138190 0.990406 0.000000 -5.949227 0.000000 0.000000 1.000000 0.000000
0.989711 0.143080 0.000000 122.652530 -0.143080 0.989711 0.000000 -5.978883 0.000000 0.000000 1.000000 0.000000
0.988964 0.148156 0.000000 123.133128 -0.148156 0.988964 0.000000 -6.054969 0.000000 0.000000 1.000000 0.000000
0.988673 0.150087 0.000000 123.587792 -0.150087 0.988673 0.000000 -6.132970 0.000000 0.000000 1.000000 0.000000
0.988283 0.152632 0.000000 124.071587 -0.152632 0.988283 0.000000 -6.216978 0.000000 0.000000 1.000000 0.000000
0.987958 0.154725 0.000000 124.555670 -0.154725 0.987958 0.000000 -6.308718 0.000000 0.000000 1.000000 0.000000
0.987777 0.155873 0.000000 125.358748 -0.155873 0.987777 0.000000 -6.457047 0.000000 0.000000 1.000000 0.000000
0.988140 0.153554 0.000000 125.862753 -0.153554 0.988140 0.000000 -6.561751 0.000000 0.000000 1.000000 0.000000
0.989726 0.142980 0.000000 126.846025 -0.142980 0.989726 0.000000 -6.763490 0.000000 0.000000 1.000000 0.000000
0.990367 0.138467 0.000000 127.340266 -0.138467 0.990367 0.000000 -6.860153 0.000000 0.000000 1.000000 0.000000
0.990707 0.136013 0.000000 127.838522 -0.136013 0.990707 0.000000 -6.959636 0.000000 0.000000 1.000000 0.000000
0.990945 0.134266 0.000000 128.342979 -0.134266 0.990945 0.000000 -7.041180 0.000000 0.000000 1.000000 0.000000
0.990882 0.134729 0.000000 128.850536 -0.134729 0.990882 0.000000 -7.120716 0.000000 0.000000 1.000000 0.000000
0.990726 0.135875 0.000000 129.325191 -0.135875 0.990726 0.000000 -7.201627 0.000000 0.000000 1.000000 0.000000
0.991004 0.133834 0.000000 129.880600 -0.133834 0.991004 0.000000 -7.278723 0.000000 0.000000 1.000000 0.000000
0.990720 0.135921 0.000000 130.372466 -0.135921 0.990720 0.000000 -7.354065 0.000000 0.000000 1.000000 0.000000
0.990554 0.137125 0.000000 130.880856 -0.137125 0.990554 0.000000 -7.433732 0.000000 0.000000 1.000000 0.000000
0.990499 0.137520 0.000000 131.400909 -0.137520 0.990499 0.000000 -7.514402 0.000000 0.000000 1.000000 0.000000
0.990512 0.137429 0.000000 131.883871 -0.137429 0.990512 0.000000 -7.593596 0.000000 0.000000 1.000000 0.000000
0.990546 0.137184 0.000000 132.398269 -0.137184 0.990546 0.000000 -7.679900 0.000000 0.000000 1.000000 0.000000
0.990401 0.138226 0.000000 132.925419 -0.138226 0.990401 0.000000 -7.760456 0.000000 0.000000 1.000000 0.000000
0.990473 0.137709 0.000000 133.412671 -0.137709 0.990473 0.000000 -7.837174 0.000000 0.000000 1.000000 0.000000
0.990655 0.136394 0.000000 133.934578 -0.136394 0.990655 0.000000 -7.915558 0.000000 0.000000 1.000000 0.000000
0.990274 0.139130 0.000000 134.468956 -0.139130 0.990274 0.000000 -7.998643 0.000000 0.000000 1.000000 0.000000
0.989887 0.141861 0.000000 135.094054 -0.141861 0.989887 0.000000 -8.094272 0.000000 0.000000 1.000000 0.000000
0.989802 0.142448 0.000000 135.658926 -0.142448 0.989802 0.000000 -8.173880 0.000000 0.000000 1.000000 0.000000
0.988975 0.148083 0.000000 136.182681 -0.148083 0.988975 0.000000 -8.260919 0.000000 0.000000 1.000000 0.000000
0.988527 0.151044 0.000000 136.720253 -0.151044 0.988527 0.000000 -8.358182 0.000000 0.000000 1.000000 0.000000
0.987920 0.154963 0.000000 137.246969 -0.154963 0.987920 0.000000 -8.452652 0.000000 0.000000 1.000000 0.000000
0.987653 0.156657 0.000000 137.780923 -0.156657 0.987653 0.000000 -8.554773 0.000000 0.000000 1.000000 0.000000
0.986996 0.160747 0.000000 141.640587 -0.160747 0.986996 0.000000 -9.275699 0.000000 0.000000 1.000000 0.000000
0.987436 0.158019 0.000000 142.130181 -0.158019 0.987436 0.000000 -9.388233 0.000000 0.000000 1.000000 0.000000
0.988960 0.148181 0.000000 143.286972 -0.148181 0.988960 0.000000 -9.623670 0.000000 0.000000 1.000000 0.000000
0.988346 0.152223 0.000000 144.408841 -0.152223 0.988346 0.000000 -9.841576 0.000000 0.000000 1.000000 0.000000
0.988194 0.153210 0.000000 144.957590 -0.153210 0.988194 0.000000 -9.948869 0.000000 0.000000 1.000000 0.000000
0.988101 0.153808 0.000000 145.523252 -0.153808 0.988101 0.000000 -10.061433 0.000000 0.000000 1.000000 0.000000
0.988171 0.153357 0.000000 146.091889 -0.153357 0.988171 0.000000 -10.173636 0.000000 0.000000 1.000000 0.000000
0.988412 0.151795 0.000000 146.662894 -0.151795 0.988412 0.000000 -10.292725 0.000000 0.000000 1.000000 0.000000
0.988395 0.151903 0.000000 147.225240 -0.151903 0.988395 0.000000 -10.397396 0.000000 0.000000 1.000000 0.000000
0.987968 0.154659 0.000000 147.788973 -0.154659 0.987968 0.000000 -10.508682 0.000000 0.000000 1.000000 0.000000
0.987866 0.155311 0.000000 148.310795 -0.155311 0.987866 0.000000 -10.625647 0.000000 0.000000 1.000000 0.000000
0.987930 0.154902 0.000000 148.880906 -0.154902 0.987930 0.000000 -10.750421 0.000000 0.000000 1.000000 0.000000
0.987366 0.158458 0.000000 149.791081 -0.158458 0.987366 0.000000 -10.930253 0.000000 0.000000 1.000000 0.000000
0.986964 0.160943 0.000000 150.377081 -0.160943 0.986964 0.000000 -11.056762 0.000000 0.000000 1.000000 0.000000
0.986775 0.162094 0.000000 150.937746 -0.162094 0.986775 0.000000 -11.175623 0.000000 0.000000 1.000000 0.000000
0.986013 0.166666 0.000000 151.519509 -0.166666 0.986013 0.000000 -11.285640 0.000000 0.000000 1.000000 0.000000
0.985189 0.171474 0.000000 152.139765 -0.171474 0.985189 0.000000 -11.406593 0.000000 0.000000 1.000000 0.000000
0.984793 0.173731 0.000000 152.671615 -0.173731 0.984793 0.000000 -11.518654 0.000000 0.000000 1.000000 0.000000
0.984567 0.175006 0.000000 153.282994 -0.175006 0.984567 0.000000 -11.653904 0.000000 0.000000 1.000000 0.000000
0.984357 0.176186 0.000000 153.852450 -0.176186 0.984357 0.000000 -11.780515 0.000000 0.000000 1.000000 0.000000
0.984106 0.177582 0.000000 154.431280 -0.177582 0.984106 0.000000 -11.899355 0.000000 0.000000 1.000000 0.000000
0.983646 0.180112 0.000000 155.005675 -0.180112 0.983646 0.000000 -12.012454 0.000000 0.000000 1.000000 0.000000
0.983537 0.180705 0.000000 155.591477 -0.180705 0.983537 0.000000 -12.139278 0.000000 0.000000 1.000000 0.000000
0.983561 0.180575 0.000000 156.160791 -0.180575 0.983561 0.000000 -12.259047 0.000000 0.000000 1.000000 0.000000
0.983413 0.181379 0.000000 156.737609 -0.181379 0.983413 0.000000 -12.373890 0.000000 0.000000 1.000000 0.000000
0.983313 0.181924 0.000000 157.302763 -0.181924 0.983313 0.000000 -12.491991 0.000000 0.000000 1.000000 0.000000
0.983220 0.182421 0.000000 157.884668 -0.182421 0.983220 0.000000 -12.613928 0.000000 0.000000 1.000000 0.000000
0.982705 0.185177 0.000000 158.500872 -0.185177 0.982705 0.000000 -12.746751 0.000000 0.000000 1.000000 0.000000
0.982033 0.188711 0.000000 159.636709 -0.188711 0.982033 0.000000 -12.985881 0.000000 0.000000 1.000000 0.000000
0.982060 0.188567 0.000000 160.204281 -0.188567 0.982060 0.000000 -13.112994 0.000000 0.000000 1.000000 0.000000
0.982057 0.188587 0.000000 160.659040 -0.188587 0.982057 0.000000 -13.270820 0.000000 0.000000 1.000000 0.000000
0.981204 0.192974 0.000000 161.248905 -0.192974 0.981204 0.000000 -13.386384 0.000000 0.000000 1.000000 0.000000
0.981021 0.193902 0.000000 161.812388 -0.193902 0.981021 0.000000 -13.511100 0.000000 0.000000 1.000000 0.000000
0.981123 0.193384 0.000000 162.914831 -0.193384 0.981123 0.000000 -13.757468 0.000000 0.000000 1.000000 0.000000
0.981154 0.193228 0.000000 163.469383 -0.193228 0.981154 0.000000 -13.883974 0.000000 0.000000 1.000000 0.000000
0.980933 0.194345 0.000000 164.009877 -0.194345 0.980933 0.000000 -14.005973 0.000000 0.000000 1.000000 0.000000
0.980955 0.194236 0.000000 164.581701 -0.194236 0.980955 0.000000 -14.136524 0.000000 0.000000 1.000000 0.000000
0.980828 0.194874 0.000000 165.162627 -0.194874 0.980828 0.000000 -14.260761 0.000000 0.000000 1.000000 0.000000
0.980164 0.198188 0.000000 165.702149 -0.198188 0.980164 0.000000 -14.368083 0.000000 0.000000 1.000000 0.000000
0.979263 0.202592 0.000000 166.472259 -0.202592 0.979263 0.000000 -14.530460 0.000000 0.000000 1.000000 0.000000
0.978717 0.205214 0.000000 167.046047 -0.205214 0.978717 0.000000 -14.648961 0.000000 0.000000 1.000000 0.000000
0.977840 0.209354 0.000000 167.620736 -0.209354 0.977840 0.000000 -14.764193 0.000000 0.000000 1.000000 0.000000
0.977003 0.213227 0.000000 168.255092 -0.213227 0.977003 0.000000 -14.908149 0.000000 0.000000 1.000000 0.000000
0.977252 0.212079 0.000000 168.794164 -0.212079 0.977252 0.000000 -15.041762 0.000000 0.000000 1.000000 0.000000
0.977101 0.212774 0.000000 169.409331 -0.212774 0.977101 0.000000 -15.186585 0.000000 0.000000 1.000000 0.000000
0.976773 0.214276 0.000000 169.993210 -0.214276 0.976773 0.000000 -15.318663 0.000000 0.000000 1.000000 0.000000
0.976676 0.214720 0.000000 170.604426 -0.214720 0.976676 0.000000 -15.438698 0.000000 0.000000 1.000000 0.000000
0.976487 0.215577 0.000000 171.202234 -0.215577 0.976487 0.000000 -15.585215 0.000000 0.000000 1.000000 0.000000
0.977031 0.213097 0.000000 171.769469 -0.213097 0.977031 0.000000 -15.724701 0.000000 0.000000 1.000000 0.000000
0.977072 0.212910 0.000000 172.339458 -0.212910 0.977072 0.000000 -15.866652 0.000000 0.000000 1.000000 0.000000
0.977388 0.211452 0.000000 172.901012 -0.211452 0.977388 0.000000 -16.020059 0.000000 0.000000 1.000000 0.000000
0.978396 0.206738 0.000000 173.495761 -0.206738 0.978396 0.000000 -16.176092 0.000000 0.000000 1.000000 0.000000
0.979350 0.202172 0.000000 174.056798 -0.202172 0.979350 0.000000 -16.318964 0.000000 0.000000 1.000000 0.000000
0.979497 0.201458 0.000000 174.635852 -0.201458 0.979497 0.000000 -16.449230 0.000000 0.000000 1.000000 0.000000
0.979604 0.200937 0.000000 175.228080 -0.200937 0.979604 0.000000 -16.582660 0.000000 0.000000 1.000000 0.000000
0.979999 0.199004 0.000000 176.035821 -0.199004 0.979999 0.000000 -16.756927 0.000000 0.000000 1.000000 0.000000
0.979657 0.200680 0.000000 176.576996 -0.200680 0.979657 0.000000 -16.876512 0.000000 0.000000 1.000000 0.000000
0.979606 0.200929 0.000000 177.190357 -0.200929 0.979606 0.000000 -17.011376 0.000000 0.000000 1.000000 0.000000
0.979589 0.201013 0.000000 177.729976 -0.201013 0.979589 0.000000 -17.127099 0.000000 0.000000 1.000000 0.000000
0.979336 0.202239 0.000000 178.310225 -0.202239 0.979336 0.000000 -17.259343 0.000000 0.000000 1.000000 0.000000
0.978849 0.204583 0.000000 178.883208 -0.204583 0.978849 0.000000 -17.386219 0.000000 0.000000 1.000000 0.000000
0.977657 0.210205 0.000000 179.473339 -0.210205 0.977657 0.000000 -17.520675 0.000000 0.000000 1.000000 0.000000
0.976659 0.214795 0.000000 180.050906 -0.214795 0.976659 0.000000 -17.660456 0.000000 0.000000 1.000000 0.000000
0.976432 0.215825 0.000000 180.627286 -0.215825 0.976432 0.000000 -17.800411 0.000000 0.000000 1.000000 0.000000
0.976396 0.215989 0.000000 181.202851 -0.215989 0.976396 0.000000 -17.940434 0.000000 0.000000 1.000000 0.000000
0.978362 0.206901 0.000000 182.004628 -0.206901 0.978362 0.000000 -17.929081 0.000000 0.000000 1.000000 0.000000
0.977879 0.209172 0.000000 182.592542 -0.209172 0.977879 0.000000 -18.055922 0.000000 0.000000 1.000000 0.000000
0.977709 0.209964 0.000000 183.170115 -0.209964 0.977709 0.000000 -18.187909 0.000000 0.000000 1.000000 0.000000
0.977877 0.209181 0.000000 183.742348 -0.209181 0.977877 0.000000 -18.326270 0.000000 0.000000 1.000000 0.000000
0.977594 0.210501 0.000000 184.345292 -0.210501 0.977594 0.000000 -18.464955 0.000000 0.000000 1.000000 0.000000
0.977031 0.213098 0.000000 184.926201 -0.213098 0.977031 0.000000 -18.590756 0.000000 0.000000 1.000000 0.000000
0.976911 0.213647 0.000000 185.471737 -0.213647 0.976911 0.000000 -18.717789 0.000000 0.000000 1.000000 0.000000
0.976485 0.215584 0.000000 186.045587 -0.215584 0.976485 0.000000 -18.844232 0.000000 0.000000 1.000000 0.000000
0.975893 0.218249 0.000000 186.628380 -0.218249 0.975893 0.000000 -18.988083 0.000000 0.000000 1.000000 0.000000
0.976104 0.217303 0.000000 187.185968 -0.217303 0.976104 0.000000 -19.125316 0.000000 0.000000 1.000000 0.000000
0.976026 0.217655 0.000000 187.754665 -0.217655 0.976026 0.000000 -19.262895 0.000000 0.000000 1.000000 0.000000
0.975944 0.218023 0.000000 188.316088 -0.218023 0.975944 0.000000 -19.408111 0.000000 0.000000 1.000000 0.000000
0.976280 0.216514 0.000000 188.848063 -0.216514 0.976280 0.000000 -19.558910 0.000000 0.000000 1.000000 0.000000
0.975781 0.218748 0.000000 189.408772 -0.218748 0.975781 0.000000 -19.697532 0.000000 0.000000 1.000000 0.000000
0.975282 0.220965 0.000000 189.990469 -0.220965 0.975282 0.000000 -19.830945 0.000000 0.000000 1.000000 0.000000
0.975065 0.221919 0.000000 190.531975 -0.221919 0.975065 0.000000 -19.960296 0.000000 0.000000 1.000000 0.000000
0.974617 0.223879 0.000000 191.107178 -0.223879 0.974617 0.000000 -20.103330 0.000000 0.000000 1.000000 0.000000
0.974132 0.225982 0.000000 191.677670 -0.225982 0.974132 0.000000 -20.254935 0.000000 0.000000 1.000000 0.000000
0.973291 0.229576 0.000000 192.503232 -0.229576 0.973291 0.000000 -20.467982 0.000000 0.000000 1.000000 0.000000
0.972586 0.232545 0.000000 193.066304 -0.232545 0.972586 0.000000 -20.610331 0.000000 0.000000 1.000000 0.000000
0.972383 0.233391 0.000000 193.653306 -0.233391 0.972383 0.000000 -20.751420 0.000000 0.000000 1.000000 0.000000
0.972255 0.233924 0.000000 194.219435 -0.233924 0.972255 0.000000 -20.900534 0.000000 0.000000 1.000000 0.000000
0.972338 0.233577 0.000000 194.786858 -0.233577 0.972338 0.000000 -21.045752 0.000000 0.000000 1.000000 0.000000
0.972909 0.231188 0.000000 195.365399 -0.231188 0.972909 0.000000 -21.201305 0.000000 0.000000 1.000000 0.000000
0.973340 0.229365 0.000000 195.912452 -0.229365 0.973340 0.000000 -21.336273 0.000000 0.000000 1.000000 0.000000
0.973319 0.229458 0.000000 196.499488 -0.229458 0.973319 0.000000 -21.491217 0.000000 0.000000 1.000000 0.000000
0.973261 0.229701 0.000000 196.996041 -0.229701 0.973261 0.000000 -21.623211 0.000000 0.000000 1.000000 0.000000
0.972983 0.230875 0.000000 197.975840 -0.230875 0.972983 0.000000 -21.873316 0.000000 0.000000 1.000000 0.000000
0.972816 0.231581 0.000000 198.540619 -0.231581 0.972816 0.000000 -22.016644 0.000000 0.000000 1.000000 0.000000
0.972376 0.233419 0.000000 199.250535 -0.233419 0.972376 0.000000 -22.204868 0.000000 0.000000 1.000000 0.000000
0.971865 0.235538 0.000000 199.968204 -0.235538 0.971865 0.000000 -22.396814 0.000000 0.000000 1.000000 0.000000
0.971528 0.236926 0.000000 200.929852 -0.236926 0.971528 0.000000 -22.651742 0.000000 0.000000 1.000000 0.000000
0.971561 0.236788 0.000000 201.478791 -0.236788 0.971561 0.000000 -22.797354 0.000000 0.000000 1.000000 0.000000
0.971541 0.236871 0.000000 202.041370 -0.236871 0.971541 0.000000 -22.946386 0.000000 0.000000 1.000000 0.000000
0.971322 0.237768 0.000000 202.593186 -0.237768 0.971322 0.000000 -23.095738 0.000000 0.000000 1.000000 0.000000
0.971698 0.236227 0.000000 203.118429 -0.236227 0.971698 0.000000 -23.232076 0.000000 0.000000 1.000000 0.000000
0.971906 0.235369 0.000000 203.689354 -0.235369 0.971906 0.000000 -23.382115 0.000000 0.000000 1.000000 0.000000
0.971409 0.237411 0.000000 204.313541 -0.237411 0.971409 0.000000 -23.543078 0.000000 0.000000 1.000000 0.000000
0.971676 0.236319 0.000000 205.111764 -0.236319 0.971676 0.000000 -23.763671 0.000000 0.000000 1.000000 0.000000
0.971932 0.235264 0.000000 205.674573 -0.235264 0.971932 0.000000 -23.910831 0.000000 0.000000 1.000000 0.000000
0.971955 0.235168 0.000000 206.232208 -0.235168 0.971955 0.000000 -24.059293 0.000000 0.000000 1.000000 0.000000
0.972395 0.233342 0.000000 206.790227 -0.233342 0.972395 0.000000 -24.213973 0.000000 0.000000 1.000000 0.000000
0.972936 0.231074 0.000000 207.379324 -0.231074 0.972936 0.000000 -24.362960 0.000000 0.000000 1.000000 0.000000
0.972947 0.231027 0.000000 207.897841 -0.231027 0.972947 0.000000 -24.497502 0.000000 0.000000 1.000000 0.000000
0.972890 0.231269 0.000000 208.507153 -0.231269 0.972890 0.000000 -24.793161 0.000000 0.000000 1.000000 0.000000
0.973290 0.229578 0.000000 209.028639 -0.229578 0.973290 0.000000 -24.899518 0.000000 0.000000 1.000000 0.000000
0.973553 0.228461 0.000000 209.629379 -0.228461 0.973553 0.000000 -25.060649 0.000000 0.000000 1.000000 0.000000
0.973638 0.228100 0.000000 210.178212 -0.228100 0.973638 0.000000 -25.187867 0.000000 0.000000 1.000000 0.000000
0.973744 0.227647 0.000000 210.728577 -0.227647 0.973744 0.000000 -25.337981 0.000000 0.000000 1.000000 0.000000
0.973838 0.227242 0.000000 211.283739 -0.227242 0.973838 0.000000 -25.473548 0.000000 0.000000 1.000000 0.000000
0.973825 0.227301 0.000000 211.824717 -0.227301 0.973825 0.000000 -25.612541 0.000000 0.000000 1.000000 0.000000
0.974165 0.225838 0.000000 212.376303 -0.225838 0.974165 0.000000 -25.760259 0.000000 0.000000 1.000000 0.000000
0.974708 0.223481 0.000000 212.932227 -0.223481 0.974708 0.000000 -25.907860 0.000000 0.000000 1.000000 0.000000
0.974208 0.225653 0.000000 213.474947 -0.225653 0.974208 0.000000 -26.038772 0.000000 0.000000 1.000000 0.000000
0.973661 0.227999 0.000000 214.003316 -0.227999 0.973661 0.000000 -26.190669 0.000000 0.000000 1.000000 0.000000
0.974297 0.225267 0.000000 214.552791 -0.225267 0.974297 0.000000 -26.330794 0.000000 0.000000 1.000000 0.000000
0.974878 0.222741 0.000000 215.142769 -0.222741 0.974878 0.000000 -26.486251 0.000000 0.000000 1.000000 0.000000
0.975452 0.220211 0.000000 215.699356 -0.220211 0.975452 0.000000 -26.627366 0.000000 0.000000 1.000000 0.000000
0.975859 0.218402 0.000000 216.252305 -0.218402 0.975859 0.000000 -26.760531 0.000000 0.000000 1.000000 0.000000
0.975917 0.218143 0.000000 216.768792 -0.218143 0.975917 0.000000 -26.882083 0.000000 0.000000 1.000000 0.000000
0.975572 0.219679 0.000000 217.317852 -0.219679 0.975572 0.000000 -27.016629 0.000000 0.000000 1.000000 0.000000
0.975663 0.219275 0.000000 217.901116 -0.219275 0.975663 0.000000 -27.167360 0.000000 0.000000 1.000000 0.000000
0.976375 0.216084 0.000000 218.473496 -0.216084 0.976375 0.000000 -27.305425 0.000000 0.000000 1.000000 0.000000
0.976693 0.214643 0.000000 219.038691 -0.214643 0.976693 0.000000 -27.439296 0.000000 0.000000 1.000000 0.000000
0.976832 0.214005 0.000000 219.556219 -0.214005 0.976832 0.000000 -27.564521 0.000000 0.000000 1.000000 0.000000
0.977678 0.210108 0.000000 220.616479 -0.210108 0.977678 0.000000 -27.822804 0.000000 0.000000 1.000000 0.000000
0.978292 0.207232 0.000000 221.151569 -0.207232 0.978292 0.000000 -27.955645 0.000000 0.000000 1.000000 0.000000
0.978804 0.204797 0.000000 221.679965 -0.204797 0.978804 0.000000 -28.082836 0.000000 0.000000 1.000000 0.000000
0.979054 0.203599 0.000000 222.197869 -0.203599 0.979054 0.000000 -28.204001 0.000000 0.000000 1.000000 0.000000
0.979289 0.202467 0.000000 222.741838 -0.202467 0.979289 0.000000 -28.340368 0.000000 0.000000 1.000000 0.000000
0.979729 0.200326 0.000000 223.277839 -0.200326 0.979729 0.000000 -28.464353 0.000000 0.000000 1.000000 0.000000
0.979989 0.199050 0.000000 223.822434 -0.199050 0.979989 0.000000 -28.585743 0.000000 0.000000 1.000000 0.000000
0.980255 0.197736 0.000000 224.324977 -0.197736 0.980255 0.000000 -28.702347 0.000000 0.000000 1.000000 0.000000
0.980353 0.197251 0.000000 224.858731 -0.197251 0.980353 0.000000 -28.820313 0.000000 0.000000 1.000000 0.000000
0.980239 0.197816 0.000000 225.355584 -0.197816 0.980239 0.000000 -28.931448 0.000000 0.000000 1.000000 0.000000
0.980218 0.197923 0.000000 225.882995 -0.197923 0.980218 0.000000 -29.050837 0.000000 0.000000 1.000000 0.000000
0.980361 0.197212 0.000000 226.408095 -0.197212 0.980361 0.000000 -29.169958 0.000000 0.000000 1.000000 0.000000
0.980706 0.195491 0.000000 226.931709 -0.195491 0.980706 0.000000 -29.292135 0.000000 0.000000 1.000000 0.000000
0.981005 0.193982 0.000000 227.425692 -0.193982 0.981005 0.000000 -29.399196 0.000000 0.000000 1.000000 0.000000
0.981307 0.192446 0.000000 227.963829 -0.192446 0.981307 0.000000 -29.518663 0.000000 0.000000 1.000000 0.000000
0.981670 0.190587 0.000000 228.607407 -0.190587 0.981670 0.000000 -29.655723 0.000000 0.000000 1.000000 0.000000
0.981771 0.190068 0.000000 229.241384 -0.190068 0.981771 0.000000 -29.795912 0.000000 0.000000 1.000000 0.000000
0.981869 0.189562 0.000000 229.767647 -0.189562 0.981869 0.000000 -29.907339 0.000000 0.000000 1.000000 0.000000
0.982213 0.187769 0.000000 230.297037 -0.187769 0.982213 0.000000 -30.030341 0.000000 0.000000 1.000000 0.000000
0.982668 0.185375 0.000000 230.823784 -0.185375 0.982668 0.000000 -30.141904 0.000000 0.000000 1.000000 0.000000
0.983030 0.183446 0.000000 231.345462 -0.183446 0.983030 0.000000 -30.250236 0.000000 0.000000 1.000000 0.000000
0.983516 0.180820 0.000000 231.864714 -0.180820 0.983516 0.000000 -30.358948 0.000000 0.000000 1.000000 0.000000
0.983817 0.179176 0.000000 232.765658 -0.179176 0.983817 0.000000 -30.542784 0.000000 0.000000 1.000000 0.000000
0.983603 0.180346 0.000000 233.294181 -0.180346 0.983603 0.000000 -30.657094 0.000000 0.000000 1.000000 0.000000
0.983261 0.182204 0.000000 233.780633 -0.182204 0.983261 0.000000 -30.758648 0.000000 0.000000 1.000000 0.000000
0.982777 0.184798 0.000000 234.299830 -0.184798 0.982777 0.000000 -30.866594 0.000000 0.000000 1.000000 0.000000
0.982376 0.186916 0.000000 234.819228 -0.186916 0.982376 0.000000 -30.972182 0.000000 0.000000 1.000000 0.000000
0.982355 0.187025 0.000000 235.340636 -0.187025 0.982355 0.000000 -31.083271 0.000000 0.000000 1.000000 0.000000
0.982564 0.185927 0.000000 235.863447 -0.185927 0.982564 0.000000 -31.207079 0.000000 0.000000 1.000000 0.000000
0.982271 0.187464 0.000000 236.391403 -0.187464 0.982271 0.000000 -31.314210 0.000000 0.000000 1.000000 0.000000
0.981773 0.190055 0.000000 236.903452 -0.190055 0.981773 0.000000 -31.421469 0.000000 0.000000 1.000000 0.000000
0.981533 0.191290 0.000000 237.426934 -0.191290 0.981533 0.000000 -31.530509 0.000000 0.000000 1.000000 0.000000
0.981225 0.192866 0.000000 237.950609 -0.192866 0.981225 0.000000 -31.647636 0.000000 0.000000 1.000000 0.000000
0.981068 0.193665 0.000000 238.475210 -0.193665 0.981068 0.000000 -31.762124 0.000000 0.000000 1.000000 0.000000
0.980948 0.194270 0.000000 238.997118 -0.194270 0.980948 0.000000 -31.887937 0.000000 0.000000 1.000000 0.000000
0.980772 0.195159 0.000000 239.510394 -0.195159 0.980772 0.000000 -32.003002 0.000000 0.000000 1.000000 0.000000
0.980652 0.195758 0.000000 240.031421 -0.195758 0.980652 0.000000 -32.117274 0.000000 0.000000 1.000000 0.000000
0.980589 0.196075 0.000000 240.550347 -0.196075 0.980589 0.000000 -32.227885 0.000000 0.000000 1.000000 0.000000
0.980604 0.195998 0.000000 241.096000 -0.195998 0.980604 0.000000 -32.357253 0.000000 0.000000 1.000000 0.000000
0.980347 0.197283 0.000000 241.579888 -0.197283 0.980347 0.000000 -32.469484 0.000000 0.000000 1.000000 0.000000
0.979738 0.200283 0.000000 242.069476 -0.200283 0.979738 0.000000 -32.591062 0.000000 0.000000 1.000000 0.000000
0.979104 0.203361 0.000000 242.593830 -0.203361 0.979104 0.000000 -32.718499 0.000000 0.000000 1.000000 0.000000
0.979188 0.202956 0.000000 243.108343 -0.202956 0.979188 0.000000 -32.848436 0.000000 0.000000 1.000000 0.000000
0.979404 0.201913 0.000000 243.627309 -0.201913 0.979404 0.000000 -32.975529 0.000000 0.000000 1.000000 0.000000
0.979269 0.202563 0.000000 244.149592 -0.202563 0.979269 0.000000 -33.100648 0.000000 0.000000 1.000000 0.000000
0.978987 0.203924 0.000000 244.664832 -0.203924 0.978987 0.000000 -33.228047 0.000000 0.000000 1.000000 0.000000
0.978928 0.204208 0.000000 245.177899 -0.204208 0.978928 0.000000 -33.354004 0.000000 0.000000 1.000000 0.000000
0.978367 0.206878 0.000000 245.687011 -0.206878 0.978367 0.000000 -33.469817 0.000000 0.000000 1.000000 0.000000
0.977580 0.210563 0.000000 246.242674 -0.210563 0.977580 0.000000 -33.601339 0.000000 0.000000 1.000000 0.000000
0.976979 0.213336 0.000000 246.745777 -0.213336 0.976979 0.000000 -33.727993 0.000000 0.000000 1.000000 0.000000
0.976531 0.215377 0.000000 247.225743 -0.215377 0.976531 0.000000 -33.850134 0.000000 0.000000 1.000000 0.000000
0.975978 0.217867 0.000000 247.722478 -0.217867 0.975978 0.000000 -33.973810 0.000000 0.000000 1.000000 0.000000
0.974463 0.224548 0.000000 248.748381 -0.224548 0.974463 0.000000 -34.219005 0.000000 0.000000 1.000000 0.000000
0.973619 0.228181 0.000000 249.262627 -0.228181 0.973619 0.000000 -34.340756 0.000000 0.000000 1.000000 0.000000
0.973364 0.229264 0.000000 249.973378 -0.229264 0.973364 0.000000 -34.520740 0.000000 0.000000 1.000000 0.000000
0.973630 0.228133 0.000000 250.947613 -0.228133 0.973630 0.000000 -34.762719 0.000000 0.000000 1.000000 0.000000
0.973337 0.229381 0.000000 251.462857 -0.229381 0.973337 0.000000 -34.887195 0.000000 0.000000 1.000000 0.000000
0.972786 0.231705 0.000000 251.968882 -0.231705 0.972786 0.000000 -35.016639 0.000000 0.000000 1.000000 0.000000
0.972456 0.233088 0.000000 252.464321 -0.233088 0.972456 0.000000 -35.152355 0.000000 0.000000 1.000000 0.000000
0.972152 0.234352 0.000000 252.972284 -0.234352 0.972152 0.000000 -35.292578 0.000000 0.000000 1.000000 0.000000
0.971853 0.235587 0.000000 253.469174 -0.235587 0.971853 0.000000 -35.431740 0.000000 0.000000 1.000000 0.000000
0.971703 0.236207 0.000000 253.969954 -0.236207 0.971703 0.000000 -35.565684 0.000000 0.000000 1.000000 0.000000
0.971776 0.235906 0.000000 254.470594 -0.235906 0.971776 0.000000 -35.696463 0.000000 0.000000 1.000000 0.000000
0.972494 0.232927 0.000000 254.956447 -0.232927 0.972494 0.000000 -35.844665 0.000000 0.000000 1.000000 0.000000
0.973444 0.228926 0.000000 255.456873 -0.228926 0.973444 0.000000 -35.977012 0.000000 0.000000 1.000000 0.000000
0.973802 0.227396 0.000000 255.911090 -0.227396 0.973802 0.000000 -36.086725 0.000000 0.000000 1.000000 0.000000
0.973742 0.227653 0.000000 256.406517 -0.227653 0.973742 0.000000 -36.210359 0.000000 0.000000 1.000000 0.000000
0.973781 0.227488 0.000000 256.902750 -0.227488 0.973781 0.000000 -36.324985 0.000000 0.000000 1.000000 0.000000
0.974015 0.226482 0.000000 257.393221 -0.226482 0.974015 0.000000 -36.445444 0.000000 0.000000 1.000000 0.000000
0.974361 0.224990 0.000000 257.899827 -0.224990 0.974361 0.000000 -36.562211 0.000000 0.000000 1.000000 0.000000
0.974433 0.224677 0.000000 258.390516 -0.224677 0.974433 0.000000 -36.664054 0.000000 0.000000 1.000000 0.000000
0.974172 0.225807 0.000000 258.889901 -0.225807 0.974172 0.000000 -36.776417 0.000000 0.000000 1.000000 0.000000
0.973785 0.227470 0.000000 259.375128 -0.227470 0.973785 0.000000 -36.885465 0.000000 0.000000 1.000000 0.000000
0.973106 0.230357 0.000000 259.867499 -0.230357 0.973106 0.000000 -36.998347 0.000000 0.000000 1.000000 0.000000
0.972698 0.232073 0.000000 260.315834 -0.232073 0.972698 0.000000 -37.110494 0.000000 0.000000 1.000000 0.000000
0.973129 0.230262 0.000000 260.823753 -0.230262 0.973129 0.000000 -37.224064 0.000000 0.000000 1.000000 0.000000
0.973326 0.229428 0.000000 261.289441 -0.229428 0.973326 0.000000 -37.337696 0.000000 0.000000 1.000000 0.000000
0.973058 0.230562 0.000000 261.720493 -0.230562 0.973058 0.000000 -37.442057 0.000000 0.000000 1.000000 0.000000
0.972875 0.231330 0.000000 262.178158 -0.231330 0.972875 0.000000 -37.556306 0.000000 0.000000 1.000000 0.000000
0.972895 0.231247 0.000000 262.632584 -0.231247 0.972895 0.000000 -37.672244 0.000000 0.000000 1.000000 0.000000
0.972981 0.230886 0.000000 263.075027 -0.230886 0.972981 0.000000 -37.781772 0.000000 0.000000 1.000000 0.000000
0.973131 0.230253 0.000000 263.521992 -0.230253 0.973131 0.000000 -37.887378 0.000000 0.000000 1.000000 0.000000
0.973166 0.230103 0.000000 263.947849 -0.230103 0.973166 0.000000 -37.993439 0.000000 0.000000 1.000000 0.000000
0.973319 0.229454 0.000000 264.378063 -0.229454 0.973319 0.000000 -38.104569 0.000000 0.000000 1.000000 0.000000
0.973839 0.227240 0.000000 264.804134 -0.227240 0.973839 0.000000 -38.206450 0.000000 0.000000 1.000000 0.000000
0.974413 0.224765 0.000000 265.241882 -0.224765 0.974413 0.000000 -38.314767 0.000000 0.000000 1.000000 0.000000
0.974705 0.223497 0.000000 265.799697 -0.223497 0.974705 0.000000 -38.449115 0.000000 0.000000 1.000000 0.000000
0.974348 0.225047 0.000000 266.216102 -0.225047 0.974348 0.000000 -38.547386 0.000000 0.000000 1.000000 0.000000
0.974402 0.224814 0.000000 266.630594 -0.224814 0.974402 0.000000 -38.654463 0.000000 0.000000 1.000000 0.000000
0.974577 0.224051 0.000000 267.044160 -0.224051 0.974577 0.000000 -38.754789 0.000000 0.000000 1.000000 0.000000
0.974763 0.223240 0.000000 267.446866 -0.223240 0.974763 0.000000 -38.849907 0.000000 0.000000 1.000000 0.000000
0.974919 0.222561 0.000000 267.850042 -0.222561 0.974919 0.000000 -38.933795 0.000000 0.000000 1.000000 0.000000
0.974585 0.224016 0.000000 268.255453 -0.224016 0.974585 0.000000 -39.019000 0.000000 0.000000 1.000000 0.000000
0.974234 0.225541 0.000000 268.676649 -0.225541 0.974234 0.000000 -39.112594 0.000000 0.000000 1.000000 0.000000
0.973720 0.227747 0.000000 269.064232 -0.227747 0.973720 0.000000 -39.203886 0.000000 0.000000 1.000000 0.000000
0.973494 0.228712 0.000000 269.446548 -0.228712 0.973494 0.000000 -39.283039 0.000000 0.000000 1.000000 0.000000
0.973722 0.227739 0.000000 269.825524 -0.227739 0.973722 0.000000 -39.380442 0.000000 0.000000 1.000000 0.000000
0.973515 0.228624 0.000000 270.198126 -0.228624 0.973515 0.000000 -39.477774 0.000000 0.000000 1.000000 0.000000
0.973033 0.230666 0.000000 270.540161 -0.230666 0.973033 0.000000 -39.567829 0.000000 0.000000 1.000000 0.000000
0.972914 0.231167 0.000000 270.905245 -0.231167 0.972914 0.000000 -39.660933 0.000000 0.000000 1.000000 0.000000
0.973065 0.230532 0.000000 271.252326 -0.230532 0.973065 0.000000 -39.755253 0.000000 0.000000 1.000000 0.000000
0.973323 0.229439 0.000000 271.606905 -0.229439 0.973323 0.000000 -39.846439 0.000000 0.000000 1.000000 0.000000
0.973395 0.229133 0.000000 271.954710 -0.229133 0.973395 0.000000 -39.937839 0.000000 0.000000 1.000000 0.000000
0.973219 0.229878 0.000000 272.302071 -0.229878 0.973219 0.000000 -40.025428 0.000000 0.000000 1.000000 0.000000
0.973776 0.227508 0.000000 272.676429 -0.227508 0.973776 0.000000 -40.096547 0.000000 0.000000 1.000000 0.000000
0.974197 0.225699 0.000000 273.014819 -0.225699 0.974197 0.000000 -40.186161 0.000000 0.000000 1.000000 0.000000
0.974118 0.226042 0.000000 273.680221 -0.226042 0.974118 0.000000 -40.354589 0.000000 0.000000 1.000000 0.000000
0.974108 0.226081 0.000000 274.006835 -0.226081 0.974108 0.000000 -40.438342 0.000000 0.000000 1.000000 0.000000
0.974231 0.225551 0.000000 274.334591 -0.225551 0.974231 0.000000 -40.521264 0.000000 0.000000 1.000000 0.000000
0.974210 0.225642 0.000000 274.652314 -0.225642 0.974210 0.000000 -40.596501 0.000000 0.000000 1.000000 0.000000
0.973770 0.227535 0.000000 274.970688 -0.227535 0.973770 0.000000 -40.664365 0.000000 0.000000 1.000000 0.000000
0.973031 0.230674 0.000000 275.539397 -0.230674 0.973031 0.000000 -40.802011 0.000000 0.000000 1.000000 0.000000
0.973226 0.229851 0.000000 275.832177 -0.229851 0.973226 0.000000 -40.880790 0.000000 0.000000 1.000000 0.000000
0.973614 0.228203 0.000000 276.111296 -0.228203 0.973614 0.000000 -40.961463 0.000000 0.000000 1.000000 0.000000
0.974016 0.226480 0.000000 276.394539 -0.226480 0.974016 0.000000 -41.042814 0.000000 0.000000 1.000000 0.000000
0.974179 0.225778 0.000000 276.657679 -0.225778 0.974179 0.000000 -41.112082 0.000000 0.000000 1.000000 0.000000
0.973831 0.227271 0.000000 279.237807 -0.227271 0.973831 0.000000 -41.706211 0.000000 0.000000 1.000000 0.000000
0.973220 0.229875 0.000000 279.476276 -0.229875 0.973220 0.000000 -41.766231 0.000000 0.000000 1.000000 0.000000
0.973375 0.229219 0.000000 279.710649 -0.229219 0.973375 0.000000 -41.833246 0.000000 0.000000 1.000000 0.000000
0.974166 0.225833 0.000000 280.010320 -0.225833 0.974166 0.000000 -41.916034 0.000000 0.000000 1.000000 0.000000
0.974596 0.223969 0.000000 280.352214 -0.223969 0.974596 0.000000 -42.001949 0.000000 0.000000 1.000000 0.000000
0.974367 0.224964 0.000000 280.636033 -0.224964 0.974367 0.000000 -42.075305 0.000000 0.000000 1.000000 0.000000
0.974320 0.225168 0.000000 280.853399 -0.225168 0.974320 0.000000 -42.137193 0.000000 0.000000 1.000000 0.000000
0.974616 0.223884 0.000000 281.071706 -0.223884 0.974616 0.000000 -42.197175 0.000000 0.000000 1.000000 0.000000
0.974786 0.223141 0.000000 281.293343 -0.223141 0.974786 0.000000 -42.255296 0.000000 0.000000 1.000000 0.000000
0.974448 0.224614 0.000000 281.510510 -0.224614 0.974448 0.000000 -42.311022 0.000000 0.000000 1.000000 0.000000
0.973985 0.226613 0.000000 281.718678 -0.226613 0.973985 0.000000 -42.360008 0.000000 0.000000 1.000000 0.000000
0.974211 0.225639 0.000000 281.916907 -0.225639 0.974211 0.000000 -42.438891 0.000000 0.000000 1.000000 0.000000
0.974457 0.224575 0.000000 282.138638 -0.224575 0.974457 0.000000 -42.493812 0.000000 0.000000 1.000000 0.000000
0.974011 0.226500 0.000000 282.342093 -0.226500 0.974011 0.000000 -42.546437 0.000000 0.000000 1.000000 0.000000
0.973595 0.228281 0.000000 282.538213 -0.228281 0.973595 0.000000 -42.595181 0.000000 0.000000 1.000000 0.000000
0.973596 0.228279 0.000000 282.741006 -0.228279 0.973596 0.000000 -42.651081 0.000000 0.000000 1.000000 0.000000
0.973833 0.227266 0.000000 282.914960 -0.227266 0.973833 0.000000 -42.699556 0.000000 0.000000 1.000000 0.000000
0.974052 0.226323 0.000000 283.112759 -0.226323 0.974052 0.000000 -42.754939 0.000000 0.000000 1.000000 0.000000
0.974005 0.226525 0.000000 283.282594 -0.226525 0.974005 0.000000 -42.797862 0.000000 0.000000 1.000000 0.000000
0.973695 0.227857 0.000000 283.475089 -0.227857 0.973695 0.000000 -42.842967 0.000000 0.000000 1.000000 0.000000
0.973480 0.228771 0.000000 283.633173 -0.228771 0.973480 0.000000 -42.879655 0.000000 0.000000 1.000000 0.000000
0.973282 0.229615 0.000000 283.799092 -0.229615 0.973282 0.000000 -42.922544 0.000000 0.000000 1.000000 0.000000
0.972539 0.232740 0.000000 283.957019 -0.232740 0.972539 0.000000 -42.959281 0.000000 0.000000 1.000000 0.000000
0.972035 0.234834 0.000000 284.118496 -0.234834 0.972035 0.000000 -42.996333 0.000000 0.000000 1.000000 0.000000
0.972142 0.234394 0.000000 284.271096 -0.234394 0.972142 0.000000 -43.030237 0.000000 0.000000 1.000000 0.000000
0.972200 0.234154 0.000000 284.499546 -0.234154 0.972200 0.000000 -43.071896 0.000000 0.000000 1.000000 0.000000
0.971593 0.236658 0.000000 284.648811 -0.236658 0.971593 0.000000 -43.099714 0.000000 0.000000 1.000000 0.000000
0.971396 0.237466 0.000000 284.792975 -0.237466 0.971396 0.000000 -43.125979 0.000000 0.000000 1.000000 0.000000
0.971349 0.237656 0.000000 284.931255 -0.237656 0.971349 0.000000 -43.159357 0.000000 0.000000 1.000000 0.000000
0.971689 0.236264 0.000000 285.160574 -0.236264 0.971689 0.000000 -43.236346 0.000000 0.000000 1.000000 0.000000
0.972593 0.232514 0.000000 285.235373 -0.232514 0.972593 0.000000 -43.219613 0.000000 0.000000 1.000000 0.000000
0.972191 0.234190 0.000000 285.344018 -0.234190 0.972191 0.000000 -43.240723 0.000000 0.000000 1.000000 0.000000
0.972289 0.233783 0.000000 285.509385 -0.233783 0.972289 0.000000 -43.143651 0.000000 0.000000 1.000000 0.000000
0.972179 0.234240 0.000000 285.591091 -0.234240 0.972179 0.000000 -43.169674 0.000000 0.000000 1.000000 0.000000
0.972626 0.232376 0.000000 285.696528 -0.232376 0.972626 0.000000 -43.197923 0.000000 0.000000 1.000000 0.000000
0.972375 0.233425 0.000000 285.756844 -0.233425 0.972375 0.000000 -43.201534 0.000000 0.000000 1.000000 0.000000
0.971850 0.235600 0.000000 285.856870 -0.235600 0.971850 0.000000 -43.234666 0.000000 0.000000 1.000000 0.000000
0.971668 0.236348 0.000000 285.900726 -0.236348 0.971668 0.000000 -43.244798 0.000000 0.000000 1.000000 0.000000
0.971701 0.236216 0.000000 285.947757 -0.236216 0.971701 0.000000 -43.254964 0.000000 0.000000 1.000000 0.000000
0.971745 0.236032 0.000000 285.974888 -0.236032 0.971745 0.000000 -43.262688 0.000000 0.000000 1.000000 0.000000
0.971665 0.236364 0.000000 285.988797 -0.236364 0.971665 0.000000 -43.268580 0.000000 0.000000 1.000000 0.000000
0.971787 0.235858 0.000000 285.992828 -0.235858 0.971787 0.000000 -43.270976 0.000000 0.000000 1.000000 0.000000
0.971975 0.235084 0.000000 285.992786 -0.235084 0.971975 0.000000 -43.273561 0.000000 0.000000 1.000000 0.000000
0.972046 0.234792 0.000000 285.989444 -0.234792 0.972046 0.000000 -43.273646 0.000000 0.000000 1.000000 0.000000
0.972139 0.234403 0.000000 285.988237 -0.234403 0.972139 0.000000 -43.274290 0.000000 0.000000 1.000000 0.000000
0.972271 0.233857 0.000000 285.987831 -0.233857 0.972271 0.000000 -43.274001 0.000000 0.000000 1.000000 0.000000
0.972315 0.233676 0.000000 285.987613 -0.233676 0.972315 0.000000 -43.274507 0.000000 0.000000 1.000000 0.000000
0.972321 0.233648 0.000000 285.987621 -0.233648 0.972321 0.000000 -43.274482 0.000000 0.000000 1.000000 0.000000
0.972319 0.233659 0.000000 285.987557 -0.233659 0.972319 0.000000 -43.274278 0.000000 0.000000 1.000000 0.000000
0.972293 0.233766 0.000000 285.988140 -0.233766 0.972293 0.000000 -43.273931 0.000000 0.000000 1.000000 0.000000
0.972271 0.233858 0.000000 285.988202 -0.233858 0.972271 0.000000 -43.273696 0.000000 0.000000 1.000000 0.000000
0.972277 0.233834 0.000000 285.988145 -0.233834 0.972277 0.000000 -43.273675 0.000000 0.000000 1.000000 0.000000
0.972293 0.233767 0.000000 285.988502 -0.233767 0.972293 0.000000 -43.274159 0.000000 0.000000 1.000000 0.000000
0.972307 0.233708 0.000000 285.988366 -0.233708 0.972307 0.000000 -43.274161 0.000000 0.000000 1.000000 0.000000
0.972308 0.233705 0.000000 285.988153 -0.233705 0.972308 0.000000 -43.273920 0.000000 0.000000 1.000000 0.000000
0.972304 0.233721 0.000000 285.988287 -0.233721 0.972304 0.000000 -43.273828 0.000000 0.000000 1.000000 0.000000
0.972333 0.233601 0.000000 285.988254 -0.233601 0.972333 0.000000 -43.274257 0.000000 0.000000 1.000000 0.000000
0.972354 0.233512 0.000000 285.988250 -0.233512 0.972354 0.000000 -43.274469 0.000000 0.000000 1.000000 0.000000
0.972354 0.233511 0.000000 285.988044 -0.233511 0.972354 0.000000 -43.274295 0.000000 0.000000 1.000000 0.000000
0.972366 0.233461 0.000000 285.987760 -0.233461 0.972366 0.000000 -43.274184 0.000000 0.000000 1.000000 0.000000
0.972380 0.233404 0.000000 285.987964 -0.233404 0.972380 0.000000 -43.274563 0.000000 0.000000 1.000000 0.000000
0.972367 0.233456 0.000000 285.987931 -0.233456 0.972367 0.000000 -43.274232 0.000000 0.000000 1.000000 0.000000
0.972351 0.233526 0.000000 285.988067 -0.233526 0.972351 0.000000 -43.274211 0.000000 0.000000 1.000000 0.000000
0.972351 0.233522 0.000000 285.988037 -0.233522 0.972351 0.000000 -43.274183 0.000000 0.000000 1.000000 0.000000
0.972369 0.233450 0.000000 285.987896 -0.233450 0.972369 0.000000 -43.274316 0.000000 0.000000 1.000000 0.000000
0.972384 0.233388 0.000000 285.988016 -0.233388 0.972384 0.000000 -43.274337 0.000000 0.000000 1.000000 0.000000
0.972364 0.233469 0.000000 285.988175 -0.233469 0.972364 0.000000 -43.274147 0.000000 0.000000 1.000000 0.000000
0.972345 0.233550 0.000000 285.988330 -0.233550 0.972345 0.000000 -43.273950 0.000000 0.000000 1.000000 0.000000
0.972373 0.233431 0.000000 285.988326 -0.233431 0.972373 0.000000 -43.273931 0.000000 0.000000 1.000000 0.000000
0.972364 0.233469 0.000000 285.988550 -0.233469 0.972364 0.000000 -43.273495 0.000000 0.000000 1.000000 0.000000
0.972364 0.233469 0.000000 285.988550 -0.233469 0.972364 0.000000 -43.273495 0.000000 0.000000 1.000000 0.000000
0.972357 0.233499 0.000000 285.988505 -0.233499 0.972357 0.000000 -43.273504 0.000000 0.000000 1.000000 0.000000
0.972354 0.233513 0.000000 285.988630 -0.233513 0.972354 0.000000 -43.273507 0.000000 0.000000 1.000000 0.000000
0.972348 0.233538 0.000000 285.988700 -0.233538 0.972348 0.000000 -43.273520 0.000000 0.000000 1.000000 0.000000
0.972333 0.233601 0.000000 285.988783 -0.233601 0.972333 0.000000 -43.273439 0.000000 0.000000 1.000000 0.000000
0.972332 0.233602 0.000000 285.988786 -0.233602 0.972332 0.000000 -43.273436 0.000000 0.000000 1.000000 0.000000
0.972321 0.233650 0.000000 285.988904 -0.233650 0.972321 0.000000 -43.273399 0.000000 0.000000 1.000000 0.000000
0.972321 0.233650 0.000000 285.988905 -0.233650 0.972321 0.000000 -43.273400 0.000000 0.000000 1.000000 0.000000
0.972317 0.233664 0.000000 285.988855 -0.233664 0.972317 0.000000 -43.273383 0.000000 0.000000 1.000000 0.000000
0.972314 0.233679 0.000000 285.988899 -0.233679 0.972314 0.000000 -43.273433 0.000000 0.000000 1.000000 0.000000
0.972316 0.233670 0.000000 285.988965 -0.233670 0.972316 0.000000 -43.273506 0.000000 0.000000 1.000000 0.000000
0.972324 0.233636 0.000000 285.989120 -0.233636 0.972324 0.000000 -43.273488 0.000000 0.000000 1.000000 0.000000
0.972300 0.233738 0.000000 285.989467 -0.233738 0.972300 0.000000 -43.272893 0.000000 0.000000 1.000000 0.000000
0.972287 0.233790 0.000000 285.988751 -0.233790 0.972287 0.000000 -43.273035 0.000000 0.000000 1.000000 0.000000
0.972292 0.233768 0.000000 285.988704 -0.233768 0.972292 0.000000 -43.273254 0.000000 0.000000 1.000000 0.000000
0.972238 0.233995 0.000000 285.988812 -0.233995 0.972238 0.000000 -43.273163 0.000000 0.000000 1.000000 0.000000
0.972197 0.234164 0.000000 285.989005 -0.234164 0.972197 0.000000 -43.272870 0.000000 0.000000 1.000000 0.000000
0.972157 0.234333 0.000000 285.989077 -0.234333 0.972157 0.000000 -43.272714 0.000000 0.000000 1.000000 0.000000
0.972109 0.234530 0.000000 285.989080 -0.234530 0.972109 0.000000 -43.272630 0.000000 0.000000 1.000000 0.000000
0.971990 0.235021 0.000000 285.988668 -0.235021 0.971990 0.000000 -43.273108 0.000000 0.000000 1.000000 0.000000
0.972048 0.234784 0.000000 285.987560 -0.234784 0.972048 0.000000 -43.274084 0.000000 0.000000 1.000000 0.000000
0.972142 0.234394 0.000000 285.986509 -0.234394 0.972142 0.000000 -43.275369 0.000000 0.000000 1.000000 0.000000
0.972213 0.234097 0.000000 285.985567 -0.234097 0.972213 0.000000 -43.276458 0.000000 0.000000 1.000000 0.000000
0.972316 0.233668 0.000000 285.984558 -0.233668 0.972316 0.000000 -43.277688 0.000000 0.000000 1.000000 0.000000
0.972483 0.232975 0.000000 285.983353 -0.232975 0.972483 0.000000 -43.279596 0.000000 0.000000 1.000000 0.000000
0.972599 0.232488 0.000000 285.982410 -0.232488 0.972599 0.000000 -43.280923 0.000000 0.000000 1.000000 0.000000
0.972701 0.232060 0.000000 285.981629 -0.232060 0.972701 0.000000 -43.282123 0.000000 0.000000 1.000000 0.000000
0.972788 0.231697 0.000000 285.980743 -0.231697 0.972788 0.000000 -43.283425 0.000000 0.000000 1.000000 0.000000
0.972854 0.231420 0.000000 285.980091 -0.231420 0.972854 0.000000 -43.284593 0.000000 0.000000 1.000000 0.000000
0.972944 0.231041 0.000000 285.979401 -0.231041 0.972944 0.000000 -43.285929 0.000000 0.000000 1.000000 0.000000
0.973065 0.230531 0.000000 285.978570 -0.230531 0.973065 0.000000 -43.287507 0.000000 0.000000 1.000000 0.000000
0.973197 0.229974 0.000000 285.977762 -0.229974 0.973197 0.000000 -43.289406 0.000000 0.000000 1.000000 0.000000
0.973217 0.229889 0.000000 285.977991 -0.229889 0.973217 0.000000 -43.289631 0.000000 0.000000 1.000000 0.000000
0.973245 0.229769 0.000000 285.978104 -0.229769 0.973245 0.000000 -43.289875 0.000000 0.000000 1.000000 0.000000
0.973259 0.229709 0.000000 285.978226 -0.229709 0.973259 0.000000 -43.290050 0.000000 0.000000 1.000000 0.000000
0.973288 0.229588 0.000000 285.978243 -0.229588 0.973288 0.000000 -43.290174 0.000000 0.000000 1.000000 0.000000
0.973306 0.229512 0.000000 285.978287 -0.229512 0.973306 0.000000 -43.290336 0.000000 0.000000 1.000000 0.000000
0.973297 0.229551 0.000000 285.978445 -0.229551 0.973297 0.000000 -43.290286 0.000000 0.000000 1.000000 0.000000
0.973298 0.229546 0.000000 285.978609 -0.229546 0.973298 0.000000 -43.290375 0.000000 0.000000 1.000000 0.000000
0.973311 0.229492 0.000000 285.978521 -0.229492 0.973311 0.000000 -43.290398 0.000000 0.000000 1.000000 0.000000
0.973317 0.229463 0.000000 285.978603 -0.229463 0.973317 0.000000 -43.290510 0.000000 0.000000 1.000000 0.000000
0.973311 0.229492 0.000000 285.978688 -0.229492 0.973311 0.000000 -43.290574 0.000000 0.000000 1.000000 0.000000
0.973307 0.229509 0.000000 285.978749 -0.229509 0.973307 0.000000 -43.290589 0.000000 0.000000 1.000000 0.000000
0.973308 0.229502 0.000000 285.978767 -0.229502 0.973308 0.000000 -43.290542 0.000000 0.000000 1.000000 0.000000
0.973307 0.229508 0.000000 285.978824 -0.229508 0.973307 0.000000 -43.290560 0.000000 0.000000 1.000000 0.000000
0.973299 0.229540 0.000000 285.978915 -0.229540 0.973299 0.000000 -43.290858 0.000000 0.000000 1.000000 0.000000
0.973312 0.229487 0.000000 285.978975 -0.229487 0.973312 0.000000 -43.291131 0.000000 0.000000 1.000000 0.000000
0.973305 0.229514 0.000000 285.979243 -0.229514 0.973305 0.000000 -43.291049 0.000000 0.000000 1.000000 0.000000
0.973260 0.229705 0.000000 285.979608 -0.229705 0.973260 0.000000 -43.290817 0.000000 0.000000 1.000000 0.000000
0.973247 0.229762 0.000000 285.979996 -0.229762 0.973247 0.000000 -43.290791 0.000000 0.000000 1.000000 0.000000
0.973219 0.229879 0.000000 285.980378 -0.229879 0.973219 0.000000 -43.290816 0.000000 0.000000 1.000000 0.000000
0.973205 0.229938 0.000000 285.980669 -0.229938 0.973205 0.000000 -43.290862 0.000000 0.000000 1.000000 0.000000
0.973212 0.229910 0.000000 285.980764 -0.229910 0.973212 0.000000 -43.290948 0.000000 0.000000 1.000000 0.000000
0.973229 0.229837 0.000000 285.980848 -0.229837 0.973229 0.000000 -43.291025 0.000000 0.000000 1.000000 0.000000
0.973239 0.229795 0.000000 285.980864 -0.229795 0.973239 0.000000 -43.291020 0.000000 0.000000 1.000000 0.000000
0.973248 0.229756 0.000000 285.980798 -0.229756 0.973248 0.000000 -43.291051 0.000000 0.000000 1.000000 0.000000
0.973234 0.229817 0.000000 285.980882 -0.229817 0.973234 0.000000 -43.290956 0.000000 0.000000 1.000000 0.000000
0.973225 0.229854 0.000000 285.980908 -0.229854 0.973225 0.000000 -43.290947 0.000000 0.000000 1.000000 0.000000
0.973213 0.229907 0.000000 285.981102 -0.229907 0.973213 0.000000 -43.290844 0.000000 0.000000 1.000000 0.000000
0.973217 0.229888 0.000000 285.981143 -0.229888 0.973217 0.000000 -43.290967 0.000000 0.000000 1.000000 0.000000
0.973212 0.229909 0.000000 285.981160 -0.229909 0.973212 0.000000 -43.290973 0.000000 0.000000 1.000000 0.000000
0.973212 0.229910 0.000000 285.981151 -0.229910 0.973212 0.000000 -43.290979 0.000000 0.000000 1.000000 0.000000
0.973219 0.229882 0.000000 285.981183 -0.229882 0.973219 0.000000 -43.291048 0.000000 0.000000 1.000000 0.000000
0.973228 0.229843 0.000000 285.981307 -0.229843 0.973228 0.000000 -43.290914 0.000000 0.000000 1.000000 0.000000
0.973211 0.229912 0.000000 285.981396 -0.229912 0.973211 0.000000 -43.290821 0.000000 0.000000 1.000000 0.000000
0.973167 0.230099 0.000000 285.981412 -0.230099 0.973167 0.000000 -43.290646 0.000000 0.000000 1.000000 0.000000
0.973151 0.230169 0.000000 285.981434 -0.230169 0.973151 0.000000 -43.290601 0.000000 0.000000 1.000000 0.000000
0.973173 0.230073 0.000000 285.981573 -0.230073 0.973173 0.000000 -43.290644 0.000000 0.000000 1.000000 0.000000
0.973188 0.230009 0.000000 285.981701 -0.230009 0.973188 0.000000 -43.290617 0.000000 0.000000 1.000000 0.000000
0.973146 0.230189 0.000000 285.981918 -0.230189 0.973146 0.000000 -43.290336 0.000000 0.000000 1.000000 0.000000
0.973151 0.230169 0.000000 285.981976 -0.230169 0.973151 0.000000 -43.290338 0.000000 0.000000 1.000000 0.000000
0.973140 0.230213 0.000000 285.982200 -0.230213 0.973140 0.000000 -43.290267 0.000000 0.000000 1.000000 0.000000
0.973144 0.230198 0.000000 285.982366 -0.230198 0.973144 0.000000 -43.290307 0.000000 0.000000 1.000000 0.000000
0.973137 0.230227 0.000000 285.982604 -0.230227 0.973137 0.000000 -43.290221 0.000000 0.000000 1.000000 0.000000
0.973131 0.230252 0.000000 285.982595 -0.230252 0.973131 0.000000 -43.290198 0.000000 0.000000 1.000000 0.000000
0.973131 0.230252 0.000000 285.982593 -0.230252 0.973131 0.000000 -43.290198 0.000000 0.000000 1.000000 0.000000
0.973132 0.230246 0.000000 285.982531 -0.230246 0.973132 0.000000 -43.290196 0.000000 0.000000 1.000000 0.000000
0.973132 0.230249 0.000000 285.982253 -0.230249 0.973132 0.000000 -43.290163 0.000000 0.000000 1.000000 0.000000
0.973128 0.230263 0.000000 285.982124 -0.230263 0.973128 0.000000 -43.289951 0.000000 0.000000 1.000000 0.000000
0.973174 0.230070 0.000000 285.981967 -0.230070 0.973174 0.000000 -43.290103 0.000000 0.000000 1.000000 0.000000
0.973173 0.230076 0.000000 285.982060 -0.230076 0.973173 0.000000 -43.290132 0.000000 0.000000 1.000000 0.000000
0.973138 0.230221 0.000000 285.981996 -0.230221 0.973138 0.000000 -43.289838 0.000000 0.000000 1.000000 0.000000
0.973145 0.230192 0.000000 285.981818 -0.230192 0.973145 0.000000 -43.289872 0.000000 0.000000 1.000000 0.000000
0.973138 0.230221 0.000000 285.981692 -0.230221 0.973138 0.000000 -43.289809 0.000000 0.000000 1.000000 0.000000
0.973030 0.230677 0.000000 285.981524 -0.230677 0.973030 0.000000 -43.289496 0.000000 0.000000 1.000000 0.000000
0.973040 0.230635 0.000000 285.981571 -0.230635 0.973040 0.000000 -43.289561 0.000000 0.000000 1.000000 0.000000
0.973048 0.230603 0.000000 285.981517 -0.230603 0.973048 0.000000 -43.289561 0.000000 0.000000 1.000000 0.000000
0.973048 0.230602 0.000000 285.981514 -0.230602 0.973048 0.000000 -43.289561 0.000000 0.000000 1.000000 0.000000
0.973042 0.230629 0.000000 285.981465 -0.230629 0.973042 0.000000 -43.289536 0.000000 0.000000 1.000000 0.000000
0.973045 0.230614 0.000000 285.981390 -0.230614 0.973045 0.000000 -43.289529 0.000000 0.000000 1.000000 0.000000
0.973049 0.230599 0.000000 285.981136 -0.230599 0.973049 0.000000 -43.289504 0.000000 0.000000 1.000000 0.000000
0.973053 0.230582 0.000000 285.981039 -0.230582 0.973053 0.000000 -43.289548 0.000000 0.000000 1.000000 0.000000
0.973062 0.230545 0.000000 285.980975 -0.230545 0.973062 0.000000 -43.289569 0.000000 0.000000 1.000000 0.000000
0.973071 0.230505 0.000000 285.980988 -0.230505 0.973071 0.000000 -43.289580 0.000000 0.000000 1.000000 0.000000
0.973071 0.230505 0.000000 285.980989 -0.230505 0.973071 0.000000 -43.289580 0.000000 0.000000 1.000000 0.000000
0.973071 0.230506 0.000000 285.980991 -0.230506 0.973071 0.000000 -43.289580 0.000000 0.000000 1.000000 0.000000
0.973075 0.230491 0.000000 285.980936 -0.230491 0.973075 0.000000 -43.289576 0.000000 0.000000 1.000000 0.000000
0.973083 0.230454 0.000000 285.980787 -0.230454 0.973083 0.000000 -43.289480 0.000000 0.000000 1.000000 0.000000
0.973085 0.230445 0.000000 285.980884 -0.230445 0.973085 0.000000 -43.289568 0.000000 0.000000 1.000000 0.000000
0.973089 0.230428 0.000000 285.980916 -0.230428 0.973089 0.000000 -43.289563 0.000000 0.000000 1.000000 0.000000
0.973074 0.230494 0.000000 285.980879 -0.230494 0.973074 0.000000 -43.289378 0.000000 0.000000 1.000000 0.000000
0.973074 0.230494 0.000000 285.980879 -0.230494 0.973074 0.000000 -43.289378 0.000000 0.000000 1.000000 0.000000
0.973070 0.230509 0.000000 285.980899 -0.230509 0.973070 0.000000 -43.289371 0.000000 0.000000 1.000000 0.000000
0.973057 0.230566 0.000000 285.980910 -0.230566 0.973057 0.000000 -43.289210 0.000000 0.000000 1.000000 0.000000
0.973049 0.230600 0.000000 285.980862 -0.230600 0.973049 0.000000 -43.289119 0.000000 0.000000 1.000000 0.000000
0.973043 0.230622 0.000000 285.980866 -0.230622 0.973043 0.000000 -43.289108 0.000000 0.000000 1.000000 0.000000
0.973019 0.230727 0.000000 285.980946 -0.230727 0.973019 0.000000 -43.288870 0.000000 0.000000 1.000000 0.000000
0.973018 0.230728 0.000000 285.980947 -0.230728 0.973018 0.000000 -43.288867 0.000000 0.000000 1.000000 0.000000
0.973006 0.230781 0.000000 285.980992 -0.230781 0.973006 0.000000 -43.288816 0.000000 0.000000 1.000000 0.000000
0.973005 0.230785 0.000000 285.980949 -0.230785 0.973005 0.000000 -43.288607 0.000000 0.000000 1.000000 0.000000
0.973027 0.230692 0.000000 285.980855 -0.230692 0.973027 0.000000 -43.288545 0.000000 0.000000 1.000000 0.000000
0.973017 0.230735 0.000000 285.980859 -0.230735 0.973017 0.000000 -43.288331 0.000000 0.000000 1.000000 0.000000
0.973004 0.230790 0.000000 285.980822 -0.230790 0.973004 0.000000 -43.288233 0.000000 0.000000 1.000000 0.000000
0.972954 0.230997 0.000000 285.980811 -0.230997 0.972954 0.000000 -43.287686 0.000000 0.000000 1.000000 0.000000
0.972929 0.231104 0.000000 285.980854 -0.231104 0.972929 0.000000 -43.287480 0.000000 0.000000 1.000000 0.000000
0.972928 0.231107 0.000000 285.980788 -0.231107 0.972928 0.000000 -43.287529 0.000000 0.000000 1.000000 0.000000
0.972942 0.231050 0.000000 285.980755 -0.231050 0.972942 0.000000 -43.287481 0.000000 0.000000 1.000000 0.000000
0.972952 0.231007 0.000000 285.980760 -0.231007 0.972952 0.000000 -43.287466 0.000000 0.000000 1.000000 0.000000
0.972913 0.231173 0.000000 285.980775 -0.231173 0.972913 0.000000 -43.287163 0.000000 0.000000 1.000000 0.000000
0.972904 0.231211 0.000000 285.980743 -0.231211 0.972904 0.000000 -43.287257 0.000000 0.000000 1.000000 0.000000
0.972874 0.231336 0.000000 285.980748 -0.231336 0.972874 0.000000 -43.287074 0.000000 0.000000 1.000000 0.000000
0.972822 0.231553 0.000000 285.980695 -0.231553 0.972822 0.000000 -43.286765 0.000000 0.000000 1.000000 0.000000
0.972805 0.231626 0.000000 285.980657 -0.231626 0.972805 0.000000 -43.286586 0.000000 0.000000 1.000000 0.000000
0.972788 0.231696 0.000000 285.980643 -0.231696 0.972788 0.000000 -43.286417 0.000000 0.000000 1.000000 0.000000
0.972797 0.231657 0.000000 285.980677 -0.231657 0.972797 0.000000 -43.286428 0.000000 0.000000 1.000000 0.000000
0.972847 0.231448 0.000000 285.980575 -0.231448 0.972847 0.000000 -43.286654 0.000000 0.000000 1.000000 0.000000
0.972889 0.231273 0.000000 285.980509 -0.231273 0.972889 0.000000 -43.286945 0.000000 0.000000 1.000000 0.000000
0.972928 0.231109 0.000000 285.980394 -0.231109 0.972928 0.000000 -43.287179 0.000000 0.000000 1.000000 0.000000
0.972962 0.230967 0.000000 285.980217 -0.230967 0.972962 0.000000 -43.287437 0.000000 0.000000 1.000000 0.000000
0.972959 0.230976 0.000000 285.979998 -0.230976 0.972959 0.000000 -43.287435 0.000000 0.000000 1.000000 0.000000
0.972960 0.230975 0.000000 285.979833 -0.230975 0.972960 0.000000 -43.287375 0.000000 0.000000 1.000000 0.000000
0.972958 0.230983 0.000000 285.979767 -0.230983 0.972958 0.000000 -43.287475 0.000000 0.000000 1.000000 0.000000
0.972948 0.231025 0.000000 285.979835 -0.231025 0.972948 0.000000 -43.287440 0.000000 0.000000 1.000000 0.000000
0.972938 0.231068 0.000000 285.979750 -0.231068 0.972938 0.000000 -43.287404 0.000000 0.000000 1.000000 0.000000
0.972920 0.231142 0.000000 285.979736 -0.231142 0.972920 0.000000 -43.287212 0.000000 0.000000 1.000000 0.000000
0.972917 0.231154 0.000000 285.979726 -0.231154 0.972917 0.000000 -43.287127 0.000000 0.000000 1.000000 0.000000
0.972941 0.231055 0.000000 285.979567 -0.231055 0.972941 0.000000 -43.287389 0.000000 0.000000 1.000000 0.000000
0.972963 0.230962 0.000000 285.979750 -0.230962 0.972963 0.000000 -43.287286 0.000000 0.000000 1.000000 0.000000
0.972906 0.231203 0.000000 285.979923 -0.231203 0.972906 0.000000 -43.287339 0.000000 0.000000 1.000000 0.000000
0.972885 0.231289 0.000000 285.980022 -0.231289 0.972885 0.000000 -43.287495 0.000000 0.000000 1.000000 0.000000
0.972876 0.231329 0.000000 285.980229 -0.231329 0.972876 0.000000 -43.287432 0.000000 0.000000 1.000000 0.000000
0.972862 0.231387 0.000000 285.980160 -0.231387 0.972862 0.000000 -43.287463 0.000000 0.000000 1.000000 0.000000
0.972841 0.231472 0.000000 285.980074 -0.231472 0.972841 0.000000 -43.287018 0.000000 0.000000 1.000000 0.000000
0.972828 0.231529 0.000000 285.980129 -0.231529 0.972828 0.000000 -43.286941 0.000000 0.000000 1.000000 0.000000
0.972809 0.231607 0.000000 285.980128 -0.231607 0.972809 0.000000 -43.286751 0.000000 0.000000 1.000000 0.000000
0.972820 0.231563 0.000000 285.980053 -0.231563 0.972820 0.000000 -43.286792 0.000000 0.000000 1.000000 0.000000
0.972819 0.231565 0.000000 285.979995 -0.231565 0.972819 0.000000 -43.286714 0.000000 0.000000 1.000000 0.000000
0.972805 0.231626 0.000000 285.979989 -0.231626 0.972805 0.000000 -43.286826 0.000000 0.000000 1.000000 0.000000
0.972798 0.231656 0.000000 285.980150 -0.231656 0.972798 0.000000 -43.286679 0.000000 0.000000 1.000000 0.000000
0.972799 0.231650 0.000000 285.980280 -0.231650 0.972799 0.000000 -43.286635 0.000000 0.000000 1.000000 0.000000
0.972807 0.231618 0.000000 285.980443 -0.231618 0.972807 0.000000 -43.286610 0.000000 0.000000 1.000000 0.000000
0.972822 0.231556 0.000000 285.980433 -0.231556 0.972822 0.000000 -43.286627 0.000000 0.000000 1.000000 0.000000
0.972837 0.231491 0.000000 285.980413 -0.231491 0.972837 0.000000 -43.286700 0.000000 0.000000 1.000000 0.000000
0.972841 0.231474 0.000000 285.980320 -0.231474 0.972841 0.000000 -43.286690 0.000000 0.000000 1.000000 0.000000
0.972833 0.231509 0.000000 285.980099 -0.231509 0.972833 0.000000 -43.286729 0.000000 0.000000 1.000000 0.000000
0.972835 0.231499 0.000000 285.979991 -0.231499 0.972835 0.000000 -43.286662 0.000000 0.000000 1.000000 0.000000
0.972852 0.231429 0.000000 285.979826 -0.231429 0.972852 0.000000 -43.286596 0.000000 0.000000 1.000000 0.000000
0.972867 0.231365 0.000000 285.979756 -0.231365 0.972867 0.000000 -43.286594 0.000000 0.000000 1.000000 0.000000
0.972890 0.231269 0.000000 285.979619 -0.231269 0.972890 0.000000 -43.286667 0.000000 0.000000 1.000000 0.000000
0.972900 0.231225 0.000000 285.979481 -0.231225 0.972900 0.000000 -43.286757 0.000000 0.000000 1.000000 0.000000
0.972914 0.231167 0.000000 285.979223 -0.231167 0.972914 0.000000 -43.286950 0.000000 0.000000 1.000000 0.000000
0.972935 0.231080 0.000000 285.979002 -0.231080 0.972935 0.000000 -43.287028 0.000000 0.000000 1.000000 0.000000
0.972984 0.230871 0.000000 285.978708 -0.230871 0.972984 0.000000 -43.286706 0.000000 0.000000 1.000000 0.000000
0.973000 0.230803 0.000000 285.978641 -0.230803 0.973000 0.000000 -43.286778 0.000000 0.000000 1.000000 0.000000
0.972982 0.230881 0.000000 285.978614 -0.230881 0.972982 0.000000 -43.286704 0.000000 0.000000 1.000000 0.000000
0.972968 0.230941 0.000000 285.978298 -0.230941 0.972968 0.000000 -43.286561 0.000000 0.000000 1.000000 0.000000
0.972947 0.231027 0.000000 285.978372 -0.231027 0.972947 0.000000 -43.286571 0.000000 0.000000 1.000000 0.000000
0.972935 0.231078 0.000000 285.978378 -0.231078 0.972935 0.000000 -43.286584 0.000000 0.000000 1.000000 0.000000
0.972946 0.231031 0.000000 285.978282 -0.231031 0.972946 0.000000 -43.286480 0.000000 0.000000 1.000000 0.000000
