1.000000 0.000398 0.000000 0.625389 -0.000398 1.000000 0.000000 -0.002132 0.000000 0.000000 1.000000 0.000000
0.999997 -0.002297 0.000000 1.248208 0.002297 0.999997 0.000000 -0.011516 0.000000 0.000000 1.000000 0.000000
0.999981 -0.006222 0.000000 2.506730 0.006222 0.999981 0.000000 -0.026595 0.000000 0.000000 1.000000 0.000000
0.999982 -0.005957 0.000000 3.117215 0.005957 0.999982 0.000000 -0.033088 0.000000 0.000000 1.000000 0.000000
0.999990 -0.004515 0.000000 3.755155 0.004515 0.999990 0.000000 -0.034577 0.000000 0.000000 1.000000 0.000000
0.999997 -0.002640 0.000000 4.385441 0.002640 0.999997 0.000000 -0.024291 0.000000 0.000000 1.000000 0.000000
0.999995 -0.003137 0.000000 5.055735 0.003137 0.999995 0.000000 -0.030958 0.000000 0.000000 1.000000 0.000000
0.999997 -0.002275 0.000000 5.693631 0.002275 0.999997 0.000000 -0.029188 0.000000 0.000000 1.000000 0.000000
0.999999 -0.001209 0.000000 6.330361 0.001209 0.999999 0.000000 -0.016773 0.000000 0.000000 1.000000 0.000000
0.999999 -0.001283 0.000000 6.957305 0.001283 0.999999 0.000000 -0.010359 0.000000 0.000000 1.000000 0.000000
0.999998 -0.001745 0.000000 7.589406 0.001745 0.999998 0.000000 -0.008872 0.000000 0.000000 1.000000 0.000000
1.000000 -0.000771 0.000000 8.214452 0.000771 1.000000 0.000000 -0.006060 0.000000 0.000000 1.000000 0.000000
1.000000 0.000842 0.000000 8.843606 -0.000842 1.000000 0.000000 -0.014707 0.000000 0.000000 1.000000 0.000000
1.000000 0.000432 0.000000 9.458665 -0.000432 1.000000 0.000000 -0.036326 0.000000 0.000000 1.000000 0.000000
0.999999 0.001663 0.000000 10.111684 -0.001663 0.999999 0.000000 -0.048914 0.000000 0.000000 1.000000 0.000000
0.999999 0.001457 0.000000 10.695877 -0.001457 0.999999 0.000000 -0.061250 0.000000 0.000000 1.000000 0.000000
0.999998 0.001981 0.000000 11.318237 -0.001981 0.999998 0.000000 -0.074645 0.000000 0.000000 1.000000 0.000000
0.999996 0.002760 0.000000 11.938680 -0.002760 0.999996 0.000000 -0.102513 0.000000 0.000000 1.000000 0.000000
0.999999 0.001447 0.000000 12.568121 -0.001447 0.999999 0.000000 -0.129565 0.000000 0.000000 1.000000 0.000000
1.000000 0.000281 0.000000 13.187124 -0.000281 1.000000 0.000000 -0.145126 0.000000 0.000000 1.000000 0.000000
1.000000 -0.000576 0.000000 13.804327 0.000576 1.000000 0.000000 -0.164788 0.000000 0.000000 1.000000 0.000000
0.999999 -0.001518 0.000000 14.436247 0.001518 0.999999 0.000000 -0.191517 0.000000 0.000000 1.000000 0.000000
1.000000 -0.000622 0.000000 15.086638 0.000622 1.000000 0.000000 -0.214028 0.000000 0.000000 1.000000 0.000000
0.999995 -0.003086 0.000000 15.737159 0.003086 0.999995 0.000000 -0.232925 0.000000 0.000000 1.000000 0.000000
0.999995 -0.003221 0.000000 16.369413 0.003221 0.999995 0.000000 -0.250922 0.000000 0.000000 1.000000 0.000000
0.999989 -0.004639 0.000000 17.013228 0.004639 0.999989 0.000000 -0.267416 0.000000 0.000000 1.000000 0.000000
0.999996 -0.002657 0.000000 17.651390 0.002657 0.999996 0.000000 -0.278159 0.000000 0.000000 1.000000 0.000000
1.000000 -0.000347 0.000000 18.229943 0.000347 1.000000 0.000000 -0.301062 0.000000 0.000000 1.000000 0.000000
0.999997 -0.002386 0.000000 18.860308 0.002386 0.999997 0.000000 -0.333881 0.000000 0.000000 1.000000 0.000000
0.999990 -0.004539 0.000000 19.476620 0.004539 0.999990 0.000000 -0.358486 0.000000 0.000000 1.000000 0.000000
0.999982 -0.005966 0.000000 20.084833 0.005966 0.999982 0.000000 -0.383131 0.000000 0.000000 1.000000 0.000000
0.999985 -0.005516 0.000000 20.708355 0.005516 0.999985 0.000000 -0.405491 0.000000 0.000000 1.000000 0.000000
0.999989 -0.004707 0.000000 21.342968 0.004707 0.999989 0.000000 -0.424789 0.000000 0.000000 1.000000 0.000000
0.999990 -0.004426 0.000000 21.982289 0.004426 0.999990 0.000000 -0.444987 0.000000 0.000000 1.000000 0.000000
0.999996 -0.002820 0.000000 22.596686 0.002820 0.999996 0.000000 -0.471459 0.000000 0.000000 1.000000 0.000000
0.999999 0.001412 0.000000 23.229705 -0.001412 0.999999 0.000000 -0.502597 0.000000 0.000000 1.000000 0.000000
0.999995 0.003270 0.000000 23.835034 -0.003270 0.999995 0.000000 -0.533906 0.000000 0.000000 1.000000 0.000000
0.999994 0.003484 0.000000 24.466171 -0.003484 0.999994 0.000000 -0.561335 0.000000 0.000000 1.000000 0.000000
0.999998 0.002231 0.000000 25.099040 -0.002231 0.999998 0.000000 -0.586405 0.000000 0.000000 1.000000 0.000000
0.999999 0.001185 0.000000 25.911429 -0.001185 0.999999 0.000000 -0.630066 0.000000 0.000000 1.000000 0.000000
0.999998 0.001787 0.000000 26.535364 -0.001787 0.999998 0.000000 -0.656820 0.000000 0.000000 1.000000 0.000000
0.999997 0.002559 0.000000 27.171867 -0.002559 0.999997 0.000000 -0.666477 0.000000 0.000000 1.000000 0.000000
0.999995 0.003240 0.000000 27.825900 -0.003240 0.999995 0.000000 -0.688962 0.000000 0.000000 1.000000 0.000000
0.999993 0.003748 0.000000 28.470677 -0.003748 0.999993 0.000000 -0.713247 0.000000 0.000000 1.000000 0.000000
0.999998 0.001851 0.000000 29.101786 -0.001851 0.999998 0.000000 -0.737696 0.000000 0.000000 1.000000 0.000000
0.999993 0.003625 0.000000 29.737408 -0.003625 0.999993 0.000000 -0.758068 0.000000 0.000000 1.000000 0.000000
0.999988 0.004885 0.000000 30.396691 -0.004885 0.999988 0.000000 -0.780904 0.000000 0.000000 1.000000 0.000000
0.999976 0.006874 0.000000 31.036578 -0.006874 0.999976 0.000000 -0.799105 0.000000 0.000000 1.000000 0.000000
0.999978 0.006585 0.000000 31.682167 -0.006585 0.999978 0.000000 -0.831633 0.000000 0.000000 1.000000 0.000000
0.999965 0.008385 0.000000 32.312813 -0.008385 0.999965 0.000000 -0.858047 0.000000 0.000000 1.000000 0.000000
0.999977 0.006728 0.000000 32.948360 -0.006728 0.999977 0.000000 -0.896324 0.000000 0.000000 1.000000 0.000000
0.999975 0.007043 0.000000 33.590150 -0.007043 0.999975 0.000000 -0.936551 0.000000 0.000000 1.000000 0.000000
0.999972 0.007509 0.000000 34.225718 -0.007509 0.999972 0.000000 -0.965432 0.000000 0.000000 1.000000 0.000000
0.999983 0.005835 0.000000 34.818796 -0.005835 0.999983 0.000000 -1.003491 0.000000 0.000000 1.000000 0.000000
0.999979 0.006480 0.000000 35.477447 -0.006480 0.999979 0.000000 -1.036870 0.000000 0.000000 1.000000 0.000000
0.999961 0.008813 0.000000 36.111435 -0.008813 0.999961 0.000000 -1.059544 0.000000 0.000000 1.000000 0.000000
0.999968 0.008048 0.000000 36.757603 -0.008048 0.999968 0.000000 -1.091395 0.000000 0.000000 1.000000 0.000000
0.999984 0.005740 0.000000 37.400862 -0.005740 0.999984 0.000000 -1.123251 0.000000 0.000000 1.000000 0.000000
0.999981 0.006179 0.000000 38.029590 -0.006179 0.999981 0.000000 -1.150541 0.000000 0.000000 1.000000 0.000000
0.999972 0.007491 0.000000 38.664971 -0.007491 0.999972 0.000000 -1.182957 0.000000 0.000000 1.000000 0.000000
0.999969 0.007927 0.000000 39.312899 -0.007927 0.999969 0.000000 -1.210354 0.000000 0.000000 1.000000 0.000000
0.999967 0.008158 0.000000 39.965066 -0.008158 0.999967 0.000000 -1.236812 0.000000 0.000000 1.000000 0.000000
0.999948 0.010240 0.000000 40.602623 -0.010240 0.999948 0.000000 -1.274524 0.000000 0.000000 1.000000 0.000000
0.999948 0.010234 0.000000 41.271853 -0.010234 0.999948 0.000000 -1.317359 0.000000 0.000000 1.000000 0.000000
0.999966 0.008307 0.000000 41.904514 -0.008307 0.999966 0.000000 -1.367078 0.000000 0.000000 1.000000 0.000000
0.999944 0.010628 0.000000 42.562406 -0.010628 0.999944 0.000000 -1.402439 0.000000 0.000000 1.000000 0.000000
0.999936 0.011295 0.000000 43.225117 -0.011295 0.999936 0.000000 -1.446032 0.000000 0.000000 1.000000 0.000000
0.999912 0.013229 0.000000 43.871148 -0.013229 0.999912 0.000000 -1.488832 0.000000 0.000000 1.000000 0.000000
0.999959 0.009032 0.000000 44.510173 -0.009032 0.999959 0.000000 -1.526720 0.000000 0.000000 1.000000 0.000000
0.999979 0.006479 0.000000 45.139813 -0.006479 0.999979 0.000000 -1.566854 0.000000 0.000000 1.000000 0.000000
0.999979 0.006516 0.000000 45.729401 -0.006516 0.999979 0.000000 -1.582699 0.000000 0.000000 1.000000 0.000000
0.999974 0.007177 0.000000 46.364297 -0.007177 0.999974 0.000000 -1.591687 0.000000 0.000000 1.000000 0.000000
0.999956 0.009392 0.000000 47.006703 -0.009392 0.999956 0.000000 -1.605888 0.000000 0.000000 1.000000 0.000000
0.999949 0.010079 0.000000 47.652395 -0.010079 0.999949 0.000000 -1.625018 0.000000 0.000000 1.000000 0.000000
0.999964 0.008443 0.000000 48.304104 -0.008443 0.999964 0.000000 -1.642645 0.000000 0.000000 1.000000 0.000000
0.999987 0.005075 0.000000 48.958049 -0.005075 0.999987 0.000000 -1.652412 0.000000 0.000000 1.000000 0.000000
0.999976 0.006875 0.000000 49.962707 -0.006875 0.999976 0.000000 -1.680147 0.000000 0.000000 1.000000 0.000000
0.999991 0.004251 0.000000 50.617021 -0.004251 0.999991 0.000000 -1.691676 0.000000 0.000000 1.000000 0.000000
0.999975 0.007125 0.000000 51.223165 -0.007125 0.999975 0.000000 -1.697463 0.000000 0.000000 1.000000 0.000000
0.999982 0.006048 0.000000 51.874650 -0.006048 0.999982 0.000000 -1.708983 0.000000 0.000000 1.000000 0.000000
0.999985 0.005563 0.000000 52.517019 -0.005563 0.999985 0.000000 -1.721795 0.000000 0.000000 1.000000 0.000000
0.999990 0.004466 0.000000 53.170064 -0.004466 0.999990 0.000000 -1.732139 0.000000 0.000000 1.000000 0.000000
0.999984 0.005643 0.000000 53.817326 -0.005643 0.999984 0.000000 -1.743033 0.000000 0.000000 1.000000 0.000000
0.999990 0.004478 0.000000 54.478816 -0.004478 0.999990 0.000000 -1.755982 0.000000 0.000000 1.000000 0.000000
0.999996 0.002944 0.000000 55.828328 -0.002944 0.999996 0.000000 -1.785017 0.000000 0.000000 1.000000 0.000000
0.999996 0.002701 0.000000 56.483421 -0.002701 0.999996 0.000000 -1.793228 0.000000 0.000000 1.000000 0.000000
1.000000 -0.000644 0.000000 57.118274 0.000644 1.000000 0.000000 -1.808229 0.000000 0.000000 1.000000 0.000000
1.000000 -0.000306 0.000000 57.780135 0.000306 1.000000 0.000000 -1.819178 0.000000 0.000000 1.000000 0.000000
0.999998 0.001959 0.000000 58.420260 -0.001959 0.999998 0.000000 -1.837925 0.000000 0.000000 1.000000 0.000000
0.999992 0.004067 0.000000 59.086647 -0.004067 0.999992 0.000000 -1.857876 0.000000 0.000000 1.000000 0.000000
0.999990 0.004490 0.000000 59.732203 -0.004490 0.999990 0.000000 -1.871308 0.000000 0.000000 1.000000 0.000000
0.999985 0.005488 0.000000 60.325593 -0.005488 0.999985 0.000000 -1.883903 0.000000 0.000000 1.000000 0.000000
0.999986 0.005214 0.000000 60.934584 -0.005214 0.999986 0.000000 -1.910675 0.000000 0.000000 1.000000 0.000000
0.999984 0.005666 0.000000 61.499676 -0.005666 0.999984 0.000000 -1.935403 0.000000 0.000000 1.000000 0.000000
0.999980 0.006327 0.000000 62.126221 -0.006327 0.999980 0.000000 -1.956974 0.000000 0.000000 1.000000 0.000000
0.999976 0.006993 0.000000 62.744398 -0.006993 0.999976 0.000000 -1.983372 0.000000 0.000000 1.000000 0.000000
0.999977 0.006781 0.000000 63.330102 -0.006781 0.999977 0.000000 -2.005405 0.000000 0.000000 1.000000 0.000000
0.999969 0.007902 0.000000 63.951102 -0.007902 0.999969 0.000000 -2.026728 0.000000 0.000000 1.000000 0.000000
0.999983 0.005801 0.000000 64.565066 -0.005801 0.999983 0.000000 -2.055653 0.000000 0.000000 1.000000 0.000000
0.999983 0.005799 0.000000 65.131332 -0.005799 0.999983 0.000000 -2.084887 0.000000 0.000000 1.000000 0.000000
0.999990 0.004395 0.000000 65.735297 -0.004395 0.999990 0.000000 -2.110478 0.000000 0.000000 1.000000 0.000000
0.999990 0.004483 0.000000 66.299023 -0.004483 0.999990 0.000000 -2.127661 0.000000 0.000000 1.000000 0.000000
0.999970 0.007692 0.000000 66.892638 -0.007692 0.999970 0.000000 -2.143977 0.000000 0.000000 1.000000 0.000000
0.999968 0.008012 0.000000 67.461917 -0.008012 0.999968 0.000000 -2.164196 0.000000 0.000000 1.000000 0.000000
0.999969 0.007815 0.000000 68.277901 -0.007815 0.999969 0.000000 -2.192582 0.000000 0.000000 1.000000 0.000000
0.999962 0.008695 0.000000 68.841804 -0.008695 0.999962 0.000000 -2.212668 0.000000 0.000000 1.000000 0.000000
0.999955 0.009506 0.000000 69.440955 -0.009506 0.999955 0.000000 -2.237862 0.000000 0.000000 1.000000 0.000000
0.999966 0.008187 0.000000 70.026303 -0.008187 0.999966 0.000000 -2.258243 0.000000 0.000000 1.000000 0.000000
0.999972 0.007549 0.000000 70.607532 -0.007549 0.999972 0.000000 -2.281343 0.000000 0.000000 1.000000 0.000000
0.999988 0.004808 0.000000 71.204347 -0.004808 0.999988 0.000000 -2.294514 0.000000 0.000000 1.000000 0.000000
0.999996 0.002937 0.000000 71.833603 -0.002937 0.999996 0.000000 -2.310116 0.000000 0.000000 1.000000 0.000000
0.999997 0.002597 0.000000 72.429208 -0.002597 0.999997 0.000000 -2.319809 0.000000 0.000000 1.000000 0.000000
0.999999 0.001495 0.000000 73.027284 -0.001495 0.999999 0.000000 -2.334996 0.000000 0.000000 1.000000 0.000000
0.999990 0.004479 0.000000 74.204674 -0.004479 0.999990 0.000000 -2.378834 0.000000 0.000000 1.000000 0.000000
0.999996 0.002816 0.000000 74.781707 -0.002816 0.999996 0.000000 -2.401448 0.000000 0.000000 1.000000 0.000000
0.999987 0.005075 0.000000 75.361320 -0.005075 0.999987 0.000000 -2.425499 0.000000 0.000000 1.000000 0.000000
0.999985 0.005439 0.000000 75.937524 -0.005439 0.999985 0.000000 -2.456489 0.000000 0.000000 1.000000 0.000000
0.999984 0.005628 0.000000 76.526225 -0.005628 0.999984 0.000000 -2.481869 0.000000 0.000000 1.000000 0.000000
0.999971 0.007670 0.000000 77.106089 -0.007670 0.999971 0.000000 -2.500835 0.000000 0.000000 1.000000 0.000000
0.999979 0.006519 0.000000 77.680760 -0.006519 0.999979 0.000000 -2.520756 0.000000 0.000000 1.000000 0.000000
0.999990 0.004436 0.000000 78.242388 -0.004436 0.999990 0.000000 -2.527666 0.000000 0.000000 1.000000 0.000000
0.999993 0.003748 0.000000 78.788542 -0.003748 0.999993 0.000000 -2.540224 0.000000 0.000000 1.000000 0.000000
0.999986 0.005221 0.000000 79.336380 -0.005221 0.999986 0.000000 -2.552389 0.000000 0.000000 1.000000 0.000000
0.999987 0.005048 0.000000 79.879810 -0.005048 0.999987 0.000000 -2.571698 0.000000 0.000000 1.000000 0.000000
0.999990 0.004457 0.000000 80.407573 -0.004457 0.999990 0.000000 -2.588994 0.000000 0.000000 1.000000 0.000000
0.999990 0.004441 0.000000 80.927180 -0.004441 0.999990 0.000000 -2.621455 0.000000 0.000000 1.000000 0.000000
0.999980 0.006342 0.000000 81.434986 -0.006342 0.999980 0.000000 -2.653275 0.000000 0.000000 1.000000 0.000000
0.999969 0.007846 0.000000 81.978595 -0.007846 0.999969 0.000000 -2.678488 0.000000 0.000000 1.000000 0.000000
0.999945 0.010504 0.000000 82.502870 -0.010504 0.999945 0.000000 -2.707838 0.000000 0.000000 1.000000 0.000000
0.999916 0.012931 0.000000 83.011258 -0.012931 0.999916 0.000000 -2.730134 0.000000 0.000000 1.000000 0.000000
0.999917 0.012909 0.000000 83.548114 -0.012909 0.999917 0.000000 -2.757566 0.000000 0.000000 1.000000 0.000000
0.999925 0.012213 0.000000 84.081929 -0.012213 0.999925 0.000000 -2.788209 0.000000 0.000000 1.000000 0.000000
0.999928 0.011997 0.000000 84.575276 -0.011997 0.999928 0.000000 -2.818212 0.000000 0.000000 1.000000 0.000000
0.999921 0.012550 0.000000 85.094967 -0.012550 0.999921 0.000000 -2.852787 0.000000 0.000000 1.000000 0.000000
0.999891 0.014731 0.000000 85.606332 -0.014731 0.999891 0.000000 -2.886354 0.000000 0.000000 1.000000 0.000000
0.999910 0.013410 0.000000 86.105363 -0.013410 0.999910 0.000000 -2.916245 0.000000 0.000000 1.000000 0.000000
0.999908 0.013578 0.000000 86.642991 -0.013578 0.999908 0.000000 -2.947205 0.000000 0.000000 1.000000 0.000000
0.999892 0.014680 0.000000 87.154756 -0.014680 0.999892 0.000000 -2.969226 0.000000 0.000000 1.000000 0.000000
0.999864 0.016469 0.000000 87.641664 -0.016469 0.999864 0.000000 -2.992392 0.000000 0.000000 1.000000 0.000000
0.999848 0.017421 0.000000 88.157008 -0.017421 0.999848 0.000000 -3.023555 0.000000 0.000000 1.000000 0.000000
0.999841 0.017845 0.000000 88.651890 -0.017845 0.999841 0.000000 -3.045771 0.000000 0.000000 1.000000 0.000000
0.999798 0.020112 0.000000 89.174564 -0.020112 0.999798 0.000000 -3.078139 0.000000 0.000000 1.000000 0.000000
0.999793 0.020337 0.000000 89.836020 -0.020337 0.999793 0.000000 -3.104227 0.000000 0.000000 1.000000 0.000000
0.999711 0.024035 0.000000 90.351443 -0.024035 0.999711 0.000000 -3.117184 0.000000 0.000000 1.000000 0.000000
0.999659 0.026129 0.000000 90.847732 -0.026129 0.999659 0.000000 -3.131354 0.000000 0.000000 1.000000 0.000000
0.999628 0.027260 0.000000 91.341731 -0.027260 0.999628 0.000000 -3.151795 0.000000 0.000000 1.000000 0.000000
0.999648 0.026543 0.000000 91.860106 -0.026543 0.999648 0.000000 -3.174878 0.000000 0.000000 1.000000 0.000000
0.999680 0.025302 0.000000 92.378281 -0.025302 0.999680 0.000000 -3.197399 0.000000 0.000000 1.000000 0.000000
0.999641 0.026780 0.000000 92.875609 -0.026780 0.999641 0.000000 -3.215136 0.000000 0.000000 1.000000 0.000000
0.999534 0.030514 0.000000 93.860139 -0.030514 0.999534 0.000000 -3.259693 0.000000 0.000000 1.000000 0.000000
0.999491 0.031888 0.000000 94.373510 -0.031888 0.999491 0.000000 -3.267084 0.000000 0.000000 1.000000 0.000000
0.999371 0.035457 0.000000 94.867554 -0.035457 0.999371 0.000000 -3.285467 0.000000 0.000000 1.000000 0.000000
0.999298 0.037467 0.000000 95.344586 -0.037467 0.999298 0.000000 -3.312278 0.000000 0.000000 1.000000 0.000000
0.999264 0.038350 0.000000 95.834006 -0.038350 0.999264 0.000000 -3.335019 0.000000 0.000000 1.000000 0.000000
0.999149 0.041254 0.000000 96.311523 -0.041254 0.999149 0.000000 -3.339091 0.000000 0.000000 1.000000 0.000000
0.999074 0.043034 0.000000 96.811314 -0.043034 0.999074 0.000000 -3.370159 0.000000 0.000000 1.000000 0.000000
0.998889 0.047129 0.000000 97.286962 -0.047129 0.998889 0.000000 -3.390456 0.000000 0.000000 1.000000 0.000000
0.998737 0.050248 0.000000 97.780413 -0.050248 0.998737 0.000000 -3.406511 0.000000 0.000000 1.000000 0.000000
0.998595 0.052985 0.000000 98.288232 -0.052985 0.998595 0.000000 -3.421058 0.000000 0.000000 1.000000 0.000000
0.998449 0.055675 0.000000 98.724471 -0.055675 0.998449 0.000000 -3.440433 0.000000 0.000000 1.000000 0.000000
0.998325 0.057864 0.000000 99.189997 -0.057864 0.998325 0.000000 -3.471177 0.000000 0.000000 1.000000 0.000000
0.998121 0.061272 0.000000 99.635202 -0.061272 0.998121 0.000000 -3.497646 0.000000 0.000000 1.000000 0.000000
0.998085 0.061851 0.000000 100.081630 -0.061851 0.998085 0.000000 -3.530421 0.000000 0.000000 1.000000 0.000000
0.997879 0.065098 0.000000 100.500586 -0.065098 0.997879 0.000000 -3.569368 0.000000 0.000000 1.000000 0.000000
0.997764 0.066830 0.000000 100.931237 -0.066830 0.997764 0.000000 -3.587364 0.000000 0.000000 1.000000 0.000000
0.997202 0.074759 0.000000 101.349348 -0.074759 0.997202 0.000000 -3.603884 0.000000 0.000000 1.000000 0.000000
0.996978 0.077685 0.000000 101.786215 -0.077685 0.996978 0.000000 -3.624885 0.000000 0.000000 1.000000 0.000000
0.996708 0.081077 0.000000 102.193141 -0.081077 0.996708 0.000000 -3.650687 0.000000 0.000000 1.000000 0.000000
0.996688 0.081319 0.000000 102.605098 -0.081319 0.996688 0.000000 -3.677650 0.000000 0.000000 1.000000 0.000000
0.996410 0.084663 0.000000 103.001567 -0.084663 0.996410 0.000000 -3.706445 0.000000 0.000000 1.000000 0.000000
0.996483 0.083790 0.000000 103.430542 -0.083790 0.996483 0.000000 -3.742986 0.000000 0.000000 1.000000 0.000000
0.995873 0.090759 0.000000 103.840300 -0.090759 0.995873 0.000000 -3.755166 0.000000 0.000000 1.000000 0.000000
0.995524 0.094509 0.000000 104.262894 -0.094509 0.995524 0.000000 -3.792118 0.000000 0.000000 1.000000 0.000000
0.995528 0.094472 0.000000 104.653749 -0.094472 0.995528 0.000000 -3.854647 0.000000 0.000000 1.000000 0.000000
0.995186 0.098001 0.000000 105.035418 -0.098001 0.995186 0.000000 -3.895278 0.000000 0.000000 1.000000 0.000000
0.994770 0.102137 0.000000 105.450091 -0.102137 0.994770 0.000000 -3.932581 0.000000 0.000000 1.000000 0.000000
0.994250 0.107081 0.000000 105.859321 -0.107081 0.994250 0.000000 -3.974246 0.000000 0.000000 1.000000 0.000000
0.993852 0.110715 0.000000 106.426904 -0.110715 0.993852 0.000000 -4.052713 0.000000 0.000000 1.000000 0.000000
0.993567 0.113243 0.000000 106.841550 -0.113243 0.993567 0.000000 -4.104649 0.000000 0.000000 1.000000 0.000000
0.993326 0.115338 0.000000 107.256243 -0.115338 0.993326 0.000000 -4.154698 0.000000 0.000000 1.000000 0.000000
0.993132 0.117003 0.000000 107.704382 -0.117003 0.993132 0.000000 -4.179127 0.000000 0.000000 1.000000 0.000000
0.992857 0.119310 0.000000 108.136689 -0.119310 0.992857 0.000000 -4.221900 0.000000 0.000000 1.000000 0.000000
0.992813 0.119677 0.000000 108.563382 -0.119677 0.992813 0.000000 -4.263820 0.000000 0.000000 1.000000 0.000000
0.992744 0.120250 0.000000 108.993373 -0.120250 0.992744 0.000000 -4.305686 0.000000 0.000000 1.000000 0.000000
0.992426 0.122844 0.000000 109.422824 -0.122844 0.992426 0.000000 -4.339194 0.000000 0.000000 1.000000 0.000000
0.991585 0.129454 0.000000 110.170735 -0.129454 0.991585 0.000000 -4.411963 0.000000 0.000000 1.000000 0.000000
0.991546 0.129755 0.000000 110.581517 -0.129755 0.991546 0.000000 -4.454429 0.000000 0.000000 1.000000 0.000000
0.991682 0.128716 0.000000 111.011859 -0.128716 0.991682 0.000000 -4.488003 0.000000 0.000000 1.000000 0.000000
0.991783 0.127929 0.000000 111.416438 -0.127929 0.991783 0.000000 -4.528823 0.000000 0.000000 1.000000 0.000000
0.991913 0.126917 0.000000 111.816229 -0.126917 0.991913 0.000000 -4.564545 0.000000 0.000000 1.000000 0.000000
0.991456 0.130440 0.000000 112.225249 -0.130440 0.991456 0.000000 -4.606092 0.000000 0.000000 1.000000 0.000000
0.991620 0.129188 0.000000 112.619248 -0.129188 0.991620 0.000000 -4.664994 0.000000 0.000000 1.000000 0.000000
0.991743 0.128240 0.000000 113.049808 -0.128240 0.991743 0.000000 -4.720381 0.000000 0.000000 1.000000 0.000000
0.991735 0.128300 0.000000 113.491000 -0.128300 0.991735 0.000000 -4.788967 0.000000 0.000000 1.000000 0.000000
0.991596 0.129370 0.000000 113.946937 -0.129370 0.991596 0.000000 -4.858538 0.000000 0.000000 1.000000 0.000000
0.991085 0.133233 0.000000 114.401240 -0.133233 0.991085 0.000000 -4.926073 0.000000 0.000000 1.000000 0.000000
0.991117 0.132993 0.000000 115.215899 -0.132993 0.991117 0.000000 -5.057186 0.000000 0.000000 1.000000 0.000000
0.991230 0.132151 0.000000 115.654563 -0.132151 0.991230 0.000000 -5.139739 0.000000 0.000000 1.000000 0.000000
0.991180 0.132526 0.000000 116.109152 -0.132526 0.991180 0.000000 -5.220315 0.000000 0.000000 1.000000 0.000000
0.991047 0.133512 0.000000 116.555321 -0.133512 0.991047 0.000000 -5.308178 0.000000 0.000000 1.000000 0.000000
0.990804 0.135303 0.000000 117.008612 -0.135303 0.990804 0.000000 -5.400832 0.000000 0.000000 1.000000 0.000000
0.990713 0.135969 0.000000 117.459698 -0.135969 0.990713 0.000000 -5.491672 0.000000 0.000000 1.000000 0.000000
0.990631 0.136566 0.000000 117.903734 -0.136566 0.990631 0.000000 -5.579555 0.000000 0.000000 1.000000 0.000000
0.990166 0.139900 0.000000 118.364868 -0.139900 0.990166 0.000000 -5.682232 0.000000 0.000000 1.000000 0.000000
0.989619 0.143712 0.000000 118.870574 -0.143712 0.989619 0.000000 -5.796146 0.000000 0.000000 1.000000 0.000000
0.989125 0.147077 0.000000 119.333453 -0.147077 0.989125 0.000000 -5.875253 0.000000 0.000000 1.000000 0.000000
0.989177 0.146726 0.000000 119.856405 -0.146726 0.989177 0.000000 -5.977996 0.000000 0.000000 1.000000 0.000000
0.988969 0.148125 0.000000 120.350250 -0.148125 0.988969 0.000000 -6.070951 0.000000 0.000000 1.000000 0.000000
0.988593 0.150614 0.000000 120.842787 -0.150614 0.988593 0.000000 -6.158721 0.000000 0.000000 1.000000 0.000000
0.988876 0.148739 0.000000 121.333775 -0.148739 0.988876 0.000000 -6.270500 0.000000 0.000000 1.000000 0.000000
0.988347 0.152215 0.000000 121.836853 -0.152215 0.988347 0.000000 -6.361432 0.000000 0.000000 1.000000 0.000000
0.987984 0.154556 0.000000 122.348502 -0.154556 0.987984 0.000000 -6.480347 0.000000 0.000000 1.000000 0.000000
0.987359 0.158498 0.000000 122.859625 -0.158498 0.987359 0.000000 -6.595166 0.000000 0.000000 1.000000 0.000000
0.986298 0.164975 0.000000 123.334512 -0.164975 0.986298 0.000000 -6.713825 0.000000 0.000000 1.000000 0.000000
0.985981 0.166855 0.000000 123.794664 -0.166855 0.985981 0.000000 -6.843711 0.000000 0.000000 1.000000 0.000000
0.985926 0.167182 0.000000 124.250010 -0.167182 0.985926 0.000000 -6.969013 0.000000 0.000000 1.000000 0.000000
0.985652 0.168792 0.000000 124.725840 -0.168792 0.985652 0.000000 -7.090313 0.000000 0.000000 1.000000 0.000000
0.985604 0.169070 0.000000 125.513978 -0.169070 0.985604 0.000000 -7.277890 0.000000 0.000000 1.000000 0.000000
0.985696 0.168532 0.000000 126.019200 -0.168532 0.985696 0.000000 -7.411926 0.000000 0.000000 1.000000 0.000000
0.987728 0.156187 0.000000 127.020355 -0.156187 0.987728 0.000000 -7.625950 0.000000 0.000000 1.000000 0.000000
0.987785 0.155821 0.000000 127.512541 -0.155821 0.987785 0.000000 -7.726308 0.000000 0.000000 1.000000 0.000000
0.987958 0.154723 0.000000 128.015010 -0.154723 0.987958 0.000000 -7.832166 0.000000 0.000000 1.000000 0.000000
0.987846 0.155436 0.000000 128.507716 -0.155436 0.987846 0.000000 -7.937657 0.000000 0.000000 1.000000 0.000000
0.988056 0.154095 0.000000 128.980930 -0.154095 0.988056 0.000000 -8.030669 0.000000 0.000000 1.000000 0.000000
0.987845 0.155441 0.000000 129.468375 -0.155441 0.987845 0.000000 -8.122212 0.000000 0.000000 1.000000 0.000000
0.987824 0.155577 0.000000 129.977077 -0.155577 0.987824 0.000000 -8.213824 0.000000 0.000000 1.000000 0.000000
0.987410 0.158185 0.000000 130.458486 -0.158185 0.987410 0.000000 -8.294605 0.000000 0.000000 1.000000 0.000000
0.987128 0.159933 0.000000 130.977883 -0.159933 0.987128 0.000000 -8.390461 0.000000 0.000000 1.000000 0.000000
0.987274 0.159031 0.000000 131.513754 -0.159031 0.987274 0.000000 -8.487061 0.000000 0.000000 1.000000 0.000000
0.987887 0.155175 0.000000 131.991930 -0.155175 0.987887 0.000000 -8.600740 0.000000 0.000000 1.000000 0.000000
0.987862 0.155337 0.000000 132.513249 -0.155337 0.987862 0.000000 -8.697612 0.000000 0.000000 1.000000 0.000000
0.987869 0.155292 0.000000 133.013101 -0.155292 0.987869 0.000000 -8.783829 0.000000 0.000000 1.000000 0.000000
0.987535 0.157398 0.000000 133.480528 -0.157398 0.987535 0.000000 -8.862972 0.000000 0.000000 1.000000 0.000000
0.988187 0.153250 0.000000 133.981917 -0.153250 0.988187 0.000000 -8.950149 0.000000 0.000000 1.000000 0.000000
0.987681 0.156481 0.000000 134.502745 -0.156481 0.987681 0.000000 -9.053083 0.000000 0.000000 1.000000 0.000000
0.987373 0.158415 0.000000 135.116220 -0.158415 0.987373 0.000000 -9.159100 0.000000 0.000000 1.000000 0.000000
0.987176 0.159637 0.000000 135.663918 -0.159637 0.987176 0.000000 -9.262435 0.000000 0.000000 1.000000 0.000000
0.986783 0.162047 0.000000 136.158779 -0.162047 0.986783 0.000000 -9.353243 0.000000 0.000000 1.000000 0.000000
0.986740 0.162311 0.000000 136.694187 -0.162311 0.986740 0.000000 -9.465195 0.000000 0.000000 1.000000 0.000000
0.985922 0.167204 0.000000 137.221929 -0.167204 0.985922 0.000000 -9.582910 0.000000 0.000000 1.000000 0.000000
0.985511 0.169609 0.000000 137.735393 -0.169609 0.985511 0.000000 -9.695512 0.000000 0.000000 1.000000 0.000000
0.984593 0.174860 0.000000 141.504331 -0.174860 0.984593 0.000000 -10.494782 0.000000 0.000000 1.000000 0.000000
0.984826 0.173544 0.000000 141.998420 -0.173544 0.984826 0.000000 -10.613025 0.000000 0.000000 1.000000 0.000000
0.985683 0.168610 0.000000 143.158699 -0.168610 0.985683 0.000000 -10.874510 0.000000 0.000000 1.000000 0.000000
0.984770 0.173860 0.000000 144.276147 -0.173860 0.984770 0.000000 -11.139873 0.000000 0.000000 1.000000 0.000000
0.984624 0.174690 0.000000 144.847999 -0.174690 0.984624 0.000000 -11.278135 0.000000 0.000000 1.000000 0.000000
0.984480 0.175495 0.000000 145.420043 -0.175495 0.984480 0.000000 -11.413060 0.000000 0.000000 1.000000 0.000000
0.984303 0.176485 0.000000 145.980624 -0.176485 0.984303 0.000000 -11.537083 0.000000 0.000000 1.000000 0.000000
0.984444 0.175701 0.000000 146.572998 -0.175701 0.984444 0.000000 -11.680926 0.000000 0.000000 1.000000 0.000000
0.985043 0.172307 0.000000 147.164436 -0.172307 0.985043 0.000000 -11.803345 0.000000 0.000000 1.000000 0.000000
0.984398 0.175957 0.000000 147.752734 -0.175957 0.984398 0.000000 -11.924356 0.000000 0.000000 1.000000 0.000000
0.984303 0.176486 0.000000 148.342870 -0.176486 0.984303 0.000000 -12.033994 0.000000 0.000000 1.000000 0.000000
0.984488 0.175451 0.000000 148.944588 -0.175451 0.984488 0.000000 -12.156358 0.000000 0.000000 1.000000 0.000000
0.984364 0.176149 0.000000 149.897523 -0.176149 0.984364 0.000000 -12.365882 0.000000 0.000000 1.000000 0.000000
0.983612 0.180298 0.000000 150.484688 -0.180298 0.983612 0.000000 -12.481617 0.000000 0.000000 1.000000 0.000000
0.983895 0.178750 0.000000 151.046165 -0.178750 0.983895 0.000000 -12.616437 0.000000 0.000000 1.000000 0.000000
0.983422 0.181330 0.000000 151.615182 -0.181330 0.983422 0.000000 -12.710669 0.000000 0.000000 1.000000 0.000000
0.983080 0.183179 0.000000 152.230216 -0.183179 0.983080 0.000000 -12.799326 0.000000 0.000000 1.000000 0.000000
0.982737 0.185006 0.000000 152.759149 -0.185006 0.982737 0.000000 -12.881162 0.000000 0.000000 1.000000 0.000000
0.982831 0.184509 0.000000 153.360983 -0.184509 0.982831 0.000000 -12.994541 0.000000 0.000000 1.000000 0.000000
0.983044 0.183370 0.000000 153.920840 -0.183370 0.983044 0.000000 -13.135219 0.000000 0.000000 1.000000 0.000000
0.983260 0.182208 0.000000 154.528811 -0.182208 0.983260 0.000000 -13.264802 0.000000 0.000000 1.000000 0.000000
0.983536 0.180712 0.000000 155.134945 -0.180712 0.983536 0.000000 -13.401853 0.000000 0.000000 1.000000 0.000000
0.983633 0.180185 0.000000 155.753068 -0.180185 0.983633 0.000000 -13.550205 0.000000 0.000000 1.000000 0.000000
0.984001 0.178165 0.000000 156.327929 -0.178165 0.984001 0.000000 -13.674397 0.000000 0.000000 1.000000 0.000000
0.984327 0.176354 0.000000 156.890164 -0.176354 0.984327 0.000000 -13.791624 0.000000 0.000000 1.000000 0.000000
0.984356 0.176192 0.000000 157.433006 -0.176192 0.984356 0.000000 -13.909217 0.000000 0.000000 1.000000 0.000000
0.984753 0.173958 0.000000 157.979794 -0.173958 0.984753 0.000000 -14.060604 0.000000 0.000000 1.000000 0.000000
0.984235 0.176866 0.000000 158.537568 -0.176866 0.984235 0.000000 -14.177229 0.000000 0.000000 1.000000 0.000000
0.983899 0.178726 0.000000 159.685057 -0.178726 0.983899 0.000000 -14.418906 0.000000 0.000000 1.000000 0.000000
0.983776 0.179401 0.000000 160.260873 -0.179401 0.983776 0.000000 -14.538007 0.000000 0.000000 1.000000 0.000000
0.983879 0.178838 0.000000 160.852122 -0.178838 0.983879 0.000000 -14.655127 0.000000 0.000000 1.000000 0.000000
0.983649 0.180096 0.000000 161.508114 -0.180096 0.983649 0.000000 -14.780224 0.000000 0.000000 1.000000 0.000000
0.983365 0.181639 0.000000 162.145179 -0.181639 0.983365 0.000000 -14.887739 0.000000 0.000000 1.000000 0.000000
0.983668 0.179992 0.000000 163.322466 -0.179992 0.983668 0.000000 -15.135125 0.000000 0.000000 1.000000 0.000000
0.983838 0.179060 0.000000 163.971763 -0.179060 0.983838 0.000000 -15.258704 0.000000 0.000000 1.000000 0.000000
0.983633 0.180185 0.000000 164.594113 -0.180185 0.983633 0.000000 -15.385890 0.000000 0.000000 1.000000 0.000000
0.983508 0.180864 0.000000 165.178995 -0.180864 0.983508 0.000000 -15.491473 0.000000 0.000000 1.000000 0.000000
0.983926 0.178578 0.000000 165.789686 -0.178578 0.983926 0.000000 -15.607450 0.000000 0.000000 1.000000 0.000000
0.983797 0.179288 0.000000 166.359579 -0.179288 0.983797 0.000000 -15.716591 0.000000 0.000000 1.000000 0.000000
0.983465 0.181098 0.000000 167.161801 -0.181098 0.983465 0.000000 -15.858539 0.000000 0.000000 1.000000 0.000000
0.982690 0.185255 0.000000 167.762509 -0.185255 0.982690 0.000000 -15.967221 0.000000 0.000000 1.000000 0.000000
0.982545 0.186024 0.000000 168.347055 -0.186024 0.982545 0.000000 -16.080021 0.000000 0.000000 1.000000 0.000000
0.981582 0.191042 0.000000 168.996949 -0.191042 0.981582 0.000000 -16.193626 0.000000 0.000000 1.000000 0.000000
0.981618 0.190854 0.000000 169.571549 -0.190854 0.981618 0.000000 -16.289414 0.000000 0.000000 1.000000 0.000000
0.982180 0.187943 0.000000 170.192154 -0.187943 0.982180 0.000000 -16.398646 0.000000 0.000000 1.000000 0.000000
0.981439 0.191773 0.000000 170.780573 -0.191773 0.981439 0.000000 -16.491391 0.000000 0.000000 1.000000 0.000000
0.981890 0.189451 0.000000 171.363494 -0.189451 0.981890 0.000000 -16.595271 0.000000 0.000000 1.000000 0.000000
0.981101 0.193497 0.000000 171.961826 -0.193497 0.981101 0.000000 -16.708420 0.000000 0.000000 1.000000 0.000000
0.981738 0.190236 0.000000 172.514546 -0.190236 0.981738 0.000000 -16.829193 0.000000 0.000000 1.000000 0.000000
0.982057 0.188583 0.000000 173.098833 -0.188583 0.982057 0.000000 -16.959547 0.000000 0.000000 1.000000 0.000000
0.982054 0.188600 0.000000 173.685163 -0.188600 0.982054 0.000000 -17.114093 0.000000 0.000000 1.000000 0.000000
0.983148 0.182809 0.000000 174.268558 -0.182809 0.983148 0.000000 -17.264379 0.000000 0.000000 1.000000 0.000000
0.984012 0.178100 0.000000 174.855596 -0.178100 0.984012 0.000000 -17.413826 0.000000 0.000000 1.000000 0.000000
0.983930 0.178555 0.000000 175.447288 -0.178555 0.983930 0.000000 -17.546322 0.000000 0.000000 1.000000 0.000000
0.983504 0.180888 0.000000 176.029338 -0.180888 0.983504 0.000000 -17.676529 0.000000 0.000000 1.000000 0.000000
0.983283 0.182086 0.000000 176.611681 -0.182086 0.983283 0.000000 -17.800295 0.000000 0.000000 1.000000 0.000000
0.982943 0.183913 0.000000 177.150017 -0.183913 0.982943 0.000000 -17.899607 0.000000 0.000000 1.000000 0.000000
0.982675 0.185335 0.000000 177.767848 -0.185335 0.982675 0.000000 -18.012552 0.000000 0.000000 1.000000 0.000000
0.982899 0.184144 0.000000 178.307917 -0.184144 0.982899 0.000000 -18.118696 0.000000 0.000000 1.000000 0.000000
0.982641 0.185517 0.000000 178.902092 -0.185517 0.982641 0.000000 -18.228868 0.000000 0.000000 1.000000 0.000000
0.982391 0.186836 0.000000 179.490550 -0.186836 0.982391 0.000000 -18.340189 0.000000 0.000000 1.000000 0.000000
0.981839 0.189717 0.000000 180.082867 -0.189717 0.981839 0.000000 -18.454456 0.000000 0.000000 1.000000 0.000000
0.980386 0.197088 0.000000 180.646955 -0.197088 0.980386 0.000000 -18.561313 0.000000 0.000000 1.000000 0.000000
0.980378 0.197126 0.000000 181.229951 -0.197126 0.980378 0.000000 -18.660601 0.000000 0.000000 1.000000 0.000000
0.980542 0.196312 0.000000 181.831377 -0.196312 0.980542 0.000000 -18.780531 0.000000 0.000000 1.000000 0.000000
0.980672 0.195661 0.000000 182.416818 -0.195661 0.980672 0.000000 -18.904687 0.000000 0.000000 1.000000 0.000000
0.980657 0.195733 0.000000 183.012318 -0.195733 0.980657 0.000000 -19.026549 0.000000 0.000000 1.000000 0.000000
0.980361 0.197212 0.000000 183.600902 -0.197212 0.980361 0.000000 -19.135717 0.000000 0.000000 1.000000 0.000000
0.980801 0.195011 0.000000 184.174979 -0.195011 0.980801 0.000000 -19.253766 0.000000 0.000000 1.000000 0.000000
0.980916 0.194430 0.000000 184.762695 -0.194430 0.980916 0.000000 -19.379884 0.000000 0.000000 1.000000 0.000000
0.980488 0.196578 0.000000 185.354974 -0.196578 0.980488 0.000000 -19.501626 0.000000 0.000000 1.000000 0.000000
0.980388 0.197076 0.000000 185.904014 -0.197076 0.980388 0.000000 -19.618877 0.000000 0.000000 1.000000 0.000000
0.980470 0.196671 0.000000 186.478426 -0.196671 0.980470 0.000000 -19.761263 0.000000 0.000000 1.000000 0.000000
0.980325 0.197392 0.000000 187.064830 -0.197392 0.980325 0.000000 -19.885507 0.000000 0.000000 1.000000 0.000000
0.980207 0.197977 0.000000 187.625932 -0.197977 0.980207 0.000000 -20.006119 0.000000 0.000000 1.000000 0.000000
0.980617 0.195934 0.000000 188.209771 -0.195934 0.980617 0.000000 -20.123311 0.000000 0.000000 1.000000 0.000000
0.980171 0.198151 0.000000 188.783306 -0.198151 0.980171 0.000000 -20.242593 0.000000 0.000000 1.000000 0.000000
0.980720 0.195418 0.000000 189.332542 -0.195418 0.980720 0.000000 -20.361444 0.000000 0.000000 1.000000 0.000000
0.980700 0.195516 0.000000 189.908791 -0.195516 0.980700 0.000000 -20.470754 0.000000 0.000000 1.000000 0.000000
0.979970 0.199145 0.000000 190.518351 -0.199145 0.979970 0.000000 -20.588755 0.000000 0.000000 1.000000 0.000000
0.979994 0.199029 0.000000 191.094862 -0.199029 0.979994 0.000000 -20.698242 0.000000 0.000000 1.000000 0.000000
0.979512 0.201384 0.000000 191.697758 -0.201384 0.979512 0.000000 -20.813250 0.000000 0.000000 1.000000 0.000000
0.979173 0.203028 0.000000 192.326039 -0.203028 0.979173 0.000000 -20.950829 0.000000 0.000000 1.000000 0.000000
0.978904 0.204321 0.000000 193.239061 -0.204321 0.978904 0.000000 -21.162551 0.000000 0.000000 1.000000 0.000000
0.978437 0.206545 0.000000 193.848235 -0.206545 0.978437 0.000000 -21.296162 0.000000 0.000000 1.000000 0.000000
0.978161 0.207850 0.000000 194.455525 -0.207850 0.978161 0.000000 -21.416959 0.000000 0.000000 1.000000 0.000000
0.978307 0.207162 0.000000 195.037914 -0.207162 0.978307 0.000000 -21.531278 0.000000 0.000000 1.000000 0.000000
0.978118 0.208049 0.000000 195.620890 -0.208049 0.978118 0.000000 -21.646843 0.000000 0.000000 1.000000 0.000000
0.978475 0.206364 0.000000 196.213665 -0.206364 0.978475 0.000000 -21.761103 0.000000 0.000000 1.000000 0.000000
0.979170 0.203042 0.000000 196.799394 -0.203042 0.979170 0.000000 -21.887508 0.000000 0.000000 1.000000 0.000000
0.979043 0.203654 0.000000 197.406510 -0.203654 0.979043 0.000000 -22.020959 0.000000 0.000000 1.000000 0.000000
0.979059 0.203577 0.000000 197.931145 -0.203577 0.979059 0.000000 -22.131620 0.000000 0.000000 1.000000 0.000000
0.978693 0.205328 0.000000 198.924549 -0.205328 0.978693 0.000000 -22.361508 0.000000 0.000000 1.000000 0.000000
0.978495 0.206270 0.000000 199.495559 -0.206270 0.978495 0.000000 -22.475209 0.000000 0.000000 1.000000 0.000000
0.978094 0.208162 0.000000 200.218906 -0.208162 0.978094 0.000000 -22.629364 0.000000 0.000000 1.000000 0.000000
0.977690 0.210052 0.000000 200.951416 -0.210052 0.977690 0.000000 -22.799392 0.000000 0.000000 1.000000 0.000000
0.976998 0.213246 0.000000 201.911032 -0.213246 0.976998 0.000000 -23.012758 0.000000 0.000000 1.000000 0.000000
0.976994 0.213265 0.000000 202.467986 -0.213265 0.976994 0.000000 -23.139036 0.000000 0.000000 1.000000 0.000000
0.976843 0.213956 0.000000 203.034970 -0.213956 0.976843 0.000000 -23.272206 0.000000 0.000000 1.000000 0.000000
0.976683 0.214688 0.000000 203.621761 -0.214688 0.976683 0.000000 -23.407264 0.000000 0.000000 1.000000 0.000000
0.976424 0.215863 0.000000 204.155179 -0.215863 0.976424 0.000000 -23.526668 0.000000 0.000000 1.000000 0.000000
0.976927 0.213576 0.000000 204.734339 -0.213576 0.976927 0.000000 -23.662890 0.000000 0.000000 1.000000 0.000000
0.976199 0.216875 0.000000 205.297193 -0.216875 0.976199 0.000000 -23.791561 0.000000 0.000000 1.000000 0.000000
0.976012 0.217717 0.000000 206.100567 -0.217717 0.976012 0.000000 -24.001273 0.000000 0.000000 1.000000 0.000000
0.976325 0.216310 0.000000 206.677258 -0.216310 0.976325 0.000000 -24.146093 0.000000 0.000000 1.000000 0.000000
0.976403 0.215958 0.000000 207.247420 -0.215958 0.976403 0.000000 -24.288040 0.000000 0.000000 1.000000 0.000000
0.976301 0.216418 0.000000 207.824629 -0.216418 0.976301 0.000000 -24.440962 0.000000 0.000000 1.000000 0.000000
0.977149 0.212555 0.000000 208.408621 -0.212555 0.977149 0.000000 -24.563332 0.000000 0.000000 1.000000 0.000000
0.977102 0.212769 0.000000 208.921378 -0.212769 0.977102 0.000000 -24.674818 0.000000 0.000000 1.000000 0.000000
0.976971 0.213374 0.000000 209.503709 -0.213374 0.976971 0.000000 -24.794701 0.000000 0.000000 1.000000 0.000000
0.977045 0.213032 0.000000 210.013935 -0.213032 0.977045 0.000000 -24.904051 0.000000 0.000000 1.000000 0.000000
0.977000 0.213239 0.000000 210.584507 -0.213239 0.977000 0.000000 -25.043159 0.000000 0.000000 1.000000 0.000000
0.976888 0.213751 0.000000 211.105312 -0.213751 0.976888 0.000000 -25.183264 0.000000 0.000000 1.000000 0.000000
0.976552 0.215280 0.000000 211.658496 -0.215280 0.976552 0.000000 -25.321491 0.000000 0.000000 1.000000 0.000000
0.976891 0.213736 0.000000 212.214897 -0.213736 0.976891 0.000000 -25.493043 0.000000 0.000000 1.000000 0.000000
0.976460 0.215699 0.000000 212.756628 -0.215699 0.976460 0.000000 -25.647252 0.000000 0.000000 1.000000 0.000000
0.976252 0.216639 0.000000 213.314623 -0.216639 0.976252 0.000000 -25.818583 0.000000 0.000000 1.000000 0.000000
0.976430 0.215836 0.000000 213.879352 -0.215836 0.976430 0.000000 -25.978776 0.000000 0.000000 1.000000 0.000000
0.976547 0.215306 0.000000 214.436727 -0.215306 0.976547 0.000000 -26.143475 0.000000 0.000000 1.000000 0.000000
0.974732 0.223378 0.000000 214.965931 -0.223378 0.974732 0.000000 -26.304669 0.000000 0.000000 1.000000 0.000000
0.974807 0.223049 0.000000 215.505788 -0.223049 0.974807 0.000000 -26.467657 0.000000 0.000000 1.000000 0.000000
0.975383 0.220515 0.000000 216.052979 -0.220515 0.975383 0.000000 -26.622613 0.000000 0.000000 1.000000 0.000000
0.975634 0.219405 0.000000 216.546125 -0.219405 0.975634 0.000000 -26.760210 0.000000 0.000000 1.000000 0.000000
0.976223 0.216767 0.000000 217.067482 -0.216767 0.976223 0.000000 -26.901091 0.000000 0.000000 1.000000 0.000000
0.976221 0.216776 0.000000 217.590649 -0.216776 0.976221 0.000000 -27.029169 0.000000 0.000000 1.000000 0.000000
0.976375 0.216084 0.000000 218.171074 -0.216084 0.976375 0.000000 -27.164079 0.000000 0.000000 1.000000 0.000000
0.975892 0.218253 0.000000 218.786492 -0.218253 0.975892 0.000000 -27.313783 0.000000 0.000000 1.000000 0.000000
0.976144 0.217126 0.000000 219.325375 -0.217126 0.976144 0.000000 -27.444899 0.000000 0.000000 1.000000 0.000000
0.976527 0.215395 0.000000 219.879812 -0.215395 0.976527 0.000000 -27.574821 0.000000 0.000000 1.000000 0.000000
0.976474 0.215633 0.000000 220.419565 -0.215633 0.976474 0.000000 -27.703772 0.000000 0.000000 1.000000 0.000000
0.976878 0.213796 0.000000 221.453648 -0.213796 0.976878 0.000000 -27.953696 0.000000 0.000000 1.000000 0.000000
0.977454 0.211150 0.000000 221.957104 -0.211150 0.977454 0.000000 -28.073638 0.000000 0.000000 1.000000 0.000000
0.977574 0.210591 0.000000 222.453137 -0.210591 0.977574 0.000000 -28.190903 0.000000 0.000000 1.000000 0.000000
0.977568 0.210621 0.000000 222.967628 -0.210621 0.977568 0.000000 -28.309264 0.000000 0.000000 1.000000 0.000000
0.977396 0.211418 0.000000 223.523558 -0.211418 0.977396 0.000000 -28.439198 0.000000 0.000000 1.000000 0.000000
0.977570 0.210611 0.000000 224.075063 -0.210611 0.977570 0.000000 -28.559763 0.000000 0.000000 1.000000 0.000000
0.977770 0.209682 0.000000 224.630048 -0.209682 0.977770 0.000000 -28.672876 0.000000 0.000000 1.000000 0.000000
0.977775 0.209655 0.000000 225.138775 -0.209655 0.977775 0.000000 -28.778748 0.000000 0.000000 1.000000 0.000000
0.977939 0.208892 0.000000 225.669525 -0.208892 0.977939 0.000000 -28.886867 0.000000 0.000000 1.000000 0.000000
0.977517 0.210858 0.000000 226.175664 -0.210858 0.977517 0.000000 -28.984558 0.000000 0.000000 1.000000 0.000000
0.977256 0.212062 0.000000 226.714025 -0.212062 0.977256 0.000000 -29.097710 0.000000 0.000000 1.000000 0.000000
0.977369 0.211541 0.000000 227.226374 -0.211541 0.977369 0.000000 -29.208038 0.000000 0.000000 1.000000 0.000000
0.977541 0.210747 0.000000 227.744646 -0.210747 0.977541 0.000000 -29.319817 0.000000 0.000000 1.000000 0.000000
0.977757 0.209739 0.000000 228.251023 -0.209739 0.977757 0.000000 -29.431502 0.000000 0.000000 1.000000 0.000000
0.977713 0.209948 0.000000 228.781065 -0.209948 0.977713 0.000000 -29.542539 0.000000 0.000000 1.000000 0.000000
0.978016 0.208530 0.000000 229.436322 -0.208530 0.978016 0.000000 -29.694213 0.000000 0.000000 1.000000 0.000000
0.978055 0.208346 0.000000 230.085708 -0.208346 0.978055 0.000000 -29.841986 0.000000 0.000000 1.000000 0.000000
0.978102 0.208127 0.000000 230.614744 -0.208127 0.978102 0.000000 -29.964768 0.000000 0.000000 1.000000 0.000000
0.978111 0.208083 0.000000 231.142711 -0.208083 0.978111 0.000000 -30.079064 0.000000 0.000000 1.000000 0.000000
0.978089 0.208187 0.000000 231.679675 -0.208187 0.978089 0.000000 -30.196055 0.000000 0.000000 1.000000 0.000000
0.978570 0.205916 0.000000 232.220863 -0.205916 0.978570 0.000000 -30.298519 0.000000 0.000000 1.000000 0.000000
0.978909 0.204299 0.000000 232.771577 -0.204299 0.978909 0.000000 -30.396776 0.000000 0.000000 1.000000 0.000000
0.979678 0.200575 0.000000 233.672761 -0.200575 0.979678 0.000000 -30.576007 0.000000 0.000000 1.000000 0.000000
0.979375 0.202053 0.000000 234.204140 -0.202053 0.979375 0.000000 -30.677675 0.000000 0.000000 1.000000 0.000000
0.979638 0.200771 0.000000 234.714702 -0.200771 0.979638 0.000000 -30.776199 0.000000 0.000000 1.000000 0.000000
0.978885 0.204413 0.000000 235.253870 -0.204413 0.978885 0.000000 -30.882537 0.000000 0.000000 1.000000 0.000000
0.978475 0.206366 0.000000 235.775527 -0.206366 0.978475 0.000000 -30.984787 0.000000 0.000000 1.000000 0.000000
0.978110 0.208088 0.000000 236.282910 -0.208088 0.978110 0.000000 -31.077165 0.000000 0.000000 1.000000 0.000000
0.978329 0.207058 0.000000 236.790378 -0.207058 0.978329 0.000000 -31.182796 0.000000 0.000000 1.000000 0.000000
0.978123 0.208025 0.000000 237.317866 -0.208025 0.978123 0.000000 -31.289849 0.000000 0.000000 1.000000 0.000000
0.977535 0.210771 0.000000 237.853084 -0.210771 0.977535 0.000000 -31.400945 0.000000 0.000000 1.000000 0.000000
0.976806 0.214126 0.000000 238.381496 -0.214126 0.976806 0.000000 -31.512018 0.000000 0.000000 1.000000 0.000000
0.976641 0.214876 0.000000 238.896265 -0.214876 0.976641 0.000000 -31.614118 0.000000 0.000000 1.000000 0.000000
0.975910 0.218172 0.000000 239.427940 -0.218172 0.975910 0.000000 -31.721116 0.000000 0.000000 1.000000 0.000000
0.975980 0.217861 0.000000 239.941820 -0.217861 0.975980 0.000000 -31.835522 0.000000 0.000000 1.000000 0.000000
0.975299 0.220891 0.000000 240.457132 -0.220891 0.975299 0.000000 -31.929692 0.000000 0.000000 1.000000 0.000000
0.975381 0.220528 0.000000 240.976311 -0.220528 0.975381 0.000000 -32.053492 0.000000 0.000000 1.000000 0.000000
0.975222 0.221229 0.000000 241.509314 -0.221229 0.975222 0.000000 -32.160264 0.000000 0.000000 1.000000 0.000000
0.975485 0.220066 0.000000 242.072316 -0.220066 0.975485 0.000000 -32.259156 0.000000 0.000000 1.000000 0.000000
0.975368 0.220584 0.000000 242.575272 -0.220584 0.975368 0.000000 -32.344807 0.000000 0.000000 1.000000 0.000000
0.975211 0.221278 0.000000 243.133624 -0.221278 0.975211 0.000000 -32.438321 0.000000 0.000000 1.000000 0.000000
0.974510 0.224342 0.000000 243.679092 -0.224342 0.974510 0.000000 -32.551108 0.000000 0.000000 1.000000 0.000000
0.974196 0.225704 0.000000 244.256428 -0.225704 0.974196 0.000000 -32.683454 0.000000 0.000000 1.000000 0.000000
0.974347 0.225050 0.000000 244.828666 -0.225050 0.974347 0.000000 -32.810350 0.000000 0.000000 1.000000 0.000000
0.974147 0.225914 0.000000 245.366622 -0.225914 0.974147 0.000000 -32.927365 0.000000 0.000000 1.000000 0.000000
0.973765 0.227557 0.000000 245.896880 -0.227557 0.973765 0.000000 -33.040718 0.000000 0.000000 1.000000 0.000000
0.973504 0.228670 0.000000 246.418698 -0.228670 0.973504 0.000000 -33.142718 0.000000 0.000000 1.000000 0.000000
0.973163 0.230117 0.000000 246.950104 -0.230117 0.973163 0.000000 -33.255005 0.000000 0.000000 1.000000 0.000000
0.972114 0.234510 0.000000 247.526547 -0.234510 0.972114 0.000000 -33.381911 0.000000 0.000000 1.000000 0.000000
0.971554 0.236820 0.000000 248.036872 -0.236820 0.971554 0.000000 -33.495956 0.000000 0.000000 1.000000 0.000000
0.970932 0.239355 0.000000 248.561823 -0.239355 0.970932 0.000000 -33.622434 0.000000 0.000000 1.000000 0.000000
0.970457 0.241274 0.000000 249.109679 -0.241274 0.970457 0.000000 -33.758208 0.000000 0.000000 1.000000 0.000000
0.968136 0.250425 0.000000 250.180787 -0.250425 0.968136 0.000000 -34.043958 0.000000 0.000000 1.000000 0.000000
0.967704 0.252087 0.000000 250.718624 -0.252087 0.967704 0.000000 -34.184714 0.000000 0.000000 1.000000 0.000000
0.967235 0.253883 0.000000 251.471936 -0.253883 0.967235 0.000000 -34.392171 0.000000 0.000000 1.000000 0.000000
0.967950 0.251143 0.000000 252.426711 -0.251143 0.967950 0.000000 -34.663637 0.000000 0.000000 1.000000 0.000000
0.967849 0.251531 0.000000 252.947500 -0.251531 0.967849 0.000000 -34.816564 0.000000 0.000000 1.000000 0.000000
0.967203 0.254006 0.000000 253.450113 -0.254006 0.967203 0.000000 -34.964351 0.000000 0.000000 1.000000 0.000000
0.967028 0.254671 0.000000 253.946791 -0.254671 0.967028 0.000000 -35.102459 0.000000 0.000000 1.000000 0.000000
0.966772 0.255642 0.000000 254.459617 -0.255642 0.966772 0.000000 -35.247283 0.000000 0.000000 1.000000 0.000000
0.966427 0.256941 0.000000 255.005547 -0.256941 0.966427 0.000000 -35.407358 0.000000 0.000000 1.000000 0.000000
0.965732 0.259540 0.000000 255.533569 -0.259540 0.965732 0.000000 -35.556589 0.000000 0.000000 1.000000 0.000000
0.965747 0.259487 0.000000 256.094191 -0.259487 0.965747 0.000000 -35.704527 0.000000 0.000000 1.000000 0.000000
0.966105 0.258149 0.000000 256.627078 -0.258149 0.966105 0.000000 -35.856145 0.000000 0.000000 1.000000 0.000000
0.967449 0.253064 0.000000 257.144718 -0.253064 0.967449 0.000000 -35.985547 0.000000 0.000000 1.000000 0.000000
0.967523 0.252785 0.000000 257.617765 -0.252785 0.967523 0.000000 -36.081850 0.000000 0.000000 1.000000 0.000000
0.967367 0.253380 0.000000 258.108692 -0.253380 0.967367 0.000000 -36.164180 0.000000 0.000000 1.000000 0.000000
0.966768 0.255654 0.000000 258.636805 -0.255654 0.966768 0.000000 -36.258628 0.000000 0.000000 1.000000 0.000000
0.966627 0.256188 0.000000 259.188872 -0.256188 0.966627 0.000000 -36.354054 0.000000 0.000000 1.000000 0.000000
0.966600 0.256291 0.000000 259.706398 -0.256291 0.966600 0.000000 -36.461005 0.000000 0.000000 1.000000 0.000000
0.966762 0.255678 0.000000 260.213294 -0.255678 0.966762 0.000000 -36.546243 0.000000 0.000000 1.000000 0.000000
0.966305 0.257400 0.000000 260.721013 -0.257400 0.966305 0.000000 -36.633626 0.000000 0.000000 1.000000 0.000000
0.965575 0.260125 0.000000 261.223903 -0.260125 0.965575 0.000000 -36.709067 0.000000 0.000000 1.000000 0.000000
0.964572 0.263821 0.000000 261.751577 -0.263821 0.964572 0.000000 -36.806472 0.000000 0.000000 1.000000 0.000000
0.963551 0.267526 0.000000 262.244881 -0.267526 0.963551 0.000000 -36.910159 0.000000 0.000000 1.000000 0.000000
0.963464 0.267838 0.000000 262.727479 -0.267838 0.963464 0.000000 -37.025308 0.000000 0.000000 1.000000 0.000000
0.963738 0.266852 0.000000 263.204407 -0.266852 0.963738 0.000000 -37.139691 0.000000 0.000000 1.000000 0.000000
0.963347 0.268257 0.000000 263.638241 -0.268257 0.963347 0.000000 -37.232150 0.000000 0.000000 1.000000 0.000000
0.962683 0.270632 0.000000 264.102899 -0.270632 0.962683 0.000000 -37.342330 0.000000 0.000000 1.000000 0.000000
0.962166 0.272464 0.000000 264.560397 -0.272464 0.962166 0.000000 -37.445127 0.000000 0.000000 1.000000 0.000000
0.962021 0.272976 0.000000 265.009551 -0.272976 0.962021 0.000000 -37.554862 0.000000 0.000000 1.000000 0.000000
0.961886 0.273451 0.000000 265.449524 -0.273451 0.961886 0.000000 -37.660071 0.000000 0.000000 1.000000 0.000000
0.961927 0.273308 0.000000 265.866152 -0.273308 0.961927 0.000000 -37.759367 0.000000 0.000000 1.000000 0.000000
0.962307 0.271964 0.000000 266.292368 -0.271964 0.962307 0.000000 -37.861708 0.000000 0.000000 1.000000 0.000000
0.961877 0.273483 0.000000 266.696001 -0.273483 0.961877 0.000000 -37.956479 0.000000 0.000000 1.000000 0.000000
0.962191 0.272376 0.000000 267.129732 -0.272376 0.962191 0.000000 -38.058440 0.000000 0.000000 1.000000 0.000000
0.962797 0.270224 0.000000 267.669976 -0.270224 0.962797 0.000000 -38.193094 0.000000 0.000000 1.000000 0.000000
0.962588 0.270968 0.000000 268.073448 -0.270968 0.962588 0.000000 -38.292140 0.000000 0.000000 1.000000 0.000000
0.961760 0.273892 0.000000 268.506720 -0.273892 0.961760 0.000000 -38.397372 0.000000 0.000000 1.000000 0.000000
0.962410 0.271599 0.000000 268.930296 -0.271599 0.962410 0.000000 -38.525580 0.000000 0.000000 1.000000 0.000000
0.962045 0.272890 0.000000 269.351466 -0.272890 0.962045 0.000000 -38.634604 0.000000 0.000000 1.000000 0.000000
0.962434 0.271517 0.000000 269.748503 -0.271517 0.962434 0.000000 -38.749601 0.000000 0.000000 1.000000 0.000000
0.961961 0.273187 0.000000 270.161493 -0.273187 0.961961 0.000000 -38.843397 0.000000 0.000000 1.000000 0.000000
0.961394 0.275176 0.000000 270.581378 -0.275176 0.961394 0.000000 -38.974270 0.000000 0.000000 1.000000 0.000000
0.961371 0.275256 0.000000 270.968596 -0.275256 0.961371 0.000000 -39.096836 0.000000 0.000000 1.000000 0.000000
0.961003 0.276536 0.000000 271.347421 -0.276536 0.961003 0.000000 -39.200402 0.000000 0.000000 1.000000 0.000000
0.961218 0.275791 0.000000 271.722259 -0.275791 0.961218 0.000000 -39.323531 0.000000 0.000000 1.000000 0.000000
0.961173 0.275947 0.000000 272.078647 -0.275947 0.961173 0.000000 -39.437373 0.000000 0.000000 1.000000 0.000000
0.960654 0.277749 0.000000 272.448167 -0.277749 0.960654 0.000000 -39.556503 0.000000 0.000000 1.000000 0.000000
0.960304 0.278954 0.000000 272.800753 -0.278954 0.960304 0.000000 -39.671244 0.000000 0.000000 1.000000 0.000000
0.960325 0.278884 0.000000 273.152825 -0.278884 0.960325 0.000000 -39.792608 0.000000 0.000000 1.000000 0.000000
0.960383 0.278683 0.000000 273.509049 -0.278683 0.960383 0.000000 -39.905964 0.000000 0.000000 1.000000 0.000000
0.960757 0.277391 0.000000 273.852100 -0.277391 0.960757 0.000000 -40.017560 0.000000 0.000000 1.000000 0.000000
0.960466 0.278398 0.000000 274.195793 -0.278398 0.960466 0.000000 -40.128749 0.000000 0.000000 1.000000 0.000000
0.960222 0.279237 0.000000 274.541764 -0.279237 0.960222 0.000000 -40.237788 0.000000 0.000000 1.000000 0.000000
0.960292 0.278997 0.000000 274.877251 -0.278997 0.960292 0.000000 -40.352393 0.000000 0.000000 1.000000 0.000000
0.960481 0.278345 0.000000 275.538535 -0.278345 0.960481 0.000000 -40.575967 0.000000 0.000000 1.000000 0.000000
0.960236 0.279188 0.000000 275.851706 -0.279188 0.960236 0.000000 -40.678134 0.000000 0.000000 1.000000 0.000000
0.960301 0.278965 0.000000 276.170558 -0.278965 0.960301 0.000000 -40.789377 0.000000 0.000000 1.000000 0.000000
0.960224 0.279232 0.000000 276.475998 -0.279232 0.960224 0.000000 -40.885859 0.000000 0.000000 1.000000 0.000000
0.960252 0.279133 0.000000 276.785747 -0.279133 0.960252 0.000000 -40.977096 0.000000 0.000000 1.000000 0.000000
0.959346 0.282232 0.000000 277.362599 -0.282232 0.959346 0.000000 -41.156906 0.000000 0.000000 1.000000 0.000000
0.959258 0.282530 0.000000 277.651637 -0.282530 0.959258 0.000000 -41.243657 0.000000 0.000000 1.000000 0.000000
0.959519 0.281645 0.000000 277.921463 -0.281645 0.959519 0.000000 -41.337604 0.000000 0.000000 1.000000 0.000000
0.959827 0.280593 0.000000 278.178324 -0.280593 0.959827 0.000000 -41.440618 0.000000 0.000000 1.000000 0.000000
0.960020 0.279932 0.000000 278.424174 -0.279932 0.960020 0.000000 -41.532970 0.000000 0.000000 1.000000 0.000000
0.959010 0.283371 0.000000 280.993523 -0.283371 0.959010 0.000000 -42.342078 0.000000 0.000000 1.000000 0.000000
0.957945 0.286953 0.000000 281.199593 -0.286953 0.957945 0.000000 -42.431053 0.000000 0.000000 1.000000 0.000000
0.957613 0.288058 0.000000 281.408435 -0.288058 0.957613 0.000000 -42.525256 0.000000 0.000000 1.000000 0.000000
0.958228 0.286005 0.000000 281.670130 -0.286005 0.958228 0.000000 -42.657043 0.000000 0.000000 1.000000 0.000000
0.959356 0.282199 0.000000 281.972394 -0.282199 0.959356 0.000000 -42.799352 0.000000 0.000000 1.000000 0.000000
0.958942 0.283603 0.000000 282.217613 -0.283603 0.958942 0.000000 -42.917344 0.000000 0.000000 1.000000 0.000000
0.958274 0.285850 0.000000 282.421100 -0.285850 0.958274 0.000000 -43.020752 0.000000 0.000000 1.000000 0.000000
0.958411 0.285393 0.000000 282.618037 -0.285393 0.958411 0.000000 -43.103819 0.000000 0.000000 1.000000 0.000000
0.958295 0.285781 0.000000 282.818383 -0.285781 0.958295 0.000000 -43.185685 0.000000 0.000000 1.000000 0.000000
0.958262 0.285890 0.000000 283.007822 -0.285890 0.958262 0.000000 -43.276892 0.000000 0.000000 1.000000 0.000000
0.957542 0.288293 0.000000 283.192107 -0.288293 0.957542 0.000000 -43.367004 0.000000 0.000000 1.000000 0.000000
0.957022 0.290016 0.000000 283.383024 -0.290016 0.957022 0.000000 -43.433648 0.000000 0.000000 1.000000 0.000000
0.957665 0.287884 0.000000 283.577697 -0.287884 0.957665 0.000000 -43.513488 0.000000 0.000000 1.000000 0.000000
0.957185 0.289476 0.000000 283.767553 -0.289476 0.957185 0.000000 -43.598287 0.000000 0.000000 1.000000 0.000000
0.956351 0.292220 0.000000 283.963575 -0.292220 0.956351 0.000000 -43.669306 0.000000 0.000000 1.000000 0.000000
0.956004 0.293353 0.000000 284.170727 -0.293353 0.956004 0.000000 -43.759724 0.000000 0.000000 1.000000 0.000000
0.956071 0.293135 0.000000 284.338495 -0.293135 0.956071 0.000000 -43.832325 0.000000 0.000000 1.000000 0.000000
0.956469 0.291833 0.000000 284.520153 -0.291833 0.956469 0.000000 -43.915022 0.000000 0.000000 1.000000 0.000000
0.956595 0.291421 0.000000 284.679697 -0.291421 0.956595 0.000000 -43.981859 0.000000 0.000000 1.000000 0.000000
0.956284 0.292441 0.000000 284.860851 -0.292441 0.956284 0.000000 -44.046880 0.000000 0.000000 1.000000 0.000000
0.955633 0.294561 0.000000 285.042233 -0.294561 0.955633 0.000000 -44.112180 0.000000 0.000000 1.000000 0.000000
0.955938 0.293568 0.000000 285.210199 -0.293568 0.955938 0.000000 -44.187849 0.000000 0.000000 1.000000 0.000000
0.955311 0.295604 0.000000 285.369511 -0.295604 0.955311 0.000000 -44.253687 0.000000 0.000000 1.000000 0.000000
0.953973 0.299891 0.000000 285.525269 -0.299891 0.953973 0.000000 -44.314210 0.000000 0.000000 1.000000 0.000000
0.953684 0.300810 0.000000 285.661123 -0.300810 0.953684 0.000000 -44.378599 0.000000 0.000000 1.000000 0.000000
0.955160 0.296090 0.000000 285.891496 -0.296090 0.955160 0.000000 -44.475023 0.000000 0.000000 1.000000 0.000000
0.954979 0.296674 0.000000 286.033227 -0.296674 0.954979 0.000000 -44.533732 0.000000 0.000000 1.000000 0.000000
0.954206 0.299149 0.000000 286.171297 -0.299149 0.954206 0.000000 -44.588677 0.000000 0.000000 1.000000 0.000000
0.954517 0.298156 0.000000 286.296391 -0.298156 0.954517 0.000000 -44.653594 0.000000 0.000000 1.000000 0.000000
0.954439 0.298406 0.000000 286.513527 -0.298406 0.954439 0.000000 -44.765454 0.000000 0.000000 1.000000 0.000000
0.955748 0.294188 0.000000 286.605570 -0.294188 0.955748 0.000000 -44.815433 0.000000 0.000000 1.000000 0.000000
0.954776 0.297325 0.000000 286.701774 -0.297325 0.954776 0.000000 -44.863759 0.000000 0.000000 1.000000 0.000000
0.954960 0.296735 0.000000 286.800524 -0.296735 0.954960 0.000000 -44.930976 0.000000 0.000000 1.000000 0.000000
0.954006 0.299787 0.000000 286.869252 -0.299787 0.954006 0.000000 -44.985966 0.000000 0.000000 1.000000 0.000000
0.955052 0.296438 0.000000 286.976751 -0.296438 0.955052 0.000000 -45.067254 0.000000 0.000000 1.000000 0.000000
0.955129 0.296189 0.000000 287.033353 -0.296189 0.955129 0.000000 -45.111785 0.000000 0.000000 1.000000 0.000000
0.954392 0.298557 0.000000 287.076437 -0.298557 0.954392 0.000000 -45.147245 0.000000 0.000000 1.000000 0.000000
0.954172 0.299258 0.000000 287.110944 -0.299258 0.954172 0.000000 -45.183627 0.000000 0.000000 1.000000 0.000000
0.953734 0.300652 0.000000 287.131522 -0.300652 0.953734 0.000000 -45.208461 0.000000 0.000000 1.000000 0.000000
0.953506 0.301375 0.000000 287.151776 -0.301375 0.953506 0.000000 -45.237069 0.000000 0.000000 1.000000 0.000000
0.953291 0.302052 0.000000 287.155885 -0.302052 0.953291 0.000000 -45.248747 0.000000 0.000000 1.000000 0.000000
0.953329 0.301935 0.000000 287.162971 -0.301935 0.953329 0.000000 -45.258889 0.000000 0.000000 1.000000 0.000000
0.953537 0.301276 0.000000 287.160896 -0.301276 0.953537 0.000000 -45.271693 0.000000 0.000000 1.000000 0.000000
0.953708 0.300734 0.000000 287.151733 -0.300734 0.953708 0.000000 -45.281217 0.000000 0.000000 1.000000 0.000000
0.953721 0.300693 0.000000 287.146884 -0.300693 0.953721 0.000000 -45.288297 0.000000 0.000000 1.000000 0.000000
0.953870 0.300220 0.000000 287.135641 -0.300220 0.953870 0.000000 -45.290344 0.000000 0.000000 1.000000 0.000000
0.953904 0.300112 0.000000 287.129263 -0.300112 0.953904 0.000000 -45.290132 0.000000 0.000000 1.000000 0.000000
0.953856 0.300263 0.000000 287.123596 -0.300263 0.953856 0.000000 -45.288480 0.000000 0.000000 1.000000 0.000000
0.953765 0.300552 0.000000 287.118295 -0.300552 0.953765 0.000000 -45.292158 0.000000 0.000000 1.000000 0.000000
0.953619 0.301018 0.000000 287.126666 -0.301018 0.953619 0.000000 -45.292784 0.000000 0.000000 1.000000 0.000000
0.953432 0.301608 0.000000 287.136067 -0.301608 0.953432 0.000000 -45.292591 0.000000 0.000000 1.000000 0.000000
0.953314 0.301980 0.000000 287.144750 -0.301980 0.953314 0.000000 -45.300168 0.000000 0.000000 1.000000 0.000000
0.953238 0.302222 0.000000 287.153227 -0.302222 0.953238 0.000000 -45.298691 0.000000 0.000000 1.000000 0.000000
0.953168 0.302442 0.000000 287.157568 -0.302442 0.953168 0.000000 -45.303274 0.000000 0.000000 1.000000 0.000000
0.953134 0.302550 0.000000 287.153018 -0.302550 0.953134 0.000000 -45.305771 0.000000 0.000000 1.000000 0.000000
0.953095 0.302670 0.000000 287.149267 -0.302670 0.953095 0.000000 -45.312046 0.000000 0.000000 1.000000 0.000000
0.953095 0.302670 0.000000 287.147361 -0.302670 0.953095 0.000000 -45.320549 0.000000 0.000000 1.000000 0.000000
0.953156 0.302480 0.000000 287.146897 -0.302480 0.953156 0.000000 -45.324919 0.000000 0.000000 1.000000 0.000000
0.953149 0.302503 0.000000 287.146649 -0.302503 0.953149 0.000000 -45.324661 0.000000 0.000000 1.000000 0.000000
0.953158 0.302471 0.000000 287.145326 -0.302471 0.953158 0.000000 -45.326461 0.000000 0.000000 1.000000 0.000000
0.953210 0.302310 0.000000 287.145116 -0.302310 0.953210 0.000000 -45.334981 0.000000 0.000000 1.000000 0.000000
0.953184 0.302390 0.000000 287.140072 -0.302390 0.953184 0.000000 -45.346930 0.000000 0.000000 1.000000 0.000000
0.953193 0.302364 0.000000 287.134104 -0.302364 0.953193 0.000000 -45.359250 0.000000 0.000000 1.000000 0.000000
0.953173 0.302425 0.000000 287.130262 -0.302425 0.953173 0.000000 -45.367073 0.000000 0.000000 1.000000 0.000000
0.953188 0.302377 0.000000 287.126959 -0.302377 0.953188 0.000000 -45.376389 0.000000 0.000000 1.000000 0.000000
0.953246 0.302195 0.000000 287.123743 -0.302195 0.953246 0.000000 -45.387295 0.000000 0.000000 1.000000 0.000000
0.953250 0.302181 0.000000 287.120128 -0.302181 0.953250 0.000000 -45.392621 0.000000 0.000000 1.000000 0.000000
0.953225 0.302261 0.000000 287.114915 -0.302261 0.953225 0.000000 -45.396999 0.000000 0.000000 1.000000 0.000000
0.953264 0.302138 0.000000 287.109025 -0.302138 0.953264 0.000000 -45.402400 0.000000 0.000000 1.000000 0.000000
0.953296 0.302039 0.000000 287.104748 -0.302039 0.953296 0.000000 -45.410813 0.000000 0.000000 1.000000 0.000000
0.953281 0.302084 0.000000 287.103770 -0.302084 0.953281 0.000000 -45.413089 0.000000 0.000000 1.000000 0.000000
0.953268 0.302126 0.000000 287.103926 -0.302126 0.953268 0.000000 -45.413660 0.000000 0.000000 1.000000 0.000000
0.953252 0.302177 0.000000 287.103830 -0.302177 0.953252 0.000000 -45.413712 0.000000 0.000000 1.000000 0.000000
0.953236 0.302226 0.000000 287.104612 -0.302226 0.953236 0.000000 -45.418376 0.000000 0.000000 1.000000 0.000000
0.953207 0.302319 0.000000 287.105489 -0.302319 0.953207 0.000000 -45.419955 0.000000 0.000000 1.000000 0.000000
0.953154 0.302484 0.000000 287.106809 -0.302484 0.953154 0.000000 -45.418625 0.000000 0.000000 1.000000 0.000000
0.953136 0.302543 0.000000 287.107410 -0.302543 0.953136 0.000000 -45.418002 0.000000 0.000000 1.000000 0.000000
0.953105 0.302641 0.000000 287.108798 -0.302641 0.953105 0.000000 -45.416708 0.000000 0.000000 1.000000 0.000000
0.953111 0.302621 0.000000 287.109645 -0.302621 0.953111 0.000000 -45.417483 0.000000 0.000000 1.000000 0.000000
0.953102 0.302649 0.000000 287.111296 -0.302649 0.953102 0.000000 -45.422410 0.000000 0.000000 1.000000 0.000000
0.953106 0.302638 0.000000 287.112841 -0.302638 0.953106 0.000000 -45.430264 0.000000 0.000000 1.000000 0.000000
0.953136 0.302544 0.000000 287.116598 -0.302544 0.953136 0.000000 -45.437481 0.000000 0.000000 1.000000 0.000000
0.953095 0.302670 0.000000 287.119538 -0.302670 0.953095 0.000000 -45.441350 0.000000 0.000000 1.000000 0.000000
0.953086 0.302700 0.000000 287.117411 -0.302700 0.953086 0.000000 -45.445882 0.000000 0.000000 1.000000 0.000000
0.953110 0.302623 0.000000 287.114688 -0.302623 0.953110 0.000000 -45.450197 0.000000 0.000000 1.000000 0.000000
0.953044 0.302831 0.000000 287.112473 -0.302831 0.953044 0.000000 -45.450848 0.000000 0.000000 1.000000 0.000000
0.953009 0.302942 0.000000 287.112023 -0.302942 0.953009 0.000000 -45.452688 0.000000 0.000000 1.000000 0.000000
0.952940 0.303160 0.000000 287.113727 -0.303160 0.952940 0.000000 -45.452823 0.000000 0.000000 1.000000 0.000000
0.952901 0.303281 0.000000 287.113430 -0.303281 0.952901 0.000000 -45.453791 0.000000 0.000000 1.000000 0.000000
0.952800 0.303598 0.000000 287.112729 -0.303598 0.952800 0.000000 -45.457540 0.000000 0.000000 1.000000 0.000000
0.952868 0.303387 0.000000 287.112964 -0.303387 0.952868 0.000000 -45.458617 0.000000 0.000000 1.000000 0.000000
0.952963 0.303088 0.000000 287.111598 -0.303088 0.952963 0.000000 -45.461368 0.000000 0.000000 1.000000 0.000000
0.953094 0.302676 0.000000 287.109237 -0.302676 0.953094 0.000000 -45.465215 0.000000 0.000000 1.000000 0.000000
0.953180 0.302403 0.000000 287.106736 -0.302403 0.953180 0.000000 -45.467824 0.000000 0.000000 1.000000 0.000000
0.953313 0.301983 0.000000 287.104853 -0.301983 0.953313 0.000000 -45.472226 0.000000 0.000000 1.000000 0.000000
0.953505 0.301378 0.000000 287.102258 -0.301378 0.953505 0.000000 -45.476702 0.000000 0.000000 1.000000 0.000000
0.953620 0.301014 0.000000 287.101298 -0.301014 0.953620 0.000000 -45.477934 0.000000 0.000000 1.000000 0.000000
0.953754 0.300588 0.000000 287.099495 -0.300588 0.953754 0.000000 -45.479182 0.000000 0.000000 1.000000 0.000000
0.953827 0.300356 0.000000 287.098971 -0.300356 0.953827 0.000000 -45.481025 0.000000 0.000000 1.000000 0.000000
0.953917 0.300072 0.000000 287.097498 -0.300072 0.953917 0.000000 -45.484045 0.000000 0.000000 1.000000 0.000000
0.954055 0.299633 0.000000 287.096439 -0.299633 0.954055 0.000000 -45.485915 0.000000 0.000000 1.000000 0.000000
0.954310 0.298818 0.000000 287.095201 -0.298818 0.954310 0.000000 -45.490159 0.000000 0.000000 1.000000 0.000000
0.954260 0.298979 0.000000 287.096178 -0.298979 0.954260 0.000000 -45.489447 0.000000 0.000000 1.000000 0.000000
0.954211 0.299136 0.000000 287.096019 -0.299136 0.954211 0.000000 -45.489076 0.000000 0.000000 1.000000 0.000000
0.954174 0.299251 0.000000 287.096252 -0.299251 0.954174 0.000000 -45.489645 0.000000 0.000000 1.000000 0.000000
0.954162 0.299291 0.000000 287.097175 -0.299291 0.954162 0.000000 -45.490069 0.000000 0.000000 1.000000 0.000000
0.954174 0.299252 0.000000 287.100085 -0.299252 0.954174 0.000000 -45.490491 0.000000 0.000000 1.000000 0.000000
0.954153 0.299320 0.000000 287.100482 -0.299320 0.954153 0.000000 -45.490593 0.000000 0.000000 1.000000 0.000000
0.954113 0.299447 0.000000 287.101499 -0.299447 0.954113 0.000000 -45.490867 0.000000 0.000000 1.000000 0.000000
0.954082 0.299546 0.000000 287.103828 -0.299546 0.954082 0.000000 -45.490240 0.000000 0.000000 1.000000 0.000000
0.954058 0.299622 0.000000 287.103035 -0.299622 0.954058 0.000000 -45.488129 0.000000 0.000000 1.000000 0.000000
0.954033 0.299700 0.000000 287.103611 -0.299700 0.954033 0.000000 -45.486930 0.000000 0.000000 1.000000 0.000000
0.953992 0.299833 0.000000 287.104303 -0.299833 0.953992 0.000000 -45.485971 0.000000 0.000000 1.000000 0.000000
0.953975 0.299886 0.000000 287.104251 -0.299886 0.953975 0.000000 -45.485330 0.000000 0.000000 1.000000 0.000000
0.953974 0.299891 0.000000 287.104076 -0.299891 0.953974 0.000000 -45.485627 0.000000 0.000000 1.000000 0.000000
0.953979 0.299872 0.000000 287.103910 -0.299872 0.953979 0.000000 -45.485768 0.000000 0.000000 1.000000 0.000000
0.953982 0.299863 0.000000 287.104244 -0.299863 0.953982 0.000000 -45.486253 0.000000 0.000000 1.000000 0.000000
0.953945 0.299982 0.000000 287.104122 -0.299982 0.953945 0.000000 -45.485405 0.000000 0.000000 1.000000 0.000000
0.953877 0.300198 0.000000 287.104922 -0.300198 0.953877 0.000000 -45.485226 0.000000 0.000000 1.000000 0.000000
0.953836 0.300329 0.000000 287.104653 -0.300329 0.953836 0.000000 -45.485127 0.000000 0.000000 1.000000 0.000000
0.953783 0.300495 0.000000 287.104423 -0.300495 0.953783 0.000000 -45.485518 0.000000 0.000000 1.000000 0.000000
0.953759 0.300574 0.000000 287.104196 -0.300574 0.953759 0.000000 -45.485999 0.000000 0.000000 1.000000 0.000000
0.953750 0.300602 0.000000 287.102367 -0.300602 0.953750 0.000000 -45.487636 0.000000 0.000000 1.000000 0.000000
0.953756 0.300582 0.000000 287.100763 -0.300582 0.953756 0.000000 -45.488228 0.000000 0.000000 1.000000 0.000000
0.953778 0.300513 0.000000 287.099022 -0.300513 0.953778 0.000000 -45.489180 0.000000 0.000000 1.000000 0.000000
0.953779 0.300509 0.000000 287.098119 -0.300509 0.953779 0.000000 -45.488833 0.000000 0.000000 1.000000 0.000000
0.953788 0.300481 0.000000 287.098278 -0.300481 0.953788 0.000000 -45.491372 0.000000 0.000000 1.000000 0.000000
0.953783 0.300497 0.000000 287.097867 -0.300497 0.953783 0.000000 -45.493170 0.000000 0.000000 1.000000 0.000000
0.953806 0.300423 0.000000 287.096822 -0.300423 0.953806 0.000000 -45.495701 0.000000 0.000000 1.000000 0.000000
0.953832 0.300341 0.000000 287.097198 -0.300341 0.953832 0.000000 -45.497479 0.000000 0.000000 1.000000 0.000000
0.953822 0.300373 0.000000 287.098265 -0.300373 0.953822 0.000000 -45.499419 0.000000 0.000000 1.000000 0.000000
0.953804 0.300428 0.000000 287.099168 -0.300428 0.953804 0.000000 -45.502524 0.000000 0.000000 1.000000 0.000000
0.953797 0.300453 0.000000 287.100544 -0.300453 0.953797 0.000000 -45.503278 0.000000 0.000000 1.000000 0.000000
0.953807 0.300419 0.000000 287.101111 -0.300419 0.953807 0.000000 -45.504958 0.000000 0.000000 1.000000 0.000000
0.953764 0.300557 0.000000 287.101848 -0.300557 0.953764 0.000000 -45.504912 0.000000 0.000000 1.000000 0.000000
0.953663 0.300877 0.000000 287.101487 -0.300877 0.953663 0.000000 -45.506239 0.000000 0.000000 1.000000 0.000000
0.953587 0.301117 0.000000 287.101334 -0.301117 0.953587 0.000000 -45.509015 0.000000 0.000000 1.000000 0.000000
0.953551 0.301231 0.000000 287.100621 -0.301231 0.953551 0.000000 -45.511729 0.000000 0.000000 1.000000 0.000000
0.953540 0.301266 0.000000 287.101969 -0.301266 0.953540 0.000000 -45.519523 0.000000 0.000000 1.000000 0.000000
0.953451 0.301549 0.000000 287.105289 -0.301549 0.953451 0.000000 -45.528905 0.000000 0.000000 1.000000 0.000000
0.953387 0.301750 0.000000 287.108028 -0.301750 0.953387 0.000000 -45.536989 0.000000 0.000000 1.000000 0.000000
0.953375 0.301789 0.000000 287.110194 -0.301789 0.953375 0.000000 -45.542646 0.000000 0.000000 1.000000 0.000000
0.953332 0.301922 0.000000 287.112908 -0.301922 0.953332 0.000000 -45.549485 0.000000 0.000000 1.000000 0.000000
0.953313 0.301985 0.000000 287.113783 -0.301985 0.953313 0.000000 -45.552921 0.000000 0.000000 1.000000 0.000000
0.953275 0.302103 0.000000 287.114595 -0.302103 0.953275 0.000000 -45.556292 0.000000 0.000000 1.000000 0.000000
0.953261 0.302149 0.000000 287.113528 -0.302149 0.953261 0.000000 -45.558475 0.000000 0.000000 1.000000 0.000000
0.953252 0.302177 0.000000 287.114021 -0.302177 0.953252 0.000000 -45.558632 0.000000 0.000000 1.000000 0.000000
0.953233 0.302236 0.000000 287.115347 -0.302236 0.953233 0.000000 -45.557307 0.000000 0.000000 1.000000 0.000000
0.953211 0.302305 0.000000 287.117127 -0.302305 0.953211 0.000000 -45.556538 0.000000 0.000000 1.000000 0.000000
0.953221 0.302275 0.000000 287.117505 -0.302275 0.953221 0.000000 -45.553795 0.000000 0.000000 1.000000 0.000000
0.953215 0.302293 0.000000 287.117786 -0.302293 0.953215 0.000000 -45.554213 0.000000 0.000000 1.000000 0.000000
0.953183 0.302393 0.000000 287.119558 -0.302393 0.953183 0.000000 -45.553582 0.000000 0.000000 1.000000 0.000000
0.953198 0.302347 0.000000 287.121514 -0.302347 0.953198 0.000000 -45.553330 0.000000 0.000000 1.000000 0.000000
0.953209 0.302313 0.000000 287.125282 -0.302313 0.953209 0.000000 -45.551291 0.000000 0.000000 1.000000 0.000000
0.953114 0.302610 0.000000 287.124662 -0.302610 0.953114 0.000000 -45.546960 0.000000 0.000000 1.000000 0.000000
0.953155 0.302481 0.000000 287.125370 -0.302481 0.953155 0.000000 -45.546863 0.000000 0.000000 1.000000 0.000000
0.953164 0.302456 0.000000 287.122959 -0.302456 0.953164 0.000000 -45.547281 0.000000 0.000000 1.000000 0.000000
0.953188 0.302379 0.000000 287.119052 -0.302379 0.953188 0.000000 -45.544907 0.000000 0.000000 1.000000 0.000000
0.953204 0.302329 0.000000 287.117397 -0.302329 0.953204 0.000000 -45.543846 0.000000 0.000000 1.000000 0.000000
0.953215 0.302294 0.000000 287.116180 -0.302294 0.953215 0.000000 -45.543232 0.000000 0.000000 1.000000 0.000000
0.953229 0.302249 0.000000 287.115880 -0.302249 0.953229 0.000000 -45.543081 0.000000 0.000000 1.000000 0.000000
0.953256 0.302163 0.000000 287.114824 -0.302163 0.953256 0.000000 -45.541829 0.000000 0.000000 1.000000 0.000000
0.953274 0.302108 0.000000 287.115403 -0.302108 0.953274 0.000000 -45.541790 0.000000 0.000000 1.000000 0.000000
0.953300 0.302026 0.000000 287.114975 -0.302026 0.953300 0.000000 -45.540564 0.000000 0.000000 1.000000 0.000000
0.953300 0.302026 0.000000 287.114974 -0.302026 0.953300 0.000000 -45.540562 0.000000 0.000000 1.000000 0.000000
0.953300 0.302025 0.000000 287.115903 -0.302025 0.953300 0.000000 -45.539998 0.000000 0.000000 1.000000 0.000000
0.953302 0.302018 0.000000 287.117028 -0.302018 0.953302 0.000000 -45.539830 0.000000 0.000000 1.000000 0.000000
0.953306 0.302006 0.000000 287.117950 -0.302006 0.953306 0.000000 -45.539692 0.000000 0.000000 1.000000 0.000000
0.953304 0.302012 0.000000 287.119273 -0.302012 0.953304 0.000000 -45.539153 0.000000 0.000000 1.000000 0.000000
0.953302 0.302020 0.000000 287.120702 -0.302020 0.953302 0.000000 -45.538604 0.000000 0.000000 1.000000 0.000000
0.953293 0.302046 0.000000 287.120686 -0.302046 0.953293 0.000000 -45.538555 0.000000 0.000000 1.000000 0.000000
0.953288 0.302062 0.000000 287.121761 -0.302062 0.953288 0.000000 -45.537973 0.000000 0.000000 1.000000 0.000000
0.953276 0.302099 0.000000 287.121895 -0.302099 0.953276 0.000000 -45.537972 0.000000 0.000000 1.000000 0.000000
0.953262 0.302145 0.000000 287.122898 -0.302145 0.953262 0.000000 -45.537788 0.000000 0.000000 1.000000 0.000000
0.953248 0.302190 0.000000 287.123919 -0.302190 0.953248 0.000000 -45.537618 0.000000 0.000000 1.000000 0.000000
0.953237 0.302225 0.000000 287.124422 -0.302225 0.953237 0.000000 -45.537541 0.000000 0.000000 1.000000 0.000000
0.953213 0.302298 0.000000 287.124319 -0.302298 0.953213 0.000000 -45.537728 0.000000 0.000000 1.000000 0.000000
0.953190 0.302371 0.000000 287.123967 -0.302371 0.953190 0.000000 -45.537937 0.000000 0.000000 1.000000 0.000000
0.953186 0.302386 0.000000 287.123734 -0.302386 0.953186 0.000000 -45.538235 0.000000 0.000000 1.000000 0.000000
0.953182 0.302398 0.000000 287.123729 -0.302398 0.953182 0.000000 -45.538077 0.000000 0.000000 1.000000 0.000000
0.953188 0.302377 0.000000 287.122771 -0.302377 0.953188 0.000000 -45.538602 0.000000 0.000000 1.000000 0.000000
0.953206 0.302322 0.000000 287.122287 -0.302322 0.953206 0.000000 -45.539096 0.000000 0.000000 1.000000 0.000000
0.953181 0.302400 0.000000 287.121651 -0.302400 0.953181 0.000000 -45.539726 0.000000 0.000000 1.000000 0.000000
0.953135 0.302544 0.000000 287.120444 -0.302544 0.953135 0.000000 -45.540249 0.000000 0.000000 1.000000 0.000000
0.953063 0.302771 0.000000 287.119654 -0.302771 0.953063 0.000000 -45.540286 0.000000 0.000000 1.000000 0.000000
0.953064 0.302768 0.000000 287.118631 -0.302768 0.953064 0.000000 -45.540823 0.000000 0.000000 1.000000 0.000000
0.953077 0.302728 0.000000 287.118688 -0.302728 0.953077 0.000000 -45.540812 0.000000 0.000000 1.000000 0.000000
0.953100 0.302657 0.000000 287.116620 -0.302657 0.953100 0.000000 -45.541843 0.000000 0.000000 1.000000 0.000000
0.953122 0.302587 0.000000 287.117094 -0.302587 0.953122 0.000000 -45.544834 0.000000 0.000000 1.000000 0.000000
0.953112 0.302617 0.000000 287.116935 -0.302617 0.953112 0.000000 -45.549781 0.000000 0.000000 1.000000 0.000000
0.953133 0.302553 0.000000 287.116960 -0.302553 0.953133 0.000000 -45.555507 0.000000 0.000000 1.000000 0.000000
0.953123 0.302584 0.000000 287.116341 -0.302584 0.953123 0.000000 -45.561767 0.000000 0.000000 1.000000 0.000000
0.953121 0.302591 0.000000 287.117532 -0.302591 0.953121 0.000000 -45.565451 0.000000 0.000000 1.000000 0.000000
0.953125 0.302577 0.000000 287.115072 -0.302577 0.953125 0.000000 -45.567522 0.000000 0.000000 1.000000 0.000000
0.953134 0.302550 0.000000 287.113796 -0.302550 0.953134 0.000000 -45.567127 0.000000 0.000000 1.000000 0.000000
0.953158 0.302472 0.000000 287.110364 -0.302472 0.953158 0.000000 -45.566535 0.000000 0.000000 1.000000 0.000000
0.953231 0.302243 0.000000 287.104306 -0.302243 0.953231 0.000000 -45.565324 0.000000 0.000000 1.000000 0.000000
0.953285 0.302071 0.000000 287.096085 -0.302071 0.953285 0.000000 -45.564568 0.000000 0.000000 1.000000 0.000000
0.953334 0.301919 0.000000 287.083853 -0.301919 0.953334 0.000000 -45.563736 0.000000 0.000000 1.000000 0.000000
0.953408 0.301685 0.000000 287.072591 -0.301685 0.953408 0.000000 -45.564381 0.000000 0.000000 1.000000 0.000000
0.953403 0.301700 0.000000 287.065044 -0.301700 0.953403 0.000000 -45.562127 0.000000 0.000000 1.000000 0.000000
0.953419 0.301648 0.000000 287.060138 -0.301648 0.953419 0.000000 -45.557664 0.000000 0.000000 1.000000 0.000000
0.953429 0.301618 0.000000 287.058519 -0.301618 0.953429 0.000000 -45.556460 0.000000 0.000000 1.000000 0.000000
0.953415 0.301661 0.000000 287.057202 -0.301661 0.953415 0.000000 -45.554568 0.000000 0.000000 1.000000 0.000000
0.953396 0.301721 0.000000 287.055483 -0.301721 0.953396 0.000000 -45.552549 0.000000 0.000000 1.000000 0.000000
0.953365 0.301820 0.000000 287.056809 -0.301820 0.953365 0.000000 -45.551269 0.000000 0.000000 1.000000 0.000000
0.953354 0.301856 0.000000 287.058257 -0.301856 0.953354 0.000000 -45.552687 0.000000 0.000000 1.000000 0.000000
0.953375 0.301789 0.000000 287.059819 -0.301789 0.953375 0.000000 -45.554124 0.000000 0.000000 1.000000 0.000000
0.953300 0.302025 0.000000 287.059317 -0.302025 0.953300 0.000000 -45.555866 0.000000 0.000000 1.000000 0.000000
0.953240 0.302214 0.000000 287.051536 -0.302214 0.953240 0.000000 -45.557485 0.000000 0.000000 1.000000 0.000000
0.953219 0.302281 0.000000 287.045517 -0.302281 0.953219 0.000000 -45.559175 0.000000 0.000000 1.000000 0.000000
0.953197 0.302351 0.000000 287.041634 -0.302351 0.953197 0.000000 -45.560322 0.000000 0.000000 1.000000 0.000000
0.953141 0.302527 0.000000 287.042780 -0.302527 0.953141 0.000000 -45.562523 0.000000 0.000000 1.000000 0.000000
0.953130 0.302561 0.000000 287.043254 -0.302561 0.953130 0.000000 -45.567217 0.000000 0.000000 1.000000 0.000000
0.953101 0.302651 0.000000 287.041372 -0.302651 0.953101 0.000000 -45.569491 0.000000 0.000000 1.000000 0.000000
0.953087 0.302696 0.000000 287.043248 -0.302696 0.953087 0.000000 -45.571085 0.000000 0.000000 1.000000 0.000000
0.953096 0.302667 0.000000 287.044815 -0.302667 0.953096 0.000000 -45.575489 0.000000 0.000000 1.000000 0.000000
0.953021 0.302906 0.000000 287.044221 -0.302906 0.953021 0.000000 -45.581978 0.000000 0.000000 1.000000 0.000000
0.953006 0.302951 0.000000 287.042651 -0.302951 0.953006 0.000000 -45.584742 0.000000 0.000000 1.000000 0.000000
0.952966 0.303079 0.000000 287.041108 -0.303079 0.952966 0.000000 -45.587326 0.000000 0.000000 1.000000 0.000000
0.952936 0.303171 0.000000 287.040525 -0.303171 0.952936 0.000000 -45.592187 0.000000 0.000000 1.000000 0.000000
0.952915 0.303237 0.000000 287.042093 -0.303237 0.952915 0.000000 -45.595538 0.000000 0.000000 1.000000 0.000000
0.952908 0.303259 0.000000 287.043363 -0.303259 0.952908 0.000000 -45.598783 0.000000 0.000000 1.000000 0.000000
0.952918 0.303227 0.000000 287.043233 -0.303227 0.952918 0.000000 -45.599812 0.000000 0.000000 1.000000 0.000000
0.952885 0.303331 0.000000 287.043595 -0.303331 0.952885 0.000000 -45.600828 0.000000 0.000000 1.000000 0.000000
0.952845 0.303459 0.000000 287.039926 -0.303459 0.952845 0.000000 -45.602038 0.000000 0.000000 1.000000 0.000000
0.952822 0.303529 0.000000 287.038426 -0.303529 0.952822 0.000000 -45.605516 0.000000 0.000000 1.000000 0.000000
0.952827 0.303514 0.000000 287.036068 -0.303514 0.952827 0.000000 -45.608625 0.000000 0.000000 1.000000 0.000000
0.952825 0.303519 0.000000 287.035763 -0.303519 0.952825 0.000000 -45.612095 0.000000 0.000000 1.000000 0.000000
0.952827 0.303513 0.000000 287.035216 -0.303513 0.952827 0.000000 -45.617082 0.000000 0.000000 1.000000 0.000000
0.952818 0.303542 0.000000 287.035273 -0.303542 0.952818 0.000000 -45.622293 0.000000 0.000000 1.000000 0.000000
0.952814 0.303556 0.000000 287.036904 -0.303556 0.952814 0.000000 -45.627619 0.000000 0.000000 1.000000 0.000000
0.952825 0.303521 0.000000 287.040511 -0.303521 0.952825 0.000000 -45.634982 0.000000 0.000000 1.000000 0.000000
0.952834 0.303491 0.000000 287.043773 -0.303491 0.952834 0.000000 -45.642628 0.000000 0.000000 1.000000 0.000000
0.952827 0.303515 0.000000 287.044813 -0.303515 0.952827 0.000000 -45.647585 0.000000 0.000000 1.000000 0.000000
0.952756 0.303736 0.000000 287.048539 -0.303736 0.952756 0.000000 -45.653332 0.000000 0.000000 1.000000 0.000000
0.952696 0.303925 0.000000 287.049699 -0.303925 0.952696 0.000000 -45.656303 0.000000 0.000000 1.000000 0.000000
0.952641 0.304096 0.000000 287.051352 -0.304096 0.952641 0.000000 -45.659777 0.000000 0.000000 1.000000 0.000000
0.952613 0.304183 0.000000 287.050493 -0.304183 0.952613 0.000000 -45.660865 0.000000 0.000000 1.000000 0.000000
