0.999942 0.003228 0.010312 7.446774 -0.003252 0.999992 0.002314 -0.074252 -0.010304 -0.002347 0.999944 -0.067012
0.999950 0.003964 0.009196 8.078480 -0.003985 0.999989 0.002263 -0.082391 -0.009187 -0.002300 0.999955 -0.072650
0.999972 0.004833 0.005677 9.340975 -0.004854 0.999981 0.003781 -0.099147 -0.005659 -0.003808 0.999977 -0.083905
0.999974 0.005137 0.005054 9.976696 -0.005158 0.999978 0.004164 -0.108912 -0.005033 -0.004190 0.999979 -0.089538
0.999967 0.005159 0.006330 10.606247 -0.005191 0.999974 0.005013 -0.118860 -0.006304 -0.005046 0.999967 -0.095110
0.999949 0.006711 0.007501 11.232912 -0.006755 0.999960 0.005791 -0.129073 -0.007462 -0.005842 0.999955 -0.100648
0.999939 0.006720 0.008765 11.898761 -0.006772 0.999960 0.005869 -0.138291 -0.008725 -0.005928 0.999944 -0.106574
0.999939 0.006112 0.009193 12.515922 -0.006164 0.999965 0.005672 -0.145057 -0.009158 -0.005728 0.999942 -0.112113
0.999930 0.007694 0.008955 13.128567 -0.007739 0.999958 0.004967 -0.155964 -0.008916 -0.005036 0.999948 -0.117504
0.999925 0.008370 0.008959 13.750253 -0.008410 0.999955 0.004477 -0.168906 -0.008921 -0.004552 0.999950 -0.122926
0.999921 0.008761 0.009051 14.375817 -0.008816 0.999943 0.006091 -0.181893 -0.008997 -0.006170 0.999940 -0.128384
0.999924 0.007986 0.009363 14.989655 -0.008062 0.999935 0.008103 -0.192317 -0.009297 -0.008178 0.999923 -0.133798
0.999931 0.007393 0.009112 15.606557 -0.007474 0.999932 0.008943 -0.203208 -0.009045 -0.009010 0.999919 -0.139229
0.999928 0.006745 0.009970 16.213272 -0.006836 0.999935 0.009153 -0.212111 -0.009908 -0.009221 0.999908 -0.144616
0.999917 0.006592 0.011048 16.853962 -0.006705 0.999925 0.010223 -0.222040 -0.010980 -0.010296 0.999887 -0.150291
0.999907 0.007345 0.011528 17.432694 -0.007462 0.999920 0.010177 -0.232437 -0.011452 -0.010263 0.999882 -0.155381
0.999905 0.007964 0.011222 18.055212 -0.008082 0.999912 0.010538 -0.242882 -0.011137 -0.010628 0.999882 -0.160876
0.999891 0.008696 0.011903 18.673653 -0.008835 0.999893 0.011685 -0.254349 -0.011800 -0.011789 0.999861 -0.166306
0.999915 0.008230 0.010102 19.322780 -0.008348 0.999897 0.011699 -0.265941 -0.010005 -0.011782 0.999881 -0.172017
0.999939 0.007390 0.008148 19.946257 -0.007477 0.999915 0.010707 -0.274924 -0.008068 -0.010767 0.999909 -0.177557
0.999944 0.007099 0.007868 20.566655 -0.007175 0.999927 0.009745 -0.282620 -0.007798 -0.009801 0.999922 -0.183102
0.999946 0.006975 0.007735 21.185233 -0.007048 0.999931 0.009362 -0.289200 -0.007669 -0.009416 0.999926 -0.188657
0.999934 0.007166 0.008944 21.811873 -0.007252 0.999927 0.009628 -0.297912 -0.008874 -0.009692 0.999914 -0.194234
0.999912 0.007161 0.011169 22.441185 -0.007277 0.999920 0.010388 -0.306472 -0.011093 -0.010468 0.999884 -0.199839
0.999905 0.007138 0.011818 23.046254 -0.007263 0.999918 0.010585 -0.314856 -0.011741 -0.010670 0.999874 -0.205224
0.999900 0.007308 0.012137 23.678625 -0.007431 0.999921 0.010110 -0.323475 -0.012062 -0.010199 0.999875 -0.210855
0.999924 0.006441 0.010534 24.318830 -0.006544 0.999930 0.009811 -0.330492 -0.010470 -0.009879 0.999896 -0.216600
0.999924 0.006864 0.010240 24.919265 -0.006961 0.999931 0.009467 -0.339360 -0.010174 -0.009538 0.999903 -0.221930
0.999933 0.006660 0.009465 25.566584 -0.006748 0.999934 0.009301 -0.347353 -0.009402 -0.009365 0.999912 -0.227716
0.999931 0.006162 0.010016 26.191122 -0.006252 0.999940 0.008978 -0.354408 -0.009960 -0.009040 0.999910 -0.233315
0.999916 0.006651 0.011164 26.793353 -0.006744 0.999943 0.008265 -0.362892 -0.011109 -0.008339 0.999904 -0.238671
0.999913 0.006355 0.011572 27.413270 -0.006438 0.999954 0.007153 -0.371251 -0.011526 -0.007227 0.999907 -0.244195
0.999903 0.006449 0.012361 28.042684 -0.006551 0.999945 0.008196 -0.379345 -0.012308 -0.008276 0.999890 -0.249812
0.999912 0.006985 0.011322 28.665171 -0.007085 0.999936 0.008814 -0.387880 -0.011259 -0.008894 0.999897 -0.255355
0.999902 0.007364 0.011868 29.245291 -0.007462 0.999938 0.008233 -0.396454 -0.011807 -0.008320 0.999896 -0.260504
0.999889 0.006895 0.013231 29.879643 -0.006996 0.999946 0.007619 -0.405968 -0.013178 -0.007711 0.999883 -0.266131
0.999903 0.006141 0.012513 30.462948 -0.006244 0.999947 0.008228 -0.412333 -0.012462 -0.008306 0.999888 -0.271366
0.999908 0.006678 0.011781 31.071239 -0.006781 0.999939 0.008690 -0.420828 -0.011722 -0.008769 0.999893 -0.276778
0.999904 0.007401 0.011711 31.697503 -0.007498 0.999938 0.008221 -0.429874 -0.011649 -0.008308 0.999898 -0.282343
0.999902 0.006744 0.012265 32.509313 -0.006845 0.999943 0.008162 -0.440715 -0.012210 -0.008245 0.999891 -0.289578
0.999903 0.006375 0.012399 33.130191 -0.006466 0.999952 0.007341 -0.447612 -0.012352 -0.007421 0.999896 -0.295147
0.999894 0.006263 0.013134 33.754630 -0.006364 0.999950 0.007649 -0.455405 -0.013085 -0.007731 0.999884 -0.300727
0.999862 0.006373 0.015352 34.386284 -0.006496 0.999947 0.007977 -0.463572 -0.015301 -0.008075 0.999850 -0.306363
0.999882 0.007064 0.013647 35.020028 -0.007168 0.999946 0.007584 -0.472714 -0.013593 -0.007681 0.999878 -0.311994
0.999913 0.007941 0.010557 35.659146 -0.008017 0.999942 0.007184 -0.483324 -0.010499 -0.007268 0.999918 -0.317638
0.999917 0.009158 0.009073 36.292007 -0.009228 0.999928 0.007684 -0.495128 -0.009002 -0.007767 0.999929 -0.323193
0.999917 0.009688 0.008465 36.932830 -0.009757 0.999919 0.008149 -0.506502 -0.008385 -0.008231 0.999931 -0.328833
0.999903 0.010805 0.008796 37.566263 -0.010872 0.999912 0.007652 -0.519934 -0.008712 -0.007747 0.999932 -0.334352
0.999895 0.010219 0.010242 38.202145 -0.010292 0.999922 0.007086 -0.529614 -0.010169 -0.007191 0.999922 -0.339989
0.999879 0.010491 0.011511 38.828561 -0.010576 0.999917 0.007310 -0.541332 -0.011433 -0.007430 0.999907 -0.345487
0.999877 0.011275 0.010935 39.462849 -0.011371 0.999897 0.008723 -0.553632 -0.010835 -0.008846 0.999902 -0.351042
0.999862 0.010791 0.012610 40.107347 -0.010899 0.999904 0.008561 -0.562680 -0.012516 -0.008698 0.999884 -0.356775
0.999867 0.011456 0.011648 40.761721 -0.011550 0.999901 0.008018 -0.574705 -0.011555 -0.008151 0.999900 -0.362524
0.999887 0.011485 0.009659 41.365560 -0.011562 0.999901 0.008004 -0.587857 -0.009566 -0.008114 0.999921 -0.367776
0.999881 0.011865 0.009905 42.011498 -0.011945 0.999896 0.008075 -0.601521 -0.009808 -0.008193 0.999918 -0.373405
0.999883 0.011682 0.009856 42.643014 -0.011769 0.999893 0.008739 -0.611273 -0.009752 -0.008854 0.999913 -0.379000
0.999811 0.012481 0.014890 43.299033 -0.012636 0.999867 0.010338 -0.623680 -0.014759 -0.010524 0.999836 -0.384754
0.999607 0.012699 0.024973 43.943547 -0.013064 0.999809 0.014516 -0.636986 -0.024783 -0.014836 0.999583 -0.390379
0.999228 0.012463 0.037267 44.576270 -0.013155 0.999744 0.018382 -0.650375 -0.037028 -0.018858 0.999136 -0.395893
0.998614 0.013258 0.050940 45.215669 -0.014274 0.999705 0.019648 -0.664692 -0.050665 -0.020348 0.998508 -0.401444
0.998306 0.013514 0.056591 45.852546 -0.014683 0.999686 0.020293 -0.678395 -0.056299 -0.021089 0.998191 -0.406988
0.998531 0.014523 0.052208 46.498027 -0.015695 0.999632 0.022119 -0.694086 -0.051867 -0.022906 0.998391 -0.412561
0.999010 0.015803 0.041578 47.151644 -0.016854 0.999544 0.025049 -0.709807 -0.041163 -0.025725 0.998821 -0.418209
0.999343 0.016871 0.032066 47.811658 -0.017700 0.999512 0.025756 -0.726052 -0.031616 -0.026307 0.999154 -0.423902
0.999438 0.017795 0.028392 48.428349 -0.018504 0.999519 0.024876 -0.740631 -0.027936 -0.025387 0.999287 -0.429237
0.999381 0.017254 0.030672 49.078214 -0.017974 0.999566 0.023350 -0.757206 -0.030256 -0.023887 0.999257 -0.434828
0.999291 0.017347 0.033429 49.722054 -0.018129 0.999566 0.023239 -0.775953 -0.033011 -0.023829 0.999171 -0.440308
0.999294 0.017304 0.033351 50.368090 -0.018088 0.999564 0.023352 -0.792181 -0.032932 -0.023939 0.999171 -0.445873
0.999323 0.017869 0.032150 51.014255 -0.018666 0.999522 0.024663 -0.809580 -0.031694 -0.025247 0.999179 -0.451409
0.999363 0.018001 0.030818 51.656277 -0.018768 0.999516 0.024791 -0.827347 -0.030357 -0.025354 0.999218 -0.456897
0.999387 0.017704 0.030216 52.279323 -0.018435 0.999539 0.024106 -0.843160 -0.029776 -0.024648 0.999253 -0.462259
0.999356 0.017524 0.031311 52.933617 -0.018303 0.999525 0.024780 -0.860180 -0.030862 -0.025337 0.999202 -0.467880
0.999316 0.017691 0.032476 53.593192 -0.018521 0.999505 0.025445 -0.876377 -0.032010 -0.026029 0.999149 -0.473571
0.999293 0.017638 0.033190 54.265023 -0.018467 0.999521 0.024841 -0.894039 -0.032736 -0.025436 0.999140 -0.479337
0.999265 0.017483 0.034116 54.932193 -0.018334 0.999525 0.024785 -0.910548 -0.033667 -0.025393 0.999110 -0.485090
0.999304 0.016556 0.033425 55.599447 -0.017369 0.999557 0.024181 -0.925501 -0.033010 -0.024745 0.999149 -0.490883
0.999406 0.015695 0.030665 56.650561 -0.016382 0.999617 0.022299 -0.949919 -0.030303 -0.022788 0.999281 -0.499987
0.999509 0.015068 0.027483 57.365326 -0.015658 0.999649 0.021378 -0.965595 -0.027151 -0.021798 0.999394 -0.506202
0.999548 0.014915 0.026115 58.030527 -0.015419 0.999697 0.019203 -0.978589 -0.025821 -0.019597 0.999474 -0.512026
0.999587 0.013931 0.025149 58.709130 -0.014388 0.999733 0.018063 -0.989836 -0.024891 -0.018417 0.999521 -0.518019
0.999538 0.013252 0.027360 59.385063 -0.013728 0.999757 0.017268 -1.001508 -0.027124 -0.017636 0.999476 -0.523976
0.999465 0.012645 0.030175 60.060547 -0.013112 0.999797 0.015327 -1.012314 -0.029975 -0.015714 0.999427 -0.529951
0.999487 0.012427 0.029509 60.728901 -0.012789 0.999845 0.012082 -1.024493 -0.029354 -0.012454 0.999491 -0.535825
0.999634 0.011829 0.024325 61.374916 -0.012092 0.999869 0.010723 -1.032888 -0.024195 -0.011013 0.999647 -0.541588
0.999776 0.012821 0.016859 62.732644 -0.013023 0.999844 0.011935 -1.057174 -0.016704 -0.012152 0.999787 -0.553533
0.999641 0.014079 0.022806 63.405179 -0.014362 0.999821 0.012294 -1.071303 -0.022629 -0.012618 0.999664 -0.559396
0.999362 0.014351 0.032697 64.060764 -0.014728 0.999827 0.011332 -1.083936 -0.032529 -0.011807 0.999401 -0.565140
0.999004 0.015032 0.042017 64.715061 -0.015516 0.999817 0.011232 -1.097791 -0.041841 -0.011872 0.999054 -0.570841
0.998775 0.016012 0.046810 65.364291 -0.016579 0.999794 0.011742 -1.112356 -0.046613 -0.012504 0.998835 -0.576478
0.998776 0.016270 0.046720 66.042060 -0.016886 0.999775 0.012833 -1.126100 -0.046501 -0.013606 0.998826 -0.582399
0.998872 0.017211 0.044253 66.676693 -0.017813 0.999754 0.013240 -1.139458 -0.044015 -0.014013 0.998933 -0.587931
0.998988 0.017247 0.041539 67.279126 -0.017863 0.999735 0.014492 -1.153479 -0.041278 -0.015220 0.999032 -0.593148
0.999043 0.017662 0.040021 67.914559 -0.018271 0.999722 0.014899 -1.169034 -0.039747 -0.015616 0.999088 -0.598632
0.999050 0.018523 0.039454 68.502514 -0.019126 0.999705 0.014947 -1.185776 -0.039165 -0.015687 0.999110 -0.603646
0.999061 0.019153 0.038858 69.125085 -0.019783 0.999678 0.015903 -1.202660 -0.038541 -0.016657 0.999118 -0.608977
0.999112 0.019359 0.037419 69.739113 -0.020003 0.999656 0.016935 -1.217938 -0.037079 -0.017669 0.999156 -0.614269
0.999147 0.019971 0.036153 70.319778 -0.020614 0.999634 0.017507 -1.232971 -0.035790 -0.018238 0.999193 -0.619259
0.999157 0.019733 0.036004 70.941444 -0.020372 0.999640 0.017473 -1.247987 -0.035647 -0.018192 0.999199 -0.624629
0.999147 0.018983 0.036660 71.552452 -0.019640 0.999651 0.017650 -1.262223 -0.036312 -0.018355 0.999172 -0.629920
0.999092 0.019547 0.037863 72.119413 -0.020228 0.999639 0.017698 -1.277234 -0.037504 -0.018448 0.999126 -0.634784
0.999073 0.019222 0.038522 72.739443 -0.019935 0.999635 0.018232 -1.292413 -0.038158 -0.018983 0.999091 -0.640135
0.999046 0.019483 0.039071 73.320626 -0.020204 0.999631 0.018134 -1.308965 -0.038703 -0.018907 0.999072 -0.645091
0.999037 0.020413 0.038835 73.938335 -0.021144 0.999605 0.018509 -1.325766 -0.038442 -0.019312 0.999074 -0.650379
0.999079 0.019647 0.038152 74.565611 -0.020359 0.999624 0.018372 -1.339926 -0.037776 -0.019131 0.999103 -0.655822
0.999096 0.019002 0.038031 75.433951 -0.019679 0.999653 0.017522 -1.361932 -0.037684 -0.018254 0.999123 -0.663296
0.999053 0.019862 0.038704 76.033105 -0.020566 0.999629 0.017858 -1.379036 -0.038335 -0.018637 0.999091 -0.668405
0.999022 0.019924 0.039469 76.646595 -0.020671 0.999613 0.018628 -1.394868 -0.039083 -0.019426 0.999047 -0.673678
0.999026 0.019630 0.039524 77.248655 -0.020365 0.999625 0.018281 -1.409496 -0.039150 -0.019068 0.999051 -0.678877
0.999026 0.019883 0.039389 77.847536 -0.020661 0.999598 0.019439 -1.426604 -0.038987 -0.020234 0.999035 -0.683982
0.999078 0.020046 0.037956 78.453041 -0.020832 0.999575 0.020407 -1.444942 -0.037530 -0.021178 0.999071 -0.689118
0.999123 0.020215 0.036662 79.090459 -0.020914 0.999605 0.018783 -1.464831 -0.036268 -0.019533 0.999151 -0.694510
0.999131 0.020573 0.036261 79.681373 -0.021217 0.999622 0.017477 -1.482234 -0.035888 -0.018231 0.999189 -0.699534
0.999129 0.021108 0.035983 80.268366 -0.021749 0.999610 0.017515 -1.500301 -0.035599 -0.018282 0.999199 -0.704506
0.999056 0.021718 0.037631 81.445478 -0.022412 0.999585 0.018124 -1.533847 -0.037222 -0.018951 0.999127 -0.714543
0.999092 0.021876 0.036571 82.043326 -0.022552 0.999581 0.018162 -1.551354 -0.036159 -0.018970 0.999166 -0.719629
0.999140 0.021635 0.035374 82.629278 -0.022283 0.999589 0.018017 -1.569138 -0.034969 -0.018790 0.999212 -0.724598
0.999152 0.021792 0.034929 83.199700 -0.022459 0.999571 0.018824 -1.585512 -0.034504 -0.019592 0.999213 -0.729460
0.999144 0.021992 0.035032 83.771100 -0.022701 0.999543 0.019951 -1.601514 -0.034577 -0.020729 0.999187 -0.734339
0.999116 0.022686 0.035393 84.345531 -0.023421 0.999516 0.020497 -1.619241 -0.034910 -0.021308 0.999163 -0.739203
0.999060 0.023304 0.036550 84.917380 -0.024080 0.999491 0.020926 -1.635973 -0.036044 -0.021787 0.999113 -0.744068
0.999081 0.022373 0.036572 85.490889 -0.023175 0.999497 0.021671 -1.647439 -0.036069 -0.022499 0.999096 -0.749083
0.999053 0.022279 0.037382 86.047038 -0.023097 0.999500 0.021592 -1.662436 -0.036882 -0.022435 0.999068 -0.753847
0.999034 0.022748 0.037604 86.586246 -0.023589 0.999478 0.022076 -1.679647 -0.037082 -0.022942 0.999049 -0.758398
0.999024 0.023081 0.037660 87.135825 -0.023937 0.999462 0.022435 -1.696689 -0.037122 -0.023315 0.999039 -0.763049
0.999000 0.024233 0.037566 87.681728 -0.025061 0.999450 0.021736 -1.716057 -0.037018 -0.022656 0.999058 -0.767608
0.998993 0.024976 0.037263 88.236238 -0.025772 0.999447 0.021028 -1.734110 -0.036717 -0.021967 0.999084 -0.772279
0.998999 0.026073 0.036346 88.753342 -0.026815 0.999439 0.020074 -1.751820 -0.035802 -0.021028 0.999138 -0.776613
0.999003 0.027127 0.035465 89.299513 -0.027825 0.999426 0.019344 -1.770773 -0.034920 -0.020312 0.999184 -0.781184
0.999019 0.028185 0.034159 89.827526 -0.028858 0.999396 0.019362 -1.787895 -0.033592 -0.020328 0.999229 -0.785633
0.999059 0.029045 0.032216 90.349771 -0.029694 0.999362 0.019849 -1.806094 -0.031619 -0.020787 0.999284 -0.790002
0.999081 0.029430 0.031167 90.894336 -0.030074 0.999339 0.020415 -1.823682 -0.030546 -0.021333 0.999306 -0.794593
0.999062 0.030232 0.030999 91.409166 -0.030867 0.999319 0.020201 -1.842575 -0.030368 -0.021139 0.999315 -0.798876
0.999046 0.030971 0.030802 91.896855 -0.031586 0.999307 0.019686 -1.861012 -0.030171 -0.020640 0.999332 -0.802919
0.999042 0.031448 0.030437 92.422951 -0.032052 0.999295 0.019551 -1.880922 -0.029800 -0.020508 0.999345 -0.807280
0.999001 0.031790 0.031410 92.943677 -0.032442 0.999264 0.020478 -1.899774 -0.030736 -0.021476 0.999297 -0.811619
0.998929 0.032880 0.032553 93.437420 -0.033559 0.999225 0.020548 -1.917811 -0.031852 -0.021619 0.999259 -0.815728
0.998835 0.034684 0.033544 93.988207 -0.035359 0.999179 0.019753 -1.941929 -0.032831 -0.020916 0.999242 -0.820210
0.998774 0.036247 0.033724 94.530462 -0.036923 0.999125 0.019645 -1.965122 -0.032982 -0.020866 0.999238 -0.824637
0.998764 0.037115 0.033071 95.021808 -0.037774 0.999095 0.019551 -1.986747 -0.032315 -0.020776 0.999262 -0.828633
0.998715 0.039268 0.032041 95.539012 -0.039916 0.999006 0.019838 -2.010459 -0.031230 -0.021091 0.999290 -0.832815
0.998653 0.040730 0.032149 96.020142 -0.041355 0.998964 0.019007 -2.031760 -0.031342 -0.020311 0.999302 -0.836725
0.998534 0.042389 0.033653 96.524565 -0.042965 0.998939 0.016583 -2.055108 -0.032915 -0.018004 0.999296 -0.840798
0.998382 0.044471 0.035444 97.203092 -0.045019 0.998876 0.014802 -2.088134 -0.034746 -0.016374 0.999262 -0.846236
0.998312 0.045948 0.035535 97.712549 -0.046425 0.998841 0.012708 -2.112164 -0.034910 -0.014337 0.999288 -0.850338
0.998274 0.047874 0.034005 98.205713 -0.048304 0.998761 0.011935 -2.138070 -0.033391 -0.013557 0.999350 -0.854242
0.998194 0.050508 0.032510 98.703514 -0.050905 0.998637 0.011518 -2.167067 -0.031884 -0.013152 0.999405 -0.858110
0.998067 0.052487 0.033288 99.203212 -0.052909 0.998528 0.011935 -2.195350 -0.032612 -0.013673 0.999375 -0.862013
0.997902 0.054166 0.035458 99.690971 -0.054633 0.998430 0.012350 -2.224484 -0.034734 -0.014261 0.999295 -0.865785
0.997681 0.055803 0.038977 100.166867 -0.056308 0.998342 0.011971 -2.252775 -0.038245 -0.014138 0.999168 -0.869468
0.997322 0.059365 0.042706 101.117637 -0.059917 0.998134 0.011776 -2.313603 -0.041928 -0.014303 0.999018 -0.876717
0.997244 0.060671 0.042711 101.586100 -0.061239 0.998050 0.012106 -2.344663 -0.041894 -0.014688 0.999014 -0.880261
0.997063 0.063185 0.043285 102.053067 -0.063777 0.997887 0.012447 -2.377739 -0.042407 -0.015171 0.998985 -0.883740
0.996858 0.065906 0.043941 102.522476 -0.066517 0.997706 0.012575 -2.409957 -0.043012 -0.015459 0.998955 -0.887263
0.996607 0.068967 0.044926 102.996225 -0.069640 0.997480 0.013593 -2.443768 -0.043876 -0.016675 0.998898 -0.890786
0.996304 0.072068 0.046734 103.469510 -0.072732 0.997271 0.012652 -2.479197 -0.045695 -0.016004 0.998827 -0.894264
0.996012 0.074831 0.048588 103.951781 -0.075522 0.997065 0.012547 -2.516553 -0.047506 -0.016167 0.998740 -0.897775
0.995681 0.078007 0.050349 104.422451 -0.078772 0.996803 0.013400 -2.555682 -0.049142 -0.017308 0.998642 -0.901135
0.995297 0.081048 0.053063 104.892378 -0.081812 0.996571 0.012379 -2.596024 -0.051878 -0.016662 0.998514 -0.904456
0.994918 0.084472 0.054801 105.341291 -0.085271 0.996281 0.012402 -2.636709 -0.053549 -0.017012 0.998420 -0.907574
0.994661 0.086668 0.056016 105.772225 -0.087512 0.996081 0.012796 -2.676434 -0.054688 -0.017630 0.998348 -0.910550
0.994309 0.089404 0.057935 106.227605 -0.090326 0.995821 0.013504 -2.718569 -0.056485 -0.018660 0.998229 -0.913692
0.993789 0.092480 0.061894 106.683585 -0.093602 0.995489 0.015471 -2.763970 -0.060184 -0.021169 0.997963 -0.916755
0.993212 0.095470 0.066456 107.134312 -0.096637 0.995213 0.014574 -2.808665 -0.064747 -0.020897 0.997683 -0.919788
0.992600 0.099429 0.069705 107.565898 -0.100519 0.994859 0.012293 -2.854792 -0.068125 -0.019209 0.997492 -0.922608
0.992042 0.102908 0.072545 107.999508 -0.104077 0.994491 0.012513 -2.901104 -0.070858 -0.019963 0.997287 -0.925441
0.991491 0.106915 0.074263 108.441838 -0.108215 0.994033 0.013704 -2.949757 -0.072354 -0.021624 0.997145 -0.928296
0.990801 0.111723 0.076359 108.870563 -0.113234 0.993444 0.015741 -2.997787 -0.074100 -0.024243 0.996956 -0.931040
0.990100 0.117570 0.076678 109.296689 -0.119261 0.992703 0.017842 -3.047169 -0.074021 -0.026810 0.996896 -0.933726
0.989461 0.123702 0.075259 109.719381 -0.125311 0.991972 0.017018 -3.100128 -0.072549 -0.026269 0.997019 -0.936289
0.988806 0.128362 0.076068 110.116687 -0.129983 0.991375 0.016730 -3.153093 -0.073264 -0.026430 0.996962 -0.938618
0.988235 0.132801 0.075863 110.531423 -0.134291 0.990831 0.014855 -3.210330 -0.073195 -0.024868 0.997008 -0.940998
0.987783 0.136928 0.074406 110.924807 -0.138338 0.990285 0.014103 -3.267125 -0.071752 -0.024224 0.997128 -0.943193
0.987349 0.141097 0.072339 111.335865 -0.142598 0.989651 0.016004 -3.329717 -0.069332 -0.026117 0.997252 -0.945403
0.987209 0.143674 0.069110 111.729393 -0.145177 0.989256 0.017215 -3.388638 -0.065894 -0.027028 0.997461 -0.947545
0.987120 0.146577 0.064105 112.095476 -0.148027 0.988811 0.018458 -3.445334 -0.060682 -0.027709 0.997772 -0.949489
0.986997 0.149958 0.057882 112.489321 -0.151228 0.988332 0.018192 -3.510282 -0.054479 -0.026709 0.998158 -0.951481
0.986809 0.153390 0.051759 112.886971 -0.154476 0.987839 0.017643 -3.574212 -0.048423 -0.025406 0.998504 -0.953533
0.986466 0.157424 0.045859 113.430874 -0.158212 0.987305 0.014073 -3.663695 -0.043062 -0.021138 0.998849 -0.956288
0.986181 0.160035 0.042846 113.844284 -0.160514 0.987001 0.007965 -3.733043 -0.041014 -0.014732 0.999050 -0.958349
0.985737 0.162833 0.042527 114.252429 -0.163178 0.986585 0.004742 -3.804307 -0.041185 -0.011614 0.999084 -0.960311
0.985094 0.165798 0.045831 114.652801 -0.166154 0.986092 0.004045 -3.874251 -0.044523 -0.011600 0.998941 -0.962236
0.984554 0.168411 0.047868 115.053754 -0.168724 0.985660 0.002535 -3.946369 -0.046755 -0.010572 0.998850 -0.964110
0.984231 0.169790 0.049612 115.458157 -0.170145 0.985415 0.002982 -4.019167 -0.048382 -0.011376 0.998764 -0.966000
0.983981 0.171376 0.049108 115.862112 -0.171766 0.985130 0.003808 -4.094401 -0.047725 -0.012182 0.998786 -0.967823
0.983967 0.171971 0.047274 116.285189 -0.172296 0.985041 0.002862 -4.170551 -0.046074 -0.010961 0.998878 -0.969799
0.983915 0.172990 0.044569 117.023658 -0.173189 0.984888 0.000618 -4.308456 -0.043789 -0.008327 0.999006 -0.973122
0.983839 0.173744 0.043290 117.452288 -0.173896 0.984764 -0.000274 -4.390246 -0.042678 -0.007259 0.999063 -0.975007
0.983753 0.174407 0.042568 117.892435 -0.174578 0.984643 0.000324 -4.471820 -0.041858 -0.007750 0.999094 -0.977004
0.983482 0.175910 0.042640 118.326206 -0.176194 0.984351 0.002962 -4.554099 -0.041452 -0.010426 0.999086 -0.978923
0.983260 0.177062 0.043006 118.757574 -0.177451 0.984115 0.005378 -4.636390 -0.041371 -0.012920 0.999060 -0.980820
0.983177 0.177696 0.042279 119.193747 -0.178130 0.983984 0.006708 -4.718657 -0.040409 -0.014127 0.999083 -0.982762
0.983226 0.177876 0.040329 119.635339 -0.178308 0.983947 0.007356 -4.801817 -0.038373 -0.014423 0.999159 -0.984732
0.983120 0.178903 0.038316 120.080374 -0.179310 0.983765 0.007427 -4.885112 -0.036365 -0.014172 0.999238 -0.986730
0.982930 0.180390 0.036166 120.520660 -0.180769 0.983497 0.007474 -4.968540 -0.034221 -0.013884 0.999318 -0.988681
0.982695 0.182147 0.033649 120.967872 -0.182500 0.983176 0.007683 -5.054692 -0.031684 -0.013691 0.999404 -0.990626
0.982473 0.183722 0.031503 121.418946 -0.184114 0.982854 0.009991 -5.140072 -0.029127 -0.015616 0.999454 -0.992627
0.982260 0.185701 0.026100 122.247094 -0.186102 0.982432 0.013876 -5.299543 -0.023065 -0.018487 0.999563 -0.996231
0.981940 0.187657 0.024040 122.694704 -0.188012 0.982074 0.013463 -5.390028 -0.021082 -0.017739 0.999620 -0.998070
0.981657 0.189300 0.022692 123.140814 -0.189630 0.981765 0.013379 -5.478955 -0.019745 -0.017437 0.999653 -0.999934
0.981352 0.191152 0.020236 123.598684 -0.191467 0.981386 0.014909 -5.572356 -0.017009 -0.018506 0.999684 -1.001794
0.980986 0.193214 0.018300 124.055537 -0.193540 0.980925 0.018123 -5.667111 -0.014450 -0.021320 0.999668 -1.003610
0.980537 0.195591 0.017076 124.513848 -0.195929 0.980392 0.021065 -5.760833 -0.012621 -0.024001 0.999632 -1.005465
0.980370 0.196613 0.014763 124.970855 -0.196917 0.980148 0.023096 -5.858260 -0.009929 -0.025549 0.999624 -1.007214
0.980156 0.197778 0.013363 125.432696 -0.198047 0.979917 0.023259 -5.957436 -0.008494 -0.025444 0.999640 -1.008964
0.979980 0.198636 0.013522 125.934750 -0.198914 0.979726 0.023895 -6.064987 -0.008501 -0.026106 0.999623 -1.010872
0.979652 0.200230 0.013805 126.371623 -0.200516 0.979396 0.024014 -6.159824 -0.008712 -0.026293 0.999616 -1.012501
0.979108 0.202834 0.014377 126.866985 -0.203136 0.978852 0.024170 -6.268795 -0.009170 -0.026586 0.999604 -1.014311
0.978839 0.204063 0.015224 127.331070 -0.204398 0.978562 0.025265 -6.371618 -0.009742 -0.027842 0.999565 -1.015988
0.978699 0.204755 0.014969 127.806349 -0.205098 0.978373 0.026836 -6.474532 -0.009151 -0.029335 0.999528 -1.017767
0.978431 0.206092 0.014076 128.280198 -0.206427 0.978023 0.029304 -6.580116 -0.007727 -0.031578 0.999471 -1.019464
0.978638 0.205161 0.013300 128.757958 -0.205479 0.978191 0.030356 -6.674583 -0.006782 -0.032440 0.999451 -1.021480
0.978477 0.205965 0.012672 129.230070 -0.206270 0.977990 0.031439 -6.777494 -0.005918 -0.033376 0.999425 -1.023230
0.978361 0.206507 0.012824 129.697914 -0.206815 0.977882 0.031202 -6.876436 -0.006096 -0.033179 0.999431 -1.025041
0.978137 0.207541 0.013226 130.171612 -0.207847 0.977734 0.028909 -6.979485 -0.006932 -0.031026 0.999495 -1.026801
0.977870 0.208726 0.014267 130.624369 -0.209044 0.977547 0.026502 -7.080775 -0.008415 -0.028898 0.999547 -1.028413
0.977562 0.210076 0.015515 131.093994 -0.210401 0.977330 0.023608 -7.185118 -0.010203 -0.026343 0.999601 -1.030102
0.977114 0.212072 0.016518 131.574606 -0.212418 0.976903 0.023225 -7.293512 -0.011211 -0.026202 0.999594 -1.031791
0.976752 0.213900 0.014206 132.371118 -0.214231 0.976365 0.028573 -7.474542 -0.007758 -0.030952 0.999491 -1.034554
0.976765 0.213977 0.011996 132.855274 -0.214246 0.976328 0.029715 -7.582741 -0.005354 -0.031594 0.999486 -1.036280
0.976727 0.214164 0.011756 133.839332 -0.214391 0.976461 0.023680 -7.803603 -0.006408 -0.025650 0.999650 -1.039764
0.976529 0.214999 0.012878 134.328277 -0.215229 0.976351 0.020375 -7.914125 -0.008192 -0.022669 0.999709 -1.041476
0.976166 0.216443 0.015871 134.829245 -0.216735 0.976030 0.019783 -8.028572 -0.011209 -0.022751 0.999678 -1.043198
0.975795 0.217911 0.018432 135.328232 -0.218292 0.975632 0.022140 -8.142123 -0.013159 -0.025628 0.999585 -1.044926
0.975632 0.218566 0.019287 135.824194 -0.218993 0.975437 0.023777 -8.254359 -0.013616 -0.027421 0.999531 -1.046658
0.975601 0.218727 0.019018 136.316646 -0.219120 0.975453 0.021856 -8.365669 -0.013771 -0.025490 0.999580 -1.048382
0.975470 0.219223 0.019977 136.857754 -0.219605 0.975394 0.019474 -8.490730 -0.015216 -0.023383 0.999611 -1.050206
0.975317 0.219845 0.020596 137.342550 -0.220203 0.975304 0.017088 -8.604514 -0.016331 -0.021202 0.999642 -1.051796
0.974733 0.222411 0.020689 137.856915 -0.222761 0.974733 0.016498 -8.726846 -0.016497 -0.020690 0.999650 -1.053442
0.974433 0.223871 0.019006 138.378498 -0.224199 0.974389 0.017347 -8.853127 -0.014636 -0.021165 0.999669 -1.055054
0.974101 0.225467 0.017086 138.852578 -0.225769 0.974007 0.018412 -8.972625 -0.012491 -0.021792 0.999684 -1.056400
0.974034 0.225850 0.015781 139.364361 -0.226135 0.973901 0.019469 -9.097265 -0.010972 -0.022533 0.999686 -1.057963
0.973859 0.226634 0.015336 139.885174 -0.226916 0.973705 0.020170 -9.223259 -0.010362 -0.023123 0.999679 -1.059576
0.973942 0.226328 0.014557 140.367394 -0.226592 0.973782 0.020138 -9.336456 -0.009617 -0.022912 0.999691 -1.061157
0.973803 0.226966 0.013951 140.893004 -0.227218 0.973630 0.020421 -9.461880 -0.008949 -0.023056 0.999694 -1.062828
0.973650 0.227608 0.014136 141.425226 -0.227869 0.973467 0.020922 -9.591016 -0.008998 -0.023592 0.999681 -1.064466
0.973302 0.229091 0.014152 142.042706 -0.229357 0.973105 0.021498 -9.741954 -0.008847 -0.024170 0.999669 -1.066339
0.973149 0.229723 0.014434 142.604405 -0.229998 0.972951 0.021642 -9.877348 -0.009072 -0.024381 0.999662 -1.068090
0.972916 0.230703 0.014523 143.102922 -0.230974 0.972731 0.021088 -9.998712 -0.009262 -0.023871 0.999672 -1.069614
0.972356 0.233040 0.014689 143.633136 -0.233307 0.972190 0.020352 -10.131920 -0.009537 -0.023217 0.999685 -1.071130
0.971542 0.236421 0.014557 144.162391 -0.236682 0.971381 0.020007 -10.266453 -0.009411 -0.022883 0.999694 -1.072603
0.970713 0.239829 0.014093 144.697313 -0.240067 0.970576 0.018711 -10.403678 -0.009191 -0.021546 0.999726 -1.074061
0.967507 0.252702 0.008535 148.557487 -0.252814 0.967367 0.016884 -11.434867 -0.003990 -0.018493 0.999821 -1.083535
0.967394 0.253161 0.007695 149.079149 -0.253259 0.967247 0.017150 -11.575829 -0.003101 -0.018540 0.999823 -1.084774
0.967139 0.254142 0.007320 150.240723 -0.254224 0.967040 0.014276 -11.893478 -0.003450 -0.015668 0.999871 -1.087438
0.967275 0.253638 0.006850 151.360722 -0.253701 0.967223 0.010775 -12.196308 -0.003893 -0.012160 0.999918 -1.090094
0.967259 0.253708 0.006515 151.926551 -0.253763 0.967217 0.009802 -12.350328 -0.003815 -0.011135 0.999931 -1.091410
0.967431 0.253072 0.005639 152.488072 -0.253115 0.967395 0.008915 -12.501227 -0.003199 -0.010052 0.999944 -1.092766
0.967550 0.252639 0.004457 153.053329 -0.252665 0.967529 0.006911 -12.653620 -0.002566 -0.007813 0.999966 -1.094118
0.967749 0.251869 0.004826 153.610996 -0.251890 0.967745 0.004574 -12.805973 -0.003518 -0.005642 0.999978 -1.095400
0.967876 0.251373 0.005183 154.171299 -0.251388 0.967883 0.002417 -12.959293 -0.004409 -0.003642 0.999984 -1.096683
0.967913 0.251228 0.005346 154.743220 -0.251235 0.967926 0.000712 -13.115098 -0.004996 -0.002033 0.999985 -1.098009
0.967990 0.250926 0.005600 155.309913 -0.250925 0.968006 -0.000756 -13.268531 -0.005611 -0.000673 0.999984 -1.099348
0.968250 0.249918 0.005792 155.877755 -0.249916 0.968267 -0.001086 -13.422055 -0.005880 -0.000396 0.999983 -1.100695
0.968704 0.248169 0.004891 156.787532 -0.248159 0.968716 -0.002551 -13.670714 -0.005371 0.001257 0.999985 -1.102785
0.968938 0.247238 0.005785 157.374703 -0.247215 0.968951 -0.004403 -13.830963 -0.006694 0.002836 0.999974 -1.104140
0.969279 0.245896 0.005735 157.945168 -0.245869 0.969290 -0.004925 -13.984635 -0.006770 0.003363 0.999971 -1.105507
0.969680 0.244315 0.005581 158.531377 -0.244295 0.969693 -0.004033 -14.136303 -0.006397 0.002548 0.999976 -1.107072
0.969893 0.243497 0.004072 159.157081 -0.243487 0.969900 -0.002842 -14.302361 -0.004642 0.001765 0.999988 -1.108635
0.970287 0.241947 0.002026 159.683662 -0.241944 0.970289 -0.001671 -14.440214 -0.002370 0.001131 0.999997 -1.109999
0.970541 0.240928 0.001931 160.293604 -0.240926 0.970543 -0.001291 -14.600718 -0.002185 0.000788 0.999997 -1.111558
0.970768 0.240000 0.003054 160.864666 -0.239998 0.970773 -0.000908 -14.750914 -0.003182 0.000148 0.999995 -1.113020
0.970979 0.239122 0.004538 161.433175 -0.239119 0.970990 -0.001080 -14.901889 -0.004665 -0.000036 0.999989 -1.114438
0.971205 0.238199 0.004815 161.999850 -0.238195 0.971216 -0.001269 -15.047627 -0.004979 0.000085 0.999988 -1.115972
0.971285 0.237892 0.003462 162.566936 -0.237888 0.971291 -0.001395 -15.195078 -0.003694 0.000531 0.999993 -1.117467
0.971465 0.237179 0.001524 163.131642 -0.237176 0.971465 -0.001585 -15.340603 -0.001856 0.001179 0.999998 -1.118988
0.971517 0.236970 -0.000813 163.703989 -0.236971 0.971515 -0.001794 -15.489304 0.000365 0.001935 0.999998 -1.120500
0.971439 0.237270 -0.003072 164.271017 -0.237279 0.971437 -0.002853 -15.639812 0.002308 0.003500 0.999991 -1.121916
0.971636 0.236438 -0.004557 164.836944 -0.236451 0.971640 -0.002589 -15.786491 0.003816 0.003593 0.999986 -1.123419
0.971823 0.235664 -0.004653 165.388452 -0.235676 0.971830 -0.002014 -15.929666 0.004048 0.003054 0.999987 -1.124879
0.972177 0.234191 -0.005218 166.480301 -0.234186 0.972191 0.001427 -16.207521 0.005407 -0.000166 0.999985 -1.127910
0.972414 0.233205 -0.005138 167.048270 -0.233192 0.972426 0.003072 -16.349007 0.005713 -0.001789 0.999982 -1.129565
0.972482 0.232924 -0.005062 167.580248 -0.232904 0.972490 0.004308 -16.483087 0.005926 -0.003011 0.999978 -1.131075
0.972555 0.232633 -0.004183 168.164312 -0.232616 0.972559 0.004270 -16.630505 0.005062 -0.003180 0.999982 -1.132727
0.972533 0.232751 -0.002545 168.719235 -0.232739 0.972530 0.004281 -16.768876 0.003472 -0.003571 0.999988 -1.134340
0.972514 0.232835 0.002140 169.815895 -0.232844 0.972497 0.005743 -17.037210 -0.000744 -0.006083 0.999981 -1.137659
0.972512 0.232846 0.001789 170.374006 -0.232851 0.972502 0.004573 -17.173509 -0.000675 -0.004864 0.999988 -1.139354
0.972657 0.232240 0.001625 170.914027 -0.232245 0.972645 0.004890 -17.308767 -0.000445 -0.005134 0.999987 -1.140908
0.972777 0.231731 0.002221 171.480715 -0.231741 0.972756 0.006531 -17.448719 -0.000648 -0.006868 0.999976 -1.142590
0.972908 0.231189 0.001589 172.048168 -0.231194 0.972878 0.007531 -17.588686 0.000196 -0.007694 0.999970 -1.144279
0.972917 0.231148 0.001580 172.578109 -0.231154 0.972898 0.006125 -17.715294 -0.000121 -0.006324 0.999980 -1.145960
0.973089 0.230419 0.002135 173.344152 -0.230428 0.973064 0.006971 -17.899388 -0.000471 -0.007276 0.999973 -1.148363
0.973207 0.229920 0.002300 173.913040 -0.229930 0.973187 0.006263 -18.036957 -0.000798 -0.006624 0.999978 -1.150126
0.973058 0.230549 0.002402 174.486095 -0.230559 0.973041 0.005847 -18.178961 -0.000989 -0.006243 0.999980 -1.151814
0.973030 0.230665 0.002443 175.097889 -0.230676 0.973010 0.006318 -18.332585 -0.000920 -0.006711 0.999977 -1.153565
0.972937 0.231058 0.002602 175.633207 -0.231069 0.972922 0.005397 -18.467265 -0.001285 -0.005852 0.999982 -1.155091
0.973028 0.230679 0.001639 176.246263 -0.230683 0.973024 0.003172 -18.621332 -0.000863 -0.003465 0.999994 -1.156843
0.973123 0.230280 0.001287 176.817946 -0.230283 0.973121 0.002418 -18.762948 -0.000696 -0.002649 0.999996 -1.158528
0.973232 0.229820 0.001657 177.384654 -0.229823 0.973230 0.002265 -18.904128 -0.001092 -0.002585 0.999996 -1.160179
0.973179 0.230038 0.002096 177.959326 -0.230042 0.973178 0.002144 -19.048044 -0.001546 -0.002569 0.999996 -1.161834
0.973212 0.229898 0.002160 178.517569 -0.229903 0.973210 0.002654 -19.189089 -0.001492 -0.003080 0.999994 -1.163409
0.973263 0.229681 0.002381 179.087752 -0.229688 0.973257 0.003741 -19.332314 -0.001458 -0.004188 0.999990 -1.165040
0.973388 0.229137 0.003524 179.656880 -0.229151 0.973382 0.004074 -19.471271 -0.002497 -0.004773 0.999985 -1.166770
0.973439 0.228901 0.004479 180.236657 -0.228919 0.973438 0.003855 -19.613629 -0.003478 -0.004778 0.999983 -1.168511
0.973559 0.228369 0.005507 180.812998 -0.228394 0.973559 0.004446 -19.752959 -0.004346 -0.005586 0.999975 -1.170298
0.973620 0.228088 0.006301 181.389398 -0.228123 0.973616 0.005595 -19.895836 -0.004859 -0.006885 0.999964 -1.171996
0.973704 0.227735 0.006132 181.966934 -0.227774 0.973691 0.006702 -20.037985 -0.004444 -0.007922 0.999959 -1.173722
0.973766 0.227488 0.005442 182.542334 -0.227527 0.973736 0.008298 -20.179869 -0.003412 -0.009319 0.999951 -1.175435
0.973792 0.227386 0.004956 183.091415 -0.227424 0.973751 0.009372 -20.314815 -0.002695 -0.010254 0.999944 -1.177081
0.973868 0.227056 0.005055 183.717417 -0.227097 0.973821 0.009972 -20.465995 -0.002659 -0.010859 0.999938 -1.179026
0.973922 0.226813 0.005605 184.250182 -0.226857 0.973884 0.009218 -20.594986 -0.003368 -0.010249 0.999942 -1.180673
0.974007 0.226439 0.005974 184.820781 -0.226485 0.973977 0.008578 -20.737030 -0.003876 -0.009708 0.999945 -1.182337
0.973782 0.227388 0.006515 185.413167 -0.227436 0.973761 0.007960 -20.885759 -0.004534 -0.009233 0.999947 -1.184034
0.973738 0.227575 0.006697 185.992506 -0.227622 0.973722 0.007367 -21.031371 -0.004845 -0.008698 0.999950 -1.185688
0.973783 0.227395 0.006242 186.576992 -0.227433 0.973774 0.006223 -21.174580 -0.004663 -0.007480 0.999961 -1.187452
0.973841 0.227152 0.006036 187.159380 -0.227184 0.973837 0.005330 -21.319570 -0.004668 -0.006562 0.999968 -1.189151
0.974049 0.226259 0.005908 187.739506 -0.226285 0.974052 0.004305 -21.460093 -0.004780 -0.005530 0.999973 -1.190942
0.974071 0.226164 0.005869 188.313120 -0.226191 0.974073 0.004325 -21.599469 -0.004739 -0.005540 0.999973 -1.192703
0.974260 0.225348 0.005951 188.899058 -0.225378 0.974259 0.004948 -21.738069 -0.004683 -0.006162 0.999970 -1.194597
0.974345 0.224972 0.006279 189.478254 -0.225002 0.974347 0.004626 -21.875087 -0.005077 -0.005921 0.999970 -1.196469
0.974385 0.224786 0.006726 190.046170 -0.224817 0.974391 0.004310 -22.013300 -0.005585 -0.005712 0.999968 -1.198207
0.974387 0.224731 0.008099 190.617781 -0.224777 0.974396 0.005343 -22.153854 -0.006691 -0.007026 0.999953 -1.199919
0.974378 0.224708 0.009731 191.191459 -0.224777 0.974387 0.006706 -22.293883 -0.007974 -0.008721 0.999930 -1.201663
0.974304 0.224978 0.010835 191.735757 -0.225060 0.974320 0.007004 -22.426915 -0.008981 -0.009262 0.999917 -1.203314
0.974502 0.224114 0.010895 192.299683 -0.224196 0.974519 0.006931 -22.561563 -0.009064 -0.009196 0.999917 -1.205105
0.974599 0.223724 0.010190 192.872449 -0.223802 0.974607 0.007342 -22.699314 -0.008289 -0.009436 0.999921 -1.206899
0.974526 0.224104 0.008693 193.428301 -0.224176 0.974512 0.008445 -22.834450 -0.006579 -0.010179 0.999927 -1.208603
0.974443 0.224520 0.007220 193.992271 -0.224582 0.974408 0.009542 -22.975128 -0.004893 -0.010919 0.999928 -1.210241
0.974506 0.224276 0.006161 194.568007 -0.224335 0.974443 0.011576 -23.114087 -0.003407 -0.012663 0.999914 -1.212032
0.974723 0.223348 0.005600 195.113594 -0.223402 0.974644 0.012632 -23.242595 -0.002637 -0.013564 0.999905 -1.213810
0.974698 0.223445 0.005923 195.681929 -0.223507 0.974607 0.013607 -23.379764 -0.002732 -0.014587 0.999890 -1.215577
0.974745 0.223215 0.006816 196.262181 -0.223291 0.974653 0.013874 -23.517884 -0.003546 -0.015045 0.999881 -1.217431
0.974845 0.222755 0.007578 196.803265 -0.222846 0.974743 0.014709 -23.648048 -0.004110 -0.016027 0.999863 -1.219125
0.974812 0.222926 0.006689 197.366057 -0.223009 0.974676 0.016525 -23.783561 -0.002835 -0.017601 0.999841 -1.220884
0.974794 0.223080 0.003443 197.936638 -0.223106 0.974632 0.017770 -23.921212 0.000608 -0.018090 0.999836 -1.222660
0.975037 0.222042 0.000671 198.767784 -0.222023 0.974903 0.016412 -24.116549 0.002991 -0.016151 0.999865 -1.225379
0.975219 0.221237 0.001130 199.326020 -0.221231 0.975125 0.013721 -24.247278 0.001934 -0.013631 0.999905 -1.227218
0.975001 0.222141 0.005190 199.895124 -0.222184 0.974951 0.010211 -24.384735 -0.002792 -0.011109 0.999934 -1.228985
0.974706 0.223269 0.009941 200.459452 -0.223341 0.974716 0.006862 -24.520686 -0.008158 -0.008908 0.999927 -1.230747
0.974705 0.223172 0.012030 201.030387 -0.223243 0.974750 0.004933 -24.656639 -0.010625 -0.007494 0.999915 -1.232570
0.974893 0.222456 0.009866 201.611795 -0.222503 0.974924 0.003937 -24.795259 -0.008743 -0.006033 0.999944 -1.234422
0.975046 0.221932 0.005694 202.181583 -0.221954 0.975051 0.003607 -24.931258 -0.004752 -0.004780 0.999977 -1.236233
0.975205 0.221298 0.001711 202.769116 -0.221303 0.975197 0.003890 -25.073844 -0.000808 -0.004172 0.999991 -1.238040
0.975247 0.221118 0.000616 203.268724 -0.221118 0.975227 0.006197 -25.191888 0.000769 -0.006179 0.999981 -1.239659
0.975428 0.220313 0.001594 204.249780 -0.220317 0.975373 0.010417 -25.422705 0.000740 -0.010512 0.999944 -1.242862
0.975551 0.219767 0.001838 204.807209 -0.219773 0.975472 0.012450 -25.554130 0.000943 -0.012550 0.999921 -1.244675
0.975629 0.219423 0.001413 205.535077 -0.219417 0.975506 0.015638 -25.724385 0.002052 -0.015567 0.999877 -1.247077
0.975718 0.219030 -0.000397 206.275349 -0.218984 0.975547 0.018792 -25.898503 0.004504 -0.018249 0.999823 -1.249496
0.975512 0.219944 -0.001130 207.270054 -0.219875 0.975312 0.020514 -26.132536 0.005614 -0.019763 0.999789 -1.252743
0.975516 0.219930 -0.000477 207.836926 -0.219867 0.975282 0.022009 -26.263861 0.005306 -0.021365 0.999758 -1.254646
0.975445 0.220239 0.001515 208.416237 -0.220213 0.975171 0.023384 -26.401232 0.003673 -0.023143 0.999725 -1.256511
0.975453 0.220193 0.002752 208.966593 -0.220194 0.975154 0.024283 -26.530836 0.002663 -0.024293 0.999701 -1.258305
0.975449 0.220188 0.003971 209.491111 -0.220219 0.975156 0.023956 -26.652975 0.001402 -0.024242 0.999705 -1.260049
0.975512 0.219899 0.004583 210.063633 -0.219945 0.975207 0.024417 -26.785900 0.000900 -0.024827 0.999691 -1.261964
0.975539 0.219757 0.005618 210.621852 -0.219828 0.975222 0.024842 -26.915674 -0.000020 -0.025469 0.999676 -1.263826
0.975239 0.221024 0.007534 211.414548 -0.221144 0.974926 0.024797 -27.103508 -0.001864 -0.025849 0.999664 -1.266381
0.975123 0.221471 0.009286 211.972800 -0.221639 0.974802 0.025258 -27.238495 -0.003458 -0.026687 0.999638 -1.268111
0.975194 0.221122 0.010071 212.534414 -0.221310 0.974875 0.025297 -27.368842 -0.004224 -0.026898 0.999629 -1.269990
0.975226 0.220993 0.009788 213.102187 -0.221174 0.974906 0.025319 -27.501762 -0.003947 -0.026856 0.999632 -1.271861
0.975311 0.220631 0.009547 213.707893 -0.220806 0.974992 0.025187 -27.643833 -0.003751 -0.026673 0.999637 -1.273850
0.975322 0.220597 0.009190 214.233562 -0.220764 0.974985 0.025850 -27.766335 -0.003258 -0.027241 0.999624 -1.275596
0.975216 0.221089 0.008581 214.825702 -0.221240 0.974867 0.026218 -27.903633 -0.002568 -0.027467 0.999619 -1.277581
0.975238 0.221016 0.007982 215.361675 -0.221150 0.974901 0.025704 -28.028477 -0.002100 -0.026833 0.999638 -1.279363
0.975190 0.221248 0.007411 215.975299 -0.221366 0.974853 0.025647 -28.170691 -0.001551 -0.026651 0.999644 -1.281421
0.975302 0.220759 0.007224 216.553483 -0.220874 0.974956 0.025992 -28.302595 -0.001305 -0.026946 0.999636 -1.283414
0.975288 0.220820 0.007129 217.130617 -0.220932 0.974941 0.026077 -28.437109 -0.001191 -0.027008 0.999635 -1.285331
0.975150 0.221453 0.006474 217.700506 -0.221547 0.974811 0.025692 -28.572506 -0.000622 -0.026488 0.999649 -1.287158
0.975221 0.221175 0.004991 218.250620 -0.221230 0.974890 0.025454 -28.704024 0.000764 -0.025928 0.999664 -1.288901
0.975113 0.221670 0.004088 218.810232 -0.221702 0.974794 0.025009 -28.835413 0.001558 -0.025293 0.999679 -1.290736
0.974903 0.222598 0.003694 219.359761 -0.222620 0.974585 0.024977 -28.967787 0.001960 -0.025173 0.999681 -1.292451
0.974818 0.222962 0.004166 219.910832 -0.222996 0.974504 0.024807 -29.101008 0.001471 -0.025111 0.999684 -1.294160
0.974928 0.222466 0.005000 220.458653 -0.222522 0.974640 0.023674 -29.232482 0.000394 -0.024193 0.999707 -1.295883
0.974973 0.222256 0.005564 221.008395 -0.222325 0.974687 0.023580 -29.364605 -0.000182 -0.024227 0.999706 -1.297607
0.975217 0.221186 0.005384 221.604754 -0.221251 0.974933 0.023514 -29.506037 -0.000048 -0.024122 0.999709 -1.299526
0.975467 0.220084 0.005201 222.162577 -0.220146 0.975181 0.023610 -29.638220 0.000125 -0.024176 0.999708 -1.301323
0.975752 0.218804 0.005675 222.724518 -0.218878 0.975461 0.023845 -29.768398 -0.000319 -0.024509 0.999700 -1.303210
0.975931 0.217977 0.006621 223.251533 -0.218074 0.975635 0.024093 -29.889787 -0.001208 -0.024957 0.999688 -1.304997
0.976122 0.217094 0.007516 223.814068 -0.217213 0.975835 0.023765 -30.019655 -0.002175 -0.024830 0.999689 -1.306897
0.976343 0.216052 0.008654 224.405904 -0.216199 0.976068 0.023441 -30.155047 -0.003383 -0.024758 0.999688 -1.308927
0.976600 0.214844 0.009750 224.956136 -0.215019 0.976322 0.023707 -30.280450 -0.004425 -0.025248 0.999671 -1.310827
0.976784 0.213973 0.010416 225.511450 -0.214162 0.976529 0.022940 -30.406233 -0.005263 -0.024638 0.999683 -1.312764
0.976851 0.213663 0.010451 226.035904 -0.213849 0.976615 0.022178 -30.524553 -0.005468 -0.023900 0.999699 -1.314605
0.977364 0.211289 0.010766 227.131239 -0.211477 0.977152 0.021234 -30.769083 -0.006034 -0.023030 0.999717 -1.318517
0.977421 0.211061 0.010093 227.671296 -0.211232 0.977212 0.020927 -30.890013 -0.005447 -0.022586 0.999730 -1.320437
0.977465 0.210900 0.009159 228.210070 -0.211048 0.977263 0.020399 -31.012574 -0.004648 -0.021873 0.999750 -1.322303
0.977722 0.209741 0.008222 228.736038 -0.209867 0.977522 0.020176 -31.129968 -0.003805 -0.021452 0.999763 -1.324182
0.977904 0.208909 0.007839 229.286699 -0.209025 0.977720 0.019286 -31.251707 -0.003635 -0.020499 0.999783 -1.326179
0.978011 0.208403 0.007885 229.812717 -0.208515 0.977850 0.018199 -31.368936 -0.003917 -0.019443 0.999803 -1.328062
0.978072 0.208111 0.008104 230.338100 -0.208225 0.977921 0.017669 -31.487323 -0.004248 -0.018969 0.999811 -1.329911
0.978158 0.207701 0.008246 230.847792 -0.207812 0.978030 0.016462 -31.601081 -0.004645 -0.017816 0.999830 -1.331732
0.978438 0.206375 0.008258 231.395729 -0.206485 0.978319 0.015969 -31.723137 -0.004783 -0.017330 0.999838 -1.333695
0.978708 0.205072 0.008724 231.890278 -0.205186 0.978604 0.015264 -31.832530 -0.005407 -0.016729 0.999845 -1.335487
0.978874 0.204234 0.009671 232.427616 -0.204361 0.978785 0.014728 -31.950748 -0.006458 -0.016393 0.999845 -1.337451
0.979206 0.202605 0.010295 232.973911 -0.202740 0.979125 0.014493 -32.069256 -0.007143 -0.016278 0.999842 -1.339489
0.979444 0.201441 0.010567 233.499076 -0.201580 0.979368 0.014276 -32.184453 -0.007473 -0.016112 0.999842 -1.341417
0.979621 0.200561 0.010829 233.993388 -0.200707 0.979539 0.014807 -32.292595 -0.007638 -0.016679 0.999832 -1.343239
0.979879 0.199281 0.011184 234.518955 -0.199442 0.979781 0.015848 -32.405657 -0.007799 -0.017760 0.999812 -1.345224
0.980019 0.198555 0.011765 235.172521 -0.198740 0.979897 0.017451 -32.546480 -0.008063 -0.019441 0.999778 -1.347688
0.980332 0.196966 0.012391 235.794956 -0.197171 0.980196 0.018398 -32.676814 -0.008522 -0.020479 0.999754 -1.350130
0.980549 0.195922 0.011791 236.318188 -0.196115 0.980407 0.018459 -32.787376 -0.007944 -0.020412 0.999760 -1.352158
0.980700 0.195243 0.010374 236.843204 -0.195407 0.980550 0.018356 -32.896871 -0.006589 -0.020029 0.999778 -1.354229
0.980709 0.195278 0.008699 237.369184 -0.195408 0.980555 0.018102 -33.008479 -0.004995 -0.019453 0.999798 -1.356255
0.980617 0.195799 0.007235 237.884452 -0.195901 0.980455 0.018201 -33.119335 -0.003530 -0.019265 0.999808 -1.358202
0.980882 0.194505 0.006220 238.414815 -0.194588 0.980717 0.018176 -33.228661 -0.002565 -0.019039 0.999815 -1.360327
0.981173 0.193050 0.005581 239.332191 -0.193119 0.981019 0.017513 -33.418739 -0.002094 -0.018261 0.999831 -1.363978
0.981345 0.192190 0.004902 239.853392 -0.192244 0.981223 0.015586 -33.525404 -0.001815 -0.016238 0.999867 -1.366086
0.981409 0.191858 0.005194 240.350644 -0.191912 0.981322 0.013277 -33.626511 -0.002550 -0.014026 0.999898 -1.368113
0.981484 0.191458 0.005687 240.889252 -0.191519 0.981398 0.013363 -33.735812 -0.003023 -0.014205 0.999895 -1.370315
0.981669 0.190501 0.005964 241.416683 -0.190573 0.981548 0.015643 -33.842811 -0.002874 -0.016493 0.999860 -1.372472
0.981734 0.190124 0.007195 241.940216 -0.190219 0.981606 0.016308 -33.948401 -0.003962 -0.017378 0.999841 -1.374629
0.981827 0.189610 0.007950 242.453974 -0.189722 0.981689 0.017095 -34.050549 -0.004564 -0.018292 0.999822 -1.376783
0.981863 0.189409 0.008339 242.966360 -0.189523 0.981743 0.016164 -34.155612 -0.005125 -0.017452 0.999835 -1.378851
0.982021 0.188504 0.010082 243.482920 -0.188657 0.981889 0.017415 -34.258914 -0.006616 -0.019004 0.999798 -1.381001
0.982149 0.187762 0.011342 244.025316 -0.187939 0.982028 0.017298 -34.366242 -0.007891 -0.019121 0.999786 -1.383288
0.982125 0.187796 0.012757 244.545660 -0.187999 0.982020 0.017138 -34.470465 -0.009309 -0.019230 0.999772 -1.385451
0.982192 0.187391 0.013575 245.068837 -0.187598 0.982115 0.016036 -34.574450 -0.010327 -0.018297 0.999779 -1.387645
0.982203 0.187402 0.012592 245.596338 -0.187567 0.982159 0.013489 -34.682241 -0.009839 -0.015610 0.999830 -1.389783
0.982331 0.186797 0.011490 246.122915 -0.186933 0.982297 0.012182 -34.787071 -0.009011 -0.014114 0.999860 -1.391987
0.982300 0.187012 0.010606 246.654008 -0.187152 0.982228 0.014201 -34.894365 -0.007761 -0.015934 0.999843 -1.394171
0.982418 0.186450 0.009546 247.181561 -0.186594 0.982284 0.017341 -34.998689 -0.006143 -0.018817 0.999804 -1.396397
0.982440 0.186370 0.008803 247.739071 -0.186505 0.982280 0.018476 -35.112046 -0.005204 -0.019793 0.999791 -1.398671
0.982588 0.185495 0.010583 248.220075 -0.185685 0.982380 0.021213 -35.207853 -0.006462 -0.022808 0.999719 -1.400683
0.982769 0.184445 0.012086 248.747683 -0.184665 0.982583 0.020732 -35.312284 -0.008052 -0.022607 0.999712 -1.402907
0.982769 0.184433 0.012260 249.270164 -0.184655 0.982590 0.020493 -35.417045 -0.008267 -0.022404 0.999715 -1.405075
0.982719 0.184699 0.012266 249.798015 -0.184933 0.982505 0.021975 -35.519699 -0.007992 -0.023863 0.999683 -1.407347
0.982574 0.185422 0.012910 250.311961 -0.185694 0.982301 0.024554 -35.623399 -0.008129 -0.026523 0.999615 -1.409463
0.982559 0.185536 0.012448 250.835131 -0.185814 0.982211 0.027117 -35.726975 -0.007195 -0.028957 0.999555 -1.411668
0.982501 0.185849 0.012310 251.359120 -0.186118 0.982169 0.026529 -35.830402 -0.007160 -0.028356 0.999572 -1.413884
0.982559 0.185552 0.012193 251.893308 -0.185806 0.982274 0.024793 -35.936636 -0.007376 -0.026626 0.999618 -1.416123
0.982656 0.185079 0.011524 252.419194 -0.185301 0.982419 0.022734 -36.039212 -0.007114 -0.024475 0.999675 -1.418379
0.982605 0.185447 0.009824 252.974796 -0.185620 0.982387 0.021481 -36.146133 -0.005667 -0.022930 0.999721 -1.420799
0.982416 0.186506 0.008637 253.486874 -0.186646 0.982219 0.020233 -36.245852 -0.004710 -0.021490 0.999758 -1.422999
0.982246 0.187411 0.008420 253.965497 -0.187541 0.982073 0.018989 -36.339732 -0.004711 -0.020231 0.999784 -1.425038
0.981942 0.189001 0.008312 254.483850 -0.189123 0.981789 0.017970 -36.445680 -0.004764 -0.019218 0.999804 -1.427138
0.981816 0.189686 0.007498 255.513432 -0.189791 0.981668 0.017516 -36.656191 -0.004038 -0.018621 0.999818 -1.431307
0.981763 0.189962 0.007517 256.028589 -0.190068 0.981613 0.017628 -36.760498 -0.004030 -0.018735 0.999816 -1.433419
0.981648 0.190543 0.007745 256.753608 -0.190657 0.981482 0.018525 -36.907057 -0.004072 -0.019661 0.999798 -1.436398
0.981681 0.190352 0.008238 257.761442 -0.190481 0.981495 0.019615 -37.106597 -0.004352 -0.020825 0.999774 -1.440645
0.981687 0.190305 0.008682 258.286135 -0.190450 0.981468 0.021210 -37.209658 -0.004485 -0.022475 0.999737 -1.442877
0.981455 0.191493 0.008713 258.791284 -0.191642 0.981214 0.022176 -37.312983 -0.004303 -0.023435 0.999716 -1.444921
0.981209 0.192756 0.008537 259.296378 -0.192907 0.980938 0.023386 -37.416200 -0.003866 -0.024593 0.999690 -1.446968
0.980923 0.194222 0.008219 259.815946 -0.194364 0.980646 0.023594 -37.523028 -0.003478 -0.024741 0.999688 -1.449057
0.980508 0.196290 0.008590 260.321719 -0.196445 0.980206 0.024615 -37.630983 -0.003588 -0.025823 0.999660 -1.450989
0.980260 0.197525 0.008574 260.824525 -0.197680 0.979953 0.024808 -37.737867 -0.003502 -0.026013 0.999655 -1.452921
0.980018 0.198754 0.007904 261.339262 -0.198889 0.979722 0.024251 -37.846385 -0.002924 -0.025339 0.999675 -1.454922
0.979809 0.199776 0.007955 261.853000 -0.199913 0.979509 0.024428 -37.954045 -0.002911 -0.025525 0.999670 -1.456936
0.979677 0.200414 0.008151 262.355177 -0.200554 0.979391 0.023886 -38.059057 -0.003196 -0.025035 0.999681 -1.458910
0.979479 0.201345 0.008977 262.823551 -0.201508 0.979184 0.024349 -38.157171 -0.003888 -0.025658 0.999663 -1.460747
0.979193 0.202681 0.010051 263.329584 -0.202876 0.978875 0.025413 -38.264302 -0.004688 -0.026923 0.999627 -1.462703
0.978764 0.204715 0.010625 263.826715 -0.204922 0.978459 0.025015 -38.374554 -0.005275 -0.026661 0.999631 -1.464497
0.978596 0.205396 0.012746 264.318483 -0.205679 0.978229 0.027652 -38.480855 -0.006789 -0.029682 0.999536 -1.466342
0.978482 0.205942 0.012695 264.819063 -0.206220 0.978130 0.027105 -38.588485 -0.006836 -0.029139 0.999552 -1.468234
0.978204 0.207315 0.011735 265.309303 -0.207560 0.977866 0.026395 -38.694756 -0.006003 -0.028255 0.999583 -1.470066
0.977933 0.208589 0.011709 265.801625 -0.208836 0.977579 0.026946 -38.804759 -0.005826 -0.028796 0.999568 -1.471822
0.977711 0.209574 0.012682 266.285224 -0.209837 0.977407 0.025358 -38.912285 -0.007082 -0.027454 0.999598 -1.473560
0.977550 0.210241 0.013973 266.788143 -0.210560 0.977184 0.027840 -39.022552 -0.007802 -0.030157 0.999515 -1.475407
0.977221 0.211647 0.015659 267.275805 -0.212012 0.976884 0.027339 -39.131403 -0.009511 -0.030036 0.999504 -1.477149
0.976933 0.212786 0.017988 267.762052 -0.213218 0.976629 0.027094 -39.240578 -0.011802 -0.030305 0.999471 -1.478870
0.976801 0.213343 0.018579 268.233193 -0.213802 0.976481 0.027807 -39.347434 -0.012210 -0.031135 0.999441 -1.480510
0.976699 0.213883 0.017671 268.663571 -0.214296 0.976416 0.026262 -39.445652 -0.011637 -0.029436 0.999499 -1.481992
0.976348 0.215580 0.016424 269.125740 -0.215948 0.976072 0.025508 -39.554702 -0.010532 -0.028452 0.999540 -1.483493
0.976132 0.216572 0.016206 269.592383 -0.216928 0.975867 0.025010 -39.663625 -0.010398 -0.027929 0.999556 -1.485039
0.976065 0.216845 0.016594 270.045038 -0.217208 0.975813 0.024675 -39.768546 -0.010842 -0.027688 0.999558 -1.486557
0.975893 0.217538 0.017610 270.507138 -0.217935 0.975641 0.025094 -39.876805 -0.011722 -0.028327 0.999530 -1.488078
0.975741 0.218154 0.018385 270.947863 -0.218577 0.975488 0.025455 -39.979957 -0.012381 -0.028856 0.999507 -1.489530
0.975513 0.219124 0.018928 271.401252 -0.219556 0.975282 0.024927 -40.086422 -0.012998 -0.028473 0.999510 -1.491016
0.975457 0.219268 0.020146 271.843289 -0.219745 0.975219 0.025701 -40.189716 -0.014012 -0.029497 0.999467 -1.492477
0.975341 0.219686 0.021173 272.284355 -0.220212 0.975080 0.026946 -40.293790 -0.014725 -0.030944 0.999413 -1.493910
0.975144 0.220409 0.022688 272.847178 -0.220999 0.974872 0.028015 -40.424608 -0.015943 -0.032333 0.999350 -1.495788
0.975111 0.220477 0.023421 273.260852 -0.221117 0.974799 0.029566 -40.522990 -0.016312 -0.034009 0.999288 -1.497112
0.975138 0.220312 0.023860 273.675320 -0.220985 0.974795 0.030665 -40.619857 -0.016502 -0.035175 0.999245 -1.498482
0.975144 0.220112 0.025384 274.086100 -0.220874 0.974755 0.032658 -40.718232 -0.017555 -0.037453 0.999144 -1.499779
0.975192 0.219816 0.026097 274.501259 -0.220620 0.974785 0.033485 -40.814051 -0.018078 -0.038412 0.999098 -1.501182
0.975290 0.219492 0.025157 274.893820 -0.220238 0.974915 0.032181 -40.903472 -0.017463 -0.036926 0.999165 -1.502539
0.975091 0.220488 0.024125 275.285960 -0.221188 0.974714 0.031756 -40.997239 -0.016513 -0.036302 0.999204 -1.503781
0.974940 0.221224 0.023500 275.708973 -0.221883 0.974592 0.030620 -41.099152 -0.016129 -0.035067 0.999255 -1.505101
0.974861 0.221565 0.023546 276.104772 -0.222201 0.974566 0.029113 -41.192941 -0.016496 -0.033613 0.999299 -1.506376
0.974985 0.221129 0.022501 276.504142 -0.221724 0.974685 0.028761 -41.284735 -0.015571 -0.033030 0.999333 -1.507736
0.975077 0.220978 0.019859 276.895168 -0.221446 0.974835 0.025652 -41.377155 -0.013691 -0.029411 0.999474 -1.509002
0.975075 0.221179 0.017585 277.282854 -0.221534 0.974909 0.021778 -41.468976 -0.012327 -0.025131 0.999608 -1.510252
0.975005 0.221467 0.017812 277.666723 -0.221815 0.974867 0.020772 -41.561132 -0.012764 -0.024204 0.999626 -1.511459
0.974961 0.221647 0.018001 278.050800 -0.221983 0.974855 0.019527 -41.652629 -0.013220 -0.023034 0.999647 -1.512684
0.974818 0.222290 0.017827 278.420264 -0.222624 0.974706 0.019655 -41.741964 -0.013007 -0.023129 0.999648 -1.513829
0.974700 0.222773 0.018205 278.784701 -0.223129 0.974570 0.020675 -41.831027 -0.013136 -0.024214 0.999620 -1.514934
0.974798 0.222219 0.019680 279.141605 -0.222636 0.974643 0.022436 -41.916856 -0.014195 -0.026252 0.999555 -1.516052
0.974823 0.221932 0.021572 279.486456 -0.222383 0.974726 0.021353 -42.000289 -0.016288 -0.025612 0.999539 -1.517120
0.974857 0.221675 0.022682 279.835201 -0.222141 0.974796 0.020624 -42.084724 -0.017539 -0.025145 0.999530 -1.518198
0.974847 0.221733 0.022517 280.167101 -0.222210 0.974761 0.021519 -42.164030 -0.017177 -0.025982 0.999515 -1.519251
0.974639 0.222651 0.022478 280.822720 -0.223144 0.974525 0.022530 -42.320021 -0.016889 -0.026975 0.999493 -1.521347
0.974444 0.223490 0.022587 281.151037 -0.224020 0.974277 0.024504 -42.400641 -0.016530 -0.028938 0.999445 -1.522333
0.974380 0.223835 0.021956 281.475904 -0.224368 0.974161 0.025871 -42.480581 -0.015598 -0.030135 0.999424 -1.523305
0.974220 0.224567 0.021573 281.797545 -0.225112 0.973946 0.027456 -42.560273 -0.014846 -0.031605 0.999390 -1.524253
0.974040 0.225327 0.021751 282.119731 -0.225918 0.973676 0.030257 -42.639957 -0.014360 -0.034386 0.999305 -1.525206
0.974020 0.225427 0.021617 282.727796 -0.226047 0.973570 0.032633 -42.786028 -0.013689 -0.036671 0.999234 -1.527115
0.974112 0.225080 0.021079 283.025937 -0.225671 0.973680 0.031943 -42.857726 -0.013335 -0.035873 0.999267 -1.528049
0.974014 0.225559 0.020491 283.307043 -0.226120 0.973598 0.031248 -42.926047 -0.012901 -0.035069 0.999302 -1.528911
0.973879 0.226242 0.019339 283.600046 -0.226752 0.973480 0.030339 -42.997393 -0.011963 -0.033932 0.999353 -1.529806
0.973852 0.226457 0.018175 283.871662 -0.226912 0.973485 0.028933 -43.063086 -0.011140 -0.032301 0.999416 -1.530648
0.973559 0.227964 0.014687 286.415826 -0.228288 0.973232 0.026523 -43.689011 -0.008248 -0.029175 0.999540 -1.538259
0.973576 0.227877 0.014903 286.670452 -0.228203 0.973266 0.026024 -43.750751 -0.008574 -0.028737 0.999550 -1.539044
0.973490 0.228286 0.014257 286.922805 -0.228581 0.973217 0.024494 -43.813675 -0.008283 -0.027104 0.999598 -1.539777
0.973502 0.228329 0.012663 287.234919 -0.228571 0.973253 0.023097 -43.891722 -0.007050 -0.025380 0.999653 -1.540679
0.973497 0.228413 0.011437 287.584526 -0.228615 0.973275 0.021719 -43.978735 -0.006171 -0.023758 0.999699 -1.541699
0.973375 0.228968 0.010753 287.878054 -0.229148 0.973173 0.020634 -44.052147 -0.005740 -0.022548 0.999729 -1.542547
0.973291 0.229355 0.010074 288.107884 -0.229520 0.973087 0.020574 -44.110008 -0.005084 -0.022337 0.999738 -1.543201
0.973290 0.229387 0.009439 288.332230 -0.229539 0.973078 0.020769 -44.166458 -0.004421 -0.022381 0.999740 -1.543840
0.973265 0.229525 0.008572 288.549999 -0.229654 0.973070 0.019838 -44.221378 -0.003788 -0.021276 0.999766 -1.544458
0.973335 0.229265 0.007554 288.770992 -0.229371 0.973145 0.019442 -44.276410 -0.002893 -0.020656 0.999782 -1.545102
0.973294 0.229471 0.006515 288.997345 -0.229555 0.973109 0.019039 -44.332090 -0.001971 -0.020026 0.999798 -1.545779
0.973225 0.229779 0.005838 289.210065 -0.229848 0.973054 0.018341 -44.385374 -0.001466 -0.019191 0.999815 -1.546391
0.973126 0.230207 0.005584 289.415399 -0.230270 0.972976 0.017145 -44.437823 -0.001486 -0.017970 0.999837 -1.546957
0.973196 0.229911 0.005488 289.619399 -0.229971 0.973057 0.016535 -44.488766 -0.001539 -0.017353 0.999848 -1.547548
0.973225 0.229783 0.005678 289.823726 -0.229846 0.973091 0.016271 -44.539677 -0.001787 -0.017141 0.999851 -1.548143
0.973188 0.229937 0.005849 290.032550 -0.230004 0.973052 0.016382 -44.591823 -0.001925 -0.017288 0.999849 -1.548748
0.973053 0.230513 0.005648 290.206410 -0.230575 0.972916 0.016403 -44.636027 -0.001714 -0.017263 0.999850 -1.549231
0.973033 0.230605 0.005358 290.399195 -0.230663 0.972899 0.016200 -44.685653 -0.001477 -0.016999 0.999854 -1.549752
0.973092 0.230364 0.004950 290.564824 -0.230416 0.972947 0.016815 -44.727399 -0.000942 -0.017503 0.999846 -1.550222
0.973010 0.230722 0.004394 290.746242 -0.230763 0.972856 0.017300 -44.773035 -0.000283 -0.017847 0.999841 -1.550740
0.972970 0.230894 0.004134 290.926654 -0.230931 0.972823 0.016943 -44.817268 -0.000110 -0.017439 0.999848 -1.551283
0.972908 0.231149 0.004363 291.092623 -0.231190 0.972769 0.016499 -44.859800 -0.000431 -0.017061 0.999854 -1.551737
0.972946 0.230986 0.004686 291.249606 -0.231032 0.972808 0.016386 -44.900269 -0.000774 -0.017026 0.999855 -1.552159
0.972914 0.231112 0.005018 291.410379 -0.231164 0.972783 0.015987 -44.942204 -0.001187 -0.016714 0.999860 -1.552580
0.972894 0.231194 0.005215 291.559133 -0.231248 0.972770 0.015558 -44.980351 -0.001476 -0.016342 0.999865 -1.552985
0.972876 0.231274 0.004884 291.807275 -0.231322 0.972766 0.014731 -45.042852 -0.001344 -0.015461 0.999880 -1.553690
0.972961 0.230921 0.004674 291.949927 -0.230964 0.972862 0.013980 -45.078534 -0.001319 -0.014681 0.999891 -1.554102
0.972978 0.230848 0.004877 292.090881 -0.230894 0.972884 0.013612 -45.113861 -0.001602 -0.014371 0.999895 -1.554508
0.972960 0.230912 0.005309 292.242409 -0.230963 0.972872 0.013279 -45.151390 -0.002099 -0.014146 0.999898 -1.554954
0.972994 0.230720 0.007091 292.503242 -0.230801 0.972897 0.014212 -45.215403 -0.003619 -0.015465 0.999874 -1.555739
0.973052 0.230459 0.007617 292.628402 -0.230550 0.972949 0.014758 -45.246431 -0.004009 -0.016117 0.999862 -1.556107
0.973103 0.230244 0.007660 292.747090 -0.230337 0.972995 0.015045 -45.275736 -0.003989 -0.016405 0.999857 -1.556460
0.973089 0.230304 0.007579 292.846931 -0.230395 0.972983 0.014909 -45.301093 -0.003940 -0.016254 0.999860 -1.556738
0.973044 0.230485 0.007863 292.931816 -0.230579 0.972946 0.014489 -45.323365 -0.004311 -0.015911 0.999864 -1.556957
0.973007 0.230604 0.008869 293.066277 -0.230708 0.972930 0.013464 -45.358908 -0.005524 -0.015146 0.999870 -1.557296
0.972970 0.230756 0.008974 293.148036 -0.230860 0.972898 0.013136 -45.380330 -0.005699 -0.014853 0.999873 -1.557508
0.972963 0.230785 0.009031 293.234286 -0.230890 0.972890 0.013244 -45.402580 -0.005730 -0.014971 0.999872 -1.557739
0.972985 0.230691 0.009059 293.292902 -0.230796 0.972914 0.013089 -45.417750 -0.005794 -0.014826 0.999873 -1.557896
0.972971 0.230748 0.009036 293.347518 -0.230853 0.972902 0.013017 -45.432111 -0.005788 -0.014752 0.999874 -1.558036
0.972930 0.230930 0.008838 293.399126 -0.231033 0.972856 0.013241 -45.446113 -0.005540 -0.014924 0.999873 -1.558157
0.972936 0.230919 0.008512 293.435701 -0.231017 0.972859 0.013281 -45.455694 -0.005214 -0.014888 0.999876 -1.558251
0.972972 0.230769 0.008382 293.463389 -0.230865 0.972896 0.013223 -45.462746 -0.005103 -0.014800 0.999877 -1.558328
0.973007 0.230625 0.008358 293.486416 -0.230721 0.972929 0.013300 -45.468509 -0.005065 -0.014870 0.999877 -1.558395
0.973026 0.230542 0.008408 293.505389 -0.230638 0.972949 0.013297 -45.473493 -0.005115 -0.014877 0.999876 -1.558443
0.973049 0.230446 0.008437 293.521184 -0.230543 0.972972 0.013279 -45.477792 -0.005149 -0.014866 0.999876 -1.558480
0.973095 0.230261 0.008083 293.533472 -0.230353 0.973015 0.013400 -45.481303 -0.004779 -0.014902 0.999878 -1.558504
0.973149 0.230071 0.006942 293.540935 -0.230147 0.973062 0.013545 -45.483609 -0.003639 -0.014779 0.999884 -1.558515
0.973181 0.229978 0.005306 293.542699 -0.230031 0.973083 0.013992 -45.484618 -0.001945 -0.014837 0.999888 -1.558505
0.973202 0.229920 0.003945 293.540953 -0.229953 0.973096 0.014347 -45.484701 -0.000540 -0.014869 0.999889 -1.558487
0.973220 0.229851 0.003467 293.537947 -0.229877 0.973114 0.014329 -45.484477 -0.000080 -0.014742 0.999891 -1.558465
0.973224 0.229823 0.003915 293.534722 -0.229856 0.973122 0.014135 -45.484230 -0.000561 -0.014656 0.999892 -1.558441
0.973245 0.229729 0.004345 293.531988 -0.229768 0.973143 0.014091 -45.484001 -0.000991 -0.014712 0.999891 -1.558422
0.973278 0.229595 0.004032 293.528546 -0.229630 0.973174 0.014246 -45.483867 -0.000654 -0.014791 0.999890 -1.558394
0.973290 0.229547 0.003962 293.526744 -0.229580 0.973184 0.014345 -45.483842 -0.000563 -0.014871 0.999889 -1.558377
0.973288 0.229547 0.004235 293.525436 -0.229585 0.973184 0.014242 -45.483972 -0.000852 -0.014834 0.999890 -1.558362
0.973304 0.229480 0.004276 293.524565 -0.229518 0.973200 0.014231 -45.484150 -0.000895 -0.014832 0.999890 -1.558349
0.973320 0.229417 0.004074 293.523970 -0.229452 0.973216 0.014254 -45.484460 -0.000694 -0.014808 0.999890 -1.558336
0.973319 0.229419 0.004041 293.523483 -0.229454 0.973216 0.014230 -45.484714 -0.000669 -0.014777 0.999891 -1.558325
0.973320 0.229411 0.004349 293.523214 -0.229451 0.973216 0.014262 -45.484991 -0.000961 -0.014879 0.999889 -1.558316
0.973338 0.229336 0.004372 293.523057 -0.229376 0.973232 0.014341 -45.485348 -0.000966 -0.014961 0.999888 -1.558305
0.973345 0.229308 0.004195 293.522842 -0.229345 0.973240 0.014324 -45.485598 -0.000798 -0.014904 0.999889 -1.558297
0.973342 0.229320 0.004093 293.522739 -0.229356 0.973239 0.014235 -45.485927 -0.000719 -0.014794 0.999890 -1.558287
0.973346 0.229306 0.004108 293.522691 -0.229342 0.973244 0.014125 -45.486364 -0.000759 -0.014690 0.999892 -1.558276
0.973346 0.229302 0.004138 293.522642 -0.229338 0.973244 0.014117 -45.486665 -0.000790 -0.014690 0.999892 -1.558268
0.973340 0.229329 0.004128 293.522592 -0.229365 0.973236 0.014267 -45.486966 -0.000746 -0.014834 0.999890 -1.558260
0.973348 0.229296 0.004061 293.522542 -0.229331 0.973243 0.014358 -45.487267 -0.000660 -0.014907 0.999889 -1.558251
0.973351 0.229287 0.004025 293.522436 -0.229321 0.973244 0.014390 -45.487460 -0.000618 -0.014930 0.999888 -1.558246
0.973344 0.229316 0.004019 293.522387 -0.229351 0.973238 0.014385 -45.487761 -0.000613 -0.014923 0.999888 -1.558237
0.973342 0.229324 0.003997 293.522391 -0.229358 0.973238 0.014224 -45.488034 -0.000628 -0.014762 0.999891 -1.558231
0.973353 0.229278 0.003953 293.522285 -0.229312 0.973249 0.014216 -45.488227 -0.000588 -0.014744 0.999891 -1.558225
0.973363 0.229238 0.003934 293.522236 -0.229271 0.973258 0.014284 -45.488528 -0.000554 -0.014806 0.999890 -1.558217
0.973362 0.229238 0.003934 293.522184 -0.229271 0.973257 0.014342 -45.488692 -0.000541 -0.014862 0.999889 -1.558212
0.973369 0.229212 0.003922 293.522134 -0.229245 0.973262 0.014435 -45.488993 -0.000509 -0.014950 0.999888 -1.558204
0.973380 0.229164 0.003874 293.522085 -0.229196 0.973274 0.014403 -45.489294 -0.000470 -0.014908 0.999889 -1.558196
0.973376 0.229183 0.003848 293.521979 -0.229215 0.973269 0.014439 -45.489487 -0.000436 -0.014937 0.999888 -1.558190
0.973370 0.229207 0.003803 293.521983 -0.229238 0.973265 0.014344 -45.489760 -0.000413 -0.014834 0.999890 -1.558183
0.973381 0.229159 0.003819 293.521931 -0.229191 0.973275 0.014417 -45.489924 -0.000413 -0.014908 0.999889 -1.558178
0.973388 0.229133 0.003781 293.521880 -0.229164 0.973281 0.014422 -45.490089 -0.000375 -0.014905 0.999889 -1.558173
0.973386 0.229140 0.003782 293.521828 -0.229171 0.973279 0.014457 -45.490254 -0.000368 -0.014939 0.999888 -1.558169
0.973385 0.229146 0.003757 293.521832 -0.229177 0.973279 0.014385 -45.490526 -0.000361 -0.014863 0.999889 -1.558162
0.973379 0.229170 0.003729 293.521780 -0.229200 0.973273 0.014407 -45.490691 -0.000328 -0.014879 0.999889 -1.558157
0.973377 0.229178 0.003700 293.521729 -0.229208 0.973271 0.014376 -45.490856 -0.000307 -0.014841 0.999890 -1.558153
0.973380 0.229166 0.003705 293.521625 -0.229196 0.973273 0.014460 -45.491185 -0.000293 -0.014924 0.999889 -1.558143
0.973386 0.229143 0.003717 293.521573 -0.229173 0.973278 0.014472 -45.491349 -0.000301 -0.014938 0.999888 -1.558139
0.973386 0.229143 0.003616 293.521521 -0.229172 0.973278 0.014517 -45.491514 -0.000193 -0.014960 0.999888 -1.558134
0.973378 0.229178 0.003613 293.521474 -0.229206 0.973271 0.014459 -45.491951 -0.000203 -0.014902 0.999889 -1.558122
0.973387 0.229137 0.003639 293.521476 -0.229165 0.973280 0.014480 -45.492088 -0.000224 -0.014928 0.999889 -1.558119
0.973390 0.229126 0.003670 293.521368 -0.229155 0.973282 0.014502 -45.492144 -0.000249 -0.014957 0.999888 -1.558116
0.973395 0.229104 0.003628 293.521370 -0.229133 0.973287 0.014507 -45.492281 -0.000208 -0.014952 0.999888 -1.558113
0.973386 0.229146 0.003552 293.521320 -0.229173 0.973279 0.014411 -45.492582 -0.000155 -0.014842 0.999890 -1.558105
0.973388 0.229135 0.003486 293.521269 -0.229161 0.973282 0.014398 -45.492746 -0.000094 -0.014813 0.999890 -1.558100
0.973390 0.229129 0.003455 293.521271 -0.229155 0.973283 0.014423 -45.492883 -0.000058 -0.014831 0.999890 -1.558097
0.973390 0.229129 0.003413 293.521217 -0.229155 0.973283 0.014429 -45.492911 -0.000016 -0.014827 0.999890 -1.558096
0.973390 0.229130 0.003385 293.521165 -0.229155 0.973283 0.014416 -45.493075 0.000008 -0.014808 0.999890 -1.558091
0.973384 0.229154 0.003381 293.521167 -0.229179 0.973278 0.014404 -45.493212 0.000010 -0.014795 0.999891 -1.558087
0.973387 0.229143 0.003351 293.521169 -0.229168 0.973281 0.014352 -45.493348 0.000027 -0.014738 0.999891 -1.558084
0.973383 0.229160 0.003353 293.521115 -0.229185 0.973278 0.014306 -45.493376 0.000015 -0.014694 0.999892 -1.558083
0.973377 0.229186 0.003322 293.521063 -0.229210 0.973271 0.014339 -45.493541 0.000053 -0.014718 0.999892 -1.558078
0.973372 0.229207 0.003316 293.521066 -0.229231 0.973266 0.014376 -45.493677 0.000068 -0.014754 0.999891 -1.558075
0.973364 0.229240 0.003312 293.521012 -0.229264 0.973258 0.014388 -45.493706 0.000075 -0.014764 0.999891 -1.558073
0.973365 0.229236 0.003263 293.521014 -0.229259 0.973259 0.014397 -45.493842 0.000124 -0.014762 0.999891 -1.558070
0.973372 0.229208 0.003248 293.520962 -0.229230 0.973266 0.014383 -45.494007 0.000136 -0.014744 0.999891 -1.558065
0.973374 0.229200 0.003211 293.520964 -0.229223 0.973268 0.014365 -45.494143 0.000167 -0.014719 0.999892 -1.558062
0.973374 0.229200 0.003205 293.520910 -0.229223 0.973268 0.014383 -45.494171 0.000177 -0.014735 0.999891 -1.558061
0.973376 0.229192 0.003181 293.520912 -0.229214 0.973270 0.014380 -45.494308 0.000199 -0.014726 0.999892 -1.558057
0.973373 0.229207 0.003169 293.520858 -0.229229 0.973266 0.014400 -45.494336 0.000217 -0.014743 0.999891 -1.558056
0.973371 0.229214 0.003202 293.520860 -0.229236 0.973264 0.014418 -45.494472 0.000189 -0.014768 0.999891 -1.558053
0.973379 0.229178 0.003227 293.520863 -0.229201 0.973271 0.014488 -45.494609 0.000180 -0.014842 0.999890 -1.558049
0.973378 0.229183 0.003178 293.520754 -0.229205 0.973270 0.014516 -45.494665 0.000234 -0.014858 0.999890 -1.558047
0.973389 0.229139 0.003114 293.520757 -0.229159 0.973281 0.014493 -45.494801 0.000290 -0.014821 0.999890 -1.558043
0.973395 0.229114 0.003122 293.520759 -0.229135 0.973287 0.014468 -45.494938 0.000276 -0.014798 0.999890 -1.558040
0.973399 0.229096 0.003153 293.520759 -0.229118 0.973291 0.014448 -45.494938 0.000241 -0.014787 0.999891 -1.558040
0.973393 0.229118 0.003158 293.520761 -0.229140 0.973286 0.014461 -45.495074 0.000240 -0.014800 0.999890 -1.558036
0.973390 0.229133 0.003130 293.520707 -0.229155 0.973283 0.014465 -45.495102 0.000268 -0.014798 0.999890 -1.558035
0.973388 0.229143 0.003145 293.520709 -0.229165 0.973280 0.014486 -45.495239 0.000259 -0.014821 0.999890 -1.558032
0.973389 0.229136 0.003152 293.520655 -0.229158 0.973281 0.014496 -45.495267 0.000254 -0.014833 0.999890 -1.558030
0.973387 0.229148 0.003129 293.520655 -0.229169 0.973279 0.014478 -45.495267 0.000272 -0.014810 0.999890 -1.558030
0.973394 0.229117 0.003117 293.520658 -0.229139 0.973286 0.014516 -45.495403 0.000292 -0.014844 0.999890 -1.558027
0.973395 0.229114 0.003114 293.520603 -0.229135 0.973287 0.014498 -45.495432 0.000291 -0.014826 0.999890 -1.558026
0.973399 0.229093 0.003117 293.520660 -0.229114 0.973291 0.014518 -45.495540 0.000293 -0.014846 0.999890 -1.558023
0.973401 0.229087 0.003100 293.520606 -0.229108 0.973292 0.014540 -45.495568 0.000314 -0.014863 0.999889 -1.558022
0.973397 0.229107 0.003059 293.520552 -0.229127 0.973288 0.014545 -45.495596 0.000355 -0.014859 0.999890 -1.558021
0.973387 0.229146 0.003059 293.520608 -0.229166 0.973279 0.014547 -45.495704 0.000356 -0.014861 0.999890 -1.558019
0.973382 0.229167 0.003051 293.520554 -0.229187 0.973274 0.014527 -45.495733 0.000359 -0.014840 0.999890 -1.558018
0.973390 0.229133 0.003051 293.520554 -0.229153 0.973281 0.014556 -45.495733 0.000366 -0.014868 0.999889 -1.558018
0.973393 0.229120 0.003093 293.520556 -0.229141 0.973285 0.014537 -45.495869 0.000320 -0.014859 0.999890 -1.558014
0.973391 0.229130 0.003078 293.520502 -0.229150 0.973282 0.014544 -45.495897 0.000336 -0.014863 0.999889 -1.558013
0.973385 0.229157 0.003051 293.520502 -0.229177 0.973276 0.014526 -45.495897 0.000359 -0.014838 0.999890 -1.558013
0.973384 0.229162 0.003064 293.520504 -0.229182 0.973275 0.014566 -45.496034 0.000356 -0.014881 0.999889 -1.558009
0.973385 0.229154 0.003054 293.520504 -0.229174 0.973276 0.014572 -45.496034 0.000367 -0.014884 0.999889 -1.558009
0.973385 0.229156 0.003072 293.520450 -0.229177 0.973276 0.014562 -45.496062 0.000347 -0.014879 0.999889 -1.558008
0.973383 0.229162 0.003030 293.520450 -0.229182 0.973274 0.014588 -45.496062 0.000394 -0.014894 0.999889 -1.558008
0.973384 0.229161 0.003007 293.520452 -0.229181 0.973275 0.014590 -45.496198 0.000417 -0.014891 0.999889 -1.558005
0.973386 0.229150 0.003080 293.520452 -0.229170 0.973277 0.014599 -45.496198 0.000348 -0.014917 0.999889 -1.558005
0.973388 0.229143 0.003065 293.520398 -0.229164 0.973279 0.014535 -45.496226 0.000347 -0.014851 0.999890 -1.558004
0.973387 0.229149 0.003067 293.520400 -0.229169 0.973277 0.014600 -45.496363 0.000361 -0.014914 0.999889 -1.558000
0.973390 0.229134 0.003047 293.520400 -0.229154 0.973281 0.014564 -45.496363 0.000371 -0.014875 0.999889 -1.558000
0.973403 0.229081 0.003084 293.520400 -0.229101 0.973293 0.014588 -45.496363 0.000340 -0.014907 0.999889 -1.558000
0.973409 0.229054 0.003063 293.520403 -0.229075 0.973299 0.014594 -45.496499 0.000361 -0.014908 0.999889 -1.557997
0.973403 0.229081 0.003067 293.520349 -0.229101 0.973294 0.014541 -45.496527 0.000346 -0.014857 0.999890 -1.557995
0.973402 0.229082 0.003052 293.520349 -0.229102 0.973294 0.014522 -45.496527 0.000356 -0.014835 0.999890 -1.557995
0.973403 0.229079 0.003064 293.520349 -0.229099 0.973294 0.014551 -45.496527 0.000351 -0.014866 0.999889 -1.557995
0.973404 0.229075 0.003045 293.520351 -0.229095 0.973294 0.014666 -45.496664 0.000396 -0.014973 0.999888 -1.557992
0.973411 0.229044 0.002985 293.520351 -0.229063 0.973301 0.014668 -45.496664 0.000455 -0.014962 0.999888 -1.557992
0.973414 0.229035 0.002981 293.520297 -0.229054 0.973303 0.014684 -45.496692 0.000461 -0.014977 0.999888 -1.557991
0.973409 0.229055 0.002925 293.520297 -0.229073 0.973298 0.014720 -45.496692 0.000525 -0.014999 0.999887 -1.557991
0.973411 0.229048 0.002955 293.520353 -0.229066 0.973299 0.014743 -45.496800 0.000501 -0.015028 0.999887 -1.557989
0.973417 0.229022 0.002940 293.520299 -0.229040 0.973306 0.014707 -45.496828 0.000506 -0.014990 0.999888 -1.557987
0.973412 0.229041 0.002921 293.520299 -0.229059 0.973301 0.014749 -45.496828 0.000536 -0.015026 0.999887 -1.557987
0.973416 0.229027 0.002858 293.520299 -0.229044 0.973305 0.014691 -45.496828 0.000583 -0.014955 0.999888 -1.557987
0.973417 0.229024 0.002822 293.520245 -0.229040 0.973306 0.014663 -45.496857 0.000612 -0.014920 0.999889 -1.557986
0.973414 0.229034 0.002816 293.520301 -0.229051 0.973304 0.014686 -45.496965 0.000623 -0.014941 0.999888 -1.557984
0.973412 0.229043 0.002856 293.520301 -0.229060 0.973301 0.014697 -45.496965 0.000587 -0.014960 0.999888 -1.557984
0.973409 0.229056 0.002878 293.520301 -0.229074 0.973298 0.014703 -45.496965 0.000567 -0.014971 0.999888 -1.557984
0.973410 0.229054 0.002838 293.520247 -0.229071 0.973298 0.014724 -45.496993 0.000611 -0.014983 0.999888 -1.557983
0.973406 0.229069 0.002821 293.520247 -0.229085 0.973296 0.014659 -45.496993 0.000613 -0.014915 0.999889 -1.557983
0.973400 0.229093 0.002854 293.520247 -0.229110 0.973291 0.014597 -45.496993 0.000566 -0.014862 0.999889 -1.557983
0.973398 0.229103 0.002805 293.520249 -0.229119 0.973288 0.014678 -45.497129 0.000633 -0.014930 0.999888 -1.557979
0.973395 0.229118 0.002768 293.520249 -0.229134 0.973284 0.014709 -45.497129 0.000676 -0.014952 0.999888 -1.557979
0.973397 0.229107 0.002759 293.520249 -0.229123 0.973286 0.014756 -45.497129 0.000695 -0.014996 0.999887 -1.557979
0.973402 0.229086 0.002754 293.520249 -0.229101 0.973291 0.014713 -45.497129 0.000690 -0.014953 0.999888 -1.557979
0.973406 0.229071 0.002734 293.520195 -0.229087 0.973296 0.014633 -45.497158 0.000691 -0.014870 0.999889 -1.557978
0.973410 0.229052 0.002733 293.520195 -0.229067 0.973301 0.014619 -45.497158 0.000689 -0.014856 0.999889 -1.557978
0.973412 0.229048 0.002675 293.520195 -0.229062 0.973301 0.014682 -45.497158 0.000759 -0.014904 0.999889 -1.557978
0.973413 0.229041 0.002633 293.520198 -0.229055 0.973303 0.014675 -45.497294 0.000798 -0.014888 0.999889 -1.557975
0.973422 0.229004 0.002666 293.520198 -0.229018 0.973311 0.014715 -45.497294 0.000775 -0.014934 0.999888 -1.557975
0.973427 0.228983 0.002654 293.520198 -0.228997 0.973316 0.014689 -45.497294 0.000780 -0.014907 0.999889 -1.557975
0.973423 0.228998 0.002647 293.520198 -0.229012 0.973312 0.014715 -45.497294 0.000794 -0.014930 0.999888 -1.557975
0.973414 0.229039 0.002646 293.520198 -0.229053 0.973303 0.014694 -45.497294 0.000790 -0.014910 0.999889 -1.557975
0.973402 0.229090 0.002618 293.520143 -0.229103 0.973292 0.014661 -45.497322 0.000811 -0.014871 0.999889 -1.557973
0.973401 0.229094 0.002583 293.520143 -0.229107 0.973291 0.014681 -45.497322 0.000849 -0.014882 0.999889 -1.557973
0.973411 0.229050 0.002598 293.520143 -0.229063 0.973301 0.014701 -45.497322 0.000839 -0.014906 0.999889 -1.557973
0.973410 0.229057 0.002616 293.520200 -0.229070 0.973298 0.014733 -45.497430 0.000828 -0.014940 0.999888 -1.557971
0.973411 0.229051 0.002586 293.520200 -0.229064 0.973300 0.014745 -45.497430 0.000861 -0.014945 0.999888 -1.557971
0.973411 0.229051 0.002605 293.520200 -0.229064 0.973300 0.014749 -45.497430 0.000843 -0.014953 0.999888 -1.557971
0.973415 0.229035 0.002574 293.520146 -0.229048 0.973303 0.014793 -45.497459 0.000883 -0.014989 0.999887 -1.557970
0.973416 0.229032 0.002555 293.520146 -0.229044 0.973303 0.014812 -45.497459 0.000906 -0.015004 0.999887 -1.557970
0.973414 0.229037 0.002568 293.520146 -0.229050 0.973302 0.014822 -45.497459 0.000895 -0.015016 0.999887 -1.557970
0.973416 0.229032 0.002519 293.520146 -0.229044 0.973303 0.014818 -45.497459 0.000942 -0.015001 0.999887 -1.557970
0.973417 0.229027 0.002491 293.520146 -0.229039 0.973305 0.014777 -45.497459 0.000960 -0.014954 0.999888 -1.557970
0.973404 0.229080 0.002519 293.520146 -0.229092 0.973292 0.014802 -45.497459 0.000939 -0.014985 0.999887 -1.557970
0.973404 0.229081 0.002553 293.520146 -0.229093 0.973292 0.014795 -45.497459 0.000904 -0.014987 0.999887 -1.557970
0.973409 0.229059 0.002558 293.520092 -0.229071 0.973297 0.014822 -45.497487 0.000906 -0.015014 0.999887 -1.557969
0.973416 0.229032 0.002488 293.520148 -0.229043 0.973302 0.014909 -45.497595 0.000993 -0.015083 0.999886 -1.557966
0.973410 0.229056 0.002470 293.520148 -0.229067 0.973296 0.014921 -45.497595 0.001013 -0.015090 0.999886 -1.557966
0.973413 0.229044 0.002440 293.520148 -0.229055 0.973299 0.014925 -45.497595 0.001043 -0.015087 0.999886 -1.557966
0.973414 0.229040 0.002426 293.520148 -0.229051 0.973299 0.014975 -45.497595 0.001069 -0.015133 0.999885 -1.557966
0.973417 0.229026 0.002417 293.520148 -0.229036 0.973302 0.015012 -45.497595 0.001086 -0.015167 0.999884 -1.557966
0.973421 0.229010 0.002413 293.520094 -0.229020 0.973305 0.015085 -45.497623 0.001106 -0.015237 0.999883 -1.557965
0.973422 0.229006 0.002386 293.520094 -0.229016 0.973305 0.015113 -45.497623 0.001139 -0.015258 0.999883 -1.557965
0.973418 0.229025 0.002355 293.520094 -0.229034 0.973301 0.015134 -45.497623 0.001174 -0.015271 0.999883 -1.557965
0.973420 0.229016 0.002308 293.520094 -0.229024 0.973303 0.015138 -45.497623 0.001221 -0.015264 0.999883 -1.557965
0.973419 0.229019 0.002262 293.520094 -0.229027 0.973303 0.015118 -45.497623 0.001261 -0.015234 0.999883 -1.557965
0.973414 0.229040 0.002280 293.520094 -0.229048 0.973298 0.015115 -45.497623 0.001242 -0.015235 0.999883 -1.557965
0.973414 0.229040 0.002307 293.520094 -0.229049 0.973298 0.015115 -45.497623 0.001216 -0.015242 0.999883 -1.557965
0.973424 0.228998 0.002299 293.520094 -0.229006 0.973307 0.015128 -45.497623 0.001227 -0.015252 0.999883 -1.557965
0.973428 0.228983 0.002330 293.520094 -0.228992 0.973311 0.015118 -45.497623 0.001194 -0.015250 0.999883 -1.557965
0.973421 0.229011 0.002340 293.520094 -0.229020 0.973304 0.015115 -45.497623 0.001184 -0.015249 0.999883 -1.557965
0.973413 0.229046 0.002319 293.520096 -0.229054 0.973296 0.015145 -45.497760 0.001212 -0.015273 0.999883 -1.557962
0.973412 0.229050 0.002357 293.520096 -0.229059 0.973295 0.015147 -45.497760 0.001176 -0.015284 0.999883 -1.557962
0.973412 0.229048 0.002361 293.520096 -0.229057 0.973295 0.015168 -45.497760 0.001176 -0.015306 0.999882 -1.557962
0.973417 0.229028 0.002352 293.520096 -0.229037 0.973299 0.015185 -45.497760 0.001189 -0.015320 0.999882 -1.557962
0.973416 0.229031 0.002348 293.520096 -0.229040 0.973299 0.015165 -45.497760 0.001188 -0.015299 0.999882 -1.557962
0.973418 0.229024 0.002314 293.520096 -0.229032 0.973301 0.015143 -45.497760 0.001216 -0.015271 0.999883 -1.557962
0.973405 0.229080 0.002297 293.520096 -0.229089 0.973288 0.015098 -45.497760 0.001223 -0.015223 0.999883 -1.557962
0.973397 0.229112 0.002305 293.520096 -0.229121 0.973281 0.015112 -45.497760 0.001219 -0.015238 0.999883 -1.557962
0.973394 0.229127 0.002270 293.520096 -0.229135 0.973277 0.015167 -45.497760 0.001266 -0.015284 0.999882 -1.557962
0.973397 0.229115 0.002269 293.520096 -0.229123 0.973280 0.015131 -45.497760 0.001259 -0.015249 0.999883 -1.557962
0.973400 0.229102 0.002280 293.520096 -0.229110 0.973283 0.015144 -45.497760 0.001250 -0.015263 0.999883 -1.557962
0.973404 0.229086 0.002264 293.520096 -0.229093 0.973287 0.015091 -45.497760 0.001254 -0.015209 0.999884 -1.557962
0.973398 0.229112 0.002255 293.520042 -0.229119 0.973282 0.015072 -45.497788 0.001258 -0.015187 0.999884 -1.557961
0.973399 0.229107 0.002222 293.520042 -0.229114 0.973283 0.015084 -45.497788 0.001293 -0.015192 0.999884 -1.557961
0.973410 0.229060 0.002207 293.520042 -0.229067 0.973294 0.015105 -45.497788 0.001312 -0.015209 0.999883 -1.557961
0.973412 0.229049 0.002235 293.520042 -0.229057 0.973296 0.015105 -45.497788 0.001285 -0.015215 0.999883 -1.557961
0.973417 0.229030 0.002272 293.520042 -0.229038 0.973300 0.015139 -45.497788 0.001256 -0.015256 0.999883 -1.557961
0.973419 0.229019 0.002277 293.520042 -0.229027 0.973302 0.015171 -45.497788 0.001259 -0.015289 0.999882 -1.557961
0.973421 0.229012 0.002259 293.520042 -0.229019 0.973304 0.015177 -45.497788 0.001277 -0.015291 0.999882 -1.557961
0.973412 0.229050 0.002268 293.520042 -0.229058 0.973295 0.015152 -45.497788 0.001263 -0.015269 0.999883 -1.557961
0.973409 0.229064 0.002266 293.520042 -0.229071 0.973291 0.015167 -45.497788 0.001269 -0.015282 0.999882 -1.557961
0.973414 0.229040 0.002257 293.520042 -0.229048 0.973297 0.015165 -45.497788 0.001277 -0.015279 0.999882 -1.557961
0.973414 0.229043 0.002268 293.520098 -0.229051 0.973296 0.015183 -45.497896 0.001270 -0.015299 0.999882 -1.557958
0.973411 0.229054 0.002257 293.520098 -0.229061 0.973294 0.015163 -45.497896 0.001276 -0.015277 0.999882 -1.557958
0.973409 0.229062 0.002269 293.520098 -0.229070 0.973292 0.015133 -45.497896 0.001258 -0.015250 0.999883 -1.557958
0.973412 0.229049 0.002279 293.520098 -0.229057 0.973295 0.015177 -45.497896 0.001258 -0.015295 0.999882 -1.557958
0.973409 0.229063 0.002265 293.520098 -0.229070 0.973292 0.015164 -45.497896 0.001269 -0.015279 0.999882 -1.557958
0.973411 0.229056 0.002241 293.520098 -0.229064 0.973293 0.015173 -45.497896 0.001294 -0.015283 0.999882 -1.557958
0.973409 0.229065 0.002268 293.520044 -0.229073 0.973291 0.015191 -45.497924 0.001272 -0.015307 0.999882 -1.557957
0.973410 0.229056 0.002276 293.520044 -0.229064 0.973293 0.015176 -45.497924 0.001261 -0.015294 0.999882 -1.557957
0.973407 0.229070 0.002275 293.520044 -0.229078 0.973290 0.015193 -45.497924 0.001266 -0.015310 0.999882 -1.557957
0.973400 0.229102 0.002294 293.520044 -0.229111 0.973282 0.015186 -45.497924 0.001247 -0.015307 0.999882 -1.557957
0.973401 0.229098 0.002304 293.520044 -0.229106 0.973283 0.015194 -45.497924 0.001239 -0.015318 0.999882 -1.557957
0.973408 0.229068 0.002310 293.520044 -0.229076 0.973290 0.015190 -45.497924 0.001231 -0.015315 0.999882 -1.557957
0.973409 0.229064 0.002312 293.520044 -0.229073 0.973292 0.015123 -45.497924 0.001214 -0.015251 0.999883 -1.557957
0.973400 0.229100 0.002311 293.520044 -0.229109 0.973284 0.015053 -45.497924 0.001200 -0.015182 0.999884 -1.557957
0.973390 0.229143 0.002342 293.520044 -0.229152 0.973274 0.015038 -45.497924 0.001166 -0.015174 0.999884 -1.557957
0.973391 0.229139 0.002293 293.520044 -0.229147 0.973276 0.015032 -45.497924 0.001213 -0.015158 0.999884 -1.557957
0.973397 0.229115 0.002269 293.520044 -0.229123 0.973282 0.014998 -45.497924 0.001228 -0.015118 0.999885 -1.557957
0.973402 0.229093 0.002295 293.520044 -0.229102 0.973287 0.015002 -45.497924 0.001203 -0.015128 0.999885 -1.557957
0.973400 0.229102 0.002317 293.520044 -0.229111 0.973285 0.014999 -45.497924 0.001181 -0.015131 0.999885 -1.557957
