0.999999 0.001251 0.000000 0.632799 -0.001251 0.999999 -0.000000 -0.006503 -0.000000 0.000000 1.000000 0.000000
1.000000 -0.000011 0.000000 1.300309 0.000011 1.000000 0.000000 -0.021102 0.000000 0.000000 1.000000 0.000000
1.000000 -0.000100 0.000000 1.925835 0.000100 1.000000 0.000000 -0.039863 0.000000 0.000000 1.000000 0.000000
1.000000 0.000103 0.000000 2.554467 -0.000103 1.000000 -0.000000 -0.048877 -0.000000 0.000000 1.000000 0.000000
1.000000 -0.000939 0.000000 3.180838 0.000939 1.000000 0.000000 -0.062440 0.000000 0.000000 1.000000 0.000000
0.999997 -0.002277 0.000000 3.807161 0.002277 0.999997 0.000000 -0.077408 0.000000 0.000000 1.000000 0.000000
0.999998 -0.002101 0.000000 4.427608 0.002101 0.999998 0.000000 -0.087705 0.000000 0.000000 1.000000 0.000000
1.000000 -0.000867 0.000000 5.054752 0.000867 1.000000 0.000000 -0.097050 0.000000 0.000000 1.000000 0.000000
0.999998 -0.001816 0.000000 5.672796 0.001816 0.999998 0.000000 -0.118799 0.000000 0.000000 1.000000 0.000000
1.000000 -0.000904 0.000000 6.326072 0.000904 1.000000 0.000000 -0.129772 0.000000 0.000000 1.000000 0.000000
0.999999 -0.001390 0.000000 6.913073 0.001390 0.999999 0.000000 -0.142679 0.000000 0.000000 1.000000 0.000000
0.999999 -0.001057 0.000000 7.534993 0.001057 0.999999 0.000000 -0.154993 0.000000 0.000000 1.000000 0.000000
1.000000 -0.000250 0.000000 8.157357 0.000250 1.000000 0.000000 -0.172564 0.000000 0.000000 1.000000 0.000000
0.999998 -0.001818 0.000000 8.808968 0.001818 0.999998 0.000000 -0.187853 0.000000 0.000000 1.000000 0.000000
0.999996 -0.002985 0.000000 9.431454 0.002985 0.999996 0.000000 -0.196081 0.000000 0.000000 1.000000 0.000000
0.999993 -0.003691 0.000000 10.052467 0.003691 0.999993 0.000000 -0.209604 0.000000 0.000000 1.000000 0.000000
0.999991 -0.004349 0.000000 10.673990 0.004349 0.999991 0.000000 -0.225315 0.000000 0.000000 1.000000 0.000000
0.999995 -0.003252 0.000000 11.301846 0.003252 0.999995 0.000000 -0.240117 0.000000 0.000000 1.000000 0.000000
0.999985 -0.005519 0.000000 11.921753 0.005519 0.999985 0.000000 -0.252843 0.000000 0.000000 1.000000 0.000000
0.999983 -0.005891 0.000000 12.524980 0.005891 0.999983 0.000000 -0.267280 0.000000 0.000000 1.000000 0.000000
0.999972 -0.007490 0.000000 13.156548 0.007490 0.999972 0.000000 -0.277235 0.000000 0.000000 1.000000 0.000000
0.999983 -0.005885 0.000000 13.783063 0.005885 0.999983 0.000000 -0.284269 0.000000 0.000000 1.000000 0.000000
0.999992 -0.003955 0.000000 14.369359 0.003955 0.999992 0.000000 -0.290343 0.000000 0.000000 1.000000 0.000000
0.999979 -0.006458 0.000000 14.996064 0.006458 0.999979 0.000000 -0.307824 0.000000 0.000000 1.000000 0.000000
0.999961 -0.008813 0.000000 15.606447 0.008813 0.999961 0.000000 -0.318347 0.000000 0.000000 1.000000 0.000000
0.999944 -0.010542 0.000000 16.202588 0.010542 0.999944 0.000000 -0.329362 0.000000 0.000000 1.000000 0.000000
0.999946 -0.010411 0.000000 16.823940 0.010411 0.999946 0.000000 -0.334823 0.000000 0.000000 1.000000 0.000000
0.999952 -0.009792 0.000000 17.454638 0.009792 0.999952 0.000000 -0.346505 0.000000 0.000000 1.000000 0.000000
0.999955 -0.009483 0.000000 18.078421 0.009483 0.999955 0.000000 -0.359144 0.000000 0.000000 1.000000 0.000000
0.999970 -0.007686 0.000000 18.670624 0.007686 0.999970 0.000000 -0.367556 0.000000 0.000000 1.000000 0.000000
0.999995 -0.003005 0.000000 19.306887 0.003005 0.999995 0.000000 -0.383036 0.000000 0.000000 1.000000 0.000000
1.000000 -0.000883 0.000000 19.899627 0.000883 1.000000 0.000000 -0.398687 0.000000 0.000000 1.000000 0.000000
1.000000 -0.000427 0.000000 20.529307 0.000427 1.000000 0.000000 -0.415185 0.000000 0.000000 1.000000 0.000000
0.999999 -0.001333 0.000000 21.167614 0.001333 0.999999 0.000000 -0.432772 0.000000 0.000000 1.000000 0.000000
0.999998 -0.002133 0.000000 21.993946 0.002133 0.999998 0.000000 -0.459724 0.000000 0.000000 1.000000 0.000000
0.999999 -0.001012 0.000000 22.626008 0.001012 0.999999 0.000000 -0.469004 0.000000 0.000000 1.000000 0.000000
1.000000 0.000234 0.000000 23.267446 -0.000234 1.000000 -0.000000 -0.472730 -0.000000 0.000000 1.000000 0.000000
0.999999 0.001581 0.000000 23.902053 -0.001581 0.999999 -0.000000 -0.485073 -0.000000 0.000000 1.000000 0.000000
0.999997 0.002626 0.000000 24.535806 -0.002626 0.999997 -0.000000 -0.499382 -0.000000 0.000000 1.000000 0.000000
0.999999 0.001225 0.000000 25.178196 -0.001225 0.999999 -0.000000 -0.517668 -0.000000 0.000000 1.000000 0.000000
0.999995 0.003191 0.000000 25.811306 -0.003191 0.999995 -0.000000 -0.533626 -0.000000 0.000000 1.000000 0.000000
0.999989 0.004706 0.000000 26.459821 -0.004706 0.999989 -0.000000 -0.551444 -0.000000 0.000000 1.000000 0.000000
0.999976 0.006973 0.000000 27.097662 -0.006973 0.999976 -0.000000 -0.563332 -0.000000 0.000000 1.000000 0.000000
0.999975 0.007124 0.000000 27.741970 -0.007124 0.999975 -0.000000 -0.582703 -0.000000 0.000000 1.000000 0.000000
0.999958 0.009177 0.000000 28.383387 -0.009177 0.999958 -0.000000 -0.595537 -0.000000 0.000000 1.000000 0.000000
0.999971 0.007633 0.000000 29.019108 -0.007633 0.999971 -0.000000 -0.614989 -0.000000 0.000000 1.000000 0.000000
0.999964 0.008433 0.000000 29.659736 -0.008433 0.999964 -0.000000 -0.632303 -0.000000 0.000000 1.000000 0.000000
0.999958 0.009204 0.000000 30.296612 -0.009204 0.999958 -0.000000 -0.648114 -0.000000 0.000000 1.000000 0.000000
0.999969 0.007926 0.000000 30.898600 -0.007926 0.999969 -0.000000 -0.670397 -0.000000 0.000000 1.000000 0.000000
0.999957 0.009295 0.000000 31.543824 -0.009295 0.999957 -0.000000 -0.690630 -0.000000 0.000000 1.000000 0.000000
0.999926 0.012146 0.000000 32.177355 -0.012146 0.999926 -0.000000 -0.704041 -0.000000 0.000000 1.000000 0.000000
0.999931 0.011734 0.000000 32.823104 -0.011734 0.999931 -0.000000 -0.724607 -0.000000 0.000000 1.000000 0.000000
0.999952 0.009844 0.000000 33.460554 -0.009844 0.999952 -0.000000 -0.744472 -0.000000 0.000000 1.000000 0.000000
0.999946 0.010415 0.000000 34.094356 -0.010415 0.999946 -0.000000 -0.758450 -0.000000 0.000000 1.000000 0.000000
0.999930 0.011854 0.000000 34.741336 -0.011854 0.999930 -0.000000 -0.775396 -0.000000 0.000000 1.000000 0.000000
0.999923 0.012433 0.000000 35.391343 -0.012433 0.999923 -0.000000 -0.787119 -0.000000 0.000000 1.000000 0.000000
0.999917 0.012848 0.000000 36.036875 -0.012848 0.999917 -0.000000 -0.801762 -0.000000 0.000000 1.000000 0.000000
0.999888 0.014942 0.000000 36.681635 -0.014942 0.999888 -0.000000 -0.817938 -0.000000 0.000000 1.000000 0.000000
0.999885 0.015159 0.000000 37.333785 -0.015159 0.999885 -0.000000 -0.836111 -0.000000 0.000000 1.000000 0.000000
0.999909 0.013503 0.000000 37.944092 -0.013503 0.999909 -0.000000 -0.860485 -0.000000 0.000000 1.000000 0.000000
0.999872 0.016025 0.000000 38.601165 -0.016025 0.999872 -0.000000 -0.869268 -0.000000 0.000000 1.000000 0.000000
0.999853 0.017159 0.000000 39.261809 -0.017159 0.999853 -0.000000 -0.881195 -0.000000 0.000000 1.000000 0.000000
0.999814 0.019271 0.000000 39.925263 -0.019271 0.999814 -0.000000 -0.897277 -0.000000 0.000000 1.000000 0.000000
0.999887 0.015035 0.000000 40.584106 -0.015035 0.999887 -0.000000 -0.916787 -0.000000 0.000000 1.000000 0.000000
0.999924 0.012299 0.000000 41.236977 -0.012299 0.999924 -0.000000 -0.942501 -0.000000 0.000000 1.000000 0.000000
0.999924 0.012302 0.000000 41.858472 -0.012302 0.999924 -0.000000 -0.957364 -0.000000 0.000000 1.000000 0.000000
0.999916 0.012983 0.000000 42.520469 -0.012983 0.999916 -0.000000 -0.972443 -0.000000 0.000000 1.000000 0.000000
0.999881 0.015436 0.000000 43.180730 -0.015436 0.999881 -0.000000 -0.991646 -0.000000 0.000000 1.000000 0.000000
0.999865 0.016446 0.000000 43.839350 -0.016446 0.999865 -0.000000 -1.013351 -0.000000 0.000000 1.000000 0.000000
0.999883 0.015303 0.000000 44.497783 -0.015303 0.999883 -0.000000 -1.036367 -0.000000 0.000000 1.000000 0.000000
0.999926 0.012164 0.000000 45.152637 -0.012164 0.999926 -0.000000 -1.048062 -0.000000 0.000000 1.000000 0.000000
0.999908 0.013588 0.000000 46.177846 -0.013588 0.999908 -0.000000 -1.082314 -0.000000 0.000000 1.000000 0.000000
0.999941 0.010857 0.000000 46.862151 -0.010857 0.999941 -0.000000 -1.099456 -0.000000 0.000000 1.000000 0.000000
0.999905 0.013766 0.000000 47.490132 -0.013766 0.999905 -0.000000 -1.110902 -0.000000 0.000000 1.000000 0.000000
0.999916 0.012930 0.000000 48.147210 -0.012930 0.999916 -0.000000 -1.123205 -0.000000 0.000000 1.000000 0.000000
0.999919 0.012750 0.000000 48.804122 -0.012750 0.999919 -0.000000 -1.137953 -0.000000 0.000000 1.000000 0.000000
0.999929 0.011953 0.000000 49.461768 -0.011953 0.999929 -0.000000 -1.151597 -0.000000 0.000000 1.000000 0.000000
0.999914 0.013113 0.000000 50.115231 -0.013113 0.999914 -0.000000 -1.163110 -0.000000 0.000000 1.000000 0.000000
0.999930 0.011874 0.000000 50.765681 -0.011874 0.999930 -0.000000 -1.178747 -0.000000 0.000000 1.000000 0.000000
0.999950 0.010039 0.000000 52.104728 -0.010039 0.999950 -0.000000 -1.202116 -0.000000 0.000000 1.000000 0.000000
0.999954 0.009617 0.000000 52.748672 -0.009617 0.999954 -0.000000 -1.207535 -0.000000 0.000000 1.000000 0.000000
0.999983 0.005770 0.000000 53.383785 -0.005770 0.999983 -0.000000 -1.211841 -0.000000 0.000000 1.000000 0.000000
0.999982 0.006030 0.000000 54.019884 -0.006030 0.999982 -0.000000 -1.220371 -0.000000 0.000000 1.000000 0.000000
0.999968 0.007977 0.000000 54.654614 -0.007977 0.999968 -0.000000 -1.230040 -0.000000 0.000000 1.000000 0.000000
0.999950 0.009975 0.000000 55.323804 -0.009975 0.999950 -0.000000 -1.244002 -0.000000 0.000000 1.000000 0.000000
0.999947 0.010261 0.000000 55.958411 -0.010261 0.999947 -0.000000 -1.250390 -0.000000 0.000000 1.000000 0.000000
0.999936 0.011327 0.000000 56.565769 -0.011327 0.999936 -0.000000 -1.257902 -0.000000 0.000000 1.000000 0.000000
0.999942 0.010751 0.000000 57.193206 -0.010751 0.999942 -0.000000 -1.269571 -0.000000 0.000000 1.000000 0.000000
0.999938 0.011164 0.000000 57.782970 -0.011164 0.999938 -0.000000 -1.282482 -0.000000 0.000000 1.000000 0.000000
0.999927 0.012085 0.000000 58.410437 -0.012085 0.999927 -0.000000 -1.298021 -0.000000 0.000000 1.000000 0.000000
0.999911 0.013351 0.000000 59.033443 -0.013351 0.999911 -0.000000 -1.314073 -0.000000 0.000000 1.000000 0.000000
0.999904 0.013880 0.000000 59.613171 -0.013880 0.999904 -0.000000 -1.326462 -0.000000 0.000000 1.000000 0.000000
0.999878 0.015607 0.000000 60.226922 -0.015607 0.999878 -0.000000 -1.342377 -0.000000 0.000000 1.000000 0.000000
0.999902 0.013997 0.000000 60.836325 -0.013997 0.999902 -0.000000 -1.365569 -0.000000 0.000000 1.000000 0.000000
0.999898 0.014309 0.000000 61.406081 -0.014309 0.999898 -0.000000 -1.387619 -0.000000 0.000000 1.000000 0.000000
0.999913 0.013211 0.000000 62.015883 -0.013211 0.999913 -0.000000 -1.414497 -0.000000 0.000000 1.000000 0.000000
0.999909 0.013490 0.000000 62.586559 -0.013490 0.999909 -0.000000 -1.429703 -0.000000 0.000000 1.000000 0.000000
0.999856 0.016997 0.000000 63.195233 -0.016997 0.999856 -0.000000 -1.445403 -0.000000 0.000000 1.000000 0.000000
0.999844 0.017650 0.000000 63.800092 -0.017650 0.999844 -0.000000 -1.463390 -0.000000 0.000000 1.000000 0.000000
0.999836 0.018122 0.000000 64.637755 -0.018122 0.999836 -0.000000 -1.496388 -0.000000 0.000000 1.000000 0.000000
0.999807 0.019625 0.000000 65.233952 -0.019625 0.999807 -0.000000 -1.516480 -0.000000 0.000000 1.000000 0.000000
0.999783 0.020838 0.000000 65.833973 -0.020838 0.999783 -0.000000 -1.541975 -0.000000 0.000000 1.000000 0.000000
0.999807 0.019648 0.000000 66.427529 -0.019648 0.999807 -0.000000 -1.561390 -0.000000 0.000000 1.000000 0.000000
0.999817 0.019110 0.000000 67.020625 -0.019110 0.999817 -0.000000 -1.578179 -0.000000 0.000000 1.000000 0.000000
0.999862 0.016628 0.000000 67.607365 -0.016628 0.999862 -0.000000 -1.592137 -0.000000 0.000000 1.000000 0.000000
0.999889 0.014871 0.000000 68.234525 -0.014871 0.999889 -0.000000 -1.609104 -0.000000 0.000000 1.000000 0.000000
0.999893 0.014603 0.000000 68.823782 -0.014603 0.999893 -0.000000 -1.622038 -0.000000 0.000000 1.000000 0.000000
0.999907 0.013629 0.000000 69.415536 -0.013629 0.999907 -0.000000 -1.638666 -0.000000 0.000000 1.000000 0.000000
0.999865 0.016460 0.000000 70.594863 -0.016460 0.999865 -0.000000 -1.683148 -0.000000 0.000000 1.000000 0.000000
0.999892 0.014680 0.000000 71.174773 -0.014680 0.999892 -0.000000 -1.694971 -0.000000 0.000000 1.000000 0.000000
0.999862 0.016600 0.000000 71.755751 -0.016600 0.999862 -0.000000 -1.707673 -0.000000 0.000000 1.000000 0.000000
0.999863 0.016581 0.000000 72.333140 -0.016581 0.999863 -0.000000 -1.730861 -0.000000 0.000000 1.000000 0.000000
0.999868 0.016256 0.000000 72.913262 -0.016256 0.999868 -0.000000 -1.745645 -0.000000 0.000000 1.000000 0.000000
0.999839 0.017955 0.000000 73.490085 -0.017955 0.999839 -0.000000 -1.761548 -0.000000 0.000000 1.000000 0.000000
0.999859 0.016781 0.000000 74.058676 -0.016781 0.999859 -0.000000 -1.784953 -0.000000 0.000000 1.000000 0.000000
0.999891 0.014795 0.000000 74.626004 -0.014795 0.999891 -0.000000 -1.797397 -0.000000 0.000000 1.000000 0.000000
0.999895 0.014501 0.000000 75.188574 -0.014501 0.999895 -0.000000 -1.817604 -0.000000 0.000000 1.000000 0.000000
0.999865 0.016419 0.000000 75.747387 -0.016419 0.999865 -0.000000 -1.833725 -0.000000 0.000000 1.000000 0.000000
0.999868 0.016224 0.000000 76.301539 -0.016224 0.999868 -0.000000 -1.851931 -0.000000 0.000000 1.000000 0.000000
0.999875 0.015820 0.000000 76.852086 -0.015820 0.999875 -0.000000 -1.871249 -0.000000 0.000000 1.000000 0.000000
0.999875 0.015830 0.000000 77.394548 -0.015830 0.999875 -0.000000 -1.895007 -0.000000 0.000000 1.000000 0.000000
0.999847 0.017480 0.000000 77.907329 -0.017480 0.999847 -0.000000 -1.914595 -0.000000 0.000000 1.000000 0.000000
0.999821 0.018909 0.000000 78.449627 -0.018909 0.999821 -0.000000 -1.929300 -0.000000 0.000000 1.000000 0.000000
0.999770 0.021462 0.000000 78.971254 -0.021462 0.999770 -0.000000 -1.944618 -0.000000 0.000000 1.000000 0.000000
0.999711 0.024026 0.000000 79.477578 -0.024026 0.999711 -0.000000 -1.953813 -0.000000 0.000000 1.000000 0.000000
0.999699 0.024520 0.000000 80.012991 -0.024520 0.999699 -0.000000 -1.978788 -0.000000 0.000000 1.000000 0.000000
0.999708 0.024180 0.000000 80.539055 -0.024180 0.999708 -0.000000 -2.002328 -0.000000 0.000000 1.000000 0.000000
0.999707 0.024192 0.000000 81.029696 -0.024192 0.999707 -0.000000 -2.019967 -0.000000 0.000000 1.000000 0.000000
0.999683 0.025180 0.000000 81.559843 -0.025180 0.999683 -0.000000 -2.047985 -0.000000 0.000000 1.000000 0.000000
0.999610 0.027918 0.000000 82.071912 -0.027918 0.999610 -0.000000 -2.075143 -0.000000 0.000000 1.000000 0.000000
0.999636 0.026995 0.000000 82.556892 -0.026995 0.999636 -0.000000 -2.098697 -0.000000 0.000000 1.000000 0.000000
0.999631 0.027147 0.000000 83.078550 -0.027147 0.999631 -0.000000 -2.121471 -0.000000 0.000000 1.000000 0.000000
0.999596 0.028424 0.000000 83.588635 -0.028424 0.999596 -0.000000 -2.143706 -0.000000 0.000000 1.000000 0.000000
0.999547 0.030111 0.000000 84.068033 -0.030111 0.999547 -0.000000 -2.170411 -0.000000 0.000000 1.000000 0.000000
0.999532 0.030599 0.000000 84.576092 -0.030599 0.999532 -0.000000 -2.202061 -0.000000 0.000000 1.000000 0.000000
0.999527 0.030763 0.000000 85.047921 -0.030763 0.999527 -0.000000 -2.229164 -0.000000 0.000000 1.000000 0.000000
0.999464 0.032736 0.000000 85.550818 -0.032736 0.999464 -0.000000 -2.259490 -0.000000 0.000000 1.000000 0.000000
0.999456 0.032990 0.000000 86.207783 -0.032990 0.999456 -0.000000 -2.299780 -0.000000 0.000000 1.000000 0.000000
0.999340 0.036318 0.000000 86.699476 -0.036318 0.999340 -0.000000 -2.316422 -0.000000 0.000000 1.000000 0.000000
0.999275 0.038069 0.000000 87.198007 -0.038069 0.999275 -0.000000 -2.336768 -0.000000 0.000000 1.000000 0.000000
0.999235 0.039116 0.000000 87.687142 -0.039116 0.999235 -0.000000 -2.358809 -0.000000 0.000000 1.000000 0.000000
0.999258 0.038506 0.000000 88.168742 -0.038506 0.999258 -0.000000 -2.385974 -0.000000 0.000000 1.000000 0.000000
0.999298 0.037469 0.000000 88.651088 -0.037469 0.999298 -0.000000 -2.418284 -0.000000 0.000000 1.000000 0.000000
0.999244 0.038873 0.000000 89.122064 -0.038873 0.999244 -0.000000 -2.451164 -0.000000 0.000000 1.000000 0.000000
0.999102 0.042369 0.000000 90.077470 -0.042369 0.999102 -0.000000 -2.521829 -0.000000 0.000000 1.000000 0.000000
0.999028 0.044074 0.000000 90.544658 -0.044074 0.999028 -0.000000 -2.560488 -0.000000 0.000000 1.000000 0.000000
0.998875 0.047422 0.000000 91.011996 -0.047422 0.998875 -0.000000 -2.594796 -0.000000 0.000000 1.000000 0.000000
0.998776 0.049460 0.000000 91.479956 -0.049460 0.998776 -0.000000 -2.639772 -0.000000 0.000000 1.000000 0.000000
0.998711 0.050755 0.000000 91.952806 -0.050755 0.998711 -0.000000 -2.685785 -0.000000 0.000000 1.000000 0.000000
0.998542 0.053980 0.000000 92.411093 -0.053980 0.998542 -0.000000 -2.728327 -0.000000 0.000000 1.000000 0.000000
0.998443 0.055778 0.000000 92.875800 -0.055778 0.998443 -0.000000 -2.779028 -0.000000 0.000000 1.000000 0.000000
0.998220 0.059639 0.000000 93.337411 -0.059639 0.998220 -0.000000 -2.822033 -0.000000 0.000000 1.000000 0.000000
0.998037 0.062622 0.000000 93.790241 -0.062622 0.998037 -0.000000 -2.864445 -0.000000 0.000000 1.000000 0.000000
0.997852 0.065506 0.000000 94.244079 -0.065506 0.997852 -0.000000 -2.909334 -0.000000 0.000000 1.000000 0.000000
0.997684 0.068016 0.000000 94.667089 -0.068016 0.997684 -0.000000 -2.953833 -0.000000 0.000000 1.000000 0.000000
0.997535 0.070175 0.000000 95.111307 -0.070175 0.997535 -0.000000 -3.002677 -0.000000 0.000000 1.000000 0.000000
0.997300 0.073429 0.000000 95.548821 -0.073429 0.997300 -0.000000 -3.049521 -0.000000 0.000000 1.000000 0.000000
0.997254 0.074062 0.000000 95.983112 -0.074062 0.997254 -0.000000 -3.104004 -0.000000 0.000000 1.000000 0.000000
0.997004 0.077355 0.000000 96.403350 -0.077355 0.997004 -0.000000 -3.154859 -0.000000 0.000000 1.000000 0.000000
0.996844 0.079382 0.000000 96.825680 -0.079382 0.996844 -0.000000 -3.196850 -0.000000 0.000000 1.000000 0.000000
0.996170 0.087441 0.000000 97.243939 -0.087441 0.996170 -0.000000 -3.240559 -0.000000 0.000000 1.000000 0.000000
0.995930 0.090131 0.000000 97.651162 -0.090131 0.995930 -0.000000 -3.284148 -0.000000 0.000000 1.000000 0.000000
0.995649 0.093185 0.000000 98.056189 -0.093185 0.995649 -0.000000 -3.333148 -0.000000 0.000000 1.000000 0.000000
0.995674 0.092918 0.000000 98.468426 -0.092918 0.995674 -0.000000 -3.381165 -0.000000 0.000000 1.000000 0.000000
0.995398 0.095825 0.000000 98.860670 -0.095825 0.995398 -0.000000 -3.432234 -0.000000 0.000000 1.000000 0.000000
0.995525 0.094502 0.000000 99.255211 -0.094502 0.995525 -0.000000 -3.492606 -0.000000 0.000000 1.000000 0.000000
0.994879 0.101076 0.000000 99.639334 -0.101076 0.994879 -0.000000 -3.540719 -0.000000 0.000000 1.000000 0.000000
0.994489 0.104842 0.000000 100.040692 -0.104842 0.994489 -0.000000 -3.592141 -0.000000 0.000000 1.000000 0.000000
0.994539 0.104361 0.000000 100.428499 -0.104361 0.994539 -0.000000 -3.649880 -0.000000 0.000000 1.000000 0.000000
0.994162 0.107898 0.000000 100.797080 -0.107898 0.994162 -0.000000 -3.698311 -0.000000 0.000000 1.000000 0.000000
0.993679 0.112259 0.000000 101.201551 -0.112259 0.993679 -0.000000 -3.753293 -0.000000 0.000000 1.000000 0.000000
0.993133 0.116994 0.000000 101.600610 -0.116994 0.993133 -0.000000 -3.808465 -0.000000 0.000000 1.000000 0.000000
0.992693 0.120670 0.000000 102.162227 -0.120670 0.992693 -0.000000 -3.901971 -0.000000 0.000000 1.000000 0.000000
0.992399 0.123061 0.000000 102.568337 -0.123061 0.992399 -0.000000 -3.966351 -0.000000 0.000000 1.000000 0.000000
0.992131 0.125205 0.000000 102.975978 -0.125205 0.992131 -0.000000 -4.036009 -0.000000 0.000000 1.000000 0.000000
0.991833 0.127541 0.000000 103.389135 -0.127541 0.991833 -0.000000 -4.101979 -0.000000 0.000000 1.000000 0.000000
0.991502 0.130091 0.000000 103.801290 -0.130091 0.991502 -0.000000 -4.176537 -0.000000 0.000000 1.000000 0.000000
0.991421 0.130707 0.000000 104.213185 -0.130707 0.991421 -0.000000 -4.244979 -0.000000 0.000000 1.000000 0.000000
0.991286 0.131727 0.000000 104.629784 -0.131727 0.991286 -0.000000 -4.315752 -0.000000 0.000000 1.000000 0.000000
0.990874 0.134791 0.000000 105.046412 -0.134791 0.990874 -0.000000 -4.387738 -0.000000 0.000000 1.000000 0.000000
0.989874 0.141949 0.000000 105.773844 -0.141949 0.989874 -0.000000 -4.518067 -0.000000 0.000000 1.000000 0.000000
0.989788 0.142547 0.000000 106.197067 -0.142547 0.989788 -0.000000 -4.600830 -0.000000 0.000000 1.000000 0.000000
0.989887 0.141859 0.000000 106.627210 -0.141859 0.989887 -0.000000 -4.684234 -0.000000 0.000000 1.000000 0.000000
0.989962 0.141337 0.000000 107.052255 -0.141337 0.989962 -0.000000 -4.765342 -0.000000 0.000000 1.000000 0.000000
0.990066 0.140602 0.000000 107.483025 -0.140602 0.990066 -0.000000 -4.839394 -0.000000 0.000000 1.000000 0.000000
0.989553 0.144173 0.000000 107.919928 -0.144173 0.989553 -0.000000 -4.901241 -0.000000 0.000000 1.000000 0.000000
0.989708 0.143099 0.000000 108.355079 -0.143099 0.989708 -0.000000 -4.979516 -0.000000 0.000000 1.000000 0.000000
0.989769 0.142677 0.000000 108.792986 -0.142677 0.989769 -0.000000 -5.051496 -0.000000 0.000000 1.000000 0.000000
0.989707 0.143108 0.000000 109.234832 -0.143108 0.989707 -0.000000 -5.129751 -0.000000 0.000000 1.000000 0.000000
0.989504 0.144507 0.000000 109.679647 -0.144507 0.989504 -0.000000 -5.207826 -0.000000 0.000000 1.000000 0.000000
0.988931 0.148377 0.000000 110.123952 -0.148377 0.988931 -0.000000 -5.290974 -0.000000 0.000000 1.000000 0.000000
0.988935 0.148348 0.000000 110.943808 -0.148348 0.988935 -0.000000 -5.440134 -0.000000 0.000000 1.000000 0.000000
0.989018 0.147797 0.000000 111.394618 -0.147797 0.989018 -0.000000 -5.526145 -0.000000 0.000000 1.000000 0.000000
0.988875 0.148750 0.000000 111.848464 -0.148750 0.988875 -0.000000 -5.605809 -0.000000 0.000000 1.000000 0.000000
0.988635 0.150338 0.000000 112.305566 -0.150338 0.988635 -0.000000 -5.698673 -0.000000 0.000000 1.000000 0.000000
0.988289 0.152591 0.000000 112.762451 -0.152591 0.988289 -0.000000 -5.792979 -0.000000 0.000000 1.000000 0.000000
0.988112 0.153736 0.000000 113.220505 -0.153736 0.988112 -0.000000 -5.886954 -0.000000 0.000000 1.000000 0.000000
0.987913 0.155011 0.000000 113.681702 -0.155011 0.987913 -0.000000 -5.979833 -0.000000 0.000000 1.000000 0.000000
0.987331 0.158673 0.000000 114.145571 -0.158673 0.987331 -0.000000 -6.071330 -0.000000 0.000000 1.000000 0.000000
0.986672 0.162721 0.000000 114.643307 -0.162721 0.986672 -0.000000 -6.167197 -0.000000 0.000000 1.000000 0.000000
0.986092 0.166202 0.000000 115.081568 -0.166202 0.986092 -0.000000 -6.253546 -0.000000 0.000000 1.000000 0.000000
0.986066 0.166353 0.000000 115.581022 -0.166353 0.986066 -0.000000 -6.357091 -0.000000 0.000000 1.000000 0.000000
0.985807 0.167881 0.000000 116.051102 -0.167881 0.985807 -0.000000 -6.452716 -0.000000 0.000000 1.000000 0.000000
0.985414 0.170175 0.000000 116.516524 -0.170175 0.985414 -0.000000 -6.546975 -0.000000 0.000000 1.000000 0.000000
0.985749 0.168224 0.000000 116.980435 -0.168224 0.985749 -0.000000 -6.650644 -0.000000 0.000000 1.000000 0.000000
0.985174 0.171556 0.000000 117.449123 -0.171556 0.985174 -0.000000 -6.741850 -0.000000 0.000000 1.000000 0.000000
0.984763 0.173899 0.000000 117.917291 -0.173899 0.984763 -0.000000 -6.841275 -0.000000 0.000000 1.000000 0.000000
0.984078 0.177735 0.000000 118.386486 -0.177735 0.984078 -0.000000 -6.937346 -0.000000 0.000000 1.000000 0.000000
0.982929 0.183987 0.000000 118.860346 -0.183987 0.982929 -0.000000 -7.031951 -0.000000 0.000000 1.000000 0.000000
0.982614 0.185660 0.000000 119.311840 -0.185660 0.982614 -0.000000 -7.128251 -0.000000 0.000000 1.000000 0.000000
0.982517 0.186172 0.000000 119.789908 -0.186172 0.982517 -0.000000 -7.228813 -0.000000 0.000000 1.000000 0.000000
0.982186 0.187909 0.000000 120.268626 -0.187909 0.982186 -0.000000 -7.334892 -0.000000 0.000000 1.000000 0.000000
0.982080 0.188464 0.000000 121.059073 -0.188464 0.982080 -0.000000 -7.508598 -0.000000 0.000000 1.000000 0.000000
0.982081 0.188460 0.000000 121.543455 -0.188460 0.982081 -0.000000 -7.617274 -0.000000 0.000000 1.000000 0.000000
0.984329 0.176341 0.000000 122.514010 -0.176341 0.984329 -0.000000 -7.838235 -0.000000 0.000000 1.000000 0.000000
0.984344 0.176256 0.000000 123.007811 -0.176256 0.984344 -0.000000 -7.941476 -0.000000 0.000000 1.000000 0.000000
0.984542 0.175148 0.000000 123.502640 -0.175148 0.984542 -0.000000 -8.044258 -0.000000 0.000000 1.000000 0.000000
0.984504 0.175363 0.000000 124.000346 -0.175363 0.984504 -0.000000 -8.140186 -0.000000 0.000000 1.000000 0.000000
0.984857 0.173370 0.000000 124.498640 -0.173370 0.984857 -0.000000 -8.240894 -0.000000 0.000000 1.000000 0.000000
0.984731 0.174085 0.000000 124.999485 -0.174085 0.984731 -0.000000 -8.337025 -0.000000 0.000000 1.000000 0.000000
0.984774 0.173839 0.000000 125.539919 -0.173839 0.984774 -0.000000 -8.442660 -0.000000 0.000000 1.000000 0.000000
0.984328 0.176347 0.000000 126.025103 -0.176347 0.984328 -0.000000 -8.535782 -0.000000 0.000000 1.000000 0.000000
0.984042 0.177939 0.000000 126.534476 -0.177939 0.984042 -0.000000 -8.634401 -0.000000 0.000000 1.000000 0.000000
0.984208 0.177016 0.000000 127.053413 -0.177016 0.984208 -0.000000 -8.731561 -0.000000 0.000000 1.000000 0.000000
0.984848 0.173422 0.000000 127.535262 -0.173422 0.984848 -0.000000 -8.836066 -0.000000 0.000000 1.000000 0.000000
0.984792 0.173740 0.000000 128.050764 -0.173740 0.984792 -0.000000 -8.935506 -0.000000 0.000000 1.000000 0.000000
0.984756 0.173944 0.000000 128.577486 -0.173944 0.984756 -0.000000 -9.038609 -0.000000 0.000000 1.000000 0.000000
0.984308 0.176458 0.000000 129.068822 -0.176458 0.984308 -0.000000 -9.128902 -0.000000 0.000000 1.000000 0.000000
0.984896 0.173144 0.000000 129.589686 -0.173144 0.984896 -0.000000 -9.225531 -0.000000 0.000000 1.000000 0.000000
0.984233 0.176875 0.000000 130.119365 -0.176875 0.984233 -0.000000 -9.336138 -0.000000 0.000000 1.000000 0.000000
0.983813 0.179196 0.000000 130.743809 -0.179196 0.983813 -0.000000 -9.456923 -0.000000 0.000000 1.000000 0.000000
0.983510 0.180851 0.000000 131.309377 -0.180851 0.983510 -0.000000 -9.566383 -0.000000 0.000000 1.000000 0.000000
0.983047 0.183355 0.000000 131.809655 -0.183355 0.983047 -0.000000 -9.660217 -0.000000 0.000000 1.000000 0.000000
0.982953 0.183855 0.000000 132.338414 -0.183855 0.982953 -0.000000 -9.770710 -0.000000 0.000000 1.000000 0.000000
0.981971 0.189030 0.000000 132.871206 -0.189030 0.981971 -0.000000 -9.881566 -0.000000 0.000000 1.000000 0.000000
0.981476 0.191587 0.000000 133.406940 -0.191587 0.981476 -0.000000 -9.996131 -0.000000 0.000000 1.000000 0.000000
0.980362 0.197204 0.000000 137.197288 -0.197204 0.980362 -0.000000 -10.861902 -0.000000 0.000000 1.000000 0.000000
0.980566 0.196188 0.000000 137.708244 -0.196188 0.980566 -0.000000 -10.976307 -0.000000 0.000000 1.000000 0.000000
0.981426 0.191840 0.000000 138.849295 -0.191840 0.981426 -0.000000 -11.235378 -0.000000 0.000000 1.000000 0.000000
0.980329 0.197372 0.000000 139.960884 -0.197372 0.980329 -0.000000 -11.500908 -0.000000 0.000000 1.000000 0.000000
0.980135 0.198334 0.000000 140.521681 -0.198334 0.980135 -0.000000 -11.633033 -0.000000 0.000000 1.000000 0.000000
0.979925 0.199369 0.000000 141.079967 -0.199369 0.979925 -0.000000 -11.772352 -0.000000 0.000000 1.000000 0.000000
0.979751 0.200222 0.000000 141.646997 -0.200222 0.979751 -0.000000 -11.908873 -0.000000 0.000000 1.000000 0.000000
0.979904 0.199468 0.000000 142.207333 -0.199468 0.979904 -0.000000 -12.059260 -0.000000 0.000000 1.000000 0.000000
0.980630 0.195871 0.000000 142.773953 -0.195871 0.980630 -0.000000 -12.201342 -0.000000 0.000000 1.000000 0.000000
0.979932 0.199333 0.000000 143.346411 -0.199333 0.979932 -0.000000 -12.337275 -0.000000 0.000000 1.000000 0.000000
0.979806 0.199952 0.000000 143.918964 -0.199952 0.979806 -0.000000 -12.474820 -0.000000 0.000000 1.000000 0.000000
0.979960 0.199192 0.000000 144.494409 -0.199192 0.979960 -0.000000 -12.621591 -0.000000 0.000000 1.000000 0.000000
0.979660 0.200665 0.000000 145.406458 -0.200665 0.979660 -0.000000 -12.844535 -0.000000 0.000000 1.000000 0.000000
0.978664 0.205467 0.000000 145.983015 -0.205467 0.978664 -0.000000 -12.982026 -0.000000 0.000000 1.000000 0.000000
0.978815 0.204746 0.000000 146.548964 -0.204746 0.978815 -0.000000 -13.138871 -0.000000 0.000000 1.000000 0.000000
0.978091 0.208179 0.000000 147.124116 -0.208179 0.978091 -0.000000 -13.278348 -0.000000 0.000000 1.000000 0.000000
0.977508 0.210898 0.000000 147.739658 -0.210898 0.977508 -0.000000 -13.431652 -0.000000 0.000000 1.000000 0.000000
0.976919 0.213612 0.000000 148.265988 -0.213612 0.976919 -0.000000 -13.564037 -0.000000 0.000000 1.000000 0.000000
0.976690 0.214654 0.000000 148.873281 -0.214654 0.976690 -0.000000 -13.722252 -0.000000 0.000000 1.000000 0.000000
0.976703 0.214595 0.000000 149.440358 -0.214595 0.976703 -0.000000 -13.873204 -0.000000 0.000000 1.000000 0.000000
0.976669 0.214751 0.000000 150.015334 -0.214751 0.976669 -0.000000 -14.015452 -0.000000 0.000000 1.000000 0.000000
0.976693 0.214641 0.000000 150.585310 -0.214641 0.976693 -0.000000 -14.152265 -0.000000 0.000000 1.000000 0.000000
0.976732 0.214465 0.000000 151.151351 -0.214465 0.976732 -0.000000 -14.291568 -0.000000 0.000000 1.000000 0.000000
0.977114 0.212717 0.000000 151.710983 -0.212717 0.977114 -0.000000 -14.429414 -0.000000 0.000000 1.000000 0.000000
0.977390 0.211446 0.000000 152.275316 -0.211446 0.977390 -0.000000 -14.562345 -0.000000 0.000000 1.000000 0.000000
0.977387 0.211457 0.000000 152.832964 -0.211457 0.977387 -0.000000 -14.691878 -0.000000 0.000000 1.000000 0.000000
0.977750 0.209772 0.000000 153.400377 -0.209772 0.977750 -0.000000 -14.831944 -0.000000 0.000000 1.000000 0.000000
0.977052 0.213000 0.000000 153.966207 -0.213000 0.977052 -0.000000 -14.964219 -0.000000 0.000000 1.000000 0.000000
0.976500 0.215517 0.000000 155.096479 -0.215517 0.976500 -0.000000 -15.238609 -0.000000 0.000000 1.000000 0.000000
0.976303 0.216407 0.000000 155.657308 -0.216407 0.976303 -0.000000 -15.376937 -0.000000 0.000000 1.000000 0.000000
0.976376 0.216080 0.000000 156.186330 -0.216080 0.976376 -0.000000 -15.507296 -0.000000 0.000000 1.000000 0.000000
0.975988 0.217826 0.000000 156.767662 -0.217826 0.975988 -0.000000 -15.643144 -0.000000 0.000000 1.000000 0.000000
0.975574 0.219672 0.000000 157.318153 -0.219672 0.975574 -0.000000 -15.773108 -0.000000 0.000000 1.000000 0.000000
0.975886 0.218281 0.000000 158.417685 -0.218281 0.975886 -0.000000 -16.047374 -0.000000 0.000000 1.000000 0.000000
0.976062 0.217492 0.000000 158.974786 -0.217492 0.976062 -0.000000 -16.180927 -0.000000 0.000000 1.000000 0.000000
0.975739 0.218937 0.000000 159.504110 -0.218937 0.975739 -0.000000 -16.316632 -0.000000 0.000000 1.000000 0.000000
0.975541 0.219816 0.000000 160.066488 -0.219816 0.975541 -0.000000 -16.453825 -0.000000 0.000000 1.000000 0.000000
0.975901 0.218212 0.000000 160.634797 -0.218212 0.975901 -0.000000 -16.592481 -0.000000 0.000000 1.000000 0.000000
0.975620 0.219468 0.000000 161.169375 -0.219468 0.975620 -0.000000 -16.715431 -0.000000 0.000000 1.000000 0.000000
0.975105 0.221745 0.000000 161.929108 -0.221745 0.975105 -0.000000 -16.891607 -0.000000 0.000000 1.000000 0.000000
0.974086 0.226176 0.000000 162.498503 -0.226176 0.974086 -0.000000 -17.018576 -0.000000 0.000000 1.000000 0.000000
0.973824 0.227303 0.000000 163.066977 -0.227303 0.973824 -0.000000 -17.155368 -0.000000 0.000000 1.000000 0.000000
0.972590 0.232528 0.000000 163.676588 -0.232528 0.972590 -0.000000 -17.292446 -0.000000 0.000000 1.000000 0.000000
0.972563 0.232638 0.000000 164.212935 -0.232638 0.972563 -0.000000 -17.423890 -0.000000 0.000000 1.000000 0.000000
0.973150 0.230171 0.000000 164.820364 -0.230171 0.973150 -0.000000 -17.585263 -0.000000 0.000000 1.000000 0.000000
0.972268 0.233868 0.000000 165.391768 -0.233868 0.972268 -0.000000 -17.720618 -0.000000 0.000000 1.000000 0.000000
0.972799 0.231651 0.000000 165.966564 -0.231651 0.972799 -0.000000 -17.859221 -0.000000 0.000000 1.000000 0.000000
0.971775 0.235909 0.000000 166.549353 -0.235909 0.971775 -0.000000 -17.999959 -0.000000 0.000000 1.000000 0.000000
0.972469 0.233032 0.000000 167.112929 -0.233032 0.972469 -0.000000 -18.153352 -0.000000 0.000000 1.000000 0.000000
0.972781 0.231725 0.000000 167.687200 -0.231725 0.972781 -0.000000 -18.294540 -0.000000 0.000000 1.000000 0.000000
0.972774 0.231754 0.000000 168.253407 -0.231754 0.972774 -0.000000 -18.440748 -0.000000 0.000000 1.000000 0.000000
0.974099 0.226120 0.000000 168.828653 -0.226120 0.974099 -0.000000 -18.600394 -0.000000 0.000000 1.000000 0.000000
0.975232 0.221184 0.000000 169.400426 -0.221184 0.975232 -0.000000 -18.756017 -0.000000 0.000000 1.000000 0.000000
0.975258 0.221070 0.000000 169.979379 -0.221070 0.975258 -0.000000 -18.896174 -0.000000 0.000000 1.000000 0.000000
0.974915 0.222579 0.000000 170.552241 -0.222579 0.974915 -0.000000 -19.042436 -0.000000 0.000000 1.000000 0.000000
0.974811 0.223033 0.000000 171.128109 -0.223033 0.974811 -0.000000 -19.184260 -0.000000 0.000000 1.000000 0.000000
0.974623 0.223851 0.000000 171.665214 -0.223851 0.974623 -0.000000 -19.319971 -0.000000 0.000000 1.000000 0.000000
0.974567 0.224095 0.000000 172.279490 -0.224095 0.974567 -0.000000 -19.474573 -0.000000 0.000000 1.000000 0.000000
0.974990 0.222248 0.000000 172.817243 -0.222248 0.974990 -0.000000 -19.605884 -0.000000 0.000000 1.000000 0.000000
0.974795 0.223102 0.000000 173.395074 -0.223102 0.974795 -0.000000 -19.750903 -0.000000 0.000000 1.000000 0.000000
0.974552 0.224162 0.000000 173.978220 -0.224162 0.974552 -0.000000 -19.893483 -0.000000 0.000000 1.000000 0.000000
0.973811 0.227360 0.000000 174.558497 -0.227360 0.973811 -0.000000 -20.038884 -0.000000 0.000000 1.000000 0.000000
0.971841 0.235636 0.000000 175.133821 -0.235636 0.971841 -0.000000 -20.185094 -0.000000 0.000000 1.000000 0.000000
0.971606 0.236604 0.000000 175.708513 -0.236604 0.971606 -0.000000 -20.332324 -0.000000 0.000000 1.000000 0.000000
0.971615 0.236567 0.000000 176.285728 -0.236567 0.971615 -0.000000 -20.480964 -0.000000 0.000000 1.000000 0.000000
0.971596 0.236645 0.000000 176.863082 -0.236645 0.971596 -0.000000 -20.629794 -0.000000 0.000000 1.000000 0.000000
0.971442 0.237278 0.000000 177.446273 -0.237278 0.971442 -0.000000 -20.782521 -0.000000 0.000000 1.000000 0.000000
0.971063 0.238823 0.000000 178.033345 -0.238823 0.971063 -0.000000 -20.927806 -0.000000 0.000000 1.000000 0.000000
0.971561 0.236790 0.000000 178.606663 -0.236790 0.971561 -0.000000 -21.079468 -0.000000 0.000000 1.000000 0.000000
0.971699 0.236223 0.000000 179.187601 -0.236223 0.971699 -0.000000 -21.229806 -0.000000 0.000000 1.000000 0.000000
0.971173 0.238377 0.000000 179.767118 -0.238377 0.971173 -0.000000 -21.377651 -0.000000 0.000000 1.000000 0.000000
0.970987 0.239131 0.000000 180.312259 -0.239131 0.970987 -0.000000 -21.512026 -0.000000 0.000000 1.000000 0.000000
0.971100 0.238671 0.000000 180.887863 -0.238671 0.971100 -0.000000 -21.665209 -0.000000 0.000000 1.000000 0.000000
0.971024 0.238983 0.000000 181.466716 -0.238983 0.971024 -0.000000 -21.817570 -0.000000 0.000000 1.000000 0.000000
0.970962 0.239232 0.000000 182.018225 -0.239232 0.970962 -0.000000 -21.962086 -0.000000 0.000000 1.000000 0.000000
0.971638 0.236472 0.000000 182.584983 -0.236472 0.971638 -0.000000 -22.115596 -0.000000 0.000000 1.000000 0.000000
0.971292 0.237890 0.000000 183.156886 -0.237890 0.971292 -0.000000 -22.270654 -0.000000 0.000000 1.000000 0.000000
0.972175 0.234256 0.000000 183.694914 -0.234256 0.972175 -0.000000 -22.418965 -0.000000 0.000000 1.000000 0.000000
0.972271 0.233856 0.000000 184.261166 -0.233856 0.972271 -0.000000 -22.576463 -0.000000 0.000000 1.000000 0.000000
0.971492 0.237074 0.000000 184.834019 -0.237074 0.971492 -0.000000 -22.726535 -0.000000 0.000000 1.000000 0.000000
0.971539 0.236878 0.000000 185.370693 -0.236878 0.971539 -0.000000 -22.866089 -0.000000 0.000000 1.000000 0.000000
0.971029 0.238960 0.000000 185.946284 -0.238960 0.971029 -0.000000 -23.019216 -0.000000 0.000000 1.000000 0.000000
0.970679 0.240381 0.000000 186.511364 -0.240381 0.970679 -0.000000 -23.173096 -0.000000 0.000000 1.000000 0.000000
0.970415 0.241444 0.000000 187.333016 -0.241444 0.970415 -0.000000 -23.403297 -0.000000 0.000000 1.000000 0.000000
0.969908 0.243472 0.000000 187.897476 -0.243472 0.969908 -0.000000 -23.549955 -0.000000 0.000000 1.000000 0.000000
0.969584 0.244758 0.000000 188.465405 -0.244758 0.969584 -0.000000 -23.698365 -0.000000 0.000000 1.000000 0.000000
0.969792 0.243935 0.000000 189.031971 -0.243935 0.969792 -0.000000 -23.845630 -0.000000 0.000000 1.000000 0.000000
0.969584 0.244758 0.000000 189.596121 -0.244758 0.969584 -0.000000 -23.996349 -0.000000 0.000000 1.000000 0.000000
0.970069 0.242829 0.000000 190.164036 -0.242829 0.970069 -0.000000 -24.139446 -0.000000 0.000000 1.000000 0.000000
0.971115 0.238614 0.000000 190.726337 -0.238614 0.971115 -0.000000 -24.296321 -0.000000 0.000000 1.000000 0.000000
0.971161 0.238423 0.000000 191.308746 -0.238423 0.971161 -0.000000 -24.447002 -0.000000 0.000000 1.000000 0.000000
0.971305 0.237836 0.000000 191.809874 -0.237836 0.971305 -0.000000 -24.584597 -0.000000 0.000000 1.000000 0.000000
0.971077 0.238767 0.000000 192.776538 -0.238767 0.971077 -0.000000 -24.844431 -0.000000 0.000000 1.000000 0.000000
0.971112 0.238622 0.000000 193.341018 -0.238622 0.971112 -0.000000 -24.993105 -0.000000 0.000000 1.000000 0.000000
0.970943 0.239311 0.000000 194.046568 -0.239311 0.970943 -0.000000 -25.181209 -0.000000 0.000000 1.000000 0.000000
0.970819 0.239814 0.000000 194.761677 -0.239814 0.970819 -0.000000 -25.376996 -0.000000 0.000000 1.000000 0.000000
0.970281 0.241980 0.000000 195.710995 -0.241980 0.970281 -0.000000 -25.639341 -0.000000 0.000000 1.000000 0.000000
0.970435 0.241362 0.000000 196.265565 -0.241362 0.970435 -0.000000 -25.793128 -0.000000 0.000000 1.000000 0.000000
0.970492 0.241135 0.000000 196.830169 -0.241135 0.970492 -0.000000 -25.943249 -0.000000 0.000000 1.000000 0.000000
0.970405 0.241483 0.000000 197.384682 -0.241483 0.970405 -0.000000 -26.092418 -0.000000 0.000000 1.000000 0.000000
0.970269 0.242030 0.000000 197.909883 -0.242030 0.970269 -0.000000 -26.231741 -0.000000 0.000000 1.000000 0.000000
0.970978 0.239170 0.000000 198.473966 -0.239170 0.970978 -0.000000 -26.385062 -0.000000 0.000000 1.000000 0.000000
0.970297 0.241919 0.000000 199.032675 -0.241919 0.970297 -0.000000 -26.541700 -0.000000 0.000000 1.000000 0.000000
0.970217 0.242239 0.000000 199.819415 -0.242239 0.970217 -0.000000 -26.769745 -0.000000 0.000000 1.000000 0.000000
0.970709 0.240257 0.000000 200.381176 -0.240257 0.970709 -0.000000 -26.927279 -0.000000 0.000000 1.000000 0.000000
0.970937 0.239335 0.000000 200.942377 -0.239335 0.970937 -0.000000 -27.076482 -0.000000 0.000000 1.000000 0.000000
0.970983 0.239148 0.000000 201.501890 -0.239148 0.970983 -0.000000 -27.225709 -0.000000 0.000000 1.000000 0.000000
0.972151 0.234357 0.000000 202.095906 -0.234357 0.972151 -0.000000 -27.386924 -0.000000 0.000000 1.000000 0.000000
0.972328 0.233619 0.000000 202.621721 -0.233619 0.972328 -0.000000 -27.524724 -0.000000 0.000000 1.000000 0.000000
0.972374 0.233428 0.000000 203.217816 -0.233428 0.972374 -0.000000 -27.683013 -0.000000 0.000000 1.000000 0.000000
0.972656 0.232251 0.000000 203.746791 -0.232251 0.972656 -0.000000 -27.823949 -0.000000 0.000000 1.000000 0.000000
0.972763 0.231800 0.000000 204.339327 -0.231800 0.972763 -0.000000 -27.981204 -0.000000 0.000000 1.000000 0.000000
0.972916 0.231158 0.000000 204.893014 -0.231158 0.972916 -0.000000 -28.124697 -0.000000 0.000000 1.000000 0.000000
0.972771 0.231767 0.000000 205.453324 -0.231767 0.972771 -0.000000 -28.258718 -0.000000 0.000000 1.000000 0.000000
0.973426 0.229000 0.000000 206.014620 -0.229000 0.973426 -0.000000 -28.407704 -0.000000 0.000000 1.000000 0.000000
0.973239 0.229795 0.000000 206.560379 -0.229795 0.973239 -0.000000 -28.545796 -0.000000 0.000000 1.000000 0.000000
0.973290 0.229580 0.000000 207.118166 -0.229580 0.973290 -0.000000 -28.690089 -0.000000 0.000000 1.000000 0.000000
0.973743 0.227648 0.000000 207.681096 -0.227648 0.973743 -0.000000 -28.835876 -0.000000 0.000000 1.000000 0.000000
0.974102 0.226108 0.000000 208.233203 -0.226108 0.974102 -0.000000 -28.980151 -0.000000 0.000000 1.000000 0.000000
0.972373 0.233433 0.000000 208.783818 -0.233433 0.972373 -0.000000 -29.122258 -0.000000 0.000000 1.000000 0.000000
0.972605 0.232463 0.000000 209.336063 -0.232463 0.972605 -0.000000 -29.264246 -0.000000 0.000000 1.000000 0.000000
0.973279 0.229626 0.000000 209.921165 -0.229626 0.973279 -0.000000 -29.415936 -0.000000 0.000000 1.000000 0.000000
0.973692 0.227869 0.000000 210.473856 -0.227869 0.973692 -0.000000 -29.552934 -0.000000 0.000000 1.000000 0.000000
0.974365 0.224973 0.000000 211.026333 -0.224973 0.974365 -0.000000 -29.689666 -0.000000 0.000000 1.000000 0.000000
0.974474 0.224501 0.000000 211.543077 -0.224501 0.974474 -0.000000 -29.818728 -0.000000 0.000000 1.000000 0.000000
0.974728 0.223395 0.000000 212.097826 -0.223395 0.974728 -0.000000 -29.952057 -0.000000 0.000000 1.000000 0.000000
0.974296 0.225272 0.000000 212.684680 -0.225272 0.974296 -0.000000 -30.099399 -0.000000 0.000000 1.000000 0.000000
0.974684 0.223586 0.000000 213.236462 -0.223586 0.974684 -0.000000 -30.233395 -0.000000 0.000000 1.000000 0.000000
0.975166 0.221474 0.000000 213.785653 -0.221474 0.975166 -0.000000 -30.370489 -0.000000 0.000000 1.000000 0.000000
0.975383 0.220519 0.000000 214.310441 -0.220519 0.975383 -0.000000 -30.502809 -0.000000 0.000000 1.000000 0.000000
0.976141 0.217136 0.000000 215.391270 -0.217136 0.976141 -0.000000 -30.770688 -0.000000 0.000000 1.000000 0.000000
0.976968 0.213387 0.000000 215.922946 -0.213387 0.976968 -0.000000 -30.908440 -0.000000 0.000000 1.000000 0.000000
0.977379 0.211497 0.000000 216.454310 -0.211497 0.977379 -0.000000 -31.038881 -0.000000 0.000000 1.000000 0.000000
0.977600 0.210469 0.000000 216.962346 -0.210469 0.977600 -0.000000 -31.159320 -0.000000 0.000000 1.000000 0.000000
0.977547 0.210718 0.000000 217.510491 -0.210718 0.977547 -0.000000 -31.290469 -0.000000 0.000000 1.000000 0.000000
0.977799 0.209547 0.000000 218.046306 -0.209547 0.977799 -0.000000 -31.420028 -0.000000 0.000000 1.000000 0.000000
0.978136 0.207965 0.000000 218.587581 -0.207965 0.978136 -0.000000 -31.546618 -0.000000 0.000000 1.000000 0.000000
0.978286 0.207261 0.000000 219.094241 -0.207261 0.978286 -0.000000 -31.663707 -0.000000 0.000000 1.000000 0.000000
0.978646 0.205553 0.000000 219.630289 -0.205553 0.978646 -0.000000 -31.795786 -0.000000 0.000000 1.000000 0.000000
0.978466 0.206408 0.000000 220.128504 -0.206408 0.978466 -0.000000 -31.912800 -0.000000 0.000000 1.000000 0.000000
0.978409 0.206680 0.000000 220.657606 -0.206680 0.978409 -0.000000 -32.034861 -0.000000 0.000000 1.000000 0.000000
0.978668 0.205447 0.000000 221.186827 -0.205447 0.978668 -0.000000 -32.157477 -0.000000 0.000000 1.000000 0.000000
0.978899 0.204343 0.000000 221.710689 -0.204343 0.978899 -0.000000 -32.277932 -0.000000 0.000000 1.000000 0.000000
0.979151 0.203135 0.000000 222.204378 -0.203135 0.979151 -0.000000 -32.393485 -0.000000 0.000000 1.000000 0.000000
0.979181 0.202990 0.000000 222.732647 -0.202990 0.979181 -0.000000 -32.507636 -0.000000 0.000000 1.000000 0.000000
0.979520 0.201346 0.000000 223.386109 -0.201346 0.979520 -0.000000 -32.657533 -0.000000 0.000000 1.000000 0.000000
0.979605 0.200931 0.000000 224.014564 -0.200931 0.979605 -0.000000 -32.799599 -0.000000 0.000000 1.000000 0.000000
0.979714 0.200400 0.000000 224.538855 -0.200400 0.979714 -0.000000 -32.916470 -0.000000 0.000000 1.000000 0.000000
0.979778 0.200088 0.000000 225.064853 -0.200088 0.979778 -0.000000 -33.027460 -0.000000 0.000000 1.000000 0.000000
0.979896 0.199510 0.000000 225.586545 -0.199510 0.979896 -0.000000 -33.146259 -0.000000 0.000000 1.000000 0.000000
0.980509 0.196475 0.000000 226.108973 -0.196475 0.980509 -0.000000 -33.263070 -0.000000 0.000000 1.000000 0.000000
0.980969 0.194167 0.000000 226.634152 -0.194167 0.980969 -0.000000 -33.374393 -0.000000 0.000000 1.000000 0.000000
0.981768 0.190082 0.000000 227.533812 -0.190082 0.981768 -0.000000 -33.578513 -0.000000 0.000000 1.000000 0.000000
0.981634 0.190776 0.000000 228.068655 -0.190776 0.981634 -0.000000 -33.689697 -0.000000 0.000000 1.000000 0.000000
0.981918 0.189309 0.000000 228.558730 -0.189309 0.981918 -0.000000 -33.795400 -0.000000 0.000000 1.000000 0.000000
0.981309 0.192440 0.000000 229.086294 -0.192440 0.981309 -0.000000 -33.909065 -0.000000 0.000000 1.000000 0.000000
0.980996 0.194027 0.000000 229.609853 -0.194027 0.980996 -0.000000 -34.022215 -0.000000 0.000000 1.000000 0.000000
0.980766 0.195186 0.000000 230.133274 -0.195186 0.980766 -0.000000 -34.127459 -0.000000 0.000000 1.000000 0.000000
0.981062 0.193694 0.000000 230.660274 -0.193694 0.981062 -0.000000 -34.253565 -0.000000 0.000000 1.000000 0.000000
0.981002 0.194000 0.000000 231.181726 -0.194000 0.981002 -0.000000 -34.371906 -0.000000 0.000000 1.000000 0.000000
0.980550 0.196269 0.000000 231.702634 -0.196269 0.980550 -0.000000 -34.478269 -0.000000 0.000000 1.000000 0.000000
0.979998 0.199007 0.000000 232.230817 -0.199007 0.979998 -0.000000 -34.592469 -0.000000 0.000000 1.000000 0.000000
0.979921 0.199385 0.000000 232.748627 -0.199385 0.979921 -0.000000 -34.712908 -0.000000 0.000000 1.000000 0.000000
0.979343 0.202206 0.000000 233.280467 -0.202206 0.979343 -0.000000 -34.830169 -0.000000 0.000000 1.000000 0.000000
0.979482 0.201532 0.000000 233.800483 -0.201532 0.979482 -0.000000 -34.955721 -0.000000 0.000000 1.000000 0.000000
0.978982 0.203945 0.000000 234.317101 -0.203945 0.978982 -0.000000 -35.072888 -0.000000 0.000000 1.000000 0.000000
0.979122 0.203275 0.000000 234.837395 -0.203275 0.979122 -0.000000 -35.200434 -0.000000 0.000000 1.000000 0.000000
0.978991 0.203905 0.000000 235.356326 -0.203905 0.978991 -0.000000 -35.323368 -0.000000 0.000000 1.000000 0.000000
0.979183 0.202979 0.000000 235.907431 -0.202979 0.979183 -0.000000 -35.457115 -0.000000 0.000000 1.000000 0.000000
0.979034 0.203698 0.000000 236.391306 -0.203698 0.979034 -0.000000 -35.570623 -0.000000 0.000000 1.000000 0.000000
0.978833 0.204658 0.000000 236.903980 -0.204658 0.978833 -0.000000 -35.693762 -0.000000 0.000000 1.000000 0.000000
0.978223 0.207555 0.000000 237.425467 -0.207555 0.978223 -0.000000 -35.820808 -0.000000 0.000000 1.000000 0.000000
0.977948 0.208847 0.000000 237.940053 -0.208847 0.977948 -0.000000 -35.951677 -0.000000 0.000000 1.000000 0.000000
0.978073 0.208264 0.000000 238.452283 -0.208264 0.978073 -0.000000 -36.082734 -0.000000 0.000000 1.000000 0.000000
0.978005 0.208583 0.000000 238.964749 -0.208583 0.978005 -0.000000 -36.204843 -0.000000 0.000000 1.000000 0.000000
0.977797 0.209557 0.000000 239.475674 -0.209557 0.977797 -0.000000 -36.331381 -0.000000 0.000000 1.000000 0.000000
0.977712 0.209948 0.000000 239.990356 -0.209948 0.977712 -0.000000 -36.461041 -0.000000 0.000000 1.000000 0.000000
0.977649 0.210244 0.000000 240.508515 -0.210244 0.977649 -0.000000 -36.593666 -0.000000 0.000000 1.000000 0.000000
0.976852 0.213917 0.000000 241.055729 -0.213917 0.976852 -0.000000 -36.726748 -0.000000 0.000000 1.000000 0.000000
0.976509 0.215478 0.000000 241.565749 -0.215478 0.976509 -0.000000 -36.855327 -0.000000 0.000000 1.000000 0.000000
0.975937 0.218054 0.000000 242.043908 -0.218054 0.975937 -0.000000 -36.980232 -0.000000 0.000000 1.000000 0.000000
0.975564 0.219717 0.000000 242.552124 -0.219717 0.975564 -0.000000 -37.110901 -0.000000 0.000000 1.000000 0.000000
0.973470 0.228816 0.000000 243.576591 -0.228816 0.973470 -0.000000 -37.357766 -0.000000 0.000000 1.000000 0.000000
0.972989 0.230852 0.000000 244.091755 -0.230852 0.972989 -0.000000 -37.484035 -0.000000 0.000000 1.000000 0.000000
0.972494 0.232928 0.000000 244.812121 -0.232928 0.972494 -0.000000 -37.665714 -0.000000 0.000000 1.000000 0.000000
0.973210 0.229917 0.000000 245.794959 -0.229917 0.973210 -0.000000 -37.916495 -0.000000 0.000000 1.000000 0.000000
0.973175 0.230068 0.000000 246.303230 -0.230068 0.973175 -0.000000 -38.047393 -0.000000 0.000000 1.000000 0.000000
0.972665 0.232211 0.000000 246.810219 -0.232211 0.972665 -0.000000 -38.168805 -0.000000 0.000000 1.000000 0.000000
0.972589 0.232530 0.000000 247.303552 -0.232530 0.972589 -0.000000 -38.296739 -0.000000 0.000000 1.000000 0.000000
0.972456 0.233087 0.000000 247.809005 -0.233087 0.972456 -0.000000 -38.432915 -0.000000 0.000000 1.000000 0.000000
0.972186 0.234208 0.000000 248.307492 -0.234208 0.972186 -0.000000 -38.572670 -0.000000 0.000000 1.000000 0.000000
0.971566 0.236770 0.000000 248.805311 -0.236770 0.971566 -0.000000 -38.705165 -0.000000 0.000000 1.000000 0.000000
0.971691 0.236254 0.000000 249.300176 -0.236254 0.971691 -0.000000 -38.836044 -0.000000 0.000000 1.000000 0.000000
0.972206 0.234127 0.000000 249.792099 -0.234127 0.972206 -0.000000 -38.966880 -0.000000 0.000000 1.000000 0.000000
0.973706 0.227808 0.000000 250.283969 -0.227808 0.973706 -0.000000 -39.099126 -0.000000 0.000000 1.000000 0.000000
0.974040 0.226378 0.000000 250.741435 -0.226378 0.974040 -0.000000 -39.213932 -0.000000 0.000000 1.000000 0.000000
0.974234 0.225538 0.000000 251.233379 -0.225538 0.974234 -0.000000 -39.331175 -0.000000 0.000000 1.000000 0.000000
0.974005 0.226527 0.000000 251.720720 -0.226527 0.974005 -0.000000 -39.449810 -0.000000 0.000000 1.000000 0.000000
0.974058 0.226298 0.000000 252.202587 -0.226298 0.974058 -0.000000 -39.566741 -0.000000 0.000000 1.000000 0.000000
0.974159 0.225862 0.000000 252.690948 -0.225862 0.974159 -0.000000 -39.685375 -0.000000 0.000000 1.000000 0.000000
0.974516 0.224320 0.000000 253.171349 -0.224320 0.974516 -0.000000 -39.798443 -0.000000 0.000000 1.000000 0.000000
0.974300 0.225256 0.000000 253.656347 -0.225256 0.974300 -0.000000 -39.917355 -0.000000 0.000000 1.000000 0.000000
0.973836 0.227252 0.000000 254.128713 -0.227252 0.973836 -0.000000 -40.031759 -0.000000 0.000000 1.000000 0.000000
0.973179 0.230051 0.000000 254.610274 -0.230051 0.973179 -0.000000 -40.148715 -0.000000 0.000000 1.000000 0.000000
0.972465 0.233051 0.000000 255.078117 -0.233051 0.972465 -0.000000 -40.263599 -0.000000 0.000000 1.000000 0.000000
0.972569 0.232614 0.000000 255.543897 -0.232614 0.972569 -0.000000 -40.384308 -0.000000 0.000000 1.000000 0.000000
0.972982 0.230880 0.000000 256.010143 -0.230880 0.972982 -0.000000 -40.505843 -0.000000 0.000000 1.000000 0.000000
0.972783 0.231718 0.000000 256.432247 -0.231718 0.972783 -0.000000 -40.610882 -0.000000 0.000000 1.000000 0.000000
0.972379 0.233409 0.000000 256.885347 -0.233409 0.972379 -0.000000 -40.732545 -0.000000 0.000000 1.000000 0.000000
0.972058 0.234743 0.000000 257.340609 -0.234743 0.972058 -0.000000 -40.851487 -0.000000 0.000000 1.000000 0.000000
0.972063 0.234720 0.000000 257.781323 -0.234720 0.972063 -0.000000 -40.966370 -0.000000 0.000000 1.000000 0.000000
0.972085 0.234627 0.000000 258.227247 -0.234627 0.972085 -0.000000 -41.081477 -0.000000 0.000000 1.000000 0.000000
0.972256 0.233921 0.000000 258.661471 -0.233921 0.972256 -0.000000 -41.192433 -0.000000 0.000000 1.000000 0.000000
0.972647 0.232290 0.000000 259.095725 -0.232290 0.972647 -0.000000 -41.312151 -0.000000 0.000000 1.000000 0.000000
0.972493 0.232933 0.000000 259.524781 -0.232933 0.972493 -0.000000 -41.426329 -0.000000 0.000000 1.000000 0.000000
0.972910 0.231184 0.000000 259.962570 -0.231184 0.972910 -0.000000 -41.537319 -0.000000 0.000000 1.000000 0.000000
0.973594 0.228288 0.000000 260.526253 -0.228288 0.973594 -0.000000 -41.675890 -0.000000 0.000000 1.000000 0.000000
0.973550 0.228474 0.000000 260.944116 -0.228474 0.973550 -0.000000 -41.778466 -0.000000 0.000000 1.000000 0.000000
0.972950 0.231014 0.000000 261.365279 -0.231014 0.972950 -0.000000 -41.877622 -0.000000 0.000000 1.000000 0.000000
0.973613 0.228206 0.000000 261.777778 -0.228206 0.973613 -0.000000 -41.989572 -0.000000 0.000000 1.000000 0.000000
0.973457 0.228872 0.000000 262.195440 -0.228872 0.973457 -0.000000 -42.085072 -0.000000 0.000000 1.000000 0.000000
0.973861 0.227145 0.000000 262.587737 -0.227145 0.973861 -0.000000 -42.179020 -0.000000 0.000000 1.000000 0.000000
0.973527 0.228573 0.000000 262.989331 -0.228573 0.973527 -0.000000 -42.271740 -0.000000 0.000000 1.000000 0.000000
0.973232 0.229825 0.000000 263.412697 -0.229825 0.973232 -0.000000 -42.374860 -0.000000 0.000000 1.000000 0.000000
0.973345 0.229346 0.000000 263.802438 -0.229346 0.973345 -0.000000 -42.471899 -0.000000 0.000000 1.000000 0.000000
0.973129 0.230261 0.000000 264.193340 -0.230261 0.973129 -0.000000 -42.564305 -0.000000 0.000000 1.000000 0.000000
0.973379 0.229202 0.000000 264.574803 -0.229202 0.973379 -0.000000 -42.667927 -0.000000 0.000000 1.000000 0.000000
0.973457 0.228870 0.000000 264.951168 -0.228870 0.973457 -0.000000 -42.763234 -0.000000 0.000000 1.000000 0.000000
0.973104 0.230368 0.000000 265.325876 -0.230368 0.973104 -0.000000 -42.856759 -0.000000 0.000000 1.000000 0.000000
0.972859 0.231400 0.000000 265.692184 -0.231400 0.972859 -0.000000 -42.953747 -0.000000 0.000000 1.000000 0.000000
0.972858 0.231403 0.000000 266.052691 -0.231403 0.972858 -0.000000 -43.051719 -0.000000 0.000000 1.000000 0.000000
0.972860 0.231396 0.000000 266.410822 -0.231396 0.972860 -0.000000 -43.145134 -0.000000 0.000000 1.000000 0.000000
0.973167 0.230101 0.000000 266.765686 -0.230101 0.973167 -0.000000 -43.236999 -0.000000 0.000000 1.000000 0.000000
0.972906 0.231200 0.000000 267.113529 -0.231200 0.972906 -0.000000 -43.326368 -0.000000 0.000000 1.000000 0.000000
0.972700 0.232068 0.000000 267.459720 -0.232068 0.972700 -0.000000 -43.417991 -0.000000 0.000000 1.000000 0.000000
0.972763 0.231800 0.000000 267.796990 -0.231800 0.972763 -0.000000 -43.513698 -0.000000 0.000000 1.000000 0.000000
0.972920 0.231142 0.000000 268.469359 -0.231142 0.972920 -0.000000 -43.699851 -0.000000 0.000000 1.000000 0.000000
0.972782 0.231723 0.000000 268.792038 -0.231723 0.972782 -0.000000 -43.787374 -0.000000 0.000000 1.000000 0.000000
0.972878 0.231319 0.000000 269.115656 -0.231319 0.972878 -0.000000 -43.878771 -0.000000 0.000000 1.000000 0.000000
0.972889 0.231272 0.000000 269.430848 -0.231272 0.972889 -0.000000 -43.963438 -0.000000 0.000000 1.000000 0.000000
0.972933 0.231088 0.000000 269.747216 -0.231088 0.972933 -0.000000 -44.041313 -0.000000 0.000000 1.000000 0.000000
0.972228 0.234036 0.000000 270.345168 -0.234036 0.972228 -0.000000 -44.187484 -0.000000 0.000000 1.000000 0.000000
0.972198 0.234160 0.000000 270.647431 -0.234160 0.972198 -0.000000 -44.261078 -0.000000 0.000000 1.000000 0.000000
0.972510 0.232861 0.000000 270.927728 -0.232861 0.972510 -0.000000 -44.337156 -0.000000 0.000000 1.000000 0.000000
0.972911 0.231181 0.000000 271.210543 -0.231181 0.972911 -0.000000 -44.418338 -0.000000 0.000000 1.000000 0.000000
0.973194 0.229987 0.000000 271.475965 -0.229987 0.973194 -0.000000 -44.491495 -0.000000 0.000000 1.000000 0.000000
0.954756 0.297391 0.000000 273.735264 -0.297391 0.954756 -0.000000 -45.107206 -0.000000 0.000000 1.000000 0.000000
0.953745 0.300617 0.000000 273.973088 -0.300617 0.953745 -0.000000 -45.185071 -0.000000 0.000000 1.000000 0.000000
0.953434 0.301601 0.000000 274.209535 -0.301601 0.953434 -0.000000 -45.266294 -0.000000 0.000000 1.000000 0.000000
0.954216 0.299117 0.000000 274.497071 -0.299117 0.954216 -0.000000 -45.374864 -0.000000 0.000000 1.000000 0.000000
0.955563 0.294786 0.000000 274.829770 -0.294786 0.955563 -0.000000 -45.495215 -0.000000 0.000000 1.000000 0.000000
0.955418 0.295258 0.000000 275.109999 -0.295258 0.955418 -0.000000 -45.581670 -0.000000 0.000000 1.000000 0.000000
0.954987 0.296647 0.000000 275.324450 -0.296647 0.954987 -0.000000 -45.651502 -0.000000 0.000000 1.000000 0.000000
0.955334 0.295529 0.000000 275.537824 -0.295529 0.955334 -0.000000 -45.723628 -0.000000 0.000000 1.000000 0.000000
0.955342 0.295502 0.000000 275.745974 -0.295502 0.955342 -0.000000 -45.795160 -0.000000 0.000000 1.000000 0.000000
0.955402 0.295308 0.000000 275.955037 -0.295308 0.955402 -0.000000 -45.868865 -0.000000 0.000000 1.000000 0.000000
0.954815 0.297202 0.000000 276.164004 -0.297202 0.954815 -0.000000 -45.935424 -0.000000 0.000000 1.000000 0.000000
0.954424 0.298453 0.000000 276.371229 -0.298453 0.954424 -0.000000 -46.003566 -0.000000 0.000000 1.000000 0.000000
0.955242 0.295826 0.000000 276.571339 -0.295826 0.955242 -0.000000 -46.071472 -0.000000 0.000000 1.000000 0.000000
0.954894 0.296945 0.000000 276.770944 -0.296945 0.954894 -0.000000 -46.139296 -0.000000 0.000000 1.000000 0.000000
0.954123 0.299416 0.000000 276.964702 -0.299416 0.954123 -0.000000 -46.199503 -0.000000 0.000000 1.000000 0.000000
0.953893 0.300148 0.000000 277.169831 -0.300148 0.953893 -0.000000 -46.269580 -0.000000 0.000000 1.000000 0.000000
0.954087 0.299529 0.000000 277.345533 -0.299529 0.954087 -0.000000 -46.329016 -0.000000 0.000000 1.000000 0.000000
0.954506 0.298193 0.000000 277.537368 -0.298193 0.954506 -0.000000 -46.400308 -0.000000 0.000000 1.000000 0.000000
0.954671 0.297663 0.000000 277.705274 -0.297663 0.954671 -0.000000 -46.454050 -0.000000 0.000000 1.000000 0.000000
0.954406 0.298512 0.000000 277.883402 -0.298512 0.954406 -0.000000 -46.511446 -0.000000 0.000000 1.000000 0.000000
0.953872 0.300214 0.000000 278.058412 -0.300214 0.953872 -0.000000 -46.568694 -0.000000 0.000000 1.000000 0.000000
0.954228 0.299081 0.000000 278.221910 -0.299081 0.954228 -0.000000 -46.630513 -0.000000 0.000000 1.000000 0.000000
0.953556 0.301216 0.000000 278.379696 -0.301216 0.953556 -0.000000 -46.681887 -0.000000 0.000000 1.000000 0.000000
0.952150 0.305631 0.000000 278.543412 -0.305631 0.952150 -0.000000 -46.733140 -0.000000 0.000000 1.000000 0.000000
0.951828 0.306633 0.000000 278.691389 -0.306633 0.951828 -0.000000 -46.779853 -0.000000 0.000000 1.000000 0.000000
0.953323 0.301953 0.000000 278.929040 -0.301953 0.953323 -0.000000 -46.858309 -0.000000 0.000000 1.000000 0.000000
0.953131 0.302559 0.000000 279.075054 -0.302559 0.953131 -0.000000 -46.903796 -0.000000 0.000000 1.000000 0.000000
0.952392 0.304876 0.000000 279.219741 -0.304876 0.952392 -0.000000 -46.945823 -0.000000 0.000000 1.000000 0.000000
0.952726 0.303831 0.000000 279.353749 -0.303831 0.952726 -0.000000 -46.989090 -0.000000 0.000000 1.000000 0.000000
0.952632 0.304124 0.000000 279.596584 -0.304124 0.952632 -0.000000 -47.077300 -0.000000 0.000000 1.000000 0.000000
0.953949 0.299968 0.000000 279.713698 -0.299968 0.953949 -0.000000 -47.116555 -0.000000 0.000000 1.000000 0.000000
0.952975 0.303048 0.000000 279.823453 -0.303048 0.952975 -0.000000 -47.146019 -0.000000 0.000000 1.000000 0.000000
0.953296 0.302036 0.000000 279.923927 -0.302036 0.953296 -0.000000 -47.180954 -0.000000 0.000000 1.000000 0.000000
0.952527 0.304453 0.000000 280.005882 -0.304453 0.952527 -0.000000 -47.210798 -0.000000 0.000000 1.000000 0.000000
0.953843 0.300305 0.000000 280.127097 -0.300305 0.953843 -0.000000 -47.261102 -0.000000 0.000000 1.000000 0.000000
0.953999 0.299810 0.000000 280.194636 -0.299810 0.953999 -0.000000 -47.285956 -0.000000 0.000000 1.000000 0.000000
0.953326 0.301942 0.000000 280.266097 -0.301942 0.953326 -0.000000 -47.303897 -0.000000 0.000000 1.000000 0.000000
0.953191 0.302368 0.000000 280.318883 -0.302368 0.953191 -0.000000 -47.327011 -0.000000 0.000000 1.000000 0.000000
0.952791 0.303626 0.000000 280.357333 -0.303626 0.952791 -0.000000 -47.341880 -0.000000 0.000000 1.000000 0.000000
0.952567 0.304328 0.000000 280.396108 -0.304328 0.952567 -0.000000 -47.354427 -0.000000 0.000000 1.000000 0.000000
0.952312 0.305127 0.000000 280.417265 -0.305127 0.952312 -0.000000 -47.359569 -0.000000 0.000000 1.000000 0.000000
0.952394 0.304870 0.000000 280.434258 -0.304870 0.952394 -0.000000 -47.364875 -0.000000 0.000000 1.000000 0.000000
0.952656 0.304050 0.000000 280.447742 -0.304050 0.952656 -0.000000 -47.371676 -0.000000 0.000000 1.000000 0.000000
0.952888 0.303324 0.000000 280.449148 -0.303324 0.952888 -0.000000 -47.373955 -0.000000 0.000000 1.000000 0.000000
0.952897 0.303293 0.000000 280.448782 -0.303293 0.952897 -0.000000 -47.374322 -0.000000 0.000000 1.000000 0.000000
0.953110 0.302623 0.000000 280.450650 -0.302623 0.953110 -0.000000 -47.373185 -0.000000 0.000000 1.000000 0.000000
0.953213 0.302299 0.000000 280.451709 -0.302299 0.953213 -0.000000 -47.370920 -0.000000 0.000000 1.000000 0.000000
0.953229 0.302250 0.000000 280.453459 -0.302250 0.953229 -0.000000 -47.367712 -0.000000 0.000000 1.000000 0.000000
0.953198 0.302347 0.000000 280.454107 -0.302347 0.953198 -0.000000 -47.364889 -0.000000 0.000000 1.000000 0.000000
0.953174 0.302424 0.000000 280.455191 -0.302424 0.953174 -0.000000 -47.359792 -0.000000 0.000000 1.000000 0.000000
0.953120 0.302593 0.000000 280.455519 -0.302593 0.953120 -0.000000 -47.354260 -0.000000 0.000000 1.000000 0.000000
0.953121 0.302590 0.000000 280.455459 -0.302590 0.953121 -0.000000 -47.349543 -0.000000 0.000000 1.000000 0.000000
0.953107 0.302633 0.000000 280.455995 -0.302633 0.953107 -0.000000 -47.344808 -0.000000 0.000000 1.000000 0.000000
0.953096 0.302668 0.000000 280.456787 -0.302668 0.953096 -0.000000 -47.341134 -0.000000 0.000000 1.000000 0.000000
0.953083 0.302708 0.000000 280.457778 -0.302708 0.953083 -0.000000 -47.339123 -0.000000 0.000000 1.000000 0.000000
0.953040 0.302843 0.000000 280.459473 -0.302843 0.953040 -0.000000 -47.337564 -0.000000 0.000000 1.000000 0.000000
0.953014 0.302928 0.000000 280.460918 -0.302928 0.953014 -0.000000 -47.336257 -0.000000 0.000000 1.000000 0.000000
0.953046 0.302824 0.000000 280.462098 -0.302824 0.953046 -0.000000 -47.336233 -0.000000 0.000000 1.000000 0.000000
0.953018 0.302914 0.000000 280.463828 -0.302914 0.953018 -0.000000 -47.335263 -0.000000 0.000000 1.000000 0.000000
0.953018 0.302913 0.000000 280.464811 -0.302913 0.953018 -0.000000 -47.335096 -0.000000 0.000000 1.000000 0.000000
0.953033 0.302867 0.000000 280.465687 -0.302867 0.953033 -0.000000 -47.335225 -0.000000 0.000000 1.000000 0.000000
0.953003 0.302961 0.000000 280.466333 -0.302961 0.953003 -0.000000 -47.336150 -0.000000 0.000000 1.000000 0.000000
0.953009 0.302943 0.000000 280.466596 -0.302943 0.953009 -0.000000 -47.337456 -0.000000 0.000000 1.000000 0.000000
0.952987 0.303012 0.000000 280.467240 -0.303012 0.952987 -0.000000 -47.338155 -0.000000 0.000000 1.000000 0.000000
0.953002 0.302965 0.000000 280.467966 -0.302965 0.953002 -0.000000 -47.339545 -0.000000 0.000000 1.000000 0.000000
0.953032 0.302869 0.000000 280.468532 -0.302869 0.953032 -0.000000 -47.341013 -0.000000 0.000000 1.000000 0.000000
0.953023 0.302896 0.000000 280.469073 -0.302896 0.953023 -0.000000 -47.342400 -0.000000 0.000000 1.000000 0.000000
0.953009 0.302943 0.000000 280.469449 -0.302943 0.953009 -0.000000 -47.343966 -0.000000 0.000000 1.000000 0.000000
0.953057 0.302792 0.000000 280.469678 -0.302792 0.953057 -0.000000 -47.345315 -0.000000 0.000000 1.000000 0.000000
0.953061 0.302780 0.000000 280.470046 -0.302780 0.953061 -0.000000 -47.346017 -0.000000 0.000000 1.000000 0.000000
0.953049 0.302815 0.000000 280.470392 -0.302815 0.953049 -0.000000 -47.346584 -0.000000 0.000000 1.000000 0.000000
0.953050 0.302813 0.000000 280.470600 -0.302813 0.953050 -0.000000 -47.347425 -0.000000 0.000000 1.000000 0.000000
0.953042 0.302837 0.000000 280.470570 -0.302837 0.953042 -0.000000 -47.347874 -0.000000 0.000000 1.000000 0.000000
0.953030 0.302877 0.000000 280.470440 -0.302877 0.953030 -0.000000 -47.348718 -0.000000 0.000000 1.000000 0.000000
0.953018 0.302915 0.000000 280.470141 -0.302915 0.953018 -0.000000 -47.349571 -0.000000 0.000000 1.000000 0.000000
0.952998 0.302977 0.000000 280.470424 -0.302977 0.952998 -0.000000 -47.350010 -0.000000 0.000000 1.000000 0.000000
0.952987 0.303013 0.000000 280.470632 -0.303013 0.952987 -0.000000 -47.350142 -0.000000 0.000000 1.000000 0.000000
0.952973 0.303055 0.000000 280.471175 -0.303055 0.952973 -0.000000 -47.350169 -0.000000 0.000000 1.000000 0.000000
0.952969 0.303068 0.000000 280.471519 -0.303068 0.952969 -0.000000 -47.350108 -0.000000 0.000000 1.000000 0.000000
0.952960 0.303097 0.000000 280.471915 -0.303097 0.952960 -0.000000 -47.350228 -0.000000 0.000000 1.000000 0.000000
0.952961 0.303094 0.000000 280.472552 -0.303094 0.952961 -0.000000 -47.350251 -0.000000 0.000000 1.000000 0.000000
0.952973 0.303054 0.000000 280.473442 -0.303054 0.952973 -0.000000 -47.350095 -0.000000 0.000000 1.000000 0.000000
0.952931 0.303186 0.000000 280.474100 -0.303186 0.952931 -0.000000 -47.349540 -0.000000 0.000000 1.000000 0.000000
0.952917 0.303232 0.000000 280.474343 -0.303232 0.952917 -0.000000 -47.349180 -0.000000 0.000000 1.000000 0.000000
0.952908 0.303259 0.000000 280.474892 -0.303259 0.952908 -0.000000 -47.348899 -0.000000 0.000000 1.000000 0.000000
0.952847 0.303450 0.000000 280.475086 -0.303450 0.952847 -0.000000 -47.348919 -0.000000 0.000000 1.000000 0.000000
0.952813 0.303556 0.000000 280.475481 -0.303556 0.952813 -0.000000 -47.348792 -0.000000 0.000000 1.000000 0.000000
0.952776 0.303674 0.000000 280.475762 -0.303674 0.952776 -0.000000 -47.348943 -0.000000 0.000000 1.000000 0.000000
0.952721 0.303847 0.000000 280.475673 -0.303847 0.952721 -0.000000 -47.349100 -0.000000 0.000000 1.000000 0.000000
0.952620 0.304162 0.000000 280.475109 -0.304162 0.952620 -0.000000 -47.350032 -0.000000 0.000000 1.000000 0.000000
0.952717 0.303859 0.000000 280.473853 -0.303859 0.952717 -0.000000 -47.351420 -0.000000 0.000000 1.000000 0.000000
0.952825 0.303520 0.000000 280.472559 -0.303520 0.952825 -0.000000 -47.352803 -0.000000 0.000000 1.000000 0.000000
0.952934 0.303179 0.000000 280.471343 -0.303179 0.952934 -0.000000 -47.354114 -0.000000 0.000000 1.000000 0.000000
0.953025 0.302893 0.000000 280.470211 -0.302893 0.953025 -0.000000 -47.355322 -0.000000 0.000000 1.000000 0.000000
0.953174 0.302421 0.000000 280.469043 -0.302421 0.953174 -0.000000 -47.356843 -0.000000 0.000000 1.000000 0.000000
0.953344 0.301886 0.000000 280.468096 -0.301886 0.953344 -0.000000 -47.358153 -0.000000 0.000000 1.000000 0.000000
0.953466 0.301502 0.000000 280.467028 -0.301502 0.953466 -0.000000 -47.359787 -0.000000 0.000000 1.000000 0.000000
0.953594 0.301097 0.000000 280.465984 -0.301097 0.953594 -0.000000 -47.361266 -0.000000 0.000000 1.000000 0.000000
0.953678 0.300829 0.000000 280.465087 -0.300829 0.953678 -0.000000 -47.362712 -0.000000 0.000000 1.000000 0.000000
0.953758 0.300574 0.000000 280.464706 -0.300574 0.953758 -0.000000 -47.364469 -0.000000 0.000000 1.000000 0.000000
0.953889 0.300160 0.000000 280.464199 -0.300160 0.953889 -0.000000 -47.366800 -0.000000 0.000000 1.000000 0.000000
0.954140 0.299361 0.000000 280.463122 -0.299361 0.954140 -0.000000 -47.370898 -0.000000 0.000000 1.000000 0.000000
0.954097 0.299497 0.000000 280.464025 -0.299497 0.954097 -0.000000 -47.371617 -0.000000 0.000000 1.000000 0.000000
0.954060 0.299615 0.000000 280.465115 -0.299615 0.954060 -0.000000 -47.372576 -0.000000 0.000000 1.000000 0.000000
0.954026 0.299722 0.000000 280.466347 -0.299722 0.954026 -0.000000 -47.373118 -0.000000 0.000000 1.000000 0.000000
0.953995 0.299821 0.000000 280.467309 -0.299821 0.953995 -0.000000 -47.373393 -0.000000 0.000000 1.000000 0.000000
0.953998 0.299814 0.000000 280.468652 -0.299814 0.953998 -0.000000 -47.373691 -0.000000 0.000000 1.000000 0.000000
0.953968 0.299908 0.000000 280.469670 -0.299908 0.953968 -0.000000 -47.373851 -0.000000 0.000000 1.000000 0.000000
0.953920 0.300061 0.000000 280.470960 -0.300061 0.953920 -0.000000 -47.373896 -0.000000 0.000000 1.000000 0.000000
0.953895 0.300141 0.000000 280.472057 -0.300141 0.953895 -0.000000 -47.374014 -0.000000 0.000000 1.000000 0.000000
0.953883 0.300177 0.000000 280.472835 -0.300177 0.953883 -0.000000 -47.374151 -0.000000 0.000000 1.000000 0.000000
0.953868 0.300226 0.000000 280.473792 -0.300226 0.953868 -0.000000 -47.374461 -0.000000 0.000000 1.000000 0.000000
0.953839 0.300317 0.000000 280.474355 -0.300317 0.953839 -0.000000 -47.374878 -0.000000 0.000000 1.000000 0.000000
0.953830 0.300348 0.000000 280.475075 -0.300348 0.953830 -0.000000 -47.375306 -0.000000 0.000000 1.000000 0.000000
0.953829 0.300350 0.000000 280.475559 -0.300350 0.953829 -0.000000 -47.375795 -0.000000 0.000000 1.000000 0.000000
0.953841 0.300313 0.000000 280.475747 -0.300313 0.953841 -0.000000 -47.376239 -0.000000 0.000000 1.000000 0.000000
0.953846 0.300295 0.000000 280.475976 -0.300295 0.953846 -0.000000 -47.376477 -0.000000 0.000000 1.000000 0.000000
0.953815 0.300396 0.000000 280.476630 -0.300396 0.953815 -0.000000 -47.376524 -0.000000 0.000000 1.000000 0.000000
0.953769 0.300542 0.000000 280.477431 -0.300542 0.953769 -0.000000 -47.376676 -0.000000 0.000000 1.000000 0.000000
0.953739 0.300635 0.000000 280.477969 -0.300635 0.953739 -0.000000 -47.376836 -0.000000 0.000000 1.000000 0.000000
0.953700 0.300761 0.000000 280.478358 -0.300761 0.953700 -0.000000 -47.377156 -0.000000 0.000000 1.000000 0.000000
0.953672 0.300848 0.000000 280.478736 -0.300848 0.953672 -0.000000 -47.377426 -0.000000 0.000000 1.000000 0.000000
0.953667 0.300864 0.000000 280.478886 -0.300864 0.953667 -0.000000 -47.377817 -0.000000 0.000000 1.000000 0.000000
0.953684 0.300811 0.000000 280.478886 -0.300811 0.953684 -0.000000 -47.378166 -0.000000 0.000000 1.000000 0.000000
0.953697 0.300769 0.000000 280.478754 -0.300769 0.953697 -0.000000 -47.378469 -0.000000 0.000000 1.000000 0.000000
0.953704 0.300746 0.000000 280.478445 -0.300746 0.953704 -0.000000 -47.378634 -0.000000 0.000000 1.000000 0.000000
0.953710 0.300729 0.000000 280.478091 -0.300729 0.953710 -0.000000 -47.378994 -0.000000 0.000000 1.000000 0.000000
0.953698 0.300767 0.000000 280.477835 -0.300767 0.953698 -0.000000 -47.379491 -0.000000 0.000000 1.000000 0.000000
0.953703 0.300751 0.000000 280.477447 -0.300751 0.953703 -0.000000 -47.380220 -0.000000 0.000000 1.000000 0.000000
0.953721 0.300693 0.000000 280.477160 -0.300693 0.953721 -0.000000 -47.381117 -0.000000 0.000000 1.000000 0.000000
0.953721 0.300694 0.000000 280.476816 -0.300694 0.953721 -0.000000 -47.381990 -0.000000 0.000000 1.000000 0.000000
0.953714 0.300714 0.000000 280.476436 -0.300714 0.953714 -0.000000 -47.382853 -0.000000 0.000000 1.000000 0.000000
0.953723 0.300688 0.000000 280.476198 -0.300688 0.953723 -0.000000 -47.383375 -0.000000 0.000000 1.000000 0.000000
0.953729 0.300667 0.000000 280.476234 -0.300667 0.953729 -0.000000 -47.383679 -0.000000 0.000000 1.000000 0.000000
0.953705 0.300743 0.000000 280.476761 -0.300743 0.953705 -0.000000 -47.384001 -0.000000 0.000000 1.000000 0.000000
0.953639 0.300952 0.000000 280.477153 -0.300952 0.953639 -0.000000 -47.384128 -0.000000 0.000000 1.000000 0.000000
0.953624 0.301002 0.000000 280.477423 -0.301002 0.953624 -0.000000 -47.384130 -0.000000 0.000000 1.000000 0.000000
0.953621 0.301009 0.000000 280.478123 -0.301009 0.953621 -0.000000 -47.384478 -0.000000 0.000000 1.000000 0.000000
0.953640 0.300950 0.000000 280.478488 -0.300950 0.953640 -0.000000 -47.384810 -0.000000 0.000000 1.000000 0.000000
0.953589 0.301111 0.000000 280.479195 -0.301111 0.953589 -0.000000 -47.384871 -0.000000 0.000000 1.000000 0.000000
0.953581 0.301138 0.000000 280.479606 -0.301138 0.953581 -0.000000 -47.385003 -0.000000 0.000000 1.000000 0.000000
0.953584 0.301128 0.000000 280.480181 -0.301128 0.953584 -0.000000 -47.384977 -0.000000 0.000000 1.000000 0.000000
0.953582 0.301134 0.000000 280.481095 -0.301134 0.953582 -0.000000 -47.384999 -0.000000 0.000000 1.000000 0.000000
0.953592 0.301101 0.000000 280.481936 -0.301101 0.953592 -0.000000 -47.384990 -0.000000 0.000000 1.000000 0.000000
0.953592 0.301103 0.000000 280.482678 -0.301103 0.953592 -0.000000 -47.385012 -0.000000 0.000000 1.000000 0.000000
0.953603 0.301068 0.000000 280.483064 -0.301068 0.953603 -0.000000 -47.385222 -0.000000 0.000000 1.000000 0.000000
0.953616 0.301025 0.000000 280.483543 -0.301025 0.953616 -0.000000 -47.385132 -0.000000 0.000000 1.000000 0.000000
0.953631 0.300979 0.000000 280.483761 -0.300979 0.953631 -0.000000 -47.385048 -0.000000 0.000000 1.000000 0.000000
0.953648 0.300924 0.000000 280.483675 -0.300924 0.953648 -0.000000 -47.385055 -0.000000 0.000000 1.000000 0.000000
0.953674 0.300844 0.000000 280.483757 -0.300844 0.953674 -0.000000 -47.384963 -0.000000 0.000000 1.000000 0.000000
0.953670 0.300856 0.000000 280.483797 -0.300856 0.953670 -0.000000 -47.384889 -0.000000 0.000000 1.000000 0.000000
0.953660 0.300887 0.000000 280.484051 -0.300887 0.953660 -0.000000 -47.384754 -0.000000 0.000000 1.000000 0.000000
0.953679 0.300827 0.000000 280.484180 -0.300827 0.953679 -0.000000 -47.384752 -0.000000 0.000000 1.000000 0.000000
0.953681 0.300820 0.000000 280.484863 -0.300820 0.953681 -0.000000 -47.384597 -0.000000 0.000000 1.000000 0.000000
0.953588 0.301114 0.000000 280.485061 -0.301114 0.953588 -0.000000 -47.384258 -0.000000 0.000000 1.000000 0.000000
0.953625 0.300999 0.000000 280.485470 -0.300999 0.953625 -0.000000 -47.384330 -0.000000 0.000000 1.000000 0.000000
0.953639 0.300954 0.000000 280.486280 -0.300954 0.953639 -0.000000 -47.383952 -0.000000 0.000000 1.000000 0.000000
0.953651 0.300914 0.000000 280.487089 -0.300914 0.953651 -0.000000 -47.383256 -0.000000 0.000000 1.000000 0.000000
0.953655 0.300901 0.000000 280.487971 -0.300901 0.953655 -0.000000 -47.382584 -0.000000 0.000000 1.000000 0.000000
0.953658 0.300892 0.000000 280.488394 -0.300892 0.953658 -0.000000 -47.381854 -0.000000 0.000000 1.000000 0.000000
0.953667 0.300863 0.000000 280.488984 -0.300863 0.953667 -0.000000 -47.380822 -0.000000 0.000000 1.000000 0.000000
0.953675 0.300838 0.000000 280.489204 -0.300838 0.953675 -0.000000 -47.380104 -0.000000 0.000000 1.000000 0.000000
0.953684 0.300812 0.000000 280.489684 -0.300812 0.953684 -0.000000 -47.379525 -0.000000 0.000000 1.000000 0.000000
0.953702 0.300753 0.000000 280.490099 -0.300753 0.953702 -0.000000 -47.378661 -0.000000 0.000000 1.000000 0.000000
0.953710 0.300727 0.000000 280.490491 -0.300727 0.953710 -0.000000 -47.377844 -0.000000 0.000000 1.000000 0.000000
0.953717 0.300704 0.000000 280.491009 -0.300704 0.953717 -0.000000 -47.377025 -0.000000 0.000000 1.000000 0.000000
0.953726 0.300679 0.000000 280.491587 -0.300679 0.953726 -0.000000 -47.376434 -0.000000 0.000000 1.000000 0.000000
0.953735 0.300650 0.000000 280.492094 -0.300650 0.953735 -0.000000 -47.376096 -0.000000 0.000000 1.000000 0.000000
0.953739 0.300636 0.000000 280.492444 -0.300636 0.953739 -0.000000 -47.375996 -0.000000 0.000000 1.000000 0.000000
0.953733 0.300655 0.000000 280.493048 -0.300655 0.953733 -0.000000 -47.375911 -0.000000 0.000000 1.000000 0.000000
0.953724 0.300684 0.000000 280.493268 -0.300684 0.953724 -0.000000 -47.375768 -0.000000 0.000000 1.000000 0.000000
0.953727 0.300673 0.000000 280.493494 -0.300673 0.953727 -0.000000 -47.375550 -0.000000 0.000000 1.000000 0.000000
0.953718 0.300703 0.000000 280.493628 -0.300703 0.953718 -0.000000 -47.375513 -0.000000 0.000000 1.000000 0.000000
0.953705 0.300742 0.000000 280.494039 -0.300742 0.953705 -0.000000 -47.375248 -0.000000 0.000000 1.000000 0.000000
0.953692 0.300784 0.000000 280.494336 -0.300784 0.953692 -0.000000 -47.374947 -0.000000 0.000000 1.000000 0.000000
0.953686 0.300803 0.000000 280.494600 -0.300803 0.953686 -0.000000 -47.374797 -0.000000 0.000000 1.000000 0.000000
0.953665 0.300872 0.000000 280.494771 -0.300872 0.953665 -0.000000 -47.374956 -0.000000 0.000000 1.000000 0.000000
0.953645 0.300933 0.000000 280.495155 -0.300933 0.953645 -0.000000 -47.374878 -0.000000 0.000000 1.000000 0.000000
0.953644 0.300937 0.000000 280.495464 -0.300937 0.953644 -0.000000 -47.375130 -0.000000 0.000000 1.000000 0.000000
0.953634 0.300969 0.000000 280.495862 -0.300969 0.953634 -0.000000 -47.375038 -0.000000 0.000000 1.000000 0.000000
0.953652 0.300911 0.000000 280.495962 -0.300911 0.953652 -0.000000 -47.375059 -0.000000 0.000000 1.000000 0.000000
0.953664 0.300875 0.000000 280.495963 -0.300875 0.953664 -0.000000 -47.375231 -0.000000 0.000000 1.000000 0.000000
0.953645 0.300935 0.000000 280.495883 -0.300935 0.953645 -0.000000 -47.375312 -0.000000 0.000000 1.000000 0.000000
0.953606 0.301058 0.000000 280.495480 -0.301058 0.953606 -0.000000 -47.375532 -0.000000 0.000000 1.000000 0.000000
0.953557 0.301213 0.000000 280.495269 -0.301213 0.953557 -0.000000 -47.375383 -0.000000 0.000000 1.000000 0.000000
0.953558 0.301210 0.000000 280.495162 -0.301210 0.953558 -0.000000 -47.375525 -0.000000 0.000000 1.000000 0.000000
0.953569 0.301176 0.000000 280.495041 -0.301176 0.953569 -0.000000 -47.375841 -0.000000 0.000000 1.000000 0.000000
0.953581 0.301136 0.000000 280.494933 -0.301136 0.953581 -0.000000 -47.375976 -0.000000 0.000000 1.000000 0.000000
0.953581 0.301136 0.000000 280.494753 -0.301136 0.953581 -0.000000 -47.376484 -0.000000 0.000000 1.000000 0.000000
0.953579 0.301143 0.000000 280.494729 -0.301143 0.953579 -0.000000 -47.376545 -0.000000 0.000000 1.000000 0.000000
0.953575 0.301155 0.000000 280.494751 -0.301155 0.953575 -0.000000 -47.376688 -0.000000 0.000000 1.000000 0.000000
0.953546 0.301249 0.000000 280.494758 -0.301249 0.953546 -0.000000 -47.376351 -0.000000 0.000000 1.000000 0.000000
0.953536 0.301280 0.000000 280.494638 -0.301280 0.953536 -0.000000 -47.375898 -0.000000 0.000000 1.000000 0.000000
0.953540 0.301266 0.000000 280.494289 -0.301266 0.953540 -0.000000 -47.375117 -0.000000 0.000000 1.000000 0.000000
0.953549 0.301239 0.000000 280.493814 -0.301239 0.953549 -0.000000 -47.374495 -0.000000 0.000000 1.000000 0.000000
0.953587 0.301119 0.000000 280.493433 -0.301119 0.953587 -0.000000 -47.374012 -0.000000 0.000000 1.000000 0.000000
0.953662 0.300880 0.000000 280.492988 -0.300880 0.953662 -0.000000 -47.373217 -0.000000 0.000000 1.000000 0.000000
0.953716 0.300709 0.000000 280.492648 -0.300709 0.953716 -0.000000 -47.372576 -0.000000 0.000000 1.000000 0.000000
0.953761 0.300567 0.000000 280.491924 -0.300567 0.953761 -0.000000 -47.371971 -0.000000 0.000000 1.000000 0.000000
0.953795 0.300458 0.000000 280.491628 -0.300458 0.953795 -0.000000 -47.371390 -0.000000 0.000000 1.000000 0.000000
0.953782 0.300499 0.000000 280.491607 -0.300499 0.953782 -0.000000 -47.370137 -0.000000 0.000000 1.000000 0.000000
0.953789 0.300479 0.000000 280.491722 -0.300479 0.953789 -0.000000 -47.369497 -0.000000 0.000000 1.000000 0.000000
0.953788 0.300482 0.000000 280.491809 -0.300482 0.953788 -0.000000 -47.368964 -0.000000 0.000000 1.000000 0.000000
0.953778 0.300512 0.000000 280.491746 -0.300512 0.953778 -0.000000 -47.368658 -0.000000 0.000000 1.000000 0.000000
0.953751 0.300599 0.000000 280.491803 -0.300599 0.953751 -0.000000 -47.368418 -0.000000 0.000000 1.000000 0.000000
0.953750 0.300601 0.000000 280.491807 -0.300601 0.953750 -0.000000 -47.368419 -0.000000 0.000000 1.000000 0.000000
0.953766 0.300551 0.000000 280.491846 -0.300551 0.953766 -0.000000 -47.368624 -0.000000 0.000000 1.000000 0.000000
0.953775 0.300522 0.000000 280.492150 -0.300522 0.953775 -0.000000 -47.369003 -0.000000 0.000000 1.000000 0.000000
0.953702 0.300752 0.000000 280.492663 -0.300752 0.953702 -0.000000 -47.369113 -0.000000 0.000000 1.000000 0.000000
0.953656 0.300900 0.000000 280.492945 -0.300900 0.953656 -0.000000 -47.369330 -0.000000 0.000000 1.000000 0.000000
0.953643 0.300940 0.000000 280.492999 -0.300940 0.953643 -0.000000 -47.369751 -0.000000 0.000000 1.000000 0.000000
0.953634 0.300969 0.000000 280.493077 -0.300969 0.953634 -0.000000 -47.370273 -0.000000 0.000000 1.000000 0.000000
0.953608 0.301050 0.000000 280.492916 -0.301050 0.953608 -0.000000 -47.370430 -0.000000 0.000000 1.000000 0.000000
0.953601 0.301075 0.000000 280.493320 -0.301075 0.953601 -0.000000 -47.370149 -0.000000 0.000000 1.000000 0.000000
0.953580 0.301141 0.000000 280.493318 -0.301141 0.953580 -0.000000 -47.369460 -0.000000 0.000000 1.000000 0.000000
0.953574 0.301157 0.000000 280.493309 -0.301157 0.953574 -0.000000 -47.368591 -0.000000 0.000000 1.000000 0.000000
0.953578 0.301147 0.000000 280.492977 -0.301147 0.953578 -0.000000 -47.368101 -0.000000 0.000000 1.000000 0.000000
0.953540 0.301267 0.000000 280.492261 -0.301267 0.953540 -0.000000 -47.367864 -0.000000 0.000000 1.000000 0.000000
0.953558 0.301210 0.000000 280.491898 -0.301210 0.953558 -0.000000 -47.367033 -0.000000 0.000000 1.000000 0.000000
0.953552 0.301229 0.000000 280.491279 -0.301229 0.953552 -0.000000 -47.366119 -0.000000 0.000000 1.000000 0.000000
0.953563 0.301194 0.000000 280.490534 -0.301194 0.953563 -0.000000 -47.365611 -0.000000 0.000000 1.000000 0.000000
0.953587 0.301118 0.000000 280.490126 -0.301118 0.953587 -0.000000 -47.365161 -0.000000 0.000000 1.000000 0.000000
0.953620 0.301013 0.000000 280.489871 -0.301013 0.953620 -0.000000 -47.364575 -0.000000 0.000000 1.000000 0.000000
0.953651 0.300914 0.000000 280.489500 -0.300914 0.953651 -0.000000 -47.364027 -0.000000 0.000000 1.000000 0.000000
0.953652 0.300912 0.000000 280.489470 -0.300912 0.953652 -0.000000 -47.363643 -0.000000 0.000000 1.000000 0.000000
0.953645 0.300934 0.000000 280.489749 -0.300934 0.953645 -0.000000 -47.362910 -0.000000 0.000000 1.000000 0.000000
0.953653 0.300910 0.000000 280.490333 -0.300910 0.953653 -0.000000 -47.362109 -0.000000 0.000000 1.000000 0.000000
0.953675 0.300840 0.000000 280.490754 -0.300840 0.953675 -0.000000 -47.361172 -0.000000 0.000000 1.000000 0.000000
0.953691 0.300789 0.000000 280.491078 -0.300789 0.953691 -0.000000 -47.360602 -0.000000 0.000000 1.000000 0.000000
0.953705 0.300743 0.000000 280.491084 -0.300743 0.953705 -0.000000 -47.360297 -0.000000 0.000000 1.000000 0.000000
0.953705 0.300745 0.000000 280.491090 -0.300745 0.953705 -0.000000 -47.360246 -0.000000 0.000000 1.000000 0.000000
0.953732 0.300659 0.000000 280.491080 -0.300659 0.953732 -0.000000 -47.360126 -0.000000 0.000000 1.000000 0.000000
0.953772 0.300532 0.000000 280.491733 -0.300532 0.953772 -0.000000 -47.360012 -0.000000 0.000000 1.000000 0.000000
0.953801 0.300440 0.000000 280.492101 -0.300440 0.953801 -0.000000 -47.360440 -0.000000 0.000000 1.000000 0.000000
0.953795 0.300458 0.000000 280.492696 -0.300458 0.953795 -0.000000 -47.360526 -0.000000 0.000000 1.000000 0.000000
0.953757 0.300578 0.000000 280.493001 -0.300578 0.953757 -0.000000 -47.360174 -0.000000 0.000000 1.000000 0.000000
0.953725 0.300679 0.000000 280.493600 -0.300679 0.953725 -0.000000 -47.359656 -0.000000 0.000000 1.000000 0.000000
0.953693 0.300782 0.000000 280.494401 -0.300782 0.953693 -0.000000 -47.359479 -0.000000 0.000000 1.000000 0.000000
0.953679 0.300825 0.000000 280.495221 -0.300825 0.953679 -0.000000 -47.359418 -0.000000 0.000000 1.000000 0.000000
