0.999998 0.001914 0.000000 0.829786 -0.001914 0.999998 -0.000000 -0.022296 -0.000000 0.000000 1.000000 0.000000
1.000000 0.000065 0.000000 1.410417 -0.000065 1.000000 -0.000000 -0.033554 -0.000000 0.000000 1.000000 0.000000
0.999999 0.001448 0.000000 2.036966 -0.001448 0.999999 -0.000000 -0.043748 -0.000000 0.000000 1.000000 0.000000
1.000000 -0.000184 0.000000 2.968524 0.000184 1.000000 0.000000 -0.067281 0.000000 0.000000 1.000000 0.000000
0.999996 -0.002757 0.000000 3.588920 0.002757 0.999996 0.000000 -0.091065 0.000000 0.000000 1.000000 0.000000
0.999996 -0.002974 0.000000 4.229675 0.002974 0.999996 0.000000 -0.104551 0.000000 0.000000 1.000000 0.000000
0.999983 -0.005791 0.000000 4.861790 0.005791 0.999983 0.000000 -0.124208 0.000000 0.000000 1.000000 0.000000
0.999958 -0.009151 0.000000 6.118286 0.009151 0.999958 0.000000 -0.145991 0.000000 0.000000 1.000000 0.000000
0.999961 -0.008854 0.000000 6.746695 0.008854 0.999961 0.000000 -0.157452 0.000000 0.000000 1.000000 0.000000
0.999967 -0.008088 0.000000 7.385874 0.008088 0.999967 0.000000 -0.166370 0.000000 0.000000 1.000000 0.000000
0.999976 -0.006890 0.000000 8.021144 0.006890 0.999976 0.000000 -0.172869 0.000000 0.000000 1.000000 0.000000
0.999967 -0.008139 0.000000 8.690736 0.008139 0.999967 0.000000 -0.188140 0.000000 0.000000 1.000000 0.000000
0.999964 -0.008469 0.000000 9.312149 0.008469 0.999964 0.000000 -0.213371 0.000000 0.000000 1.000000 0.000000
0.999961 -0.008787 0.000000 9.938985 0.008787 0.999961 0.000000 -0.220770 0.000000 0.000000 1.000000 0.000000
0.999950 -0.010001 0.000000 10.566688 0.010001 0.999950 0.000000 -0.224219 0.000000 0.000000 1.000000 0.000000
0.999937 -0.011218 0.000000 11.191762 0.011218 0.999937 0.000000 -0.233929 0.000000 0.000000 1.000000 0.000000
0.999940 -0.010989 0.000000 11.808287 0.010989 0.999940 0.000000 -0.236897 0.000000 0.000000 1.000000 0.000000
0.999951 -0.009932 0.000000 12.434435 0.009932 0.999951 0.000000 -0.247191 0.000000 0.000000 1.000000 0.000000
0.999939 -0.011018 0.000000 13.051007 0.011018 0.999939 0.000000 -0.266546 0.000000 0.000000 1.000000 0.000000
0.999946 -0.010371 0.000000 13.693037 0.010371 0.999946 0.000000 -0.277339 0.000000 0.000000 1.000000 0.000000
0.999936 -0.011283 0.000000 14.274370 0.011283 0.999936 0.000000 -0.281292 0.000000 0.000000 1.000000 0.000000
0.999936 -0.011351 0.000000 14.893078 0.011351 0.999936 0.000000 -0.292128 0.000000 0.000000 1.000000 0.000000
0.999940 -0.010970 0.000000 15.508295 0.010970 0.999940 0.000000 -0.306440 0.000000 0.000000 1.000000 0.000000
0.999918 -0.012842 0.000000 16.153522 0.012842 0.999918 0.000000 -0.315330 0.000000 0.000000 1.000000 0.000000
0.999901 -0.014068 0.000000 16.771931 0.014068 0.999901 0.000000 -0.317860 0.000000 0.000000 1.000000 0.000000
0.999887 -0.015041 0.000000 17.393575 0.015041 0.999887 0.000000 -0.325613 0.000000 0.000000 1.000000 0.000000
0.999873 -0.015922 0.000000 18.014932 0.015922 0.999873 0.000000 -0.332890 0.000000 0.000000 1.000000 0.000000
0.999891 -0.014764 0.000000 18.642813 0.014764 0.999891 0.000000 -0.341248 0.000000 0.000000 1.000000 0.000000
0.999856 -0.016953 0.000000 19.262129 0.016953 0.999856 0.000000 -0.345549 0.000000 0.000000 1.000000 0.000000
0.999852 -0.017204 0.000000 19.861251 0.017204 0.999852 0.000000 -0.353385 0.000000 0.000000 1.000000 0.000000
0.999830 -0.018461 0.000000 20.489462 0.018461 0.999830 0.000000 -0.356938 0.000000 0.000000 1.000000 0.000000
0.999857 -0.016932 0.000000 21.116550 0.016932 0.999857 0.000000 -0.360946 0.000000 0.000000 1.000000 0.000000
0.999885 -0.015178 0.000000 21.695738 0.015178 0.999885 0.000000 -0.363100 0.000000 0.000000 1.000000 0.000000
0.999843 -0.017716 0.000000 22.321881 0.017716 0.999843 0.000000 -0.374740 0.000000 0.000000 1.000000 0.000000
0.999799 -0.020054 0.000000 22.931284 0.020054 0.999799 0.000000 -0.379609 0.000000 0.000000 1.000000 0.000000
0.999762 -0.021819 0.000000 23.523436 0.021819 0.999762 0.000000 -0.387324 0.000000 0.000000 1.000000 0.000000
0.999770 -0.021441 0.000000 24.144347 0.021441 0.999770 0.000000 -0.388116 0.000000 0.000000 1.000000 0.000000
0.999786 -0.020671 0.000000 24.771057 0.020671 0.999786 0.000000 -0.394753 0.000000 0.000000 1.000000 0.000000
0.999791 -0.020432 0.000000 25.388144 0.020432 0.999791 0.000000 -0.400431 0.000000 0.000000 1.000000 0.000000
0.999817 -0.019111 0.000000 25.973428 0.019111 0.999817 0.000000 -0.400070 0.000000 0.000000 1.000000 0.000000
0.999881 -0.015459 0.000000 26.605147 0.015459 0.999881 0.000000 -0.408336 0.000000 0.000000 1.000000 0.000000
0.999894 -0.014533 0.000000 27.193869 0.014533 0.999894 0.000000 -0.417084 0.000000 0.000000 1.000000 0.000000
0.999884 -0.015212 0.000000 27.830656 0.015212 0.999884 0.000000 -0.422222 0.000000 0.000000 1.000000 0.000000
0.999856 -0.016955 0.000000 28.465114 0.016955 0.999856 0.000000 -0.429226 0.000000 0.000000 1.000000 0.000000
0.999831 -0.018409 0.000000 29.289713 0.018409 0.999831 0.000000 -0.443061 0.000000 0.000000 1.000000 0.000000
0.999844 -0.017662 0.000000 29.937316 0.017662 0.999844 0.000000 -0.439076 0.000000 0.000000 1.000000 0.000000
0.999864 -0.016499 0.000000 30.575908 0.016499 0.999864 0.000000 -0.435338 0.000000 0.000000 1.000000 0.000000
0.999879 -0.015532 0.000000 31.211733 0.015532 0.999879 0.000000 -0.434332 0.000000 0.000000 1.000000 0.000000
0.999894 -0.014580 0.000000 31.837227 0.014580 0.999894 0.000000 -0.436418 0.000000 0.000000 1.000000 0.000000
0.999872 -0.015982 0.000000 32.481527 0.015982 0.999872 0.000000 -0.442709 0.000000 0.000000 1.000000 0.000000
0.999901 -0.014041 0.000000 33.123793 0.014041 0.999901 0.000000 -0.447733 0.000000 0.000000 1.000000 0.000000
0.999920 -0.012629 0.000000 33.771195 0.012629 0.999920 0.000000 -0.450133 0.000000 0.000000 1.000000 0.000000
0.999947 -0.010254 0.000000 34.407512 0.010254 0.999947 0.000000 -0.450026 0.000000 0.000000 1.000000 0.000000
0.999950 -0.009980 0.000000 35.048981 0.009980 0.999950 0.000000 -0.458219 0.000000 0.000000 1.000000 0.000000
0.999970 -0.007785 0.000000 35.688753 0.007785 0.999970 0.000000 -0.460192 0.000000 0.000000 1.000000 0.000000
0.999959 -0.009026 0.000000 36.319632 0.009026 0.999959 0.000000 -0.471398 0.000000 0.000000 1.000000 0.000000
0.999967 -0.008123 0.000000 36.952929 0.008123 0.999967 0.000000 -0.479558 0.000000 0.000000 1.000000 0.000000
0.999975 -0.007035 0.000000 37.582730 0.007035 0.999975 0.000000 -0.485720 0.000000 0.000000 1.000000 0.000000
0.999968 -0.007949 0.000000 38.183738 0.007949 0.999968 0.000000 -0.496996 0.000000 0.000000 1.000000 0.000000
0.999980 -0.006298 0.000000 38.826491 0.006298 0.999980 0.000000 -0.504436 0.000000 0.000000 1.000000 0.000000
0.999994 -0.003565 0.000000 39.453293 0.003565 0.999994 0.000000 -0.508623 0.000000 0.000000 1.000000 0.000000
0.999993 -0.003787 0.000000 40.100102 0.003787 0.999993 0.000000 -0.518209 0.000000 0.000000 1.000000 0.000000
0.999985 -0.005445 0.000000 40.729306 0.005445 0.999985 0.000000 -0.527556 0.000000 0.000000 1.000000 0.000000
0.999988 -0.004885 0.000000 41.365893 0.004885 0.999988 0.000000 -0.532547 0.000000 0.000000 1.000000 0.000000
0.999994 -0.003375 0.000000 42.007114 0.003375 0.999994 0.000000 -0.545578 0.000000 0.000000 1.000000 0.000000
0.999997 -0.002427 0.000000 42.652690 0.002427 0.999997 0.000000 -0.553638 0.000000 0.000000 1.000000 0.000000
0.999998 -0.001860 0.000000 43.299399 0.001860 0.999998 0.000000 -0.555686 0.000000 0.000000 1.000000 0.000000
1.000000 0.000144 0.000000 43.938908 -0.000144 1.000000 -0.000000 -0.561376 -0.000000 0.000000 1.000000 0.000000
1.000000 0.000273 0.000000 44.588521 -0.000273 1.000000 -0.000000 -0.573626 -0.000000 0.000000 1.000000 0.000000
0.999999 -0.001519 0.000000 45.200566 0.001519 0.999999 0.000000 -0.588906 0.000000 0.000000 1.000000 0.000000
1.000000 0.000813 0.000000 45.858002 -0.000813 1.000000 -0.000000 -0.584128 -0.000000 0.000000 1.000000 0.000000
0.999999 0.001324 0.000000 46.515852 -0.001324 0.999999 -0.000000 -0.589454 -0.000000 0.000000 1.000000 0.000000
0.999994 0.003420 0.000000 47.178035 -0.003420 0.999994 -0.000000 -0.602325 -0.000000 0.000000 1.000000 0.000000
1.000000 -0.000637 0.000000 47.847659 0.000637 1.000000 0.000000 -0.617387 0.000000 0.000000 1.000000 0.000000
0.999995 -0.003188 0.000000 48.492949 0.003188 0.999995 0.000000 -0.632916 0.000000 0.000000 1.000000 0.000000
0.999995 -0.003068 0.000000 49.106988 0.003068 0.999995 0.000000 -0.642940 0.000000 0.000000 1.000000 0.000000
0.999998 -0.002150 0.000000 49.757834 0.002150 0.999998 0.000000 -0.646956 0.000000 0.000000 1.000000 0.000000
1.000000 0.000428 0.000000 50.411903 -0.000428 1.000000 -0.000000 -0.649247 -0.000000 0.000000 1.000000 0.000000
0.999999 0.001122 0.000000 51.077526 -0.001122 0.999999 -0.000000 -0.657429 -0.000000 0.000000 1.000000 0.000000
1.000000 -0.000235 0.000000 51.739196 0.000235 1.000000 0.000000 -0.669606 0.000000 0.000000 1.000000 0.000000
0.999994 -0.003563 0.000000 52.398462 0.003563 0.999994 0.000000 -0.676769 0.000000 0.000000 1.000000 0.000000
0.999998 -0.002081 0.000000 53.426700 0.002081 0.999998 0.000000 -0.698021 0.000000 0.000000 1.000000 0.000000
0.999990 -0.004533 0.000000 54.113090 0.004533 0.999990 0.000000 -0.711347 0.000000 0.000000 1.000000 0.000000
0.999999 -0.001481 0.000000 54.749812 0.001481 0.999999 0.000000 -0.723916 0.000000 0.000000 1.000000 0.000000
0.999998 -0.002146 0.000000 55.406420 0.002146 0.999998 0.000000 -0.735144 0.000000 0.000000 1.000000 0.000000
0.999997 -0.002305 0.000000 56.072646 0.002305 0.999997 0.000000 -0.744676 0.000000 0.000000 1.000000 0.000000
0.999995 -0.003124 0.000000 56.727605 0.003124 0.999995 0.000000 -0.756220 0.000000 0.000000 1.000000 0.000000
0.999998 -0.002160 0.000000 57.381156 0.002160 0.999998 0.000000 -0.767082 0.000000 0.000000 1.000000 0.000000
0.999995 -0.003144 0.000000 58.030608 0.003144 0.999995 0.000000 -0.781092 0.000000 0.000000 1.000000 0.000000
0.999989 -0.004645 0.000000 59.372577 0.004645 0.999989 0.000000 -0.786752 0.000000 0.000000 1.000000 0.000000
0.999991 -0.004319 0.000000 60.017736 0.004319 0.999991 0.000000 -0.779699 0.000000 0.000000 1.000000 0.000000
0.999975 -0.007065 0.000000 60.657116 0.007065 0.999975 0.000000 -0.775225 0.000000 0.000000 1.000000 0.000000
0.999982 -0.005938 0.000000 61.296251 0.005938 0.999982 0.000000 -0.774873 0.000000 0.000000 1.000000 0.000000
0.999995 -0.003223 0.000000 61.930288 0.003223 0.999995 0.000000 -0.774921 0.000000 0.000000 1.000000 0.000000
1.000000 -0.000967 0.000000 62.595228 0.000967 1.000000 0.000000 -0.781307 0.000000 0.000000 1.000000 0.000000
1.000000 -0.000461 0.000000 63.228339 0.000461 1.000000 0.000000 -0.787502 0.000000 0.000000 1.000000 0.000000
1.000000 0.000297 0.000000 63.830916 -0.000297 1.000000 -0.000000 -0.791736 -0.000000 0.000000 1.000000 0.000000
1.000000 -0.000652 0.000000 64.458367 0.000652 1.000000 0.000000 -0.803183 0.000000 0.000000 1.000000 0.000000
1.000000 -0.000584 0.000000 65.051488 0.000584 1.000000 0.000000 -0.813284 0.000000 0.000000 1.000000 0.000000
1.000000 0.000201 0.000000 65.681789 -0.000201 1.000000 -0.000000 -0.832446 -0.000000 0.000000 1.000000 0.000000
0.999999 0.001125 0.000000 66.305897 -0.001125 0.999999 -0.000000 -0.848130 -0.000000 0.000000 1.000000 0.000000
0.999999 0.001342 0.000000 66.886660 -0.001342 0.999999 -0.000000 -0.858962 -0.000000 0.000000 1.000000 0.000000
0.999997 0.002473 0.000000 67.504347 -0.002473 0.999997 -0.000000 -0.869557 -0.000000 0.000000 1.000000 0.000000
1.000000 0.000438 0.000000 68.112299 -0.000438 1.000000 -0.000000 -0.887076 -0.000000 0.000000 1.000000 0.000000
1.000000 0.000528 0.000000 68.676107 -0.000528 1.000000 -0.000000 -0.905641 -0.000000 0.000000 1.000000 0.000000
1.000000 -0.000777 0.000000 69.281056 0.000777 1.000000 0.000000 -0.922733 0.000000 0.000000 1.000000 0.000000
1.000000 -0.000736 0.000000 69.849714 0.000736 1.000000 0.000000 -0.928982 0.000000 0.000000 1.000000 0.000000
0.999996 0.002718 0.000000 70.461721 -0.002718 0.999996 -0.000000 -0.935780 -0.000000 0.000000 1.000000 0.000000
0.999995 0.003301 0.000000 71.066475 -0.003301 0.999995 -0.000000 -0.945074 -0.000000 0.000000 1.000000 0.000000
0.999995 0.003263 0.000000 71.904915 -0.003263 0.999995 -0.000000 -0.963715 -0.000000 0.000000 1.000000 0.000000
0.999991 0.004250 0.000000 72.507430 -0.004250 0.999991 -0.000000 -0.974486 -0.000000 0.000000 1.000000 0.000000
0.999988 0.004904 0.000000 73.105069 -0.004904 0.999988 -0.000000 -0.988335 -0.000000 0.000000 1.000000 0.000000
0.999994 0.003445 0.000000 73.697393 -0.003445 0.999994 -0.000000 -0.999297 -0.000000 0.000000 1.000000 0.000000
0.999995 0.003053 0.000000 74.290716 -0.003053 0.999995 -0.000000 -1.006994 -0.000000 0.000000 1.000000 0.000000
1.000000 0.000928 0.000000 74.880384 -0.000928 1.000000 -0.000000 -1.012709 -0.000000 0.000000 1.000000 0.000000
1.000000 -0.000103 0.000000 75.513095 0.000103 1.000000 0.000000 -1.024073 0.000000 0.000000 1.000000 0.000000
1.000000 0.000553 0.000000 76.111887 -0.000553 1.000000 -0.000000 -1.035293 -0.000000 0.000000 1.000000 0.000000
1.000000 0.000335 0.000000 76.707207 -0.000335 1.000000 -0.000000 -1.050524 -0.000000 0.000000 1.000000 0.000000
0.999993 0.003617 0.000000 77.898617 -0.003617 0.999993 -0.000000 -1.085823 -0.000000 0.000000 1.000000 0.000000
0.999998 0.002221 0.000000 78.487348 -0.002221 0.999998 -0.000000 -1.098624 -0.000000 0.000000 1.000000 0.000000
0.999991 0.004204 0.000000 79.073374 -0.004204 0.999991 -0.000000 -1.111064 -0.000000 0.000000 1.000000 0.000000
0.999991 0.004238 0.000000 79.651968 -0.004238 0.999991 -0.000000 -1.131862 -0.000000 0.000000 1.000000 0.000000
0.999993 0.003811 0.000000 80.236352 -0.003811 0.999993 -0.000000 -1.147417 -0.000000 0.000000 1.000000 0.000000
0.999985 0.005564 0.000000 80.817241 -0.005564 0.999985 -0.000000 -1.164294 -0.000000 0.000000 1.000000 0.000000
0.999990 0.004430 0.000000 81.393983 -0.004430 0.999990 -0.000000 -1.189096 -0.000000 0.000000 1.000000 0.000000
0.999996 0.002803 0.000000 81.962006 -0.002803 0.999996 -0.000000 -1.198835 -0.000000 0.000000 1.000000 0.000000
0.999996 0.002764 0.000000 82.528120 -0.002764 0.999996 -0.000000 -1.207262 -0.000000 0.000000 1.000000 0.000000
0.999988 0.004828 0.000000 83.078011 -0.004828 0.999988 -0.000000 -1.219509 -0.000000 0.000000 1.000000 0.000000
0.999988 0.004965 0.000000 83.633106 -0.004965 0.999988 -0.000000 -1.228176 -0.000000 0.000000 1.000000 0.000000
0.999988 0.004965 0.000000 84.171257 -0.004965 0.999988 -0.000000 -1.238942 -0.000000 0.000000 1.000000 0.000000
0.999988 0.004976 0.000000 84.705681 -0.004976 0.999988 -0.000000 -1.255216 -0.000000 0.000000 1.000000 0.000000
0.999977 0.006727 0.000000 85.222127 -0.006727 0.999977 -0.000000 -1.271869 -0.000000 0.000000 1.000000 0.000000
0.999964 0.008435 0.000000 85.768436 -0.008435 0.999964 -0.000000 -1.286081 -0.000000 0.000000 1.000000 0.000000
0.999940 0.010974 0.000000 86.295179 -0.010974 0.999940 -0.000000 -1.303069 -0.000000 0.000000 1.000000 0.000000
0.999913 0.013158 0.000000 86.803579 -0.013158 0.999913 -0.000000 -1.313576 -0.000000 0.000000 1.000000 0.000000
0.999913 0.013214 0.000000 87.342593 -0.013214 0.999913 -0.000000 -1.335688 -0.000000 0.000000 1.000000 0.000000
0.999921 0.012605 0.000000 87.863659 -0.012605 0.999921 -0.000000 -1.354715 -0.000000 0.000000 1.000000 0.000000
0.999920 0.012655 0.000000 88.349541 -0.012655 0.999920 -0.000000 -1.372747 -0.000000 0.000000 1.000000 0.000000
0.999908 0.013569 0.000000 88.877956 -0.013569 0.999908 -0.000000 -1.399263 -0.000000 0.000000 1.000000 0.000000
0.999864 0.016497 0.000000 89.397055 -0.016497 0.999864 -0.000000 -1.422382 -0.000000 0.000000 1.000000 0.000000
0.999871 0.016058 0.000000 89.882987 -0.016058 0.999871 -0.000000 -1.445128 -0.000000 0.000000 1.000000 0.000000
0.999865 0.016448 0.000000 90.406189 -0.016448 0.999865 -0.000000 -1.465430 -0.000000 0.000000 1.000000 0.000000
0.999841 0.017851 0.000000 90.927642 -0.017851 0.999841 -0.000000 -1.480748 -0.000000 0.000000 1.000000 0.000000
0.999802 0.019909 0.000000 91.416209 -0.019909 0.999802 -0.000000 -1.503584 -0.000000 0.000000 1.000000 0.000000
0.999785 0.020725 0.000000 91.921950 -0.020725 0.999785 -0.000000 -1.530284 -0.000000 0.000000 1.000000 0.000000
0.999778 0.021082 0.000000 92.405270 -0.021082 0.999778 -0.000000 -1.550965 -0.000000 0.000000 1.000000 0.000000
0.999731 0.023191 0.000000 92.914600 -0.023191 0.999731 -0.000000 -1.575077 -0.000000 0.000000 1.000000 0.000000
0.999722 0.023588 0.000000 93.578133 -0.023588 0.999722 -0.000000 -1.603693 -0.000000 0.000000 1.000000 0.000000
0.999632 0.027110 0.000000 94.078670 -0.027110 0.999632 -0.000000 -1.615158 -0.000000 0.000000 1.000000 0.000000
0.999579 0.029010 0.000000 94.576663 -0.029010 0.999579 -0.000000 -1.633894 -0.000000 0.000000 1.000000 0.000000
0.999546 0.030134 0.000000 95.072636 -0.030134 0.999546 -0.000000 -1.655136 -0.000000 0.000000 1.000000 0.000000
0.999555 0.029830 0.000000 95.559323 -0.029830 0.999555 -0.000000 -1.681637 -0.000000 0.000000 1.000000 0.000000
0.999582 0.028925 0.000000 96.037793 -0.028925 0.999582 -0.000000 -1.710551 -0.000000 0.000000 1.000000 0.000000
0.999543 0.030244 0.000000 96.501295 -0.030244 0.999543 -0.000000 -1.734994 -0.000000 0.000000 1.000000 0.000000
0.999425 0.033893 0.000000 97.460521 -0.033893 0.999425 -0.000000 -1.797618 -0.000000 0.000000 1.000000 0.000000
0.999363 0.035681 0.000000 97.930787 -0.035681 0.999363 -0.000000 -1.834291 -0.000000 0.000000 1.000000 0.000000
0.999236 0.039080 0.000000 98.399962 -0.039080 0.999236 -0.000000 -1.861728 -0.000000 0.000000 1.000000 0.000000
0.999157 0.041050 0.000000 98.869799 -0.041050 0.999157 -0.000000 -1.901057 -0.000000 0.000000 1.000000 0.000000
0.999107 0.042252 0.000000 99.347969 -0.042252 0.999107 -0.000000 -1.939690 -0.000000 0.000000 1.000000 0.000000
0.998963 0.045539 0.000000 99.805949 -0.045539 0.998963 -0.000000 -1.971211 -0.000000 0.000000 1.000000 0.000000
0.998873 0.047465 0.000000 100.272019 -0.047465 0.998873 -0.000000 -2.012600 -0.000000 0.000000 1.000000 0.000000
0.998678 0.051398 0.000000 100.733091 -0.051398 0.998678 -0.000000 -2.049796 -0.000000 0.000000 1.000000 0.000000
0.998523 0.054334 0.000000 101.196375 -0.054334 0.998523 -0.000000 -2.089647 -0.000000 0.000000 1.000000 0.000000
0.998373 0.057025 0.000000 101.656466 -0.057025 0.998373 -0.000000 -2.126026 -0.000000 0.000000 1.000000 0.000000
0.998233 0.059416 0.000000 102.081522 -0.059416 0.998233 -0.000000 -2.165418 -0.000000 0.000000 1.000000 0.000000
0.998128 0.061155 0.000000 102.528392 -0.061155 0.998128 -0.000000 -2.203093 -0.000000 0.000000 1.000000 0.000000
0.997920 0.064467 0.000000 102.972738 -0.064467 0.997920 -0.000000 -2.244514 -0.000000 0.000000 1.000000 0.000000
0.997862 0.065353 0.000000 103.414523 -0.065353 0.997862 -0.000000 -2.292201 -0.000000 0.000000 1.000000 0.000000
0.997613 0.069053 0.000000 103.839536 -0.069053 0.997613 -0.000000 -2.339195 -0.000000 0.000000 1.000000 0.000000
0.997455 0.071293 0.000000 104.262878 -0.071293 0.997455 -0.000000 -2.375105 -0.000000 0.000000 1.000000 0.000000
0.996841 0.079423 0.000000 104.684732 -0.079423 0.996841 -0.000000 -2.414511 -0.000000 0.000000 1.000000 0.000000
0.996603 0.082354 0.000000 105.100427 -0.082354 0.996603 -0.000000 -2.453423 -0.000000 0.000000 1.000000 0.000000
0.996312 0.085799 0.000000 105.512609 -0.085799 0.996312 -0.000000 -2.500670 -0.000000 0.000000 1.000000 0.000000
0.996297 0.085977 0.000000 105.927233 -0.085977 0.996297 -0.000000 -2.544745 -0.000000 0.000000 1.000000 0.000000
0.995991 0.089451 0.000000 106.325958 -0.089451 0.995991 -0.000000 -2.596856 -0.000000 0.000000 1.000000 0.000000
0.996044 0.088858 0.000000 106.721624 -0.088858 0.996044 -0.000000 -2.652204 -0.000000 0.000000 1.000000 0.000000
0.995433 0.095468 0.000000 107.106056 -0.095468 0.995433 -0.000000 -2.690964 -0.000000 0.000000 1.000000 0.000000
0.995078 0.099097 0.000000 107.511943 -0.099097 0.995078 -0.000000 -2.734095 -0.000000 0.000000 1.000000 0.000000
0.995142 0.098447 0.000000 107.896615 -0.098447 0.995142 -0.000000 -2.783645 -0.000000 0.000000 1.000000 0.000000
0.994801 0.101841 0.000000 108.273257 -0.101841 0.994801 -0.000000 -2.821475 -0.000000 0.000000 1.000000 0.000000
0.994405 0.105637 0.000000 108.688219 -0.105637 0.994405 -0.000000 -2.874986 -0.000000 0.000000 1.000000 0.000000
0.993911 0.110184 0.000000 109.085554 -0.110184 0.993911 -0.000000 -2.924595 -0.000000 0.000000 1.000000 0.000000
0.993548 0.113415 0.000000 109.653785 -0.113415 0.993548 -0.000000 -3.010457 -0.000000 0.000000 1.000000 0.000000
0.993305 0.115525 0.000000 110.069393 -0.115525 0.993305 -0.000000 -3.068670 -0.000000 0.000000 1.000000 0.000000
0.993083 0.117412 0.000000 110.481204 -0.117412 0.993083 -0.000000 -3.134728 -0.000000 0.000000 1.000000 0.000000
0.992833 0.119509 0.000000 110.902346 -0.119509 0.992833 -0.000000 -3.190904 -0.000000 0.000000 1.000000 0.000000
0.992562 0.121738 0.000000 111.321019 -0.121738 0.992562 -0.000000 -3.259805 -0.000000 0.000000 1.000000 0.000000
0.992508 0.122183 0.000000 111.739855 -0.122183 0.992508 -0.000000 -3.320437 -0.000000 0.000000 1.000000 0.000000
0.992420 0.122893 0.000000 112.157304 -0.122893 0.992420 -0.000000 -3.389591 -0.000000 0.000000 1.000000 0.000000
0.992104 0.125420 0.000000 112.580587 -0.125420 0.992104 -0.000000 -3.453950 -0.000000 0.000000 1.000000 0.000000
0.991260 0.131923 0.000000 113.312397 -0.131923 0.991260 -0.000000 -3.573605 -0.000000 0.000000 1.000000 0.000000
0.991249 0.132008 0.000000 113.730505 -0.132008 0.991249 -0.000000 -3.653530 -0.000000 0.000000 1.000000 0.000000
0.991395 0.130903 0.000000 114.163094 -0.130903 0.991395 -0.000000 -3.729081 -0.000000 0.000000 1.000000 0.000000
0.991486 0.130216 0.000000 114.590626 -0.130216 0.991486 -0.000000 -3.799958 -0.000000 0.000000 1.000000 0.000000
0.991600 0.129339 0.000000 115.026545 -0.129339 0.991600 -0.000000 -3.864601 -0.000000 0.000000 1.000000 0.000000
0.991070 0.133345 0.000000 115.463872 -0.133345 0.991070 -0.000000 -3.920635 -0.000000 0.000000 1.000000 0.000000
0.991171 0.132593 0.000000 115.905507 -0.132593 0.991171 -0.000000 -3.989915 -0.000000 0.000000 1.000000 0.000000
0.991205 0.132337 0.000000 116.347929 -0.132337 0.991205 -0.000000 -4.056727 -0.000000 0.000000 1.000000 0.000000
0.991122 0.132959 0.000000 116.791767 -0.132959 0.991122 -0.000000 -4.126460 -0.000000 0.000000 1.000000 0.000000
0.990898 0.134616 0.000000 117.241341 -0.134616 0.990898 -0.000000 -4.199358 -0.000000 0.000000 1.000000 0.000000
0.990314 0.138848 0.000000 117.687714 -0.138848 0.990314 -0.000000 -4.275751 -0.000000 0.000000 1.000000 0.000000
0.990273 0.139137 0.000000 118.510799 -0.139137 0.990273 -0.000000 -4.413440 -0.000000 0.000000 1.000000 0.000000
0.990317 0.138822 0.000000 118.962921 -0.138822 0.990317 -0.000000 -4.492349 -0.000000 0.000000 1.000000 0.000000
0.990173 0.139850 0.000000 119.415896 -0.139850 0.990173 -0.000000 -4.565824 -0.000000 0.000000 1.000000 0.000000
0.989918 0.141639 0.000000 119.872081 -0.141639 0.989918 -0.000000 -4.653016 -0.000000 0.000000 1.000000 0.000000
0.989574 0.144026 0.000000 120.330313 -0.144026 0.989574 -0.000000 -4.738435 -0.000000 0.000000 1.000000 0.000000
0.989417 0.145100 0.000000 120.787923 -0.145100 0.989417 -0.000000 -4.822997 -0.000000 0.000000 1.000000 0.000000
0.989267 0.146121 0.000000 121.253855 -0.146121 0.989267 -0.000000 -4.910072 -0.000000 0.000000 1.000000 0.000000
0.988752 0.149563 0.000000 121.718724 -0.149563 0.988752 -0.000000 -4.994216 -0.000000 0.000000 1.000000 0.000000
0.988196 0.153196 0.000000 122.222566 -0.153196 0.988196 -0.000000 -5.083929 -0.000000 0.000000 1.000000 0.000000
0.987751 0.156038 0.000000 122.666434 -0.156038 0.987751 -0.000000 -5.165248 -0.000000 0.000000 1.000000 0.000000
0.987824 0.155573 0.000000 123.174202 -0.155573 0.987824 -0.000000 -5.266023 -0.000000 0.000000 1.000000 0.000000
0.987667 0.156567 0.000000 123.649099 -0.156567 0.987667 -0.000000 -5.358734 -0.000000 0.000000 1.000000 0.000000
0.987329 0.158685 0.000000 124.116336 -0.158685 0.987329 -0.000000 -5.448876 -0.000000 0.000000 1.000000 0.000000
0.987642 0.156727 0.000000 124.582270 -0.156727 0.987642 -0.000000 -5.548234 -0.000000 0.000000 1.000000 0.000000
0.987083 0.160208 0.000000 125.058952 -0.160208 0.987083 -0.000000 -5.632977 -0.000000 0.000000 1.000000 0.000000
0.986752 0.162238 0.000000 125.524739 -0.162238 0.986752 -0.000000 -5.725821 -0.000000 0.000000 1.000000 0.000000
0.986156 0.165818 0.000000 125.996516 -0.165818 0.986156 -0.000000 -5.822014 -0.000000 0.000000 1.000000 0.000000
0.985177 0.171541 0.000000 126.472980 -0.171541 0.985177 -0.000000 -5.917983 -0.000000 0.000000 1.000000 0.000000
0.985000 0.172551 0.000000 126.922141 -0.172551 0.985000 -0.000000 -6.006717 -0.000000 0.000000 1.000000 0.000000
0.984939 0.172900 0.000000 127.401894 -0.172900 0.984939 -0.000000 -6.098359 -0.000000 0.000000 1.000000 0.000000
0.984648 0.174550 0.000000 127.877855 -0.174550 0.984648 -0.000000 -6.195297 -0.000000 0.000000 1.000000 0.000000
0.984588 0.174888 0.000000 128.666581 -0.174888 0.984588 -0.000000 -6.353279 -0.000000 0.000000 1.000000 0.000000
0.984507 0.175344 0.000000 129.151467 -0.175344 0.984507 -0.000000 -6.453763 -0.000000 0.000000 1.000000 0.000000
0.986326 0.164808 0.000000 130.127172 -0.164808 0.986326 -0.000000 -6.661552 -0.000000 0.000000 1.000000 0.000000
0.986072 0.166318 0.000000 130.618852 -0.166318 0.986072 -0.000000 -6.756249 -0.000000 0.000000 1.000000 0.000000
0.986040 0.166509 0.000000 131.116342 -0.166509 0.986040 -0.000000 -6.854544 -0.000000 0.000000 1.000000 0.000000
0.985848 0.167644 0.000000 131.620232 -0.167644 0.985848 -0.000000 -6.951935 -0.000000 0.000000 1.000000 0.000000
0.986058 0.166402 0.000000 132.119190 -0.166402 0.986058 -0.000000 -7.050332 -0.000000 0.000000 1.000000 0.000000
0.985846 0.167653 0.000000 132.617168 -0.167653 0.985846 -0.000000 -7.140754 -0.000000 0.000000 1.000000 0.000000
0.985847 0.167647 0.000000 133.153232 -0.167647 0.985847 -0.000000 -7.244148 -0.000000 0.000000 1.000000 0.000000
0.985416 0.170161 0.000000 133.638482 -0.170161 0.985416 -0.000000 -7.335066 -0.000000 0.000000 1.000000 0.000000
0.985143 0.171735 0.000000 134.150875 -0.171735 0.985143 -0.000000 -7.433094 -0.000000 0.000000 1.000000 0.000000
0.985349 0.170548 0.000000 134.663920 -0.170548 0.985349 -0.000000 -7.527373 -0.000000 0.000000 1.000000 0.000000
0.985956 0.167006 0.000000 135.145022 -0.167006 0.985956 -0.000000 -7.628619 -0.000000 0.000000 1.000000 0.000000
0.985898 0.167347 0.000000 135.656012 -0.167347 0.985898 -0.000000 -7.724769 -0.000000 0.000000 1.000000 0.000000
0.985839 0.167692 0.000000 136.178048 -0.167692 0.985839 -0.000000 -7.820873 -0.000000 0.000000 1.000000 0.000000
0.985361 0.170482 0.000000 136.663872 -0.170482 0.985361 -0.000000 -7.903930 -0.000000 0.000000 1.000000 0.000000
0.985952 0.167029 0.000000 137.185321 -0.167029 0.985952 -0.000000 -7.992066 -0.000000 0.000000 1.000000 0.000000
0.985363 0.170468 0.000000 137.718423 -0.170468 0.985363 -0.000000 -8.099917 -0.000000 0.000000 1.000000 0.000000
0.985000 0.172552 0.000000 138.351242 -0.172552 0.985000 -0.000000 -8.216904 -0.000000 0.000000 1.000000 0.000000
0.984752 0.173964 0.000000 138.915471 -0.173964 0.984752 -0.000000 -8.324026 -0.000000 0.000000 1.000000 0.000000
0.984339 0.176284 0.000000 139.404219 -0.176284 0.984339 -0.000000 -8.415650 -0.000000 0.000000 1.000000 0.000000
0.984292 0.176550 0.000000 139.928895 -0.176550 0.984292 -0.000000 -8.526070 -0.000000 0.000000 1.000000 0.000000
0.983399 0.181459 0.000000 140.465604 -0.181459 0.983399 -0.000000 -8.636266 -0.000000 0.000000 1.000000 0.000000
0.982912 0.184079 0.000000 141.002590 -0.184079 0.982912 -0.000000 -8.749454 -0.000000 0.000000 1.000000 0.000000
0.981768 0.190082 0.000000 144.812617 -0.190082 0.981768 -0.000000 -9.586170 -0.000000 0.000000 1.000000 0.000000
0.981967 0.189054 0.000000 145.334644 -0.189054 0.981967 -0.000000 -9.693285 -0.000000 0.000000 1.000000 0.000000
0.982695 0.185232 0.000000 146.489136 -0.185232 0.982695 -0.000000 -9.939535 -0.000000 0.000000 1.000000 0.000000
0.981554 0.191185 0.000000 147.605590 -0.191185 0.981554 -0.000000 -10.193960 -0.000000 0.000000 1.000000 0.000000
0.981349 0.192232 0.000000 148.168852 -0.192232 0.981349 -0.000000 -10.321372 -0.000000 0.000000 1.000000 0.000000
0.981168 0.193158 0.000000 148.730560 -0.193158 0.981168 -0.000000 -10.452399 -0.000000 0.000000 1.000000 0.000000
0.981080 0.193601 0.000000 149.299202 -0.193601 0.981080 -0.000000 -10.580112 -0.000000 0.000000 1.000000 0.000000
0.981376 0.192096 0.000000 149.868987 -0.192096 0.981376 -0.000000 -10.724437 -0.000000 0.000000 1.000000 0.000000
0.982138 0.188161 0.000000 150.444612 -0.188161 0.982138 -0.000000 -10.860066 -0.000000 0.000000 1.000000 0.000000
0.981503 0.191448 0.000000 151.019160 -0.191448 0.981503 -0.000000 -10.991251 -0.000000 0.000000 1.000000 0.000000
0.981472 0.191608 0.000000 151.598607 -0.191608 0.981472 -0.000000 -11.121276 -0.000000 0.000000 1.000000 0.000000
0.981652 0.190682 0.000000 152.169782 -0.190682 0.981652 -0.000000 -11.264544 -0.000000 0.000000 1.000000 0.000000
0.981530 0.191309 0.000000 153.086625 -0.191309 0.981530 -0.000000 -11.482896 -0.000000 0.000000 1.000000 0.000000
0.980897 0.194527 0.000000 153.665068 -0.194527 0.980897 -0.000000 -11.615617 -0.000000 0.000000 1.000000 0.000000
0.981291 0.192531 0.000000 154.224013 -0.192531 0.981291 -0.000000 -11.761373 -0.000000 0.000000 1.000000 0.000000
0.980827 0.194880 0.000000 154.799308 -0.194880 0.980827 -0.000000 -11.897841 -0.000000 0.000000 1.000000 0.000000
0.980483 0.196604 0.000000 155.413226 -0.196604 0.980483 -0.000000 -12.043702 -0.000000 0.000000 1.000000 0.000000
0.980066 0.198675 0.000000 155.941179 -0.198675 0.980066 -0.000000 -12.168492 -0.000000 0.000000 1.000000 0.000000
0.979954 0.199226 0.000000 156.544335 -0.199226 0.979954 -0.000000 -12.326789 -0.000000 0.000000 1.000000 0.000000
0.980074 0.198634 0.000000 157.111859 -0.198634 0.980074 -0.000000 -12.469900 -0.000000 0.000000 1.000000 0.000000
0.980142 0.198295 0.000000 157.691294 -0.198295 0.980142 -0.000000 -12.605106 -0.000000 0.000000 1.000000 0.000000
0.980245 0.197788 0.000000 158.262829 -0.197788 0.980245 -0.000000 -12.729385 -0.000000 0.000000 1.000000 0.000000
0.980289 0.197567 0.000000 158.828368 -0.197567 0.980289 -0.000000 -12.858046 -0.000000 0.000000 1.000000 0.000000
0.980634 0.195848 0.000000 159.396610 -0.195848 0.980634 -0.000000 -12.985964 -0.000000 0.000000 1.000000 0.000000
0.980883 0.194600 0.000000 159.967914 -0.194600 0.980883 -0.000000 -13.108644 -0.000000 0.000000 1.000000 0.000000
0.980823 0.194899 0.000000 160.534747 -0.194899 0.980823 -0.000000 -13.227699 -0.000000 0.000000 1.000000 0.000000
0.981159 0.193200 0.000000 161.109687 -0.193200 0.981159 -0.000000 -13.359147 -0.000000 0.000000 1.000000 0.000000
0.980516 0.196440 0.000000 161.681562 -0.196440 0.980516 -0.000000 -13.481533 -0.000000 0.000000 1.000000 0.000000
0.980109 0.198461 0.000000 162.813734 -0.198461 0.980109 -0.000000 -13.736586 -0.000000 0.000000 1.000000 0.000000
0.980007 0.198964 0.000000 163.385469 -0.198964 0.980007 -0.000000 -13.865128 -0.000000 0.000000 1.000000 0.000000
0.980126 0.198374 0.000000 163.916383 -0.198374 0.980126 -0.000000 -13.987653 -0.000000 0.000000 1.000000 0.000000
0.979911 0.199434 0.000000 164.506058 -0.199434 0.979911 -0.000000 -14.120139 -0.000000 0.000000 1.000000 0.000000
0.979626 0.200832 0.000000 165.067596 -0.200832 0.979626 -0.000000 -14.241302 -0.000000 0.000000 1.000000 0.000000
0.979929 0.199347 0.000000 166.176712 -0.199347 0.979929 -0.000000 -14.495648 -0.000000 0.000000 1.000000 0.000000
0.980101 0.198501 0.000000 166.743333 -0.198501 0.980101 -0.000000 -14.621130 -0.000000 0.000000 1.000000 0.000000
0.979820 0.199884 0.000000 167.277208 -0.199884 0.979820 -0.000000 -14.748715 -0.000000 0.000000 1.000000 0.000000
0.979656 0.200683 0.000000 167.840349 -0.200683 0.979656 -0.000000 -14.876509 -0.000000 0.000000 1.000000 0.000000
0.979935 0.199318 0.000000 168.411496 -0.199318 0.979935 -0.000000 -15.006446 -0.000000 0.000000 1.000000 0.000000
0.979706 0.200440 0.000000 168.949626 -0.200440 0.979706 -0.000000 -15.116490 -0.000000 0.000000 1.000000 0.000000
0.979303 0.202400 0.000000 169.708642 -0.202400 0.979303 -0.000000 -15.277543 -0.000000 0.000000 1.000000 0.000000
0.978445 0.206506 0.000000 170.281329 -0.206506 0.978445 -0.000000 -15.392229 -0.000000 0.000000 1.000000 0.000000
0.978293 0.207227 0.000000 170.851851 -0.207227 0.978293 -0.000000 -15.515434 -0.000000 0.000000 1.000000 0.000000
0.977338 0.211687 0.000000 171.463488 -0.211687 0.977338 -0.000000 -15.641853 -0.000000 0.000000 1.000000 0.000000
0.977408 0.211362 0.000000 172.003581 -0.211362 0.977408 -0.000000 -15.760539 -0.000000 0.000000 1.000000 0.000000
0.978038 0.208425 0.000000 172.613391 -0.208425 0.978038 -0.000000 -15.909794 -0.000000 0.000000 1.000000 0.000000
0.977289 0.211912 0.000000 173.187479 -0.211912 0.977289 -0.000000 -16.037121 -0.000000 0.000000 1.000000 0.000000
0.977813 0.209479 0.000000 173.763108 -0.209479 0.977813 -0.000000 -16.168977 -0.000000 0.000000 1.000000 0.000000
0.976870 0.213836 0.000000 174.348234 -0.213836 0.976870 -0.000000 -16.295902 -0.000000 0.000000 1.000000 0.000000
0.977485 0.211003 0.000000 174.916052 -0.211003 0.977485 -0.000000 -16.432769 -0.000000 0.000000 1.000000 0.000000
0.977743 0.209808 0.000000 175.497107 -0.209808 0.977743 -0.000000 -16.565392 -0.000000 0.000000 1.000000 0.000000
0.977614 0.210407 0.000000 176.071085 -0.210407 0.977614 -0.000000 -16.704481 -0.000000 0.000000 1.000000 0.000000
0.978672 0.205431 0.000000 176.651137 -0.205431 0.978672 -0.000000 -16.850453 -0.000000 0.000000 1.000000 0.000000
0.979445 0.201711 0.000000 177.222015 -0.201711 0.979445 -0.000000 -16.990757 -0.000000 0.000000 1.000000 0.000000
0.979256 0.202625 0.000000 177.798362 -0.202625 0.979256 -0.000000 -17.119022 -0.000000 0.000000 1.000000 0.000000
0.978792 0.204856 0.000000 178.370134 -0.204856 0.978792 -0.000000 -17.254891 -0.000000 0.000000 1.000000 0.000000
0.978604 0.205755 0.000000 178.940513 -0.205755 0.978604 -0.000000 -17.384579 -0.000000 0.000000 1.000000 0.000000
0.978370 0.206862 0.000000 179.477283 -0.206862 0.978370 -0.000000 -17.516524 -0.000000 0.000000 1.000000 0.000000
0.978409 0.206676 0.000000 180.092061 -0.206676 0.978409 -0.000000 -17.661854 -0.000000 0.000000 1.000000 0.000000
0.978887 0.204403 0.000000 180.623696 -0.204403 0.978887 -0.000000 -17.784499 -0.000000 0.000000 1.000000 0.000000
0.978748 0.205066 0.000000 181.204686 -0.205066 0.978748 -0.000000 -17.919031 -0.000000 0.000000 1.000000 0.000000
0.978616 0.205696 0.000000 181.790219 -0.205696 0.978616 -0.000000 -18.049616 -0.000000 0.000000 1.000000 0.000000
0.978045 0.208393 0.000000 182.374476 -0.208393 0.978045 -0.000000 -18.186378 -0.000000 0.000000 1.000000 0.000000
0.976484 0.215591 0.000000 182.951769 -0.215591 0.976484 -0.000000 -18.320216 -0.000000 0.000000 1.000000 0.000000
0.976526 0.215399 0.000000 183.524650 -0.215399 0.976526 -0.000000 -18.451458 -0.000000 0.000000 1.000000 0.000000
0.976661 0.214787 0.000000 184.100636 -0.214787 0.976661 -0.000000 -18.589459 -0.000000 0.000000 1.000000 0.000000
0.976732 0.214462 0.000000 184.679253 -0.214462 0.976732 -0.000000 -18.729532 -0.000000 0.000000 1.000000 0.000000
0.976649 0.214842 0.000000 185.261665 -0.214842 0.976649 -0.000000 -18.873622 -0.000000 0.000000 1.000000 0.000000
0.976265 0.216581 0.000000 185.847709 -0.216581 0.976265 -0.000000 -19.014603 -0.000000 0.000000 1.000000 0.000000
0.976651 0.214833 0.000000 186.422799 -0.214833 0.976651 -0.000000 -19.156592 -0.000000 0.000000 1.000000 0.000000
0.976728 0.214480 0.000000 187.002486 -0.214480 0.976728 -0.000000 -19.296999 -0.000000 0.000000 1.000000 0.000000
0.976216 0.216799 0.000000 187.583681 -0.216799 0.976216 -0.000000 -19.429972 -0.000000 0.000000 1.000000 0.000000
0.976052 0.217539 0.000000 188.130829 -0.217539 0.976052 -0.000000 -19.557783 -0.000000 0.000000 1.000000 0.000000
0.976144 0.217122 0.000000 188.700981 -0.217122 0.976144 -0.000000 -19.700724 -0.000000 0.000000 1.000000 0.000000
0.976128 0.217196 0.000000 189.280317 -0.217196 0.976128 -0.000000 -19.837442 -0.000000 0.000000 1.000000 0.000000
0.976106 0.217293 0.000000 189.834937 -0.217293 0.976106 -0.000000 -19.972675 -0.000000 0.000000 1.000000 0.000000
0.976702 0.214600 0.000000 190.401922 -0.214600 0.976702 -0.000000 -20.114720 -0.000000 0.000000 1.000000 0.000000
0.976315 0.216354 0.000000 190.978875 -0.216354 0.976315 -0.000000 -20.260783 -0.000000 0.000000 1.000000 0.000000
0.977085 0.212849 0.000000 191.522805 -0.212849 0.977085 -0.000000 -20.395621 -0.000000 0.000000 1.000000 0.000000
0.977093 0.212811 0.000000 192.087489 -0.212811 0.977093 -0.000000 -20.536932 -0.000000 0.000000 1.000000 0.000000
0.976357 0.216166 0.000000 192.659357 -0.216166 0.976357 -0.000000 -20.674141 -0.000000 0.000000 1.000000 0.000000
0.976419 0.215883 0.000000 193.197797 -0.215883 0.976419 -0.000000 -20.800373 -0.000000 0.000000 1.000000 0.000000
0.976032 0.217629 0.000000 193.774170 -0.217629 0.976032 -0.000000 -20.936155 -0.000000 0.000000 1.000000 0.000000
0.975791 0.218703 0.000000 194.338583 -0.218703 0.975791 -0.000000 -21.069037 -0.000000 0.000000 1.000000 0.000000
0.975678 0.219207 0.000000 195.162610 -0.219207 0.975678 -0.000000 -21.284388 -0.000000 0.000000 1.000000 0.000000
0.975360 0.220621 0.000000 195.725435 -0.220621 0.975360 -0.000000 -21.415059 -0.000000 0.000000 1.000000 0.000000
0.975208 0.221289 0.000000 196.295477 -0.221289 0.975208 -0.000000 -21.549234 -0.000000 0.000000 1.000000 0.000000
0.975494 0.220026 0.000000 196.863153 -0.220026 0.975494 -0.000000 -21.689021 -0.000000 0.000000 1.000000 0.000000
0.975348 0.220672 0.000000 197.432159 -0.220672 0.975348 -0.000000 -21.833165 -0.000000 0.000000 1.000000 0.000000
0.975725 0.218997 0.000000 198.004229 -0.218997 0.975725 -0.000000 -21.961894 -0.000000 0.000000 1.000000 0.000000
0.976504 0.215501 0.000000 198.565641 -0.215501 0.976504 -0.000000 -22.105061 -0.000000 0.000000 1.000000 0.000000
0.976397 0.215986 0.000000 199.149356 -0.215986 0.976397 -0.000000 -22.243479 -0.000000 0.000000 1.000000 0.000000
0.976364 0.216133 0.000000 199.653969 -0.216133 0.976364 -0.000000 -22.366553 -0.000000 0.000000 1.000000 0.000000
0.976113 0.217263 0.000000 200.640419 -0.217263 0.976113 -0.000000 -22.610212 -0.000000 0.000000 1.000000 0.000000
0.976072 0.217447 0.000000 201.209721 -0.217447 0.976072 -0.000000 -22.744141 -0.000000 0.000000 1.000000 0.000000
0.975970 0.217907 0.000000 201.927723 -0.217907 0.975970 -0.000000 -22.921581 -0.000000 0.000000 1.000000 0.000000
0.975867 0.218367 0.000000 202.647009 -0.218367 0.975867 -0.000000 -23.099492 -0.000000 0.000000 1.000000 0.000000
0.975451 0.220216 0.000000 203.612476 -0.220216 0.975451 -0.000000 -23.345701 -0.000000 0.000000 1.000000 0.000000
0.975623 0.219453 0.000000 204.174786 -0.219453 0.975623 -0.000000 -23.485171 -0.000000 0.000000 1.000000 0.000000
0.975730 0.218979 0.000000 204.751696 -0.218979 0.975730 -0.000000 -23.631678 -0.000000 0.000000 1.000000 0.000000
0.975667 0.219257 0.000000 205.312875 -0.219257 0.975667 -0.000000 -23.772997 -0.000000 0.000000 1.000000 0.000000
0.975554 0.219761 0.000000 205.847691 -0.219761 0.975554 -0.000000 -23.903572 -0.000000 0.000000 1.000000 0.000000
0.976085 0.217390 0.000000 206.416358 -0.217390 0.976085 -0.000000 -24.043520 -0.000000 0.000000 1.000000 0.000000
0.975416 0.220370 0.000000 206.972876 -0.220370 0.975416 -0.000000 -24.182194 -0.000000 0.000000 1.000000 0.000000
0.975340 0.220706 0.000000 207.773559 -0.220706 0.975340 -0.000000 -24.393949 -0.000000 0.000000 1.000000 0.000000
0.975718 0.219032 0.000000 208.339562 -0.219032 0.975718 -0.000000 -24.535688 -0.000000 0.000000 1.000000 0.000000
0.975805 0.218641 0.000000 208.904794 -0.218641 0.975805 -0.000000 -24.675566 -0.000000 0.000000 1.000000 0.000000
0.975731 0.218975 0.000000 209.465148 -0.218975 0.975731 -0.000000 -24.812414 -0.000000 0.000000 1.000000 0.000000
0.976558 0.215254 0.000000 210.058935 -0.215254 0.976558 -0.000000 -24.954764 -0.000000 0.000000 1.000000 0.000000
0.976509 0.215477 0.000000 210.582534 -0.215477 0.976509 -0.000000 -25.080940 -0.000000 0.000000 1.000000 0.000000
0.976397 0.215982 0.000000 211.185539 -0.215982 0.976397 -0.000000 -25.225995 -0.000000 0.000000 1.000000 0.000000
0.976540 0.215335 0.000000 211.718905 -0.215335 0.976540 -0.000000 -25.356941 -0.000000 0.000000 1.000000 0.000000
0.976573 0.215188 0.000000 212.311163 -0.215188 0.976573 -0.000000 -25.508781 -0.000000 0.000000 1.000000 0.000000
0.976693 0.214641 0.000000 212.865134 -0.214641 0.976693 -0.000000 -25.648085 -0.000000 0.000000 1.000000 0.000000
0.976504 0.215498 0.000000 213.420286 -0.215498 0.976504 -0.000000 -25.779682 -0.000000 0.000000 1.000000 0.000000
0.977081 0.212868 0.000000 213.983517 -0.212868 0.977081 -0.000000 -25.919027 -0.000000 0.000000 1.000000 0.000000
0.976896 0.213715 0.000000 214.524880 -0.213715 0.976896 -0.000000 -26.050234 -0.000000 0.000000 1.000000 0.000000
0.976922 0.213596 0.000000 215.081847 -0.213596 0.976922 -0.000000 -26.179749 -0.000000 0.000000 1.000000 0.000000
0.977333 0.211708 0.000000 215.643353 -0.211708 0.977333 -0.000000 -26.314185 -0.000000 0.000000 1.000000 0.000000
0.977647 0.210253 0.000000 216.194085 -0.210253 0.977647 -0.000000 -26.447859 -0.000000 0.000000 1.000000 0.000000
0.976174 0.216989 0.000000 216.747019 -0.216989 0.976174 -0.000000 -26.582109 -0.000000 0.000000 1.000000 0.000000
0.976535 0.215360 0.000000 217.302606 -0.215360 0.976535 -0.000000 -26.715804 -0.000000 0.000000 1.000000 0.000000
0.977259 0.212049 0.000000 217.886935 -0.212049 0.977259 -0.000000 -26.856885 -0.000000 0.000000 1.000000 0.000000
0.977715 0.209937 0.000000 218.436228 -0.209937 0.977715 -0.000000 -26.984507 -0.000000 0.000000 1.000000 0.000000
0.978407 0.206689 0.000000 218.991700 -0.206689 0.978407 -0.000000 -27.110658 -0.000000 0.000000 1.000000 0.000000
0.978447 0.206497 0.000000 219.513524 -0.206497 0.978447 -0.000000 -27.235493 -0.000000 0.000000 1.000000 0.000000
0.978610 0.205724 0.000000 220.066196 -0.205724 0.978610 -0.000000 -27.366254 -0.000000 0.000000 1.000000 0.000000
0.978257 0.207397 0.000000 220.656990 -0.207397 0.978257 -0.000000 -27.501526 -0.000000 0.000000 1.000000 0.000000
0.978604 0.205753 0.000000 221.216151 -0.205753 0.978604 -0.000000 -27.633246 -0.000000 0.000000 1.000000 0.000000
0.979097 0.203392 0.000000 221.767429 -0.203392 0.979097 -0.000000 -27.763584 -0.000000 0.000000 1.000000 0.000000
0.979315 0.202339 0.000000 222.296199 -0.202339 0.979315 -0.000000 -27.890891 -0.000000 0.000000 1.000000 0.000000
0.980034 0.198831 0.000000 223.380134 -0.198831 0.980034 -0.000000 -28.145044 -0.000000 0.000000 1.000000 0.000000
0.980692 0.195559 0.000000 223.918022 -0.195559 0.980692 -0.000000 -28.273357 -0.000000 0.000000 1.000000 0.000000
0.980912 0.194454 0.000000 224.454946 -0.194454 0.980912 -0.000000 -28.395895 -0.000000 0.000000 1.000000 0.000000
0.981039 0.193810 0.000000 224.971298 -0.193810 0.981039 -0.000000 -28.510022 -0.000000 0.000000 1.000000 0.000000
0.980970 0.194158 0.000000 225.523387 -0.194158 0.980970 -0.000000 -28.629165 -0.000000 0.000000 1.000000 0.000000
0.981184 0.193076 0.000000 226.063419 -0.193076 0.981184 -0.000000 -28.743595 -0.000000 0.000000 1.000000 0.000000
0.981524 0.191340 0.000000 226.605038 -0.191340 0.981524 -0.000000 -28.863635 -0.000000 0.000000 1.000000 0.000000
0.981715 0.190358 0.000000 227.108032 -0.190358 0.981715 -0.000000 -28.970976 -0.000000 0.000000 1.000000 0.000000
0.982075 0.188490 0.000000 227.642078 -0.188490 0.982075 -0.000000 -29.092090 -0.000000 0.000000 1.000000 0.000000
0.981913 0.189331 0.000000 228.146630 -0.189331 0.981913 -0.000000 -29.200401 -0.000000 0.000000 1.000000 0.000000
0.981930 0.189244 0.000000 228.672663 -0.189244 0.981930 -0.000000 -29.313330 -0.000000 0.000000 1.000000 0.000000
0.982232 0.187672 0.000000 229.202487 -0.187672 0.982232 -0.000000 -29.425761 -0.000000 0.000000 1.000000 0.000000
0.982510 0.186211 0.000000 229.730203 -0.186211 0.982510 -0.000000 -29.538029 -0.000000 0.000000 1.000000 0.000000
0.982827 0.184527 0.000000 230.223536 -0.184527 0.982827 -0.000000 -29.650703 -0.000000 0.000000 1.000000 0.000000
0.982905 0.184115 0.000000 230.757065 -0.184115 0.982905 -0.000000 -29.762134 -0.000000 0.000000 1.000000 0.000000
0.983211 0.182473 0.000000 231.415590 -0.182473 0.983211 -0.000000 -29.906350 -0.000000 0.000000 1.000000 0.000000
0.983308 0.181950 0.000000 232.046832 -0.181950 0.983308 -0.000000 -30.037641 -0.000000 0.000000 1.000000 0.000000
0.983415 0.181368 0.000000 232.577139 -0.181368 0.983415 -0.000000 -30.142099 -0.000000 0.000000 1.000000 0.000000
0.983503 0.180892 0.000000 233.112860 -0.180892 0.983503 -0.000000 -30.245932 -0.000000 0.000000 1.000000 0.000000
0.983610 0.180309 0.000000 233.639380 -0.180309 0.983610 -0.000000 -30.358068 -0.000000 0.000000 1.000000 0.000000
0.984126 0.177473 0.000000 234.166115 -0.177473 0.984126 -0.000000 -30.465083 -0.000000 0.000000 1.000000 0.000000
0.984460 0.175611 0.000000 234.692299 -0.175611 0.984460 -0.000000 -30.570616 -0.000000 0.000000 1.000000 0.000000
0.985110 0.171926 0.000000 235.594866 -0.171926 0.985110 -0.000000 -30.760663 -0.000000 0.000000 1.000000 0.000000
0.984907 0.173083 0.000000 236.128120 -0.173083 0.984907 -0.000000 -30.865167 -0.000000 0.000000 1.000000 0.000000
0.985117 0.171884 0.000000 236.618290 -0.171884 0.985117 -0.000000 -30.968788 -0.000000 0.000000 1.000000 0.000000
0.984588 0.174889 0.000000 237.143762 -0.174889 0.984588 -0.000000 -31.070961 -0.000000 0.000000 1.000000 0.000000
0.984341 0.176275 0.000000 237.666113 -0.176275 0.984341 -0.000000 -31.174886 -0.000000 0.000000 1.000000 0.000000
0.984241 0.176832 0.000000 238.187795 -0.176832 0.984241 -0.000000 -31.275512 -0.000000 0.000000 1.000000 0.000000
0.984618 0.174724 0.000000 238.714405 -0.174724 0.984618 -0.000000 -31.390564 -0.000000 0.000000 1.000000 0.000000
0.984665 0.174454 0.000000 239.233636 -0.174454 0.984665 -0.000000 -31.502004 -0.000000 0.000000 1.000000 0.000000
0.984369 0.176121 0.000000 239.754215 -0.176121 0.984369 -0.000000 -31.603185 -0.000000 0.000000 1.000000 0.000000
0.983981 0.178271 0.000000 240.282309 -0.178271 0.983981 -0.000000 -31.712303 -0.000000 0.000000 1.000000 0.000000
0.984026 0.178024 0.000000 240.800102 -0.178024 0.984026 -0.000000 -31.829984 -0.000000 0.000000 1.000000 0.000000
0.983606 0.180330 0.000000 241.326481 -0.180330 0.983606 -0.000000 -31.941595 -0.000000 0.000000 1.000000 0.000000
0.983832 0.179096 0.000000 241.849602 -0.179096 0.983832 -0.000000 -32.059158 -0.000000 0.000000 1.000000 0.000000
0.983383 0.181541 0.000000 242.367226 -0.181541 0.983383 -0.000000 -32.167729 -0.000000 0.000000 1.000000 0.000000
0.983531 0.180740 0.000000 242.888708 -0.180740 0.983531 -0.000000 -32.286101 -0.000000 0.000000 1.000000 0.000000
0.983412 0.181387 0.000000 243.408812 -0.181387 0.983412 -0.000000 -32.396122 -0.000000 0.000000 1.000000 0.000000
0.983612 0.180299 0.000000 243.962212 -0.180299 0.983612 -0.000000 -32.516688 -0.000000 0.000000 1.000000 0.000000
0.983541 0.180687 0.000000 244.449052 -0.180687 0.983541 -0.000000 -32.622730 -0.000000 0.000000 1.000000 0.000000
0.983419 0.181348 0.000000 244.966861 -0.181348 0.983419 -0.000000 -32.736178 -0.000000 0.000000 1.000000 0.000000
0.982919 0.184038 0.000000 245.490072 -0.184038 0.982919 -0.000000 -32.848565 -0.000000 0.000000 1.000000 0.000000
0.982721 0.185091 0.000000 246.010261 -0.185091 0.982721 -0.000000 -32.966969 -0.000000 0.000000 1.000000 0.000000
0.982844 0.184437 0.000000 246.531817 -0.184437 0.982844 -0.000000 -33.084630 -0.000000 0.000000 1.000000 0.000000
0.982792 0.184717 0.000000 247.051485 -0.184717 0.982792 -0.000000 -33.193636 -0.000000 0.000000 1.000000 0.000000
0.982616 0.185648 0.000000 247.570150 -0.185648 0.982616 -0.000000 -33.306643 -0.000000 0.000000 1.000000 0.000000
0.982507 0.186227 0.000000 248.091615 -0.186227 0.982507 -0.000000 -33.424415 -0.000000 0.000000 1.000000 0.000000
0.982425 0.186659 0.000000 248.611335 -0.186659 0.982425 -0.000000 -33.542343 -0.000000 0.000000 1.000000 0.000000
0.981723 0.190316 0.000000 249.164003 -0.190316 0.981723 -0.000000 -33.661393 -0.000000 0.000000 1.000000 0.000000
0.981457 0.191682 0.000000 249.667164 -0.191682 0.981457 -0.000000 -33.777291 -0.000000 0.000000 1.000000 0.000000
0.980961 0.194207 0.000000 250.146336 -0.194207 0.980961 -0.000000 -33.891531 -0.000000 0.000000 1.000000 0.000000
0.980629 0.195872 0.000000 250.657513 -0.195872 0.980629 -0.000000 -34.011704 -0.000000 0.000000 1.000000 0.000000
0.978854 0.204560 0.000000 251.686502 -0.204560 0.978854 -0.000000 -34.234602 -0.000000 0.000000 1.000000 0.000000
0.978564 0.205942 0.000000 252.199057 -0.205942 0.978564 -0.000000 -34.354735 -0.000000 0.000000 1.000000 0.000000
0.978185 0.207734 0.000000 252.915764 -0.207734 0.978185 -0.000000 -34.524109 -0.000000 0.000000 1.000000 0.000000
0.978771 0.204956 0.000000 253.899767 -0.204956 0.978771 -0.000000 -34.756645 -0.000000 0.000000 1.000000 0.000000
0.978702 0.205286 0.000000 254.406315 -0.205286 0.978702 -0.000000 -34.878596 -0.000000 0.000000 1.000000 0.000000
0.978142 0.207940 0.000000 254.912120 -0.207940 0.978142 -0.000000 -34.988709 -0.000000 0.000000 1.000000 0.000000
0.977958 0.208802 0.000000 255.409956 -0.208802 0.977958 -0.000000 -35.110537 -0.000000 0.000000 1.000000 0.000000
0.977678 0.210110 0.000000 255.922266 -0.210110 0.977678 -0.000000 -35.230331 -0.000000 0.000000 1.000000 0.000000
0.977388 0.211454 0.000000 256.423187 -0.211454 0.977388 -0.000000 -35.359162 -0.000000 0.000000 1.000000 0.000000
0.976783 0.214229 0.000000 256.925454 -0.214229 0.976783 -0.000000 -35.481474 -0.000000 0.000000 1.000000 0.000000
0.976814 0.214090 0.000000 257.424594 -0.214090 0.976814 -0.000000 -35.604204 -0.000000 0.000000 1.000000 0.000000
0.977159 0.212509 0.000000 257.925536 -0.212509 0.977159 -0.000000 -35.722289 -0.000000 0.000000 1.000000 0.000000
0.978341 0.207001 0.000000 258.421703 -0.207001 0.978341 -0.000000 -35.836388 -0.000000 0.000000 1.000000 0.000000
0.978392 0.206759 0.000000 258.886049 -0.206759 0.978392 -0.000000 -35.934921 -0.000000 0.000000 1.000000 0.000000
0.978320 0.207100 0.000000 259.395970 -0.207100 0.978320 -0.000000 -36.037340 -0.000000 0.000000 1.000000 0.000000
0.978032 0.208456 0.000000 259.884816 -0.208456 0.978032 -0.000000 -36.143866 -0.000000 0.000000 1.000000 0.000000
0.978033 0.208452 0.000000 260.372358 -0.208452 0.978033 -0.000000 -36.251285 -0.000000 0.000000 1.000000 0.000000
0.978141 0.207942 0.000000 260.870044 -0.207942 0.978141 -0.000000 -36.365630 -0.000000 0.000000 1.000000 0.000000
0.978474 0.206369 0.000000 261.357023 -0.206369 0.978474 -0.000000 -36.474351 -0.000000 0.000000 1.000000 0.000000
0.978299 0.207196 0.000000 261.846151 -0.207196 0.978299 -0.000000 -36.589455 -0.000000 0.000000 1.000000 0.000000
0.977880 0.209169 0.000000 262.322977 -0.209169 0.977880 -0.000000 -36.699739 -0.000000 0.000000 1.000000 0.000000
0.977306 0.211832 0.000000 262.807580 -0.211832 0.977306 -0.000000 -36.813894 -0.000000 0.000000 1.000000 0.000000
0.976692 0.214647 0.000000 263.279965 -0.214647 0.976692 -0.000000 -36.927408 -0.000000 0.000000 1.000000 0.000000
0.976878 0.213798 0.000000 263.758963 -0.213798 0.976878 -0.000000 -37.048077 -0.000000 0.000000 1.000000 0.000000
0.977315 0.211790 0.000000 264.226086 -0.211790 0.977315 -0.000000 -37.159527 -0.000000 0.000000 1.000000 0.000000
0.977138 0.212608 0.000000 264.653570 -0.212608 0.977138 -0.000000 -37.256521 -0.000000 0.000000 1.000000 0.000000
0.976807 0.214121 0.000000 265.107615 -0.214121 0.976807 -0.000000 -37.367638 -0.000000 0.000000 1.000000 0.000000
0.976481 0.215602 0.000000 265.567867 -0.215602 0.976481 -0.000000 -37.479882 -0.000000 0.000000 1.000000 0.000000
0.976517 0.215442 0.000000 266.012328 -0.215442 0.976517 -0.000000 -37.586283 -0.000000 0.000000 1.000000 0.000000
0.976546 0.215308 0.000000 266.468706 -0.215308 0.976546 -0.000000 -37.691039 -0.000000 0.000000 1.000000 0.000000
0.976709 0.214566 0.000000 266.909683 -0.214566 0.976709 -0.000000 -37.795398 -0.000000 0.000000 1.000000 0.000000
0.977047 0.213023 0.000000 267.341278 -0.213023 0.977047 -0.000000 -37.905268 -0.000000 0.000000 1.000000 0.000000
0.976851 0.213919 0.000000 267.770945 -0.213919 0.976851 -0.000000 -38.010971 -0.000000 0.000000 1.000000 0.000000
0.977169 0.212463 0.000000 268.214980 -0.212463 0.977169 -0.000000 -38.115711 -0.000000 0.000000 1.000000 0.000000
0.977723 0.209899 0.000000 268.780021 -0.209899 0.977723 -0.000000 -38.240546 -0.000000 0.000000 1.000000 0.000000
0.977651 0.210233 0.000000 269.196507 -0.210233 0.977651 -0.000000 -38.330118 -0.000000 0.000000 1.000000 0.000000
0.977121 0.212683 0.000000 269.620115 -0.212683 0.977121 -0.000000 -38.412864 -0.000000 0.000000 1.000000 0.000000
0.977778 0.209641 0.000000 270.031013 -0.209641 0.977778 -0.000000 -38.518026 -0.000000 0.000000 1.000000 0.000000
0.977630 0.210333 0.000000 270.446510 -0.210333 0.977630 -0.000000 -38.606199 -0.000000 0.000000 1.000000 0.000000
0.978070 0.208278 0.000000 270.837481 -0.208278 0.978070 -0.000000 -38.694677 -0.000000 0.000000 1.000000 0.000000
0.977807 0.209509 0.000000 271.240137 -0.209509 0.977807 -0.000000 -38.785955 -0.000000 0.000000 1.000000 0.000000
0.977533 0.210785 0.000000 271.658266 -0.210785 0.977533 -0.000000 -38.882663 -0.000000 0.000000 1.000000 0.000000
0.977675 0.210124 0.000000 272.042761 -0.210124 0.977675 -0.000000 -38.974757 -0.000000 0.000000 1.000000 0.000000
0.977541 0.210746 0.000000 272.430593 -0.210746 0.977541 -0.000000 -39.057983 -0.000000 0.000000 1.000000 0.000000
0.977833 0.209387 0.000000 272.810685 -0.209387 0.977833 -0.000000 -39.156500 -0.000000 0.000000 1.000000 0.000000
0.977966 0.208765 0.000000 273.187229 -0.208765 0.977966 -0.000000 -39.243879 -0.000000 0.000000 1.000000 0.000000
0.977696 0.210027 0.000000 273.566048 -0.210027 0.977696 -0.000000 -39.332869 -0.000000 0.000000 1.000000 0.000000
0.977558 0.210667 0.000000 273.935820 -0.210667 0.977558 -0.000000 -39.424845 -0.000000 0.000000 1.000000 0.000000
0.977663 0.210179 0.000000 274.298290 -0.210179 0.977663 -0.000000 -39.512967 -0.000000 0.000000 1.000000 0.000000
0.977744 0.209799 0.000000 274.661616 -0.209799 0.977744 -0.000000 -39.596193 -0.000000 0.000000 1.000000 0.000000
0.978062 0.208313 0.000000 275.022445 -0.208313 0.978062 -0.000000 -39.675456 -0.000000 0.000000 1.000000 0.000000
0.977877 0.209180 0.000000 275.369802 -0.209180 0.977877 -0.000000 -39.748870 -0.000000 0.000000 1.000000 0.000000
0.977736 0.209839 0.000000 275.723087 -0.209839 0.977736 -0.000000 -39.825883 -0.000000 0.000000 1.000000 0.000000
0.977800 0.209540 0.000000 276.065622 -0.209540 0.977800 -0.000000 -39.912344 -0.000000 0.000000 1.000000 0.000000
0.977901 0.209070 0.000000 276.741921 -0.209070 0.977901 -0.000000 -40.076758 -0.000000 0.000000 1.000000 0.000000
0.977775 0.209658 0.000000 277.071205 -0.209658 0.977775 -0.000000 -40.156123 -0.000000 0.000000 1.000000 0.000000
0.977846 0.209326 0.000000 277.399235 -0.209326 0.977846 -0.000000 -40.237852 -0.000000 0.000000 1.000000 0.000000
0.977834 0.209383 0.000000 277.716503 -0.209383 0.977834 -0.000000 -40.309630 -0.000000 0.000000 1.000000 0.000000
0.977834 0.209383 0.000000 278.037632 -0.209383 0.977834 -0.000000 -40.381322 -0.000000 0.000000 1.000000 0.000000
0.977258 0.212053 0.000000 278.643258 -0.212053 0.977258 -0.000000 -40.520966 -0.000000 0.000000 1.000000 0.000000
0.977246 0.212107 0.000000 278.944280 -0.212107 0.977246 -0.000000 -40.587538 -0.000000 0.000000 1.000000 0.000000
0.977538 0.210761 0.000000 279.225189 -0.210761 0.977538 -0.000000 -40.658531 -0.000000 0.000000 1.000000 0.000000
0.977900 0.209071 0.000000 279.508289 -0.209071 0.977900 -0.000000 -40.736698 -0.000000 0.000000 1.000000 0.000000
0.978127 0.208010 0.000000 279.776688 -0.208010 0.978127 -0.000000 -40.803782 -0.000000 0.000000 1.000000 0.000000
0.977370 0.211539 0.000000 282.410670 -0.211539 0.977370 -0.000000 -41.406990 -0.000000 0.000000 1.000000 0.000000
0.976606 0.215039 0.000000 282.649720 -0.215039 0.976606 -0.000000 -41.466665 -0.000000 0.000000 1.000000 0.000000
0.976414 0.215908 0.000000 282.894483 -0.215908 0.976414 -0.000000 -41.521180 -0.000000 0.000000 1.000000 0.000000
0.977018 0.213156 0.000000 283.194852 -0.213156 0.977018 -0.000000 -41.605400 -0.000000 0.000000 1.000000 0.000000
0.977957 0.208808 0.000000 283.534886 -0.208808 0.977957 -0.000000 -41.692978 -0.000000 0.000000 1.000000 0.000000
0.977784 0.209614 0.000000 283.830735 -0.209614 0.977784 -0.000000 -41.759877 -0.000000 0.000000 1.000000 0.000000
0.977459 0.211126 0.000000 284.054861 -0.211126 0.977459 -0.000000 -41.814589 -0.000000 0.000000 1.000000 0.000000
0.977643 0.210273 0.000000 284.280088 -0.210273 0.977643 -0.000000 -41.870164 -0.000000 0.000000 1.000000 0.000000
0.977635 0.210308 0.000000 284.495655 -0.210308 0.977635 -0.000000 -41.923095 -0.000000 0.000000 1.000000 0.000000
0.977737 0.209835 0.000000 284.716779 -0.209835 0.977737 -0.000000 -41.982602 -0.000000 0.000000 1.000000 0.000000
0.977409 0.211355 0.000000 284.930956 -0.211355 0.977409 -0.000000 -42.033513 -0.000000 0.000000 1.000000 0.000000
0.977212 0.212264 0.000000 285.140753 -0.212264 0.977212 -0.000000 -42.082483 -0.000000 0.000000 1.000000 0.000000
0.977833 0.209385 0.000000 285.345728 -0.209385 0.977833 -0.000000 -42.130903 -0.000000 0.000000 1.000000 0.000000
0.977650 0.210239 0.000000 285.546454 -0.210239 0.977650 -0.000000 -42.183862 -0.000000 0.000000 1.000000 0.000000
0.977160 0.212505 0.000000 285.743924 -0.212505 0.977160 -0.000000 -42.222876 -0.000000 0.000000 1.000000 0.000000
0.977025 0.213123 0.000000 285.950401 -0.213123 0.977025 -0.000000 -42.273653 -0.000000 0.000000 1.000000 0.000000
0.977187 0.212381 0.000000 286.132710 -0.212381 0.977187 -0.000000 -42.317738 -0.000000 0.000000 1.000000 0.000000
0.977541 0.210746 0.000000 286.329935 -0.210746 0.977541 -0.000000 -42.374084 -0.000000 0.000000 1.000000 0.000000
0.977659 0.210199 0.000000 286.501685 -0.210199 0.977659 -0.000000 -42.414767 -0.000000 0.000000 1.000000 0.000000
0.977434 0.211241 0.000000 286.684464 -0.211241 0.977434 -0.000000 -42.455562 -0.000000 0.000000 1.000000 0.000000
0.977032 0.213092 0.000000 286.871719 -0.213092 0.977032 -0.000000 -42.498315 -0.000000 0.000000 1.000000 0.000000
0.977304 0.211843 0.000000 287.045417 -0.211843 0.977304 -0.000000 -42.542218 -0.000000 0.000000 1.000000 0.000000
0.976921 0.213603 0.000000 287.216223 -0.213603 0.976921 -0.000000 -42.576867 -0.000000 0.000000 1.000000 0.000000
0.976054 0.217530 0.000000 287.388940 -0.217530 0.976054 -0.000000 -42.610701 -0.000000 0.000000 1.000000 0.000000
0.975914 0.218157 0.000000 287.547806 -0.218157 0.975914 -0.000000 -42.642257 -0.000000 0.000000 1.000000 0.000000
0.976979 0.213338 0.000000 287.795797 -0.213338 0.976979 -0.000000 -42.697461 -0.000000 0.000000 1.000000 0.000000
0.976888 0.213754 0.000000 287.947496 -0.213754 0.976888 -0.000000 -42.726814 -0.000000 0.000000 1.000000 0.000000
0.976364 0.216131 0.000000 288.099458 -0.216131 0.976364 -0.000000 -42.763649 -0.000000 0.000000 1.000000 0.000000
0.976535 0.215357 0.000000 288.238435 -0.215357 0.976535 -0.000000 -42.797991 -0.000000 0.000000 1.000000 0.000000
0.924770 0.380527 0.000000 290.131750 -0.380527 0.924770 -0.000000 -45.303859 -0.000000 0.000000 1.000000 0.000000
0.926372 0.376610 0.000000 290.247167 -0.376610 0.926372 -0.000000 -45.352111 -0.000000 0.000000 1.000000 0.000000
0.925059 0.379823 0.000000 290.359375 -0.379823 0.925059 -0.000000 -45.393988 -0.000000 0.000000 1.000000 0.000000
0.925321 0.379185 0.000000 290.459765 -0.379185 0.925321 -0.000000 -45.436896 -0.000000 0.000000 1.000000 0.000000
0.924213 0.381877 0.000000 290.536024 -0.381877 0.924213 -0.000000 -45.468529 -0.000000 0.000000 1.000000 0.000000
0.925669 0.378335 0.000000 290.645246 -0.378335 0.925669 -0.000000 -45.527006 -0.000000 0.000000 1.000000 0.000000
0.925805 0.378000 0.000000 290.705883 -0.378000 0.925805 -0.000000 -45.549305 -0.000000 0.000000 1.000000 0.000000
0.924912 0.380181 0.000000 290.770296 -0.380181 0.924912 -0.000000 -45.568989 -0.000000 0.000000 1.000000 0.000000
0.924703 0.380689 0.000000 290.814968 -0.380689 0.924703 -0.000000 -45.587704 -0.000000 0.000000 1.000000 0.000000
0.924220 0.381860 0.000000 290.845054 -0.381860 0.924220 -0.000000 -45.596807 -0.000000 0.000000 1.000000 0.000000
0.924103 0.382144 0.000000 290.872504 -0.382144 0.924103 -0.000000 -45.604475 -0.000000 0.000000 1.000000 0.000000
0.923895 0.382647 0.000000 290.887195 -0.382647 0.923895 -0.000000 -45.609186 -0.000000 0.000000 1.000000 0.000000
0.924001 0.382391 0.000000 290.900243 -0.382391 0.924001 -0.000000 -45.613944 -0.000000 0.000000 1.000000 0.000000
0.924312 0.381638 0.000000 290.911204 -0.381638 0.924312 -0.000000 -45.619782 -0.000000 0.000000 1.000000 0.000000
0.924573 0.381004 0.000000 290.908643 -0.381004 0.924573 -0.000000 -45.618473 -0.000000 0.000000 1.000000 0.000000
0.924515 0.381145 0.000000 290.905874 -0.381145 0.924515 -0.000000 -45.616360 -0.000000 0.000000 1.000000 0.000000
0.924667 0.380776 0.000000 290.904841 -0.380776 0.924667 -0.000000 -45.615222 -0.000000 0.000000 1.000000 0.000000
0.924675 0.380757 0.000000 290.903386 -0.380757 0.924675 -0.000000 -45.612639 -0.000000 0.000000 1.000000 0.000000
0.924637 0.380850 0.000000 290.905048 -0.380850 0.924637 -0.000000 -45.610318 -0.000000 0.000000 1.000000 0.000000
0.924578 0.380992 0.000000 290.903394 -0.380992 0.924578 -0.000000 -45.607782 -0.000000 0.000000 1.000000 0.000000
0.924488 0.381212 0.000000 290.902580 -0.381212 0.924488 -0.000000 -45.605462 -0.000000 0.000000 1.000000 0.000000
0.924426 0.381362 0.000000 290.902979 -0.381362 0.924426 -0.000000 -45.604941 -0.000000 0.000000 1.000000 0.000000
0.924443 0.381320 0.000000 290.902772 -0.381320 0.924443 -0.000000 -45.604788 -0.000000 0.000000 1.000000 0.000000
0.924460 0.381279 0.000000 290.902876 -0.381279 0.924460 -0.000000 -45.603457 -0.000000 0.000000 1.000000 0.000000
0.924451 0.381301 0.000000 290.902937 -0.381301 0.924451 -0.000000 -45.601805 -0.000000 0.000000 1.000000 0.000000
0.924458 0.381285 0.000000 290.903196 -0.381285 0.924458 -0.000000 -45.601777 -0.000000 0.000000 1.000000 0.000000
0.924431 0.381350 0.000000 290.903649 -0.381350 0.924431 -0.000000 -45.602093 -0.000000 0.000000 1.000000 0.000000
0.924419 0.381379 0.000000 290.904301 -0.381379 0.924419 -0.000000 -45.601790 -0.000000 0.000000 1.000000 0.000000
0.924459 0.381281 0.000000 290.904642 -0.381281 0.924459 -0.000000 -45.603045 -0.000000 0.000000 1.000000 0.000000
0.924444 0.381319 0.000000 290.905592 -0.381319 0.924444 -0.000000 -45.603218 -0.000000 0.000000 1.000000 0.000000
0.924440 0.381327 0.000000 290.906248 -0.381327 0.924440 -0.000000 -45.603344 -0.000000 0.000000 1.000000 0.000000
0.924458 0.381284 0.000000 290.906820 -0.381284 0.924458 -0.000000 -45.603457 -0.000000 0.000000 1.000000 0.000000
0.924422 0.381370 0.000000 290.907116 -0.381370 0.924422 -0.000000 -45.604062 -0.000000 0.000000 1.000000 0.000000
0.924405 0.381412 0.000000 290.907316 -0.381412 0.924405 -0.000000 -45.603703 -0.000000 0.000000 1.000000 0.000000
0.924364 0.381511 0.000000 290.907927 -0.381511 0.924364 -0.000000 -45.603709 -0.000000 0.000000 1.000000 0.000000
0.924398 0.381429 0.000000 290.907928 -0.381429 0.924398 -0.000000 -45.604230 -0.000000 0.000000 1.000000 0.000000
0.924440 0.381328 0.000000 290.907129 -0.381328 0.924440 -0.000000 -45.605123 -0.000000 0.000000 1.000000 0.000000
0.924430 0.381352 0.000000 290.906998 -0.381352 0.924430 -0.000000 -45.606166 -0.000000 0.000000 1.000000 0.000000
0.924426 0.381361 0.000000 290.907381 -0.381361 0.924426 -0.000000 -45.606923 -0.000000 0.000000 1.000000 0.000000
0.924489 0.381209 0.000000 290.907146 -0.381209 0.924489 -0.000000 -45.607780 -0.000000 0.000000 1.000000 0.000000
0.924494 0.381196 0.000000 290.907515 -0.381196 0.924494 -0.000000 -45.608154 -0.000000 0.000000 1.000000 0.000000
0.924480 0.381230 0.000000 290.908753 -0.381230 0.924480 -0.000000 -45.608116 -0.000000 0.000000 1.000000 0.000000
0.924472 0.381250 0.000000 290.909500 -0.381250 0.924472 -0.000000 -45.607993 -0.000000 0.000000 1.000000 0.000000
0.924457 0.381286 0.000000 290.909649 -0.381286 0.924457 -0.000000 -45.608253 -0.000000 0.000000 1.000000 0.000000
0.924445 0.381316 0.000000 290.909228 -0.381316 0.924445 -0.000000 -45.608733 -0.000000 0.000000 1.000000 0.000000
0.924429 0.381353 0.000000 290.909396 -0.381353 0.924429 -0.000000 -45.608970 -0.000000 0.000000 1.000000 0.000000
0.924407 0.381408 0.000000 290.909754 -0.381408 0.924407 -0.000000 -45.609062 -0.000000 0.000000 1.000000 0.000000
0.924401 0.381423 0.000000 290.910580 -0.381423 0.924401 -0.000000 -45.608888 -0.000000 0.000000 1.000000 0.000000
0.924395 0.381436 0.000000 290.911097 -0.381436 0.924395 -0.000000 -45.609064 -0.000000 0.000000 1.000000 0.000000
0.924401 0.381421 0.000000 290.911687 -0.381421 0.924401 -0.000000 -45.608801 -0.000000 0.000000 1.000000 0.000000
0.924398 0.381429 0.000000 290.911985 -0.381429 0.924398 -0.000000 -45.609069 -0.000000 0.000000 1.000000 0.000000
0.924412 0.381396 0.000000 290.911846 -0.381396 0.924412 -0.000000 -45.609671 -0.000000 0.000000 1.000000 0.000000
0.924426 0.381361 0.000000 290.911674 -0.381361 0.924426 -0.000000 -45.609922 -0.000000 0.000000 1.000000 0.000000
0.924378 0.381477 0.000000 290.911795 -0.381477 0.924378 -0.000000 -45.609856 -0.000000 0.000000 1.000000 0.000000
0.924350 0.381546 0.000000 290.911565 -0.381546 0.924350 -0.000000 -45.609635 -0.000000 0.000000 1.000000 0.000000
0.924329 0.381595 0.000000 290.911926 -0.381595 0.924329 -0.000000 -45.609269 -0.000000 0.000000 1.000000 0.000000
0.924232 0.381830 0.000000 290.912254 -0.381830 0.924232 -0.000000 -45.607828 -0.000000 0.000000 1.000000 0.000000
0.924176 0.381967 0.000000 290.912485 -0.381967 0.924176 -0.000000 -45.607820 -0.000000 0.000000 1.000000 0.000000
0.924128 0.382084 0.000000 290.912498 -0.382084 0.924128 -0.000000 -45.608933 -0.000000 0.000000 1.000000 0.000000
0.924075 0.382211 0.000000 290.912169 -0.382211 0.924075 -0.000000 -45.609033 -0.000000 0.000000 1.000000 0.000000
0.923975 0.382453 0.000000 290.910806 -0.382453 0.923975 -0.000000 -45.609386 -0.000000 0.000000 1.000000 0.000000
0.924082 0.382195 0.000000 290.909766 -0.382195 0.924082 -0.000000 -45.610453 -0.000000 0.000000 1.000000 0.000000
0.924206 0.381894 0.000000 290.908202 -0.381894 0.924206 -0.000000 -45.610891 -0.000000 0.000000 1.000000 0.000000
0.924334 0.381583 0.000000 290.906788 -0.381583 0.924334 -0.000000 -45.611988 -0.000000 0.000000 1.000000 0.000000
0.924416 0.381386 0.000000 290.906041 -0.381386 0.924416 -0.000000 -45.612786 -0.000000 0.000000 1.000000 0.000000
0.924545 0.381072 0.000000 290.904961 -0.381072 0.924545 -0.000000 -45.614318 -0.000000 0.000000 1.000000 0.000000
0.924717 0.380655 0.000000 290.903825 -0.380655 0.924717 -0.000000 -45.616353 -0.000000 0.000000 1.000000 0.000000
0.924786 0.380487 0.000000 290.903482 -0.380487 0.924786 -0.000000 -45.618260 -0.000000 0.000000 1.000000 0.000000
0.924904 0.380201 0.000000 290.902508 -0.380201 0.924904 -0.000000 -45.620203 -0.000000 0.000000 1.000000 0.000000
0.924940 0.380113 0.000000 290.901628 -0.380113 0.924940 -0.000000 -45.621729 -0.000000 0.000000 1.000000 0.000000
0.924984 0.380007 0.000000 290.901254 -0.380007 0.924984 -0.000000 -45.623337 -0.000000 0.000000 1.000000 0.000000
0.925102 0.379720 0.000000 290.900786 -0.379720 0.925102 -0.000000 -45.624963 -0.000000 0.000000 1.000000 0.000000
0.925361 0.379087 0.000000 290.899540 -0.379087 0.925361 -0.000000 -45.627822 -0.000000 0.000000 1.000000 0.000000
0.925254 0.379348 0.000000 290.901458 -0.379348 0.925254 -0.000000 -45.627312 -0.000000 0.000000 1.000000 0.000000
0.925194 0.379495 0.000000 290.902955 -0.379495 0.925194 -0.000000 -45.627814 -0.000000 0.000000 1.000000 0.000000
0.925162 0.379572 0.000000 290.904074 -0.379572 0.925162 -0.000000 -45.627643 -0.000000 0.000000 1.000000 0.000000
0.925135 0.379639 0.000000 290.904592 -0.379639 0.925135 -0.000000 -45.627590 -0.000000 0.000000 1.000000 0.000000
0.925186 0.379513 0.000000 290.905072 -0.379513 0.925186 -0.000000 -45.627284 -0.000000 0.000000 1.000000 0.000000
0.925177 0.379535 0.000000 290.905123 -0.379535 0.925177 -0.000000 -45.627144 -0.000000 0.000000 1.000000 0.000000
0.925154 0.379591 0.000000 290.905293 -0.379591 0.925154 -0.000000 -45.626873 -0.000000 0.000000 1.000000 0.000000
0.925149 0.379605 0.000000 290.905958 -0.379605 0.925149 -0.000000 -45.626932 -0.000000 0.000000 1.000000 0.000000
0.925153 0.379595 0.000000 290.906146 -0.379595 0.925153 -0.000000 -45.626638 -0.000000 0.000000 1.000000 0.000000
0.925143 0.379618 0.000000 290.906533 -0.379618 0.925143 -0.000000 -45.626614 -0.000000 0.000000 1.000000 0.000000
0.925123 0.379667 0.000000 290.906968 -0.379667 0.925123 -0.000000 -45.626176 -0.000000 0.000000 1.000000 0.000000
0.925123 0.379667 0.000000 290.907073 -0.379667 0.925123 -0.000000 -45.626241 -0.000000 0.000000 1.000000 0.000000
0.925130 0.379651 0.000000 290.907116 -0.379651 0.925130 -0.000000 -45.626142 -0.000000 0.000000 1.000000 0.000000
0.925141 0.379623 0.000000 290.907631 -0.379623 0.925141 -0.000000 -45.626032 -0.000000 0.000000 1.000000 0.000000
0.925151 0.379599 0.000000 290.907567 -0.379599 0.925151 -0.000000 -45.625692 -0.000000 0.000000 1.000000 0.000000
0.925109 0.379703 0.000000 290.907883 -0.379703 0.925109 -0.000000 -45.625303 -0.000000 0.000000 1.000000 0.000000
0.925055 0.379833 0.000000 290.908321 -0.379833 0.925055 -0.000000 -45.625218 -0.000000 0.000000 1.000000 0.000000
0.925023 0.379912 0.000000 290.908505 -0.379912 0.925023 -0.000000 -45.625044 -0.000000 0.000000 1.000000 0.000000
0.924993 0.379983 0.000000 290.908503 -0.379983 0.924993 -0.000000 -45.625289 -0.000000 0.000000 1.000000 0.000000
0.924979 0.380018 0.000000 290.908450 -0.380018 0.924979 -0.000000 -45.625835 -0.000000 0.000000 1.000000 0.000000
0.924991 0.379990 0.000000 290.908091 -0.379990 0.924991 -0.000000 -45.625852 -0.000000 0.000000 1.000000 0.000000
0.925029 0.379898 0.000000 290.907536 -0.379898 0.925029 -0.000000 -45.625908 -0.000000 0.000000 1.000000 0.000000
0.925066 0.379807 0.000000 290.907568 -0.379807 0.925066 -0.000000 -45.626150 -0.000000 0.000000 1.000000 0.000000
0.925078 0.379778 0.000000 290.907508 -0.379778 0.925078 -0.000000 -45.625742 -0.000000 0.000000 1.000000 0.000000
0.925059 0.379824 0.000000 290.907615 -0.379824 0.925059 -0.000000 -45.625675 -0.000000 0.000000 1.000000 0.000000
0.925057 0.379829 0.000000 290.907790 -0.379829 0.925057 -0.000000 -45.625812 -0.000000 0.000000 1.000000 0.000000
0.925069 0.379799 0.000000 290.907096 -0.379799 0.925069 -0.000000 -45.626254 -0.000000 0.000000 1.000000 0.000000
0.925084 0.379761 0.000000 290.907206 -0.379761 0.925084 -0.000000 -45.626761 -0.000000 0.000000 1.000000 0.000000
0.925077 0.379781 0.000000 290.907720 -0.379781 0.925077 -0.000000 -45.627725 -0.000000 0.000000 1.000000 0.000000
0.925051 0.379843 0.000000 290.907428 -0.379843 0.925051 -0.000000 -45.628272 -0.000000 0.000000 1.000000 0.000000
0.925060 0.379822 0.000000 290.907436 -0.379822 0.925060 -0.000000 -45.628350 -0.000000 0.000000 1.000000 0.000000
0.925053 0.379838 0.000000 290.907639 -0.379838 0.925053 -0.000000 -45.628398 -0.000000 0.000000 1.000000 0.000000
0.925007 0.379951 0.000000 290.907989 -0.379951 0.925007 -0.000000 -45.628434 -0.000000 0.000000 1.000000 0.000000
0.924932 0.380133 0.000000 290.908156 -0.380133 0.924932 -0.000000 -45.628321 -0.000000 0.000000 1.000000 0.000000
0.924909 0.380188 0.000000 290.908224 -0.380188 0.924909 -0.000000 -45.628103 -0.000000 0.000000 1.000000 0.000000
0.924925 0.380149 0.000000 290.908779 -0.380149 0.924925 -0.000000 -45.628042 -0.000000 0.000000 1.000000 0.000000
0.924953 0.380080 0.000000 290.909017 -0.380080 0.924953 -0.000000 -45.627992 -0.000000 0.000000 1.000000 0.000000
0.924893 0.380227 0.000000 290.909361 -0.380227 0.924893 -0.000000 -45.627700 -0.000000 0.000000 1.000000 0.000000
0.924881 0.380256 0.000000 290.909731 -0.380256 0.924881 -0.000000 -45.626973 -0.000000 0.000000 1.000000 0.000000
0.924904 0.380201 0.000000 290.910144 -0.380201 0.924904 -0.000000 -45.626473 -0.000000 0.000000 1.000000 0.000000
0.924911 0.380184 0.000000 290.910465 -0.380184 0.924911 -0.000000 -45.626351 -0.000000 0.000000 1.000000 0.000000
0.924904 0.380201 0.000000 290.910636 -0.380201 0.924904 -0.000000 -45.626030 -0.000000 0.000000 1.000000 0.000000
0.924899 0.380214 0.000000 290.911500 -0.380214 0.924899 -0.000000 -45.625721 -0.000000 0.000000 1.000000 0.000000
0.924898 0.380214 0.000000 290.911701 -0.380214 0.924898 -0.000000 -45.625449 -0.000000 0.000000 1.000000 0.000000
0.924903 0.380203 0.000000 290.912170 -0.380203 0.924903 -0.000000 -45.625011 -0.000000 0.000000 1.000000 0.000000
0.924902 0.380205 0.000000 290.913005 -0.380205 0.924902 -0.000000 -45.624409 -0.000000 0.000000 1.000000 0.000000
0.924913 0.380179 0.000000 290.912985 -0.380179 0.924913 -0.000000 -45.624280 -0.000000 0.000000 1.000000 0.000000
0.924930 0.380137 0.000000 290.912971 -0.380137 0.924930 -0.000000 -45.623226 -0.000000 0.000000 1.000000 0.000000
0.924915 0.380174 0.000000 290.912662 -0.380174 0.924915 -0.000000 -45.623278 -0.000000 0.000000 1.000000 0.000000
0.924913 0.380179 0.000000 290.912463 -0.380179 0.924913 -0.000000 -45.623267 -0.000000 0.000000 1.000000 0.000000
0.924931 0.380135 0.000000 290.912377 -0.380135 0.924931 -0.000000 -45.623320 -0.000000 0.000000 1.000000 0.000000
0.924939 0.380115 0.000000 290.913490 -0.380115 0.924939 -0.000000 -45.622765 -0.000000 0.000000 1.000000 0.000000
0.924835 0.380368 0.000000 290.913468 -0.380368 0.924835 -0.000000 -45.622344 -0.000000 0.000000 1.000000 0.000000
0.924852 0.380328 0.000000 290.913503 -0.380328 0.924852 -0.000000 -45.622407 -0.000000 0.000000 1.000000 0.000000
0.924867 0.380292 0.000000 290.913525 -0.380292 0.924867 -0.000000 -45.622326 -0.000000 0.000000 1.000000 0.000000
0.924887 0.380242 0.000000 290.913730 -0.380242 0.924887 -0.000000 -45.621930 -0.000000 0.000000 1.000000 0.000000
0.924877 0.380267 0.000000 290.913706 -0.380267 0.924877 -0.000000 -45.621909 -0.000000 0.000000 1.000000 0.000000
0.924871 0.380282 0.000000 290.913749 -0.380282 0.924871 -0.000000 -45.621864 -0.000000 0.000000 1.000000 0.000000
0.924868 0.380289 0.000000 290.913756 -0.380289 0.924868 -0.000000 -45.621091 -0.000000 0.000000 1.000000 0.000000
0.924870 0.380283 0.000000 290.913646 -0.380283 0.924870 -0.000000 -45.620374 -0.000000 0.000000 1.000000 0.000000
0.924869 0.380287 0.000000 290.913816 -0.380287 0.924869 -0.000000 -45.620167 -0.000000 0.000000 1.000000 0.000000
0.924883 0.380251 0.000000 290.913666 -0.380251 0.924883 -0.000000 -45.619548 -0.000000 0.000000 1.000000 0.000000
0.924885 0.380246 0.000000 290.913684 -0.380246 0.924885 -0.000000 -45.619441 -0.000000 0.000000 1.000000 0.000000
0.924891 0.380232 0.000000 290.913811 -0.380232 0.924891 -0.000000 -45.619369 -0.000000 0.000000 1.000000 0.000000
0.924889 0.380236 0.000000 290.914548 -0.380236 0.924889 -0.000000 -45.619146 -0.000000 0.000000 1.000000 0.000000
0.924888 0.380239 0.000000 290.914724 -0.380239 0.924888 -0.000000 -45.619083 -0.000000 0.000000 1.000000 0.000000
0.924881 0.380256 0.000000 290.915332 -0.380256 0.924881 -0.000000 -45.619340 -0.000000 0.000000 1.000000 0.000000
0.924877 0.380268 0.000000 290.916238 -0.380268 0.924877 -0.000000 -45.619675 -0.000000 0.000000 1.000000 0.000000
0.924859 0.380310 0.000000 290.916152 -0.380310 0.924859 -0.000000 -45.620472 -0.000000 0.000000 1.000000 0.000000
0.924866 0.380293 0.000000 290.915837 -0.380293 0.924866 -0.000000 -45.620614 -0.000000 0.000000 1.000000 0.000000
0.924867 0.380291 0.000000 290.915615 -0.380291 0.924867 -0.000000 -45.621038 -0.000000 0.000000 1.000000 0.000000
0.924865 0.380296 0.000000 290.915671 -0.380296 0.924865 -0.000000 -45.621168 -0.000000 0.000000 1.000000 0.000000
0.924859 0.380311 0.000000 290.915692 -0.380311 0.924859 -0.000000 -45.621114 -0.000000 0.000000 1.000000 0.000000
0.924845 0.380344 0.000000 290.915769 -0.380344 0.924845 -0.000000 -45.621130 -0.000000 0.000000 1.000000 0.000000
0.924822 0.380400 0.000000 290.915834 -0.380400 0.924822 -0.000000 -45.621667 -0.000000 0.000000 1.000000 0.000000
0.924796 0.380464 0.000000 290.916394 -0.380464 0.924796 -0.000000 -45.621190 -0.000000 0.000000 1.000000 0.000000
0.924800 0.380453 0.000000 290.916479 -0.380453 0.924800 -0.000000 -45.621568 -0.000000 0.000000 1.000000 0.000000
0.924798 0.380458 0.000000 290.916591 -0.380458 0.924798 -0.000000 -45.621440 -0.000000 0.000000 1.000000 0.000000
0.924818 0.380411 0.000000 290.916495 -0.380411 0.924818 -0.000000 -45.621684 -0.000000 0.000000 1.000000 0.000000
0.924836 0.380365 0.000000 290.916550 -0.380365 0.924836 -0.000000 -45.621859 -0.000000 0.000000 1.000000 0.000000
0.924820 0.380404 0.000000 290.916522 -0.380404 0.924820 -0.000000 -45.622255 -0.000000 0.000000 1.000000 0.000000
0.924783 0.380495 0.000000 290.916172 -0.380495 0.924783 -0.000000 -45.622295 -0.000000 0.000000 1.000000 0.000000
0.924738 0.380604 0.000000 290.915966 -0.380604 0.924738 -0.000000 -45.622271 -0.000000 0.000000 1.000000 0.000000
0.924755 0.380564 0.000000 290.915691 -0.380564 0.924755 -0.000000 -45.622960 -0.000000 0.000000 1.000000 0.000000
0.924783 0.380496 0.000000 290.915614 -0.380496 0.924783 -0.000000 -45.623202 -0.000000 0.000000 1.000000 0.000000
0.924799 0.380455 0.000000 290.915532 -0.380455 0.924799 -0.000000 -45.623467 -0.000000 0.000000 1.000000 0.000000
0.924794 0.380469 0.000000 290.915691 -0.380469 0.924794 -0.000000 -45.623732 -0.000000 0.000000 1.000000 0.000000
0.924769 0.380528 0.000000 290.916005 -0.380528 0.924769 -0.000000 -45.624211 -0.000000 0.000000 1.000000 0.000000
0.924776 0.380513 0.000000 290.916522 -0.380513 0.924776 -0.000000 -45.625070 -0.000000 0.000000 1.000000 0.000000
0.924742 0.380595 0.000000 290.917047 -0.380595 0.924742 -0.000000 -45.625327 -0.000000 0.000000 1.000000 0.000000
0.924730 0.380623 0.000000 290.917587 -0.380623 0.924730 -0.000000 -45.624634 -0.000000 0.000000 1.000000 0.000000
0.924726 0.380632 0.000000 290.917455 -0.380632 0.924726 -0.000000 -45.624242 -0.000000 0.000000 1.000000 0.000000
0.924739 0.380602 0.000000 290.917565 -0.380602 0.924739 -0.000000 -45.623653 -0.000000 0.000000 1.000000 0.000000
0.924780 0.380502 0.000000 290.917247 -0.380502 0.924780 -0.000000 -45.622663 -0.000000 0.000000 1.000000 0.000000
0.924855 0.380319 0.000000 290.917257 -0.380319 0.924855 -0.000000 -45.622118 -0.000000 0.000000 1.000000 0.000000
0.924914 0.380175 0.000000 290.916939 -0.380175 0.924914 -0.000000 -45.622400 -0.000000 0.000000 1.000000 0.000000
0.924962 0.380060 0.000000 290.915940 -0.380060 0.924962 -0.000000 -45.623403 -0.000000 0.000000 1.000000 0.000000
0.925001 0.379965 0.000000 290.915489 -0.379965 0.925001 -0.000000 -45.624862 -0.000000 0.000000 1.000000 0.000000
0.924992 0.379986 0.000000 290.915556 -0.379986 0.924992 -0.000000 -45.624994 -0.000000 0.000000 1.000000 0.000000
0.924996 0.379977 0.000000 290.916089 -0.379977 0.924996 -0.000000 -45.625590 -0.000000 0.000000 1.000000 0.000000
0.924996 0.379977 0.000000 290.916324 -0.379977 0.924996 -0.000000 -45.625744 -0.000000 0.000000 1.000000 0.000000
0.924993 0.379985 0.000000 290.916507 -0.379985 0.924993 -0.000000 -45.625706 -0.000000 0.000000 1.000000 0.000000
0.924988 0.379996 0.000000 290.916507 -0.379996 0.924988 -0.000000 -45.625842 -0.000000 0.000000 1.000000 0.000000
0.924983 0.380009 0.000000 290.916590 -0.380009 0.924983 -0.000000 -45.625857 -0.000000 0.000000 1.000000 0.000000
0.925005 0.379956 0.000000 290.916895 -0.379956 0.925005 -0.000000 -45.626073 -0.000000 0.000000 1.000000 0.000000
0.925024 0.379909 0.000000 290.916942 -0.379909 0.925024 -0.000000 -45.626516 -0.000000 0.000000 1.000000 0.000000
0.924939 0.380116 0.000000 290.916800 -0.380116 0.924939 -0.000000 -45.626528 -0.000000 0.000000 1.000000 0.000000
0.924877 0.380266 0.000000 290.915990 -0.380266 0.924877 -0.000000 -45.626431 -0.000000 0.000000 1.000000 0.000000
0.924873 0.380275 0.000000 290.915140 -0.380275 0.924873 -0.000000 -45.626095 -0.000000 0.000000 1.000000 0.000000
0.924886 0.380245 0.000000 290.913992 -0.380245 0.924886 -0.000000 -45.625803 -0.000000 0.000000 1.000000 0.000000
0.924854 0.380321 0.000000 290.913054 -0.380321 0.924854 -0.000000 -45.624440 -0.000000 0.000000 1.000000 0.000000
0.924868 0.380288 0.000000 290.912978 -0.380288 0.924868 -0.000000 -45.623421 -0.000000 0.000000 1.000000 0.000000
0.924860 0.380307 0.000000 290.913140 -0.380307 0.924860 -0.000000 -45.622189 -0.000000 0.000000 1.000000 0.000000
0.924867 0.380291 0.000000 290.913874 -0.380291 0.924867 -0.000000 -45.621340 -0.000000 0.000000 1.000000 0.000000
0.924874 0.380274 0.000000 290.914477 -0.380274 0.924874 -0.000000 -45.621298 -0.000000 0.000000 1.000000 0.000000
0.924831 0.380379 0.000000 290.914604 -0.380379 0.924831 -0.000000 -45.620769 -0.000000 0.000000 1.000000 0.000000
0.924849 0.380335 0.000000 290.915046 -0.380335 0.924849 -0.000000 -45.620133 -0.000000 0.000000 1.000000 0.000000
0.924827 0.380389 0.000000 290.915726 -0.380389 0.924827 -0.000000 -45.619618 -0.000000 0.000000 1.000000 0.000000
0.924829 0.380382 0.000000 290.915237 -0.380382 0.924829 -0.000000 -45.619429 -0.000000 0.000000 1.000000 0.000000
0.924847 0.380340 0.000000 290.915112 -0.380340 0.924847 -0.000000 -45.619378 -0.000000 0.000000 1.000000 0.000000
0.924872 0.380279 0.000000 290.914883 -0.380279 0.924872 -0.000000 -45.619662 -0.000000 0.000000 1.000000 0.000000
0.924887 0.380241 0.000000 290.914139 -0.380241 0.924887 -0.000000 -45.619955 -0.000000 0.000000 1.000000 0.000000
0.924877 0.380267 0.000000 290.914111 -0.380267 0.924877 -0.000000 -45.620213 -0.000000 0.000000 1.000000 0.000000
0.924854 0.380322 0.000000 290.914810 -0.380322 0.924854 -0.000000 -45.619967 -0.000000 0.000000 1.000000 0.000000
0.924868 0.380289 0.000000 290.915736 -0.380289 0.924868 -0.000000 -45.619339 -0.000000 0.000000 1.000000 0.000000
0.924891 0.380231 0.000000 290.915622 -0.380231 0.924891 -0.000000 -45.618770 -0.000000 0.000000 1.000000 0.000000
0.924916 0.380171 0.000000 290.916224 -0.380171 0.924916 -0.000000 -45.618457 -0.000000 0.000000 1.000000 0.000000
0.924932 0.380132 0.000000 290.915986 -0.380132 0.924932 -0.000000 -45.618560 -0.000000 0.000000 1.000000 0.000000
0.924926 0.380146 0.000000 290.916083 -0.380146 0.924926 -0.000000 -45.619130 -0.000000 0.000000 1.000000 0.000000
0.924941 0.380112 0.000000 290.916218 -0.380112 0.924941 -0.000000 -45.619274 -0.000000 0.000000 1.000000 0.000000
0.924993 0.379983 0.000000 290.916401 -0.379983 0.924993 -0.000000 -45.619867 -0.000000 0.000000 1.000000 0.000000
0.925037 0.379878 0.000000 290.915920 -0.379878 0.925037 -0.000000 -45.621237 -0.000000 0.000000 1.000000 0.000000
0.925035 0.379881 0.000000 290.916128 -0.379881 0.925035 -0.000000 -45.621668 -0.000000 0.000000 1.000000 0.000000
0.925007 0.379951 0.000000 290.915821 -0.379951 0.925007 -0.000000 -45.621419 -0.000000 0.000000 1.000000 0.000000
0.924980 0.380016 0.000000 290.916440 -0.380016 0.924980 -0.000000 -45.620700 -0.000000 0.000000 1.000000 0.000000
0.924957 0.380072 0.000000 290.916807 -0.380072 0.924957 -0.000000 -45.620168 -0.000000 0.000000 1.000000 0.000000
0.924955 0.380076 0.000000 290.917824 -0.380076 0.924955 -0.000000 -45.619832 -0.000000 0.000000 1.000000 0.000000
