0.999998 0.001897 0.000000 0.831313 -0.001897 0.999998 -0.000000 -0.022780 -0.000000 0.000000 1.000000 0.000000
1.000000 0.000050 0.000000 1.413252 -0.000050 1.000000 -0.000000 -0.034832 -0.000000 0.000000 1.000000 0.000000
0.999999 0.001462 0.000000 2.040963 -0.001462 0.999999 -0.000000 -0.045513 -0.000000 0.000000 1.000000 0.000000
1.000000 -0.000129 0.000000 2.973570 0.000129 1.000000 0.000000 -0.069502 0.000000 0.000000 1.000000 0.000000
0.999996 -0.002712 0.000000 3.594655 0.002712 0.999996 0.000000 -0.093589 0.000000 0.000000 1.000000 0.000000
0.999995 -0.003011 0.000000 4.235609 0.003011 0.999995 0.000000 -0.107416 0.000000 0.000000 1.000000 0.000000
0.999982 -0.005920 0.000000 4.865569 0.005920 0.999982 0.000000 -0.127226 0.000000 0.000000 1.000000 0.000000
0.999955 -0.009440 0.000000 6.121977 0.009440 0.999955 0.000000 -0.148767 0.000000 0.000000 1.000000 0.000000
0.999956 -0.009390 0.000000 6.753676 0.009390 0.999956 0.000000 -0.159786 0.000000 0.000000 1.000000 0.000000
0.999960 -0.008946 0.000000 7.393223 0.008946 0.999960 0.000000 -0.167322 0.000000 0.000000 1.000000 0.000000
0.999968 -0.007997 0.000000 8.029398 0.007997 0.999968 0.000000 -0.173191 0.000000 0.000000 1.000000 0.000000
0.999956 -0.009365 0.000000 8.698850 0.009365 0.999956 0.000000 -0.187117 0.000000 0.000000 1.000000 0.000000
0.999952 -0.009752 0.000000 9.320521 0.009752 0.999952 0.000000 -0.211168 0.000000 0.000000 1.000000 0.000000
0.999949 -0.010118 0.000000 9.948150 0.010118 0.999949 0.000000 -0.217468 0.000000 0.000000 1.000000 0.000000
0.999935 -0.011371 0.000000 10.576774 0.011371 0.999935 0.000000 -0.220071 0.000000 0.000000 1.000000 0.000000
0.999920 -0.012654 0.000000 11.202260 0.012654 0.999920 0.000000 -0.228935 0.000000 0.000000 1.000000 0.000000
0.999922 -0.012511 0.000000 11.818330 0.012511 0.999922 0.000000 -0.230945 0.000000 0.000000 1.000000 0.000000
0.999934 -0.011531 0.000000 12.443970 0.011531 0.999934 0.000000 -0.240092 0.000000 0.000000 1.000000 0.000000
0.999920 -0.012670 0.000000 13.060059 0.012670 0.999920 0.000000 -0.258072 0.000000 0.000000 1.000000 0.000000
0.999928 -0.012029 0.000000 13.702458 0.012029 0.999928 0.000000 -0.267903 0.000000 0.000000 1.000000 0.000000
0.999917 -0.012920 0.000000 14.284538 0.012920 0.999917 0.000000 -0.271577 0.000000 0.000000 1.000000 0.000000
0.999916 -0.012985 0.000000 14.904775 0.012985 0.999916 0.000000 -0.281801 0.000000 0.000000 1.000000 0.000000
0.999920 -0.012615 0.000000 15.520954 0.012615 0.999920 0.000000 -0.295384 0.000000 0.000000 1.000000 0.000000
0.999895 -0.014498 0.000000 16.166537 0.014498 0.999895 0.000000 -0.303583 0.000000 0.000000 1.000000 0.000000
0.999876 -0.015737 0.000000 16.785210 0.015737 0.999876 0.000000 -0.305431 0.000000 0.000000 1.000000 0.000000
0.999860 -0.016734 0.000000 17.407245 0.016734 0.999860 0.000000 -0.312556 0.000000 0.000000 1.000000 0.000000
0.999844 -0.017644 0.000000 18.029241 0.017644 0.999844 0.000000 -0.319076 0.000000 0.000000 1.000000 0.000000
0.999863 -0.016522 0.000000 18.658441 0.016522 0.999863 0.000000 -0.326218 0.000000 0.000000 1.000000 0.000000
0.999824 -0.018757 0.000000 19.278641 0.018757 0.999824 0.000000 -0.329384 0.000000 0.000000 1.000000 0.000000
0.999819 -0.019036 0.000000 19.878139 0.019036 0.999819 0.000000 -0.336935 0.000000 0.000000 1.000000 0.000000
0.999793 -0.020332 0.000000 20.506111 0.020332 0.999793 0.000000 -0.339948 0.000000 0.000000 1.000000 0.000000
0.999822 -0.018883 0.000000 21.133253 0.018883 0.999822 0.000000 -0.343279 0.000000 0.000000 1.000000 0.000000
0.999852 -0.017180 0.000000 21.710622 0.017180 0.999852 0.000000 -0.344860 0.000000 0.000000 1.000000 0.000000
0.999806 -0.019699 0.000000 22.336467 0.019699 0.999806 0.000000 -0.355361 0.000000 0.000000 1.000000 0.000000
0.999757 -0.022030 0.000000 22.945807 0.022030 0.999757 0.000000 -0.359116 0.000000 0.000000 1.000000 0.000000
0.999716 -0.023836 0.000000 23.538341 0.023836 0.999716 0.000000 -0.366101 0.000000 0.000000 1.000000 0.000000
0.999722 -0.023561 0.000000 24.158527 0.023561 0.999722 0.000000 -0.365197 0.000000 0.000000 1.000000 0.000000
0.999738 -0.022880 0.000000 24.784851 0.022880 0.999738 0.000000 -0.369859 0.000000 0.000000 1.000000 0.000000
0.999743 -0.022677 0.000000 25.401728 0.022677 0.999743 0.000000 -0.373459 0.000000 0.000000 1.000000 0.000000
0.999772 -0.021345 0.000000 25.988140 0.021345 0.999772 0.000000 -0.370476 0.000000 0.000000 1.000000 0.000000
0.999843 -0.017694 0.000000 26.619728 0.017694 0.999843 0.000000 -0.377209 0.000000 0.000000 1.000000 0.000000
0.999861 -0.016690 0.000000 27.207344 0.016690 0.999861 0.000000 -0.384896 0.000000 0.000000 1.000000 0.000000
0.999852 -0.017227 0.000000 27.844047 0.017227 0.999852 0.000000 -0.388759 0.000000 0.000000 1.000000 0.000000
0.999823 -0.018833 0.000000 28.480103 0.018833 0.999823 0.000000 -0.395198 0.000000 0.000000 1.000000 0.000000
0.999795 -0.020253 0.000000 29.305050 0.020253 0.999795 0.000000 -0.407772 0.000000 0.000000 1.000000 0.000000
0.999810 -0.019514 0.000000 29.952419 0.019514 0.999810 0.000000 -0.402625 0.000000 0.000000 1.000000 0.000000
0.999832 -0.018305 0.000000 30.590770 0.018305 0.999832 0.000000 -0.398225 0.000000 0.000000 1.000000 0.000000
0.999850 -0.017295 0.000000 31.227219 0.017295 0.999850 0.000000 -0.396418 0.000000 0.000000 1.000000 0.000000
0.999867 -0.016309 0.000000 31.853122 0.016309 0.999867 0.000000 -0.397505 0.000000 0.000000 1.000000 0.000000
0.999844 -0.017672 0.000000 32.497205 0.017672 0.999844 0.000000 -0.402760 0.000000 0.000000 1.000000 0.000000
0.999876 -0.015720 0.000000 33.139817 0.015720 0.999876 0.000000 -0.406978 0.000000 0.000000 1.000000 0.000000
0.999898 -0.014286 0.000000 33.787109 0.014286 0.999898 0.000000 -0.409326 0.000000 0.000000 1.000000 0.000000
0.999929 -0.011884 0.000000 34.423664 0.011884 0.999929 0.000000 -0.408411 0.000000 0.000000 1.000000 0.000000
0.999933 -0.011546 0.000000 35.065037 0.011546 0.999933 0.000000 -0.415755 0.000000 0.000000 1.000000 0.000000
0.999957 -0.009289 0.000000 35.704553 0.009289 0.999957 0.000000 -0.417169 0.000000 0.000000 1.000000 0.000000
0.999945 -0.010461 0.000000 36.335691 0.010461 0.999945 0.000000 -0.427913 0.000000 0.000000 1.000000 0.000000
0.999955 -0.009510 0.000000 36.969113 0.009510 0.999955 0.000000 -0.435654 0.000000 0.000000 1.000000 0.000000
0.999965 -0.008396 0.000000 37.598605 0.008396 0.999965 0.000000 -0.441316 0.000000 0.000000 1.000000 0.000000
0.999957 -0.009263 0.000000 38.200120 0.009263 0.999957 0.000000 -0.451846 0.000000 0.000000 1.000000 0.000000
0.999971 -0.007593 0.000000 38.842681 0.007593 0.999971 0.000000 -0.458461 0.000000 0.000000 1.000000 0.000000
0.999988 -0.004838 0.000000 39.470111 0.004838 0.999988 0.000000 -0.462069 0.000000 0.000000 1.000000 0.000000
0.999987 -0.005015 0.000000 40.117345 0.005015 0.999987 0.000000 -0.470457 0.000000 0.000000 1.000000 0.000000
0.999978 -0.006657 0.000000 40.748547 0.006657 0.999978 0.000000 -0.478950 0.000000 0.000000 1.000000 0.000000
0.999981 -0.006085 0.000000 41.385912 0.006085 0.999981 0.000000 -0.483303 0.000000 0.000000 1.000000 0.000000
0.999990 -0.004573 0.000000 42.027784 0.004573 0.999990 0.000000 -0.495375 0.000000 0.000000 1.000000 0.000000
0.999994 -0.003604 0.000000 42.672525 0.003604 0.999994 0.000000 -0.502729 0.000000 0.000000 1.000000 0.000000
0.999996 -0.002984 0.000000 43.318381 0.002984 0.999996 0.000000 -0.504241 0.000000 0.000000 1.000000 0.000000
1.000000 -0.000966 0.000000 43.957625 0.000966 1.000000 0.000000 -0.509439 0.000000 0.000000 1.000000 0.000000
1.000000 -0.000814 0.000000 44.607104 0.000814 1.000000 0.000000 -0.521291 0.000000 0.000000 1.000000 0.000000
0.999997 -0.002574 0.000000 45.218781 0.002574 0.999997 0.000000 -0.536126 0.000000 0.000000 1.000000 0.000000
1.000000 -0.000225 0.000000 45.876026 0.000225 1.000000 0.000000 -0.530898 0.000000 0.000000 1.000000 0.000000
1.000000 0.000364 0.000000 46.532723 -0.000364 1.000000 -0.000000 -0.535328 -0.000000 0.000000 1.000000 0.000000
0.999997 0.002504 0.000000 47.194689 -0.002504 0.999997 -0.000000 -0.547434 -0.000000 0.000000 1.000000 0.000000
0.999999 -0.001472 0.000000 47.863099 0.001472 0.999999 0.000000 -0.561754 0.000000 0.000000 1.000000 0.000000
0.999992 -0.004025 0.000000 48.508742 0.004025 0.999992 0.000000 -0.577022 0.000000 0.000000 1.000000 0.000000
0.999992 -0.003941 0.000000 49.122570 0.003941 0.999992 0.000000 -0.586767 0.000000 0.000000 1.000000 0.000000
0.999995 -0.003047 0.000000 49.774052 0.003047 0.999995 0.000000 -0.590345 0.000000 0.000000 1.000000 0.000000
1.000000 -0.000484 0.000000 50.428331 0.000484 1.000000 0.000000 -0.592201 0.000000 0.000000 1.000000 0.000000
1.000000 0.000229 0.000000 51.093338 -0.000229 1.000000 -0.000000 -0.599768 -0.000000 0.000000 1.000000 0.000000
0.999999 -0.001111 0.000000 51.755261 0.001111 0.999999 0.000000 -0.611577 0.000000 0.000000 1.000000 0.000000
0.999990 -0.004427 0.000000 52.414699 0.004427 0.999990 0.000000 -0.618305 0.000000 0.000000 1.000000 0.000000
0.999996 -0.002943 0.000000 53.441797 0.002943 0.999996 0.000000 -0.638667 0.000000 0.000000 1.000000 0.000000
0.999985 -0.005400 0.000000 54.127469 0.005400 0.999985 0.000000 -0.651351 0.000000 0.000000 1.000000 0.000000
0.999997 -0.002351 0.000000 54.763531 0.002351 0.999997 0.000000 -0.663452 0.000000 0.000000 1.000000 0.000000
0.999996 -0.002998 0.000000 55.419924 0.002998 0.999996 0.000000 -0.674269 0.000000 0.000000 1.000000 0.000000
0.999995 -0.003096 0.000000 56.084454 0.003096 0.999995 0.000000 -0.683607 0.000000 0.000000 1.000000 0.000000
0.999993 -0.003861 0.000000 56.737928 0.003861 0.999993 0.000000 -0.694543 0.000000 0.000000 1.000000 0.000000
0.999996 -0.002833 0.000000 57.391021 0.002833 0.999996 0.000000 -0.704470 0.000000 0.000000 1.000000 0.000000
0.999993 -0.003779 0.000000 58.040414 0.003779 0.999993 0.000000 -0.717927 0.000000 0.000000 1.000000 0.000000
0.999986 -0.005259 0.000000 59.382251 0.005259 0.999986 0.000000 -0.723070 0.000000 0.000000 1.000000 0.000000
0.999988 -0.004956 0.000000 60.027316 0.004956 0.999988 0.000000 -0.716291 0.000000 0.000000 1.000000 0.000000
0.999970 -0.007758 0.000000 60.666714 0.007758 0.999970 0.000000 -0.711830 0.000000 0.000000 1.000000 0.000000
0.999977 -0.006715 0.000000 61.304342 0.006715 0.999977 0.000000 -0.710647 0.000000 0.000000 1.000000 0.000000
0.999992 -0.004120 0.000000 61.937902 0.004120 0.999992 0.000000 -0.710444 0.000000 0.000000 1.000000 0.000000
0.999998 -0.001923 0.000000 62.602986 0.001923 0.999998 0.000000 -0.716480 0.000000 0.000000 1.000000 0.000000
0.999999 -0.001419 0.000000 63.236966 0.001419 0.999999 0.000000 -0.722267 0.000000 0.000000 1.000000 0.000000
1.000000 -0.000661 0.000000 63.840721 0.000661 1.000000 0.000000 -0.726596 0.000000 0.000000 1.000000 0.000000
0.999999 -0.001556 0.000000 64.469284 0.001556 0.999999 0.000000 -0.737726 0.000000 0.000000 1.000000 0.000000
0.999999 -0.001489 0.000000 65.061940 0.001489 0.999999 0.000000 -0.747386 0.000000 0.000000 1.000000 0.000000
1.000000 -0.000720 0.000000 65.692396 0.000720 1.000000 0.000000 -0.765847 0.000000 0.000000 1.000000 0.000000
1.000000 0.000201 0.000000 66.316596 -0.000201 1.000000 -0.000000 -0.781004 -0.000000 0.000000 1.000000 0.000000
1.000000 0.000422 0.000000 66.897185 -0.000422 1.000000 -0.000000 -0.791092 -0.000000 0.000000 1.000000 0.000000
0.999999 0.001544 0.000000 67.514398 -0.001544 0.999999 -0.000000 -0.801449 -0.000000 0.000000 1.000000 0.000000
1.000000 -0.000453 0.000000 68.123084 0.000453 1.000000 0.000000 -0.818202 0.000000 0.000000 1.000000 0.000000
1.000000 -0.000359 0.000000 68.688454 0.000359 1.000000 0.000000 -0.836527 0.000000 0.000000 1.000000 0.000000
0.999999 -0.001657 0.000000 69.293921 0.001657 0.999999 0.000000 -0.853050 0.000000 0.000000 1.000000 0.000000
0.999999 -0.001630 0.000000 69.863080 0.001630 0.999999 0.000000 -0.858947 0.000000 0.000000 1.000000 0.000000
0.999998 0.001832 0.000000 70.475056 -0.001832 0.999998 -0.000000 -0.865384 -0.000000 0.000000 1.000000 0.000000
0.999997 0.002447 0.000000 71.079995 -0.002447 0.999997 -0.000000 -0.874262 -0.000000 0.000000 1.000000 0.000000
0.999997 0.002464 0.000000 71.918932 -0.002464 0.999997 -0.000000 -0.892434 -0.000000 0.000000 1.000000 0.000000
0.999994 0.003534 0.000000 72.521424 -0.003534 0.999994 -0.000000 -0.902822 -0.000000 0.000000 1.000000 0.000000
0.999991 0.004232 0.000000 73.119060 -0.004232 0.999991 -0.000000 -0.916337 -0.000000 0.000000 1.000000 0.000000
0.999996 0.002849 0.000000 73.711718 -0.002849 0.999996 -0.000000 -0.927428 -0.000000 0.000000 1.000000 0.000000
0.999997 0.002516 0.000000 74.305338 -0.002516 0.999997 -0.000000 -0.934690 -0.000000 0.000000 1.000000 0.000000
1.000000 0.000409 0.000000 74.895406 -0.000409 1.000000 -0.000000 -0.940077 -0.000000 0.000000 1.000000 0.000000
1.000000 -0.000644 0.000000 75.528677 0.000644 1.000000 0.000000 -0.950874 0.000000 0.000000 1.000000 0.000000
1.000000 -0.000022 0.000000 76.127516 0.000022 1.000000 0.000000 -0.961410 0.000000 0.000000 1.000000 0.000000
1.000000 -0.000263 0.000000 76.722733 0.000263 1.000000 0.000000 -0.975878 0.000000 0.000000 1.000000 0.000000
0.999996 0.002975 0.000000 77.914022 -0.002975 0.999996 -0.000000 -1.010259 -0.000000 0.000000 1.000000 0.000000
0.999999 0.001621 0.000000 78.501369 -0.001621 0.999999 -0.000000 -1.022935 -0.000000 0.000000 1.000000 0.000000
0.999993 0.003621 0.000000 79.086257 -0.003621 0.999993 -0.000000 -1.035139 -0.000000 0.000000 1.000000 0.000000
0.999993 0.003703 0.000000 79.663347 -0.003703 0.999993 -0.000000 -1.055830 -0.000000 0.000000 1.000000 0.000000
0.999994 0.003318 0.000000 80.247092 -0.003318 0.999994 -0.000000 -1.071299 -0.000000 0.000000 1.000000 0.000000
0.999987 0.005087 0.000000 80.827801 -0.005087 0.999987 -0.000000 -1.088075 -0.000000 0.000000 1.000000 0.000000
0.999992 0.003984 0.000000 81.404530 -0.003984 0.999992 -0.000000 -1.112627 -0.000000 0.000000 1.000000 0.000000
0.999997 0.002377 0.000000 81.972218 -0.002377 0.999997 -0.000000 -1.122333 -0.000000 0.000000 1.000000 0.000000
0.999997 0.002310 0.000000 82.537899 -0.002310 0.999997 -0.000000 -1.130324 -0.000000 0.000000 1.000000 0.000000
0.999991 0.004345 0.000000 83.087365 -0.004345 0.999991 -0.000000 -1.142138 -0.000000 0.000000 1.000000 0.000000
0.999990 0.004450 0.000000 83.643247 -0.004450 0.999990 -0.000000 -1.150250 -0.000000 0.000000 1.000000 0.000000
0.999990 0.004434 0.000000 84.182045 -0.004434 0.999990 -0.000000 -1.160487 -0.000000 0.000000 1.000000 0.000000
0.999990 0.004421 0.000000 84.716614 -0.004421 0.999990 -0.000000 -1.175857 -0.000000 0.000000 1.000000 0.000000
0.999981 0.006146 0.000000 85.232981 -0.006146 0.999981 -0.000000 -1.191794 -0.000000 0.000000 1.000000 0.000000
0.999969 0.007836 0.000000 85.779375 -0.007836 0.999969 -0.000000 -1.205294 -0.000000 0.000000 1.000000 0.000000
0.999946 0.010378 0.000000 86.306851 -0.010378 0.999946 -0.000000 -1.221907 -0.000000 0.000000 1.000000 0.000000
0.999921 0.012575 0.000000 86.814152 -0.012575 0.999921 -0.000000 -1.231977 -0.000000 0.000000 1.000000 0.000000
0.999920 0.012666 0.000000 87.354792 -0.012666 0.999920 -0.000000 -1.253681 -0.000000 0.000000 1.000000 0.000000
0.999927 0.012109 0.000000 87.876007 -0.012109 0.999927 -0.000000 -1.272580 -0.000000 0.000000 1.000000 0.000000
0.999926 0.012157 0.000000 88.361675 -0.012157 0.999926 -0.000000 -1.290547 -0.000000 0.000000 1.000000 0.000000
0.999915 0.013073 0.000000 88.890598 -0.013073 0.999915 -0.000000 -1.317179 -0.000000 0.000000 1.000000 0.000000
0.999872 0.015993 0.000000 89.410059 -0.015993 0.999872 -0.000000 -1.340129 -0.000000 0.000000 1.000000 0.000000
0.999879 0.015543 0.000000 89.895197 -0.015543 0.999879 -0.000000 -1.363223 -0.000000 0.000000 1.000000 0.000000
0.999873 0.015926 0.000000 90.418477 -0.015926 0.999873 -0.000000 -1.383701 -0.000000 0.000000 1.000000 0.000000
0.999850 0.017303 0.000000 90.939733 -0.017303 0.999850 -0.000000 -1.398966 -0.000000 0.000000 1.000000 0.000000
0.999813 0.019323 0.000000 91.427675 -0.019323 0.999813 -0.000000 -1.421687 -0.000000 0.000000 1.000000 0.000000
0.999798 0.020119 0.000000 91.933032 -0.020119 0.999798 -0.000000 -1.447893 -0.000000 0.000000 1.000000 0.000000
0.999791 0.020464 0.000000 92.416517 -0.020464 0.999791 -0.000000 -1.468094 -0.000000 0.000000 1.000000 0.000000
0.999746 0.022556 0.000000 92.925614 -0.022556 0.999746 -0.000000 -1.491984 -0.000000 0.000000 1.000000 0.000000
0.999737 0.022950 0.000000 93.589087 -0.022950 0.999737 -0.000000 -1.519746 -0.000000 0.000000 1.000000 0.000000
0.999650 0.026466 0.000000 94.088862 -0.026466 0.999650 -0.000000 -1.530690 -0.000000 0.000000 1.000000 0.000000
0.999598 0.028363 0.000000 94.586731 -0.028363 0.999598 -0.000000 -1.549061 -0.000000 0.000000 1.000000 0.000000
0.999565 0.029478 0.000000 95.083071 -0.029478 0.999565 -0.000000 -1.570272 -0.000000 0.000000 1.000000 0.000000
0.999575 0.029144 0.000000 95.569044 -0.029144 0.999575 -0.000000 -1.596558 -0.000000 0.000000 1.000000 0.000000
0.999602 0.028208 0.000000 96.047451 -0.028208 0.999602 -0.000000 -1.625211 -0.000000 0.000000 1.000000 0.000000
0.999566 0.029469 0.000000 96.511042 -0.029469 0.999566 -0.000000 -1.649341 -0.000000 0.000000 1.000000 0.000000
0.999454 0.033045 0.000000 97.470106 -0.033045 0.999454 -0.000000 -1.711235 -0.000000 0.000000 1.000000 0.000000
0.999395 0.034773 0.000000 97.938937 -0.034773 0.999395 -0.000000 -1.747255 -0.000000 0.000000 1.000000 0.000000
0.999273 0.038116 0.000000 98.406149 -0.038116 0.999273 -0.000000 -1.774180 -0.000000 0.000000 1.000000 0.000000
0.999197 0.040065 0.000000 98.874729 -0.040065 0.999197 -0.000000 -1.813600 -0.000000 0.000000 1.000000 0.000000
0.999148 0.041260 0.000000 99.352494 -0.041260 0.999148 -0.000000 -1.851461 -0.000000 0.000000 1.000000 0.000000
0.999010 0.044486 0.000000 99.809723 -0.044486 0.999010 -0.000000 -1.882417 -0.000000 0.000000 1.000000 0.000000
0.998927 0.046304 0.000000 100.275046 -0.046304 0.998927 -0.000000 -1.923073 -0.000000 0.000000 1.000000 0.000000
0.998743 0.050118 0.000000 100.736032 -0.050118 0.998743 -0.000000 -1.959527 -0.000000 0.000000 1.000000 0.000000
0.998595 0.052998 0.000000 101.199442 -0.052998 0.998595 -0.000000 -1.999100 -0.000000 0.000000 1.000000 0.000000
0.998450 0.055657 0.000000 101.660054 -0.055657 0.998450 -0.000000 -2.035403 -0.000000 0.000000 1.000000 0.000000
0.998314 0.058046 0.000000 102.085147 -0.058046 0.998314 -0.000000 -2.075393 -0.000000 0.000000 1.000000 0.000000
0.998211 0.059790 0.000000 102.532083 -0.059790 0.998211 -0.000000 -2.112980 -0.000000 0.000000 1.000000 0.000000
0.998008 0.063086 0.000000 102.976489 -0.063086 0.998008 -0.000000 -2.154141 -0.000000 0.000000 1.000000 0.000000
0.997954 0.063936 0.000000 103.417888 -0.063936 0.997954 -0.000000 -2.201592 -0.000000 0.000000 1.000000 0.000000
0.997714 0.067581 0.000000 103.843358 -0.067581 0.997714 -0.000000 -2.248304 -0.000000 0.000000 1.000000 0.000000
0.997563 0.069778 0.000000 104.266634 -0.069778 0.997563 -0.000000 -2.283416 -0.000000 0.000000 1.000000 0.000000
0.996967 0.077830 0.000000 104.687792 -0.077830 0.996967 -0.000000 -2.321948 -0.000000 0.000000 1.000000 0.000000
0.996735 0.080739 0.000000 105.102984 -0.080739 0.996735 -0.000000 -2.360470 -0.000000 0.000000 1.000000 0.000000
0.996453 0.084146 0.000000 105.514954 -0.084146 0.996453 -0.000000 -2.407216 -0.000000 0.000000 1.000000 0.000000
0.996444 0.084253 0.000000 105.929524 -0.084253 0.996444 -0.000000 -2.450343 -0.000000 0.000000 1.000000 0.000000
0.996157 0.087584 0.000000 106.328235 -0.087584 0.996157 -0.000000 -2.500790 -0.000000 0.000000 1.000000 0.000000
0.996220 0.086867 0.000000 106.724227 -0.086867 0.996220 -0.000000 -2.554243 -0.000000 0.000000 1.000000 0.000000
0.995641 0.093270 0.000000 107.108910 -0.093270 0.995641 -0.000000 -2.592113 -0.000000 0.000000 1.000000 0.000000
0.995303 0.096810 0.000000 107.514423 -0.096810 0.995303 -0.000000 -2.634541 -0.000000 0.000000 1.000000 0.000000
0.995373 0.096084 0.000000 107.898430 -0.096084 0.995373 -0.000000 -2.683760 -0.000000 0.000000 1.000000 0.000000
0.995046 0.099420 0.000000 108.275459 -0.099420 0.995046 -0.000000 -2.721287 -0.000000 0.000000 1.000000 0.000000
0.994662 0.103186 0.000000 108.690538 -0.103186 0.994662 -0.000000 -2.774290 -0.000000 0.000000 1.000000 0.000000
0.994182 0.107709 0.000000 109.087698 -0.107709 0.994182 -0.000000 -2.823209 -0.000000 0.000000 1.000000 0.000000
0.993813 0.111064 0.000000 109.655105 -0.111064 0.993813 -0.000000 -2.908054 -0.000000 0.000000 1.000000 0.000000
0.993575 0.113179 0.000000 110.070582 -0.113179 0.993575 -0.000000 -2.964964 -0.000000 0.000000 1.000000 0.000000
0.993360 0.115051 0.000000 110.482598 -0.115051 0.993360 -0.000000 -3.029973 -0.000000 0.000000 1.000000 0.000000
0.993118 0.117120 0.000000 110.903570 -0.117120 0.993118 -0.000000 -3.085021 -0.000000 0.000000 1.000000 0.000000
0.992857 0.119314 0.000000 111.322234 -0.119314 0.992857 -0.000000 -3.152770 -0.000000 0.000000 1.000000 0.000000
0.992802 0.119771 0.000000 111.740772 -0.119771 0.992802 -0.000000 -3.212924 -0.000000 0.000000 1.000000 0.000000
0.992716 0.120479 0.000000 112.157897 -0.120479 0.992716 -0.000000 -3.281364 -0.000000 0.000000 1.000000 0.000000
0.992405 0.123011 0.000000 112.581014 -0.123011 0.992405 -0.000000 -3.345435 -0.000000 0.000000 1.000000 0.000000
0.991577 0.129519 0.000000 113.313307 -0.129519 0.991577 -0.000000 -3.463677 -0.000000 0.000000 1.000000 0.000000
0.991547 0.129746 0.000000 113.731494 -0.129746 0.991547 -0.000000 -3.543247 -0.000000 0.000000 1.000000 0.000000
0.991674 0.128774 0.000000 114.165288 -0.128774 0.991674 -0.000000 -3.618137 -0.000000 0.000000 1.000000 0.000000
0.991754 0.128156 0.000000 114.594809 -0.128156 0.991754 -0.000000 -3.688505 -0.000000 0.000000 1.000000 0.000000
0.991869 0.127262 0.000000 115.031130 -0.127262 0.991869 -0.000000 -3.752663 -0.000000 0.000000 1.000000 0.000000
0.991357 0.131189 0.000000 115.469134 -0.131189 0.991357 -0.000000 -3.807895 -0.000000 0.000000 1.000000 0.000000
0.991462 0.130397 0.000000 115.910912 -0.130397 0.991462 -0.000000 -3.876022 -0.000000 0.000000 1.000000 0.000000
0.991499 0.130112 0.000000 116.354943 -0.130112 0.991499 -0.000000 -3.941665 -0.000000 0.000000 1.000000 0.000000
0.991426 0.130667 0.000000 116.799761 -0.130667 0.991426 -0.000000 -4.010064 -0.000000 0.000000 1.000000 0.000000
0.991218 0.132234 0.000000 117.249866 -0.132234 0.991218 -0.000000 -4.081865 -0.000000 0.000000 1.000000 0.000000
0.990652 0.136415 0.000000 117.696346 -0.136415 0.990652 -0.000000 -4.157940 -0.000000 0.000000 1.000000 0.000000
0.990614 0.136687 0.000000 118.519183 -0.136687 0.990614 -0.000000 -4.293823 -0.000000 0.000000 1.000000 0.000000
0.990663 0.136333 0.000000 118.971258 -0.136333 0.990663 -0.000000 -4.371854 -0.000000 0.000000 1.000000 0.000000
0.990532 0.137285 0.000000 119.424457 -0.137285 0.990532 -0.000000 -4.444787 -0.000000 0.000000 1.000000 0.000000
0.990297 0.138966 0.000000 119.880371 -0.138966 0.990297 -0.000000 -4.530807 -0.000000 0.000000 1.000000 0.000000
0.989970 0.141277 0.000000 120.338960 -0.141277 0.989970 -0.000000 -4.615598 -0.000000 0.000000 1.000000 0.000000
0.989817 0.142343 0.000000 120.796532 -0.142343 0.989817 -0.000000 -4.699058 -0.000000 0.000000 1.000000 0.000000
0.989674 0.143334 0.000000 121.261778 -0.143334 0.989674 -0.000000 -4.785550 -0.000000 0.000000 1.000000 0.000000
0.989179 0.146714 0.000000 121.726507 -0.146714 0.989179 -0.000000 -4.868589 -0.000000 0.000000 1.000000 0.000000
0.988625 0.150399 0.000000 122.229587 -0.150399 0.988625 -0.000000 -4.956783 -0.000000 0.000000 1.000000 0.000000
0.988178 0.153308 0.000000 122.672475 -0.153308 0.988178 -0.000000 -5.037196 -0.000000 0.000000 1.000000 0.000000
0.988231 0.152967 0.000000 123.179389 -0.152967 0.988231 -0.000000 -5.136669 -0.000000 0.000000 1.000000 0.000000
0.988071 0.154001 0.000000 123.654240 -0.154001 0.988071 -0.000000 -5.228018 -0.000000 0.000000 1.000000 0.000000
0.987729 0.156175 0.000000 124.121879 -0.156175 0.987729 -0.000000 -5.317368 -0.000000 0.000000 1.000000 0.000000
0.988033 0.154242 0.000000 124.587655 -0.154242 0.988033 -0.000000 -5.416023 -0.000000 0.000000 1.000000 0.000000
0.987485 0.157716 0.000000 125.064972 -0.157716 0.987485 -0.000000 -5.499397 -0.000000 0.000000 1.000000 0.000000
0.987156 0.159759 0.000000 125.531408 -0.159759 0.987156 -0.000000 -5.591143 -0.000000 0.000000 1.000000 0.000000
0.986568 0.163349 0.000000 126.004037 -0.163349 0.986568 -0.000000 -5.685798 -0.000000 0.000000 1.000000 0.000000
0.985583 0.169194 0.000000 126.480623 -0.169194 0.985583 -0.000000 -5.780249 -0.000000 0.000000 1.000000 0.000000
0.985380 0.170373 0.000000 126.930378 -0.170373 0.985380 -0.000000 -5.868118 -0.000000 0.000000 1.000000 0.000000
0.985298 0.170844 0.000000 127.409450 -0.170844 0.985298 -0.000000 -5.958087 -0.000000 0.000000 1.000000 0.000000
0.984996 0.172579 0.000000 127.885470 -0.172579 0.984996 -0.000000 -6.054073 -0.000000 0.000000 1.000000 0.000000
0.984921 0.173003 0.000000 128.674364 -0.173003 0.984921 -0.000000 -6.210559 -0.000000 0.000000 1.000000 0.000000
0.984830 0.173523 0.000000 129.159338 -0.173523 0.984830 -0.000000 -6.310429 -0.000000 0.000000 1.000000 0.000000
0.986615 0.163066 0.000000 130.134529 -0.163066 0.986615 -0.000000 -6.516114 -0.000000 0.000000 1.000000 0.000000
0.986418 0.164255 0.000000 130.625503 -0.164255 0.986418 -0.000000 -6.609523 -0.000000 0.000000 1.000000 0.000000
0.986435 0.164154 0.000000 131.123099 -0.164154 0.986435 -0.000000 -6.706475 -0.000000 0.000000 1.000000 0.000000
0.986292 0.165009 0.000000 131.627717 -0.165009 0.986292 -0.000000 -6.802300 -0.000000 0.000000 1.000000 0.000000
0.986521 0.163636 0.000000 132.126856 -0.163636 0.986521 -0.000000 -6.899292 -0.000000 0.000000 1.000000 0.000000
0.986322 0.164829 0.000000 132.625194 -0.164829 0.986322 -0.000000 -6.988252 -0.000000 0.000000 1.000000 0.000000
0.986330 0.164779 0.000000 133.162094 -0.164779 0.986330 -0.000000 -7.090273 -0.000000 0.000000 1.000000 0.000000
0.985908 0.167288 0.000000 133.647063 -0.167288 0.985908 -0.000000 -7.179658 -0.000000 0.000000 1.000000 0.000000
0.985640 0.168862 0.000000 134.159463 -0.168862 0.985640 -0.000000 -7.276169 -0.000000 0.000000 1.000000 0.000000
0.985840 0.167687 0.000000 134.672147 -0.167687 0.985840 -0.000000 -7.368773 -0.000000 0.000000 1.000000 0.000000
0.986439 0.164129 0.000000 135.153629 -0.164129 0.986439 -0.000000 -7.468513 -0.000000 0.000000 1.000000 0.000000
0.986391 0.164418 0.000000 135.665150 -0.164418 0.986391 -0.000000 -7.563176 -0.000000 0.000000 1.000000 0.000000
0.986353 0.164644 0.000000 136.186112 -0.164644 0.986353 -0.000000 -7.657276 -0.000000 0.000000 1.000000 0.000000
0.985890 0.167392 0.000000 136.671527 -0.167392 0.985890 -0.000000 -7.738602 -0.000000 0.000000 1.000000 0.000000
0.986477 0.163900 0.000000 137.192382 -0.163900 0.986477 -0.000000 -7.825012 -0.000000 0.000000 1.000000 0.000000
0.985910 0.167275 0.000000 137.725460 -0.167275 0.985910 -0.000000 -7.931316 -0.000000 0.000000 1.000000 0.000000
0.985561 0.169318 0.000000 138.358358 -0.169318 0.985561 -0.000000 -8.046424 -0.000000 0.000000 1.000000 0.000000
0.985315 0.170745 0.000000 138.922953 -0.170745 0.985315 -0.000000 -8.151955 -0.000000 0.000000 1.000000 0.000000
0.984906 0.173088 0.000000 139.411995 -0.173088 0.984906 -0.000000 -8.242297 -0.000000 0.000000 1.000000 0.000000
0.984859 0.173357 0.000000 139.937262 -0.173357 0.984859 -0.000000 -8.351051 -0.000000 0.000000 1.000000 0.000000
0.983984 0.178255 0.000000 140.474573 -0.178255 0.983984 -0.000000 -8.459492 -0.000000 0.000000 1.000000 0.000000
0.983507 0.180869 0.000000 141.012183 -0.180869 0.983507 -0.000000 -8.570927 -0.000000 0.000000 1.000000 0.000000
0.982387 0.186855 0.000000 144.824517 -0.186855 0.982387 -0.000000 -9.395110 -0.000000 0.000000 1.000000 0.000000
0.982652 0.185460 0.000000 145.343580 -0.185460 0.982652 -0.000000 -9.500779 -0.000000 0.000000 1.000000 0.000000
0.983455 0.181155 0.000000 146.494500 -0.181155 0.983455 -0.000000 -9.741936 -0.000000 0.000000 1.000000 0.000000
0.982460 0.186474 0.000000 147.609309 -0.186474 0.982460 -0.000000 -9.989213 -0.000000 0.000000 1.000000 0.000000
0.982305 0.187288 0.000000 148.171973 -0.187288 0.982305 -0.000000 -10.112448 -0.000000 0.000000 1.000000 0.000000
0.982112 0.188299 0.000000 148.733389 -0.188299 0.982112 -0.000000 -10.240566 -0.000000 0.000000 1.000000 0.000000
0.982000 0.188880 0.000000 149.303200 -0.188880 0.982000 -0.000000 -10.366217 -0.000000 0.000000 1.000000 0.000000
0.982266 0.187493 0.000000 149.873445 -0.187493 0.982266 -0.000000 -10.507384 -0.000000 0.000000 1.000000 0.000000
0.982999 0.183611 0.000000 150.449248 -0.183611 0.982999 -0.000000 -10.640044 -0.000000 0.000000 1.000000 0.000000
0.982393 0.186827 0.000000 151.023838 -0.186827 0.982393 -0.000000 -10.767803 -0.000000 0.000000 1.000000 0.000000
0.982368 0.186957 0.000000 151.603054 -0.186957 0.982368 -0.000000 -10.894207 -0.000000 0.000000 1.000000 0.000000
0.982536 0.186071 0.000000 152.174238 -0.186071 0.982536 -0.000000 -11.033973 -0.000000 0.000000 1.000000 0.000000
0.982399 0.186794 0.000000 153.091534 -0.186794 0.982399 -0.000000 -11.247249 -0.000000 0.000000 1.000000 0.000000
0.981737 0.190243 0.000000 153.671022 -0.190243 0.981737 -0.000000 -11.377302 -0.000000 0.000000 1.000000 0.000000
0.982041 0.188667 0.000000 154.230672 -0.188667 0.982041 -0.000000 -11.520739 -0.000000 0.000000 1.000000 0.000000
0.981515 0.191384 0.000000 154.805544 -0.191384 0.981515 -0.000000 -11.654717 -0.000000 0.000000 1.000000 0.000000
0.981092 0.193540 0.000000 155.418618 -0.193540 0.981092 -0.000000 -11.798100 -0.000000 0.000000 1.000000 0.000000
0.980627 0.195885 0.000000 155.945624 -0.195885 0.980627 -0.000000 -11.920492 -0.000000 0.000000 1.000000 0.000000
0.980436 0.196838 0.000000 156.549152 -0.196838 0.980436 -0.000000 -12.074808 -0.000000 0.000000 1.000000 0.000000
0.980483 0.196606 0.000000 157.116345 -0.196606 0.980483 -0.000000 -12.216190 -0.000000 0.000000 1.000000 0.000000
0.980496 0.196537 0.000000 157.695726 -0.196537 0.980496 -0.000000 -12.349743 -0.000000 0.000000 1.000000 0.000000
0.980572 0.196158 0.000000 158.267295 -0.196158 0.980572 -0.000000 -12.473372 -0.000000 0.000000 1.000000 0.000000
0.980593 0.196056 0.000000 158.832981 -0.196056 0.980593 -0.000000 -12.601217 -0.000000 0.000000 1.000000 0.000000
0.980910 0.194462 0.000000 159.401577 -0.194462 0.980910 -0.000000 -12.728188 -0.000000 0.000000 1.000000 0.000000
0.981136 0.193319 0.000000 159.972099 -0.193319 0.981136 -0.000000 -12.849662 -0.000000 0.000000 1.000000 0.000000
0.981062 0.193695 0.000000 160.539101 -0.193695 0.981062 -0.000000 -12.967530 -0.000000 0.000000 1.000000 0.000000
0.981385 0.192049 0.000000 161.113773 -0.192049 0.981385 -0.000000 -13.098327 -0.000000 0.000000 1.000000 0.000000
0.980724 0.195396 0.000000 161.685523 -0.195396 0.980724 -0.000000 -13.219171 -0.000000 0.000000 1.000000 0.000000
0.980291 0.197557 0.000000 162.818154 -0.197557 0.980291 -0.000000 -13.472925 -0.000000 0.000000 1.000000 0.000000
0.980124 0.198388 0.000000 163.388876 -0.198388 0.980124 -0.000000 -13.600482 -0.000000 0.000000 1.000000 0.000000
0.980169 0.198161 0.000000 163.918881 -0.198161 0.980169 -0.000000 -13.723055 -0.000000 0.000000 1.000000 0.000000
0.979881 0.199582 0.000000 164.508651 -0.199582 0.979881 -0.000000 -13.855571 -0.000000 0.000000 1.000000 0.000000
0.979540 0.201249 0.000000 165.069484 -0.201249 0.979540 -0.000000 -13.976767 -0.000000 0.000000 1.000000 0.000000
0.979807 0.199947 0.000000 166.177254 -0.199947 0.979807 -0.000000 -14.232025 -0.000000 0.000000 1.000000 0.000000
0.979958 0.199206 0.000000 166.742933 -0.199206 0.979958 -0.000000 -14.358467 -0.000000 0.000000 1.000000 0.000000
0.979659 0.200670 0.000000 167.275617 -0.200670 0.979659 -0.000000 -14.486589 -0.000000 0.000000 1.000000 0.000000
0.979486 0.201511 0.000000 167.837640 -0.201511 0.979486 -0.000000 -14.615248 -0.000000 0.000000 1.000000 0.000000
0.979753 0.200212 0.000000 168.407860 -0.200212 0.979753 -0.000000 -14.745959 -0.000000 0.000000 1.000000 0.000000
0.979508 0.201404 0.000000 168.945376 -0.201404 0.979508 -0.000000 -14.856512 -0.000000 0.000000 1.000000 0.000000
0.979091 0.203424 0.000000 169.703625 -0.203424 0.979091 -0.000000 -15.018208 -0.000000 0.000000 1.000000 0.000000
0.978215 0.207593 0.000000 170.275170 -0.207593 0.978215 -0.000000 -15.133244 -0.000000 0.000000 1.000000 0.000000
0.978026 0.208483 0.000000 170.844562 -0.208483 0.978026 -0.000000 -15.257125 -0.000000 0.000000 1.000000 0.000000
0.977025 0.213125 0.000000 171.455095 -0.213125 0.977025 -0.000000 -15.384701 -0.000000 0.000000 1.000000 0.000000
0.977048 0.213021 0.000000 171.994317 -0.213021 0.977048 -0.000000 -15.504598 -0.000000 0.000000 1.000000 0.000000
0.977647 0.210251 0.000000 172.602847 -0.210251 0.977647 -0.000000 -15.655197 -0.000000 0.000000 1.000000 0.000000
0.976854 0.213905 0.000000 173.176219 -0.213905 0.976854 -0.000000 -15.784326 -0.000000 0.000000 1.000000 0.000000
0.977358 0.211592 0.000000 173.751769 -0.211592 0.977358 -0.000000 -15.917698 -0.000000 0.000000 1.000000 0.000000
0.976394 0.215998 0.000000 174.336302 -0.215998 0.976394 -0.000000 -16.045879 -0.000000 0.000000 1.000000 0.000000
0.976990 0.213285 0.000000 174.903656 -0.213285 0.976990 -0.000000 -16.184276 -0.000000 0.000000 1.000000 0.000000
0.977227 0.212198 0.000000 175.483099 -0.212198 0.977227 -0.000000 -16.319738 -0.000000 0.000000 1.000000 0.000000
0.977092 0.212818 0.000000 176.056057 -0.212818 0.977092 -0.000000 -16.460730 -0.000000 0.000000 1.000000 0.000000
0.978162 0.207845 0.000000 176.635549 -0.207845 0.978162 -0.000000 -16.608711 -0.000000 0.000000 1.000000 0.000000
0.978967 0.204021 0.000000 177.205664 -0.204021 0.978967 -0.000000 -16.751873 -0.000000 0.000000 1.000000 0.000000
0.978812 0.204762 0.000000 177.781818 -0.204762 0.978812 -0.000000 -16.881643 -0.000000 0.000000 1.000000 0.000000
0.978379 0.206821 0.000000 178.353151 -0.206821 0.978379 -0.000000 -17.018478 -0.000000 0.000000 1.000000 0.000000
0.978204 0.207645 0.000000 178.923340 -0.207645 0.978204 -0.000000 -17.148463 -0.000000 0.000000 1.000000 0.000000
0.977967 0.208761 0.000000 179.459964 -0.208761 0.977967 -0.000000 -17.281415 -0.000000 0.000000 1.000000 0.000000
0.977998 0.208613 0.000000 180.074326 -0.208613 0.977998 -0.000000 -17.427977 -0.000000 0.000000 1.000000 0.000000
0.978461 0.206433 0.000000 180.605882 -0.206433 0.978461 -0.000000 -17.550964 -0.000000 0.000000 1.000000 0.000000
0.978313 0.207131 0.000000 181.186943 -0.207131 0.978313 -0.000000 -17.686525 -0.000000 0.000000 1.000000 0.000000
0.978174 0.207789 0.000000 181.772038 -0.207789 0.978174 -0.000000 -17.818532 -0.000000 0.000000 1.000000 0.000000
0.977585 0.210539 0.000000 182.355534 -0.210539 0.977585 -0.000000 -17.956075 -0.000000 0.000000 1.000000 0.000000
0.975996 0.217788 0.000000 182.932053 -0.217788 0.975996 -0.000000 -18.091255 -0.000000 0.000000 1.000000 0.000000
0.976011 0.217721 0.000000 183.504371 -0.217721 0.976011 -0.000000 -18.224054 -0.000000 0.000000 1.000000 0.000000
0.976111 0.217272 0.000000 184.079898 -0.217272 0.976111 -0.000000 -18.363323 -0.000000 0.000000 1.000000 0.000000
0.976149 0.217101 0.000000 184.658428 -0.217101 0.976149 -0.000000 -18.504545 -0.000000 0.000000 1.000000 0.000000
0.976046 0.217566 0.000000 185.239827 -0.217566 0.976046 -0.000000 -18.650178 -0.000000 0.000000 1.000000 0.000000
0.975646 0.219350 0.000000 185.825265 -0.219350 0.975646 -0.000000 -18.792382 -0.000000 0.000000 1.000000 0.000000
0.976003 0.217756 0.000000 186.399537 -0.217756 0.976003 -0.000000 -18.935747 -0.000000 0.000000 1.000000 0.000000
0.976066 0.217476 0.000000 186.978946 -0.217476 0.976066 -0.000000 -19.077806 -0.000000 0.000000 1.000000 0.000000
0.975536 0.219838 0.000000 187.559462 -0.219838 0.975536 -0.000000 -19.212799 -0.000000 0.000000 1.000000 0.000000
0.975357 0.220635 0.000000 188.106066 -0.220635 0.975357 -0.000000 -19.342350 -0.000000 0.000000 1.000000 0.000000
0.975441 0.220263 0.000000 188.675791 -0.220263 0.975441 -0.000000 -19.487293 -0.000000 0.000000 1.000000 0.000000
0.975419 0.220358 0.000000 189.254308 -0.220358 0.975419 -0.000000 -19.625795 -0.000000 0.000000 1.000000 0.000000
0.975382 0.220522 0.000000 189.808017 -0.220522 0.975382 -0.000000 -19.762602 -0.000000 0.000000 1.000000 0.000000
0.975981 0.217854 0.000000 190.373988 -0.217854 0.975981 -0.000000 -19.906240 -0.000000 0.000000 1.000000 0.000000
0.975590 0.219600 0.000000 190.949403 -0.219600 0.975590 -0.000000 -20.053605 -0.000000 0.000000 1.000000 0.000000
0.976367 0.216119 0.000000 191.492113 -0.216119 0.976367 -0.000000 -20.189655 -0.000000 0.000000 1.000000 0.000000
0.976376 0.216077 0.000000 192.055549 -0.216077 0.976376 -0.000000 -20.332712 -0.000000 0.000000 1.000000 0.000000
0.975629 0.219427 0.000000 192.626628 -0.219427 0.975629 -0.000000 -20.472327 -0.000000 0.000000 1.000000 0.000000
0.975691 0.219152 0.000000 193.164479 -0.219152 0.975691 -0.000000 -20.600987 -0.000000 0.000000 1.000000 0.000000
0.975285 0.220949 0.000000 193.740385 -0.220949 0.975285 -0.000000 -20.738691 -0.000000 0.000000 1.000000 0.000000
0.975025 0.222093 0.000000 194.303446 -0.222093 0.975025 -0.000000 -20.873937 -0.000000 0.000000 1.000000 0.000000
0.974898 0.222654 0.000000 195.126989 -0.222654 0.974898 -0.000000 -21.092241 -0.000000 0.000000 1.000000 0.000000
0.974552 0.224161 0.000000 195.688527 -0.224161 0.974552 -0.000000 -21.225230 -0.000000 0.000000 1.000000 0.000000
0.974371 0.224946 0.000000 196.257671 -0.224946 0.974371 -0.000000 -21.362092 -0.000000 0.000000 1.000000 0.000000
0.974614 0.223893 0.000000 196.823910 -0.223893 0.974614 -0.000000 -21.504268 -0.000000 0.000000 1.000000 0.000000
0.974450 0.224606 0.000000 197.391994 -0.224606 0.974450 -0.000000 -21.650697 -0.000000 0.000000 1.000000 0.000000
0.974818 0.223003 0.000000 197.963291 -0.223003 0.974818 -0.000000 -21.781570 -0.000000 0.000000 1.000000 0.000000
0.975607 0.219527 0.000000 198.523832 -0.219527 0.975607 -0.000000 -21.927396 -0.000000 0.000000 1.000000 0.000000
0.975505 0.219979 0.000000 199.106484 -0.219979 0.975505 -0.000000 -22.068088 -0.000000 0.000000 1.000000 0.000000
0.975477 0.220099 0.000000 199.610034 -0.220099 0.975477 -0.000000 -22.193266 -0.000000 0.000000 1.000000 0.000000
0.975231 0.221190 0.000000 200.595047 -0.221190 0.975231 -0.000000 -22.440683 -0.000000 0.000000 1.000000 0.000000
0.975185 0.221392 0.000000 201.163467 -0.221392 0.975185 -0.000000 -22.576962 -0.000000 0.000000 1.000000 0.000000
0.975059 0.221947 0.000000 201.880968 -0.221947 0.975059 -0.000000 -22.757328 -0.000000 0.000000 1.000000 0.000000
0.974936 0.222485 0.000000 202.599150 -0.222485 0.974936 -0.000000 -22.938464 -0.000000 0.000000 1.000000 0.000000
0.974497 0.224399 0.000000 203.563044 -0.224399 0.974497 -0.000000 -23.189031 -0.000000 0.000000 1.000000 0.000000
0.974656 0.223707 0.000000 204.124262 -0.223707 0.974656 -0.000000 -23.331320 -0.000000 0.000000 1.000000 0.000000
0.974750 0.223301 0.000000 204.699888 -0.223301 0.974750 -0.000000 -23.480255 -0.000000 0.000000 1.000000 0.000000
0.974673 0.223637 0.000000 205.259958 -0.223637 0.974673 -0.000000 -23.623833 -0.000000 0.000000 1.000000 0.000000
0.974546 0.224187 0.000000 205.793532 -0.224187 0.974546 -0.000000 -23.756642 -0.000000 0.000000 1.000000 0.000000
0.975083 0.221840 0.000000 206.361752 -0.221840 0.975083 -0.000000 -23.899092 -0.000000 0.000000 1.000000 0.000000
0.974404 0.224804 0.000000 206.917745 -0.224804 0.974404 -0.000000 -24.040126 -0.000000 0.000000 1.000000 0.000000
0.974324 0.225151 0.000000 207.716772 -0.225151 0.974324 -0.000000 -24.255780 -0.000000 0.000000 1.000000 0.000000
0.974700 0.223517 0.000000 208.281616 -0.223517 0.974700 -0.000000 -24.400329 -0.000000 0.000000 1.000000 0.000000
0.974785 0.223144 0.000000 208.845364 -0.223144 0.974785 -0.000000 -24.542540 -0.000000 0.000000 1.000000 0.000000
0.974711 0.223467 0.000000 209.404639 -0.223467 0.974711 -0.000000 -24.681318 -0.000000 0.000000 1.000000 0.000000
0.975571 0.219685 0.000000 209.997652 -0.219685 0.975571 -0.000000 -24.826427 -0.000000 0.000000 1.000000 0.000000
0.975545 0.219802 0.000000 210.520769 -0.219802 0.975545 -0.000000 -24.955188 -0.000000 0.000000 1.000000 0.000000
0.975447 0.220236 0.000000 211.124029 -0.220236 0.975447 -0.000000 -25.103614 -0.000000 0.000000 1.000000 0.000000
0.975605 0.219532 0.000000 211.655812 -0.219532 0.975605 -0.000000 -25.237191 -0.000000 0.000000 1.000000 0.000000
0.975652 0.219323 0.000000 212.247145 -0.219323 0.975652 -0.000000 -25.391548 -0.000000 0.000000 1.000000 0.000000
0.975783 0.218739 0.000000 212.800314 -0.218739 0.975783 -0.000000 -25.533464 -0.000000 0.000000 1.000000 0.000000
0.975597 0.219568 0.000000 213.355127 -0.219568 0.975597 -0.000000 -25.667241 -0.000000 0.000000 1.000000 0.000000
0.976190 0.216919 0.000000 213.917609 -0.216919 0.976190 -0.000000 -25.808901 -0.000000 0.000000 1.000000 0.000000
0.976009 0.217731 0.000000 214.458513 -0.217731 0.976009 -0.000000 -25.942420 -0.000000 0.000000 1.000000 0.000000
0.976042 0.217582 0.000000 215.014858 -0.217582 0.976042 -0.000000 -26.073924 -0.000000 0.000000 1.000000 0.000000
0.976470 0.215654 0.000000 215.575612 -0.215654 0.976470 -0.000000 -26.210741 -0.000000 0.000000 1.000000 0.000000
0.976798 0.214163 0.000000 216.125579 -0.214163 0.976798 -0.000000 -26.346664 -0.000000 0.000000 1.000000 0.000000
0.975305 0.220863 0.000000 216.677641 -0.220863 0.975305 -0.000000 -26.483049 -0.000000 0.000000 1.000000 0.000000
0.975660 0.219288 0.000000 217.232533 -0.219288 0.975660 -0.000000 -26.619005 -0.000000 0.000000 1.000000 0.000000
0.976382 0.216053 0.000000 217.815353 -0.216053 0.976382 -0.000000 -26.762387 -0.000000 0.000000 1.000000 0.000000
0.976838 0.213982 0.000000 218.363989 -0.213982 0.976838 -0.000000 -26.892440 -0.000000 0.000000 1.000000 0.000000
0.977540 0.210749 0.000000 218.919417 -0.210749 0.977540 -0.000000 -27.020924 -0.000000 0.000000 1.000000 0.000000
0.977592 0.210510 0.000000 219.441055 -0.210510 0.977592 -0.000000 -27.148104 -0.000000 0.000000 1.000000 0.000000
0.977775 0.209655 0.000000 219.992951 -0.209655 0.977775 -0.000000 -27.281009 -0.000000 0.000000 1.000000 0.000000
0.977419 0.211310 0.000000 220.583248 -0.211310 0.977419 -0.000000 -27.418296 -0.000000 0.000000 1.000000 0.000000
0.977773 0.209666 0.000000 221.141759 -0.209666 0.977773 -0.000000 -27.552129 -0.000000 0.000000 1.000000 0.000000
0.978271 0.207330 0.000000 221.692418 -0.207330 0.978271 -0.000000 -27.684812 -0.000000 0.000000 1.000000 0.000000
0.978494 0.206275 0.000000 222.220679 -0.206275 0.978494 -0.000000 -27.814547 -0.000000 0.000000 1.000000 0.000000
0.979227 0.202767 0.000000 223.303610 -0.202767 0.979227 -0.000000 -28.073230 -0.000000 0.000000 1.000000 0.000000
0.979907 0.199455 0.000000 223.840897 -0.199455 0.979907 -0.000000 -28.203663 -0.000000 0.000000 1.000000 0.000000
0.980151 0.198255 0.000000 224.377551 -0.198255 0.980151 -0.000000 -28.328344 -0.000000 0.000000 1.000000 0.000000
0.980303 0.197500 0.000000 224.893540 -0.197500 0.980303 -0.000000 -28.444717 -0.000000 0.000000 1.000000 0.000000
0.980247 0.197778 0.000000 225.445344 -0.197778 0.980247 -0.000000 -28.565926 -0.000000 0.000000 1.000000 0.000000
0.980468 0.196680 0.000000 225.984421 -0.196680 0.980468 -0.000000 -28.682384 -0.000000 0.000000 1.000000 0.000000
0.980816 0.194937 0.000000 226.525610 -0.194937 0.980816 -0.000000 -28.804455 -0.000000 0.000000 1.000000 0.000000
0.981012 0.193946 0.000000 227.028303 -0.193946 0.981012 -0.000000 -28.913523 -0.000000 0.000000 1.000000 0.000000
0.981383 0.192063 0.000000 227.561906 -0.192063 0.981383 -0.000000 -29.036570 -0.000000 0.000000 1.000000 0.000000
0.981223 0.192876 0.000000 228.066215 -0.192876 0.981223 -0.000000 -29.146952 -0.000000 0.000000 1.000000 0.000000
0.981240 0.192788 0.000000 228.591748 -0.192788 0.981240 -0.000000 -29.261725 -0.000000 0.000000 1.000000 0.000000
0.981544 0.191236 0.000000 229.121032 -0.191236 0.981544 -0.000000 -29.376143 -0.000000 0.000000 1.000000 0.000000
0.981822 0.189804 0.000000 229.647842 -0.189804 0.981822 -0.000000 -29.490030 -0.000000 0.000000 1.000000 0.000000
0.982142 0.188140 0.000000 230.140495 -0.188140 0.982142 -0.000000 -29.604377 -0.000000 0.000000 1.000000 0.000000
0.982220 0.187736 0.000000 230.673996 -0.187736 0.982220 -0.000000 -29.718006 -0.000000 0.000000 1.000000 0.000000
0.982533 0.186091 0.000000 231.331092 -0.186091 0.982533 -0.000000 -29.864553 -0.000000 0.000000 1.000000 0.000000
0.982634 0.185553 0.000000 231.962031 -0.185553 0.982634 -0.000000 -29.997990 -0.000000 0.000000 1.000000 0.000000
0.982738 0.185001 0.000000 232.491722 -0.185001 0.982738 -0.000000 -30.104148 -0.000000 0.000000 1.000000 0.000000
0.982821 0.184563 0.000000 233.026613 -0.184563 0.982821 -0.000000 -30.209788 -0.000000 0.000000 1.000000 0.000000
0.982925 0.184006 0.000000 233.551585 -0.184006 0.982925 -0.000000 -30.323701 -0.000000 0.000000 1.000000 0.000000
0.983450 0.181178 0.000000 234.077294 -0.181178 0.983450 -0.000000 -30.432491 -0.000000 0.000000 1.000000 0.000000
0.983796 0.179292 0.000000 234.602789 -0.179292 0.983796 -0.000000 -30.540090 -0.000000 0.000000 1.000000 0.000000
0.984470 0.175552 0.000000 235.504210 -0.175552 0.984470 -0.000000 -30.733512 -0.000000 0.000000 1.000000 0.000000
0.984276 0.176638 0.000000 236.036841 -0.176638 0.984276 -0.000000 -30.839852 -0.000000 0.000000 1.000000 0.000000
0.984503 0.175369 0.000000 236.526672 -0.175369 0.984503 -0.000000 -30.944865 -0.000000 0.000000 1.000000 0.000000
0.983969 0.178341 0.000000 237.051525 -0.178341 0.983969 -0.000000 -31.048695 -0.000000 0.000000 1.000000 0.000000
0.983713 0.179749 0.000000 237.573767 -0.179749 0.983713 -0.000000 -31.154517 -0.000000 0.000000 1.000000 0.000000
0.983603 0.180350 0.000000 238.095326 -0.180350 0.983603 -0.000000 -31.257328 -0.000000 0.000000 1.000000 0.000000
0.983965 0.178359 0.000000 238.621641 -0.178359 0.983965 -0.000000 -31.374407 -0.000000 0.000000 1.000000 0.000000
0.984003 0.178152 0.000000 239.140792 -0.178152 0.984003 -0.000000 -31.487652 -0.000000 0.000000 1.000000 0.000000
0.983694 0.179849 0.000000 239.660920 -0.179849 0.983694 -0.000000 -31.590793 -0.000000 0.000000 1.000000 0.000000
0.983282 0.182089 0.000000 240.188467 -0.182089 0.983282 -0.000000 -31.701605 -0.000000 0.000000 1.000000 0.000000
0.983313 0.181923 0.000000 240.705727 -0.181923 0.983313 -0.000000 -31.821129 -0.000000 0.000000 1.000000 0.000000
0.982869 0.184303 0.000000 241.231418 -0.184303 0.982869 -0.000000 -31.934644 -0.000000 0.000000 1.000000 0.000000
0.983085 0.183150 0.000000 241.754241 -0.183150 0.983085 -0.000000 -32.054253 -0.000000 0.000000 1.000000 0.000000
0.982620 0.185629 0.000000 242.271238 -0.185629 0.982620 -0.000000 -32.164810 -0.000000 0.000000 1.000000 0.000000
0.982765 0.184861 0.000000 242.792118 -0.184861 0.982765 -0.000000 -32.285344 -0.000000 0.000000 1.000000 0.000000
0.982636 0.185543 0.000000 243.311611 -0.185543 0.982636 -0.000000 -32.397369 -0.000000 0.000000 1.000000 0.000000
0.982834 0.184491 0.000000 243.864593 -0.184491 0.982834 -0.000000 -32.520434 -0.000000 0.000000 1.000000 0.000000
0.982755 0.184911 0.000000 244.350570 -0.184911 0.982755 -0.000000 -32.628585 -0.000000 0.000000 1.000000 0.000000
0.982626 0.185598 0.000000 244.867956 -0.185598 0.982626 -0.000000 -32.744297 -0.000000 0.000000 1.000000 0.000000
0.982111 0.188304 0.000000 245.390700 -0.188304 0.982111 -0.000000 -32.858843 -0.000000 0.000000 1.000000 0.000000
0.981899 0.189405 0.000000 245.910528 -0.189405 0.981899 -0.000000 -32.979451 -0.000000 0.000000 1.000000 0.000000
0.982019 0.188780 0.000000 246.431652 -0.188780 0.982019 -0.000000 -33.099419 -0.000000 0.000000 1.000000 0.000000
0.981962 0.189078 0.000000 246.951124 -0.189078 0.981962 -0.000000 -33.210622 -0.000000 0.000000 1.000000 0.000000
0.981779 0.190029 0.000000 247.469268 -0.190029 0.981779 -0.000000 -33.325908 -0.000000 0.000000 1.000000 0.000000
0.981661 0.190634 0.000000 247.990317 -0.190634 0.981661 -0.000000 -33.445856 -0.000000 0.000000 1.000000 0.000000
0.981575 0.191079 0.000000 248.509301 -0.191079 0.981575 -0.000000 -33.565901 -0.000000 0.000000 1.000000 0.000000
0.980852 0.194756 0.000000 249.061145 -0.194756 0.980852 -0.000000 -33.687480 -0.000000 0.000000 1.000000 0.000000
0.980573 0.196153 0.000000 249.563918 -0.196153 0.980573 -0.000000 -33.805829 -0.000000 0.000000 1.000000 0.000000
0.980056 0.198720 0.000000 250.042683 -0.198720 0.980056 -0.000000 -33.922563 -0.000000 0.000000 1.000000 0.000000
0.979704 0.200451 0.000000 250.553269 -0.200451 0.979704 -0.000000 -34.044993 -0.000000 0.000000 1.000000 0.000000
0.977871 0.209209 0.000000 251.580890 -0.209209 0.977871 -0.000000 -34.272550 -0.000000 0.000000 1.000000 0.000000
0.977558 0.210666 0.000000 252.092666 -0.210666 0.977558 -0.000000 -34.395054 -0.000000 0.000000 1.000000 0.000000
0.977105 0.212759 0.000000 252.808236 -0.212759 0.977105 -0.000000 -34.567542 -0.000000 0.000000 1.000000 0.000000
0.977664 0.210173 0.000000 253.790647 -0.210173 0.977664 -0.000000 -34.805069 -0.000000 0.000000 1.000000 0.000000
0.977585 0.210542 0.000000 254.296854 -0.210542 0.977585 -0.000000 -34.929006 -0.000000 0.000000 1.000000 0.000000
0.977010 0.213193 0.000000 254.801682 -0.213193 0.977010 -0.000000 -35.041557 -0.000000 0.000000 1.000000 0.000000
0.976824 0.214046 0.000000 255.298878 -0.214046 0.976824 -0.000000 -35.166105 -0.000000 0.000000 1.000000 0.000000
0.976537 0.215351 0.000000 255.810303 -0.215351 0.976537 -0.000000 -35.288656 -0.000000 0.000000 1.000000 0.000000
0.976238 0.216702 0.000000 256.309938 -0.216702 0.976238 -0.000000 -35.420285 -0.000000 0.000000 1.000000 0.000000
0.975617 0.219479 0.000000 256.811438 -0.219479 0.975617 -0.000000 -35.545408 -0.000000 0.000000 1.000000 0.000000
0.975646 0.219353 0.000000 257.310031 -0.219353 0.975646 -0.000000 -35.670798 -0.000000 0.000000 1.000000 0.000000
0.976001 0.217767 0.000000 257.810306 -0.217767 0.976001 -0.000000 -35.791253 -0.000000 0.000000 1.000000 0.000000
0.977217 0.212243 0.000000 258.306106 -0.212243 0.977217 -0.000000 -35.907929 -0.000000 0.000000 1.000000 0.000000
0.977290 0.211907 0.000000 258.770021 -0.211907 0.977290 -0.000000 -36.008788 -0.000000 0.000000 1.000000 0.000000
0.977256 0.212061 0.000000 259.278920 -0.212061 0.977256 -0.000000 -36.114603 -0.000000 0.000000 1.000000 0.000000
0.976999 0.213245 0.000000 259.767128 -0.213245 0.976999 -0.000000 -36.224552 -0.000000 0.000000 1.000000 0.000000
0.977017 0.213162 0.000000 260.254504 -0.213162 0.977017 -0.000000 -36.334646 -0.000000 0.000000 1.000000 0.000000
0.977135 0.212620 0.000000 260.752050 -0.212620 0.977135 -0.000000 -36.451328 -0.000000 0.000000 1.000000 0.000000
0.977484 0.211011 0.000000 261.238225 -0.211011 0.977484 -0.000000 -36.562063 -0.000000 0.000000 1.000000 0.000000
0.977318 0.211775 0.000000 261.726659 -0.211775 0.977318 -0.000000 -36.679109 -0.000000 0.000000 1.000000 0.000000
0.976902 0.213689 0.000000 262.202084 -0.213689 0.976902 -0.000000 -36.791137 -0.000000 0.000000 1.000000 0.000000
0.976325 0.216310 0.000000 262.685897 -0.216310 0.976325 -0.000000 -36.907257 -0.000000 0.000000 1.000000 0.000000
0.975699 0.219116 0.000000 263.157546 -0.219116 0.975699 -0.000000 -37.023041 -0.000000 0.000000 1.000000 0.000000
0.975887 0.218274 0.000000 263.635984 -0.218274 0.975887 -0.000000 -37.145754 -0.000000 0.000000 1.000000 0.000000
0.976342 0.216232 0.000000 264.102363 -0.216232 0.976342 -0.000000 -37.259306 -0.000000 0.000000 1.000000 0.000000
0.976166 0.217025 0.000000 264.529402 -0.217025 0.976166 -0.000000 -37.358036 -0.000000 0.000000 1.000000 0.000000
0.975834 0.218514 0.000000 264.983044 -0.218514 0.975834 -0.000000 -37.471246 -0.000000 0.000000 1.000000 0.000000
0.975508 0.219965 0.000000 265.443099 -0.219965 0.975508 -0.000000 -37.585715 -0.000000 0.000000 1.000000 0.000000
0.975546 0.219793 0.000000 265.887039 -0.219793 0.975546 -0.000000 -37.693995 -0.000000 0.000000 1.000000 0.000000
0.975577 0.219658 0.000000 266.342703 -0.219658 0.975577 -0.000000 -37.800660 -0.000000 0.000000 1.000000 0.000000
0.975746 0.218904 0.000000 266.782845 -0.218904 0.975746 -0.000000 -37.906880 -0.000000 0.000000 1.000000 0.000000
0.976101 0.217316 0.000000 267.214172 -0.217316 0.976101 -0.000000 -38.018543 -0.000000 0.000000 1.000000 0.000000
0.975909 0.218178 0.000000 267.643769 -0.218178 0.975909 -0.000000 -38.126148 -0.000000 0.000000 1.000000 0.000000
0.976249 0.216652 0.000000 268.087597 -0.216652 0.976249 -0.000000 -38.232518 -0.000000 0.000000 1.000000 0.000000
0.976823 0.214049 0.000000 268.652194 -0.214049 0.976823 -0.000000 -38.359168 -0.000000 0.000000 1.000000 0.000000
0.976763 0.214323 0.000000 269.068433 -0.214323 0.976763 -0.000000 -38.450620 -0.000000 0.000000 1.000000 0.000000
0.976238 0.216702 0.000000 269.491428 -0.216702 0.976238 -0.000000 -38.535143 -0.000000 0.000000 1.000000 0.000000
0.976918 0.213616 0.000000 269.901483 -0.213616 0.976918 -0.000000 -38.641538 -0.000000 0.000000 1.000000 0.000000
0.976781 0.214242 0.000000 270.316457 -0.214242 0.976781 -0.000000 -38.731576 -0.000000 0.000000 1.000000 0.000000
0.977237 0.212151 0.000000 270.707393 -0.212151 0.977237 -0.000000 -38.821896 -0.000000 0.000000 1.000000 0.000000
0.976982 0.213322 0.000000 271.110047 -0.213322 0.976982 -0.000000 -38.915089 -0.000000 0.000000 1.000000 0.000000
0.976719 0.214522 0.000000 271.527804 -0.214522 0.976719 -0.000000 -39.014228 -0.000000 0.000000 1.000000 0.000000
0.976867 0.213848 0.000000 271.912098 -0.213848 0.976867 -0.000000 -39.107921 -0.000000 0.000000 1.000000 0.000000
0.976732 0.214461 0.000000 272.299329 -0.214461 0.976732 -0.000000 -39.192608 -0.000000 0.000000 1.000000 0.000000
0.977031 0.213095 0.000000 272.678863 -0.213095 0.977031 -0.000000 -39.292394 -0.000000 0.000000 1.000000 0.000000
0.977175 0.212434 0.000000 273.055025 -0.212434 0.977175 -0.000000 -39.381051 -0.000000 0.000000 1.000000 0.000000
0.976904 0.213677 0.000000 273.433523 -0.213677 0.976904 -0.000000 -39.471421 -0.000000 0.000000 1.000000 0.000000
0.976767 0.214302 0.000000 273.802812 -0.214302 0.976767 -0.000000 -39.564663 -0.000000 0.000000 1.000000 0.000000
0.976872 0.213824 0.000000 274.164856 -0.213824 0.976872 -0.000000 -39.653858 -0.000000 0.000000 1.000000 0.000000
0.976954 0.213450 0.000000 274.528027 -0.213450 0.976954 -0.000000 -39.738335 -0.000000 0.000000 1.000000 0.000000
0.977279 0.211957 0.000000 274.888884 -0.211957 0.977279 -0.000000 -39.818861 -0.000000 0.000000 1.000000 0.000000
0.977094 0.212807 0.000000 275.236155 -0.212807 0.977094 -0.000000 -39.893725 -0.000000 0.000000 1.000000 0.000000
0.976950 0.213470 0.000000 275.588913 -0.213470 0.976950 -0.000000 -39.971897 -0.000000 0.000000 1.000000 0.000000
0.977015 0.213169 0.000000 275.930632 -0.213169 0.977015 -0.000000 -40.059595 -0.000000 0.000000 1.000000 0.000000
0.977120 0.212689 0.000000 276.606025 -0.212689 0.977120 -0.000000 -40.226278 -0.000000 0.000000 1.000000 0.000000
0.977000 0.213237 0.000000 276.935107 -0.213237 0.977000 -0.000000 -40.306641 -0.000000 0.000000 1.000000 0.000000
0.977079 0.212878 0.000000 277.262720 -0.212878 0.977079 -0.000000 -40.389562 -0.000000 0.000000 1.000000 0.000000
0.977071 0.212914 0.000000 277.579911 -0.212914 0.977071 -0.000000 -40.462643 -0.000000 0.000000 1.000000 0.000000
0.977078 0.212881 0.000000 277.900910 -0.212881 0.977078 -0.000000 -40.535730 -0.000000 0.000000 1.000000 0.000000
0.976497 0.215530 0.000000 278.505915 -0.215530 0.976497 -0.000000 -40.677376 -0.000000 0.000000 1.000000 0.000000
0.976480 0.215608 0.000000 278.806457 -0.215608 0.976480 -0.000000 -40.744821 -0.000000 0.000000 1.000000 0.000000
0.976768 0.214300 0.000000 279.087983 -0.214300 0.976768 -0.000000 -40.816907 -0.000000 0.000000 1.000000 0.000000
0.977140 0.212597 0.000000 279.371043 -0.212597 0.977140 -0.000000 -40.895879 -0.000000 0.000000 1.000000 0.000000
0.977381 0.211488 0.000000 279.639467 -0.211488 0.977381 -0.000000 -40.963660 -0.000000 0.000000 1.000000 0.000000
0.975780 0.218755 0.000000 264.835689 -0.218755 0.975780 -0.000000 -37.550750 -0.000000 0.000000 1.000000 0.000000
0.975010 0.222162 0.000000 265.080757 -0.222162 0.975010 -0.000000 -37.614216 -0.000000 0.000000 1.000000 0.000000
0.974789 0.223131 0.000000 265.330616 -0.223131 0.974789 -0.000000 -37.672785 -0.000000 0.000000 1.000000 0.000000
0.975367 0.220587 0.000000 265.634892 -0.220587 0.975367 -0.000000 -37.760952 -0.000000 0.000000 1.000000 0.000000
0.976333 0.216273 0.000000 265.975746 -0.216273 0.976333 -0.000000 -37.851479 -0.000000 0.000000 1.000000 0.000000
0.976173 0.216994 0.000000 266.271643 -0.216994 0.976173 -0.000000 -37.920519 -0.000000 0.000000 1.000000 0.000000
0.975858 0.218405 0.000000 266.495164 -0.218405 0.975858 -0.000000 -37.976984 -0.000000 0.000000 1.000000 0.000000
0.976059 0.217505 0.000000 266.719887 -0.217505 0.976059 -0.000000 -38.034231 -0.000000 0.000000 1.000000 0.000000
0.976057 0.217515 0.000000 266.935248 -0.217515 0.976057 -0.000000 -38.088639 -0.000000 0.000000 1.000000 0.000000
0.976165 0.217029 0.000000 267.155799 -0.217029 0.976165 -0.000000 -38.149643 -0.000000 0.000000 1.000000 0.000000
0.975831 0.218526 0.000000 267.369538 -0.218526 0.975831 -0.000000 -38.201955 -0.000000 0.000000 1.000000 0.000000
0.975627 0.219434 0.000000 267.578958 -0.219434 0.975627 -0.000000 -38.252401 -0.000000 0.000000 1.000000 0.000000
0.976266 0.216573 0.000000 267.783571 -0.216573 0.976266 -0.000000 -38.302251 -0.000000 0.000000 1.000000 0.000000
0.976077 0.217424 0.000000 267.983629 -0.217424 0.976077 -0.000000 -38.356450 -0.000000 0.000000 1.000000 0.000000
0.975570 0.219687 0.000000 268.180793 -0.219687 0.975570 -0.000000 -38.396874 -0.000000 0.000000 1.000000 0.000000
0.975433 0.220298 0.000000 268.386918 -0.220298 0.975433 -0.000000 -38.449416 -0.000000 0.000000 1.000000 0.000000
0.975597 0.219569 0.000000 268.569017 -0.219569 0.975597 -0.000000 -38.494865 -0.000000 0.000000 1.000000 0.000000
0.975963 0.217938 0.000000 268.765853 -0.217938 0.975963 -0.000000 -38.552800 -0.000000 0.000000 1.000000 0.000000
0.976085 0.217387 0.000000 268.937460 -0.217387 0.976085 -0.000000 -38.594763 -0.000000 0.000000 1.000000 0.000000
0.975858 0.218405 0.000000 269.119671 -0.218405 0.975858 -0.000000 -38.636924 -0.000000 0.000000 1.000000 0.000000
0.975445 0.220243 0.000000 269.306347 -0.220243 0.975445 -0.000000 -38.680919 -0.000000 0.000000 1.000000 0.000000
0.975726 0.218993 0.000000 269.479135 -0.218993 0.975726 -0.000000 -38.725844 -0.000000 0.000000 1.000000 0.000000
0.975329 0.220754 0.000000 269.649267 -0.220754 0.975329 -0.000000 -38.761643 -0.000000 0.000000 1.000000 0.000000
0.974431 0.224685 0.000000 269.821474 -0.224685 0.974431 -0.000000 -38.796823 -0.000000 0.000000 1.000000 0.000000
0.974279 0.225345 0.000000 269.980123 -0.225345 0.974279 -0.000000 -38.829553 -0.000000 0.000000 1.000000 0.000000
0.975373 0.220561 0.000000 270.227560 -0.220561 0.975373 -0.000000 -38.886450 -0.000000 0.000000 1.000000 0.000000
0.975271 0.221014 0.000000 270.378990 -0.221014 0.975271 -0.000000 -38.916454 -0.000000 0.000000 1.000000 0.000000
0.974736 0.223362 0.000000 270.530654 -0.223362 0.974736 -0.000000 -38.954053 -0.000000 0.000000 1.000000 0.000000
0.974916 0.222574 0.000000 270.669376 -0.222574 0.974916 -0.000000 -38.989156 -0.000000 0.000000 1.000000 0.000000
0.876182 0.481980 0.000000 271.222750 -0.481980 0.876182 -0.000000 -41.032701 -0.000000 0.000000 1.000000 0.000000
0.878211 0.478273 0.000000 271.332359 -0.478273 0.878211 -0.000000 -41.093741 -0.000000 0.000000 1.000000 0.000000
0.876575 0.481265 0.000000 271.438631 -0.481265 0.876575 -0.000000 -41.147813 -0.000000 0.000000 1.000000 0.000000
0.876937 0.480604 0.000000 271.533398 -0.480604 0.876937 -0.000000 -41.201316 -0.000000 0.000000 1.000000 0.000000
0.875535 0.483155 0.000000 271.605559 -0.483155 0.875535 -0.000000 -41.241227 -0.000000 0.000000 1.000000 0.000000
0.877374 0.479807 0.000000 271.707259 -0.479807 0.877374 -0.000000 -41.311434 -0.000000 0.000000 1.000000 0.000000
0.877549 0.479486 0.000000 271.765042 -0.479486 0.877549 -0.000000 -41.340718 -0.000000 0.000000 1.000000 0.000000
0.876422 0.481545 0.000000 271.826947 -0.481545 0.876422 -0.000000 -41.367751 -0.000000 0.000000 1.000000 0.000000
0.876166 0.482009 0.000000 271.869413 -0.482009 0.876166 -0.000000 -41.391515 -0.000000 0.000000 1.000000 0.000000
0.875561 0.483107 0.000000 271.898150 -0.483107 0.875561 -0.000000 -41.403873 -0.000000 0.000000 1.000000 0.000000
0.875410 0.483382 0.000000 271.924692 -0.483382 0.875410 -0.000000 -41.414741 -0.000000 0.000000 1.000000 0.000000
0.875144 0.483862 0.000000 271.939035 -0.483862 0.875144 -0.000000 -41.421107 -0.000000 0.000000 1.000000 0.000000
0.875273 0.483629 0.000000 271.951733 -0.483629 0.875273 -0.000000 -41.427318 -0.000000 0.000000 1.000000 0.000000
0.875665 0.482918 0.000000 271.962117 -0.482918 0.875665 -0.000000 -41.434420 -0.000000 0.000000 1.000000 0.000000
0.875992 0.482325 0.000000 271.959762 -0.482325 0.875992 -0.000000 -41.432888 -0.000000 0.000000 1.000000 0.000000
0.875919 0.482459 0.000000 271.957342 -0.482459 0.875919 -0.000000 -41.430541 -0.000000 0.000000 1.000000 0.000000
0.876112 0.482108 0.000000 271.956396 -0.482108 0.876112 -0.000000 -41.429354 -0.000000 0.000000 1.000000 0.000000
0.876122 0.482089 0.000000 271.955171 -0.482089 0.876122 -0.000000 -41.426655 -0.000000 0.000000 1.000000 0.000000
0.876071 0.482182 0.000000 271.956954 -0.482182 0.876071 -0.000000 -41.424458 -0.000000 0.000000 1.000000 0.000000
0.875997 0.482317 0.000000 271.955722 -0.482317 0.875997 -0.000000 -41.421835 -0.000000 0.000000 1.000000 0.000000
0.875881 0.482527 0.000000 271.955191 -0.482527 0.875881 -0.000000 -41.419462 -0.000000 0.000000 1.000000 0.000000
0.875802 0.482670 0.000000 271.955631 -0.482670 0.875802 -0.000000 -41.418969 -0.000000 0.000000 1.000000 0.000000
0.875820 0.482638 0.000000 271.955531 -0.482638 0.875820 -0.000000 -41.418882 -0.000000 0.000000 1.000000 0.000000
0.875841 0.482600 0.000000 271.955822 -0.482600 0.875841 -0.000000 -41.417669 -0.000000 0.000000 1.000000 0.000000
0.875830 0.482619 0.000000 271.956060 -0.482619 0.875830 -0.000000 -41.416098 -0.000000 0.000000 1.000000 0.000000
0.875840 0.482601 0.000000 271.956374 -0.482601 0.875840 -0.000000 -41.416156 -0.000000 0.000000 1.000000 0.000000
0.875807 0.482661 0.000000 271.956800 -0.482661 0.875807 -0.000000 -41.416546 -0.000000 0.000000 1.000000 0.000000
0.875791 0.482690 0.000000 271.957529 -0.482690 0.875791 -0.000000 -41.416278 -0.000000 0.000000 1.000000 0.000000
0.875843 0.482596 0.000000 271.957752 -0.482596 0.875843 -0.000000 -41.417537 -0.000000 0.000000 1.000000 0.000000
0.875822 0.482634 0.000000 271.958657 -0.482634 0.875822 -0.000000 -41.417798 -0.000000 0.000000 1.000000 0.000000
0.875817 0.482643 0.000000 271.959305 -0.482643 0.875817 -0.000000 -41.418013 -0.000000 0.000000 1.000000 0.000000
0.875839 0.482603 0.000000 271.959855 -0.482603 0.875839 -0.000000 -41.418199 -0.000000 0.000000 1.000000 0.000000
0.875794 0.482685 0.000000 271.960072 -0.482685 0.875794 -0.000000 -41.418884 -0.000000 0.000000 1.000000 0.000000
0.875770 0.482729 0.000000 271.960300 -0.482729 0.875770 -0.000000 -41.418650 -0.000000 0.000000 1.000000 0.000000
0.875718 0.482823 0.000000 271.960981 -0.482823 0.875718 -0.000000 -41.418772 -0.000000 0.000000 1.000000 0.000000
0.875760 0.482746 0.000000 271.960960 -0.482746 0.875760 -0.000000 -41.419334 -0.000000 0.000000 1.000000 0.000000
0.875814 0.482650 0.000000 271.960153 -0.482650 0.875814 -0.000000 -41.420152 -0.000000 0.000000 1.000000 0.000000
0.875802 0.482671 0.000000 271.959941 -0.482671 0.875802 -0.000000 -41.421181 -0.000000 0.000000 1.000000 0.000000
0.875798 0.482679 0.000000 271.960228 -0.482679 0.875798 -0.000000 -41.421958 -0.000000 0.000000 1.000000 0.000000
0.875875 0.482538 0.000000 271.959938 -0.482538 0.875875 -0.000000 -41.422759 -0.000000 0.000000 1.000000 0.000000
0.875880 0.482529 0.000000 271.960284 -0.482529 0.875880 -0.000000 -41.423113 -0.000000 0.000000 1.000000 0.000000
0.875862 0.482562 0.000000 271.961495 -0.482562 0.875862 -0.000000 -41.423199 -0.000000 0.000000 1.000000 0.000000
0.875852 0.482581 0.000000 271.962232 -0.482581 0.875852 -0.000000 -41.423141 -0.000000 0.000000 1.000000 0.000000
0.875833 0.482615 0.000000 271.962372 -0.482615 0.875833 -0.000000 -41.423442 -0.000000 0.000000 1.000000 0.000000
0.875817 0.482643 0.000000 271.961918 -0.482643 0.875817 -0.000000 -41.423870 -0.000000 0.000000 1.000000 0.000000
0.875798 0.482678 0.000000 271.962041 -0.482678 0.875798 -0.000000 -41.424133 -0.000000 0.000000 1.000000 0.000000
0.875769 0.482730 0.000000 271.962387 -0.482730 0.875769 -0.000000 -41.424277 -0.000000 0.000000 1.000000 0.000000
0.875760 0.482747 0.000000 271.963160 -0.482747 0.875760 -0.000000 -41.424210 -0.000000 0.000000 1.000000 0.000000
0.875753 0.482759 0.000000 271.963644 -0.482759 0.875753 -0.000000 -41.424432 -0.000000 0.000000 1.000000 0.000000
0.875761 0.482745 0.000000 271.964247 -0.482745 0.875761 -0.000000 -41.424218 -0.000000 0.000000 1.000000 0.000000
0.875758 0.482751 0.000000 271.964503 -0.482751 0.875758 -0.000000 -41.424501 -0.000000 0.000000 1.000000 0.000000
0.875775 0.482719 0.000000 271.964300 -0.482719 0.875775 -0.000000 -41.425064 -0.000000 0.000000 1.000000 0.000000
0.875793 0.482687 0.000000 271.964121 -0.482687 0.875793 -0.000000 -41.425270 -0.000000 0.000000 1.000000 0.000000
0.875733 0.482795 0.000000 271.964262 -0.482795 0.875733 -0.000000 -41.425226 -0.000000 0.000000 1.000000 0.000000
0.875700 0.482856 0.000000 271.964103 -0.482856 0.875700 -0.000000 -41.425004 -0.000000 0.000000 1.000000 0.000000
0.875673 0.482904 0.000000 271.964478 -0.482904 0.875673 -0.000000 -41.424700 -0.000000 0.000000 1.000000 0.000000
0.875552 0.483124 0.000000 271.964964 -0.483124 0.875552 -0.000000 -41.423377 -0.000000 0.000000 1.000000 0.000000
0.875486 0.483244 0.000000 271.965219 -0.483244 0.875486 -0.000000 -41.423420 -0.000000 0.000000 1.000000 0.000000
0.875425 0.483353 0.000000 271.965127 -0.483353 0.875425 -0.000000 -41.424487 -0.000000 0.000000 1.000000 0.000000
0.875359 0.483473 0.000000 271.964791 -0.483473 0.875359 -0.000000 -41.424569 -0.000000 0.000000 1.000000 0.000000
0.875233 0.483701 0.000000 271.963440 -0.483701 0.875233 -0.000000 -41.424810 -0.000000 0.000000 1.000000 0.000000
0.875369 0.483455 0.000000 271.962267 -0.483455 0.875369 -0.000000 -41.425765 -0.000000 0.000000 1.000000 0.000000
0.875527 0.483170 0.000000 271.960685 -0.483170 0.875527 -0.000000 -41.425992 -0.000000 0.000000 1.000000 0.000000
0.875687 0.482879 0.000000 271.959202 -0.482879 0.875687 -0.000000 -41.426895 -0.000000 0.000000 1.000000 0.000000
0.875789 0.482695 0.000000 271.958415 -0.482695 0.875789 -0.000000 -41.427573 -0.000000 0.000000 1.000000 0.000000
0.875948 0.482406 0.000000 271.957267 -0.482406 0.875948 -0.000000 -41.428966 -0.000000 0.000000 1.000000 0.000000
0.876165 0.482011 0.000000 271.956003 -0.482011 0.876165 -0.000000 -41.430872 -0.000000 0.000000 1.000000 0.000000
0.876252 0.481853 0.000000 271.955517 -0.481853 0.876252 -0.000000 -41.432696 -0.000000 0.000000 1.000000 0.000000
0.876401 0.481582 0.000000 271.954398 -0.481582 0.876401 -0.000000 -41.434524 -0.000000 0.000000 1.000000 0.000000
0.876441 0.481509 0.000000 271.953437 -0.481509 0.876441 -0.000000 -41.435944 -0.000000 0.000000 1.000000 0.000000
0.876496 0.481409 0.000000 271.952925 -0.481409 0.876496 -0.000000 -41.437468 -0.000000 0.000000 1.000000 0.000000
0.876643 0.481141 0.000000 271.952294 -0.481141 0.876643 -0.000000 -41.439013 -0.000000 0.000000 1.000000 0.000000
0.876974 0.480537 0.000000 271.950694 -0.480537 0.876974 -0.000000 -41.441678 -0.000000 0.000000 1.000000 0.000000
0.876840 0.480782 0.000000 271.952619 -0.480782 0.876840 -0.000000 -41.441364 -0.000000 0.000000 1.000000 0.000000
0.876766 0.480917 0.000000 271.954063 -0.480917 0.876766 -0.000000 -41.442011 -0.000000 0.000000 1.000000 0.000000
0.876727 0.480987 0.000000 271.955164 -0.480987 0.876727 -0.000000 -41.441962 -0.000000 0.000000 1.000000 0.000000
0.876694 0.481049 0.000000 271.955659 -0.481049 0.876694 -0.000000 -41.441958 -0.000000 0.000000 1.000000 0.000000
0.876758 0.480932 0.000000 271.956105 -0.480932 0.876758 -0.000000 -41.441702 -0.000000 0.000000 1.000000 0.000000
0.876746 0.480953 0.000000 271.956174 -0.480953 0.876746 -0.000000 -41.441567 -0.000000 0.000000 1.000000 0.000000
0.876717 0.481006 0.000000 271.956382 -0.481006 0.876717 -0.000000 -41.441304 -0.000000 0.000000 1.000000 0.000000
0.876710 0.481020 0.000000 271.957040 -0.481020 0.876710 -0.000000 -41.441433 -0.000000 0.000000 1.000000 0.000000
0.876715 0.481011 0.000000 271.957269 -0.481011 0.876715 -0.000000 -41.441141 -0.000000 0.000000 1.000000 0.000000
0.876703 0.481032 0.000000 271.957677 -0.481032 0.876703 -0.000000 -41.441158 -0.000000 0.000000 1.000000 0.000000
0.876678 0.481077 0.000000 271.958096 -0.481077 0.876678 -0.000000 -41.440789 -0.000000 0.000000 1.000000 0.000000
0.876678 0.481077 0.000000 271.958169 -0.481077 0.876678 -0.000000 -41.440850 -0.000000 0.000000 1.000000 0.000000
0.876687 0.481062 0.000000 271.958202 -0.481062 0.876687 -0.000000 -41.440738 -0.000000 0.000000 1.000000 0.000000
0.876702 0.481034 0.000000 271.958661 -0.481034 0.876702 -0.000000 -41.440712 -0.000000 0.000000 1.000000 0.000000
0.876714 0.481011 0.000000 271.958636 -0.481011 0.876714 -0.000000 -41.440383 -0.000000 0.000000 1.000000 0.000000
0.876660 0.481111 0.000000 271.958963 -0.481111 0.876660 -0.000000 -41.440075 -0.000000 0.000000 1.000000 0.000000
0.876592 0.481235 0.000000 271.959391 -0.481235 0.876592 -0.000000 -41.440041 -0.000000 0.000000 1.000000 0.000000
0.876550 0.481311 0.000000 271.959590 -0.481311 0.876550 -0.000000 -41.439914 -0.000000 0.000000 1.000000 0.000000
0.876513 0.481379 0.000000 271.959577 -0.481379 0.876513 -0.000000 -41.440151 -0.000000 0.000000 1.000000 0.000000
0.876496 0.481410 0.000000 271.959447 -0.481410 0.876496 -0.000000 -41.440694 -0.000000 0.000000 1.000000 0.000000
0.876511 0.481382 0.000000 271.959117 -0.481382 0.876511 -0.000000 -41.440678 -0.000000 0.000000 1.000000 0.000000
0.876559 0.481295 0.000000 271.958603 -0.481295 0.876559 -0.000000 -41.440688 -0.000000 0.000000 1.000000 0.000000
0.876603 0.481215 0.000000 271.958626 -0.481215 0.876603 -0.000000 -41.440896 -0.000000 0.000000 1.000000 0.000000
0.876618 0.481186 0.000000 271.958643 -0.481186 0.876618 -0.000000 -41.440515 -0.000000 0.000000 1.000000 0.000000
0.876595 0.481228 0.000000 271.958767 -0.481228 0.876595 -0.000000 -41.440463 -0.000000 0.000000 1.000000 0.000000
0.876592 0.481234 0.000000 271.958965 -0.481234 0.876592 -0.000000 -41.440638 -0.000000 0.000000 1.000000 0.000000
0.876608 0.481206 0.000000 271.958260 -0.481206 0.876608 -0.000000 -41.441010 -0.000000 0.000000 1.000000 0.000000
0.876628 0.481170 0.000000 271.958291 -0.481170 0.876628 -0.000000 -41.441520 -0.000000 0.000000 1.000000 0.000000
0.876619 0.481186 0.000000 271.958647 -0.481186 0.876619 -0.000000 -41.442475 -0.000000 0.000000 1.000000 0.000000
0.876589 0.481240 0.000000 271.958327 -0.481240 0.876589 -0.000000 -41.442949 -0.000000 0.000000 1.000000 0.000000
0.876601 0.481218 0.000000 271.958329 -0.481218 0.876601 -0.000000 -41.443021 -0.000000 0.000000 1.000000 0.000000
0.876590 0.481237 0.000000 271.958512 -0.481237 0.876590 -0.000000 -41.443076 -0.000000 0.000000 1.000000 0.000000
0.876532 0.481344 0.000000 271.958846 -0.481344 0.876532 -0.000000 -41.443137 -0.000000 0.000000 1.000000 0.000000
0.876437 0.481516 0.000000 271.958996 -0.481516 0.876437 -0.000000 -41.443023 -0.000000 0.000000 1.000000 0.000000
0.876409 0.481568 0.000000 271.959083 -0.481568 0.876409 -0.000000 -41.442806 -0.000000 0.000000 1.000000 0.000000
0.876428 0.481532 0.000000 271.959661 -0.481532 0.876428 -0.000000 -41.442810 -0.000000 0.000000 1.000000 0.000000
0.876464 0.481468 0.000000 271.959909 -0.481468 0.876464 -0.000000 -41.442783 -0.000000 0.000000 1.000000 0.000000
0.876384 0.481614 0.000000 271.960270 -0.481614 0.876384 -0.000000 -41.442516 -0.000000 0.000000 1.000000 0.000000
0.876368 0.481641 0.000000 271.960702 -0.481641 0.876368 -0.000000 -41.441834 -0.000000 0.000000 1.000000 0.000000
0.876397 0.481590 0.000000 271.961127 -0.481590 0.876397 -0.000000 -41.441393 -0.000000 0.000000 1.000000 0.000000
0.876405 0.481574 0.000000 271.961411 -0.481574 0.876405 -0.000000 -41.441320 -0.000000 0.000000 1.000000 0.000000
0.876395 0.481594 0.000000 271.961601 -0.481594 0.876395 -0.000000 -41.441042 -0.000000 0.000000 1.000000 0.000000
0.876389 0.481604 0.000000 271.962426 -0.481604 0.876389 -0.000000 -41.440855 -0.000000 0.000000 1.000000 0.000000
0.876389 0.481604 0.000000 271.962672 -0.481604 0.876389 -0.000000 -41.440628 -0.000000 0.000000 1.000000 0.000000
0.876395 0.481592 0.000000 271.963211 -0.481592 0.876395 -0.000000 -41.440250 -0.000000 0.000000 1.000000 0.000000
0.876395 0.481593 0.000000 271.964069 -0.481593 0.876395 -0.000000 -41.439774 -0.000000 0.000000 1.000000 0.000000
0.876410 0.481566 0.000000 271.964043 -0.481566 0.876410 -0.000000 -41.439664 -0.000000 0.000000 1.000000 0.000000
0.876433 0.481524 0.000000 271.964162 -0.481524 0.876433 -0.000000 -41.438655 -0.000000 0.000000 1.000000 0.000000
0.876412 0.481562 0.000000 271.963879 -0.481562 0.876412 -0.000000 -41.438663 -0.000000 0.000000 1.000000 0.000000
0.876408 0.481570 0.000000 271.963706 -0.481570 0.876408 -0.000000 -41.438629 -0.000000 0.000000 1.000000 0.000000
0.876432 0.481525 0.000000 271.963666 -0.481525 0.876432 -0.000000 -41.438666 -0.000000 0.000000 1.000000 0.000000
0.876443 0.481506 0.000000 271.964830 -0.481506 0.876443 -0.000000 -41.438284 -0.000000 0.000000 1.000000 0.000000
0.876311 0.481745 0.000000 271.964851 -0.481745 0.876311 -0.000000 -41.437906 -0.000000 0.000000 1.000000 0.000000
0.876334 0.481704 0.000000 271.964880 -0.481704 0.876334 -0.000000 -41.437977 -0.000000 0.000000 1.000000 0.000000
0.876354 0.481668 0.000000 271.964939 -0.481668 0.876354 -0.000000 -41.437889 -0.000000 0.000000 1.000000 0.000000
0.876379 0.481623 0.000000 271.965189 -0.481623 0.876379 -0.000000 -41.437534 -0.000000 0.000000 1.000000 0.000000
0.876366 0.481645 0.000000 271.965178 -0.481645 0.876366 -0.000000 -41.437514 -0.000000 0.000000 1.000000 0.000000
0.876355 0.481666 0.000000 271.965258 -0.481666 0.876355 -0.000000 -41.437468 -0.000000 0.000000 1.000000 0.000000
0.876351 0.481673 0.000000 271.965377 -0.481673 0.876351 -0.000000 -41.436746 -0.000000 0.000000 1.000000 0.000000
0.876354 0.481667 0.000000 271.965338 -0.481667 0.876354 -0.000000 -41.436036 -0.000000 0.000000 1.000000 0.000000
0.876352 0.481670 0.000000 271.965513 -0.481670 0.876352 -0.000000 -41.435840 -0.000000 0.000000 1.000000 0.000000
0.876371 0.481637 0.000000 271.965411 -0.481637 0.876371 -0.000000 -41.435207 -0.000000 0.000000 1.000000 0.000000
0.876374 0.481632 0.000000 271.965438 -0.481632 0.876374 -0.000000 -41.435103 -0.000000 0.000000 1.000000 0.000000
0.876381 0.481619 0.000000 271.965565 -0.481619 0.876381 -0.000000 -41.435055 -0.000000 0.000000 1.000000 0.000000
0.876378 0.481623 0.000000 271.966290 -0.481623 0.876378 -0.000000 -41.434915 -0.000000 0.000000 1.000000 0.000000
0.876377 0.481626 0.000000 271.966474 -0.481626 0.876377 -0.000000 -41.434873 -0.000000 0.000000 1.000000 0.000000
0.876369 0.481640 0.000000 271.967039 -0.481640 0.876369 -0.000000 -41.435183 -0.000000 0.000000 1.000000 0.000000
0.876362 0.481652 0.000000 271.967863 -0.481652 0.876362 -0.000000 -41.435594 -0.000000 0.000000 1.000000 0.000000
0.876340 0.481693 0.000000 271.967690 -0.481693 0.876340 -0.000000 -41.436314 -0.000000 0.000000 1.000000 0.000000
0.876350 0.481675 0.000000 271.967354 -0.481675 0.876350 -0.000000 -41.436407 -0.000000 0.000000 1.000000 0.000000
0.876351 0.481674 0.000000 271.967089 -0.481674 0.876351 -0.000000 -41.436793 -0.000000 0.000000 1.000000 0.000000
0.876348 0.481678 0.000000 271.967143 -0.481678 0.876348 -0.000000 -41.436931 -0.000000 0.000000 1.000000 0.000000
0.876340 0.481693 0.000000 271.967171 -0.481693 0.876340 -0.000000 -41.436880 -0.000000 0.000000 1.000000 0.000000
0.876324 0.481722 0.000000 271.967255 -0.481722 0.876324 -0.000000 -41.436908 -0.000000 0.000000 1.000000 0.000000
0.876295 0.481774 0.000000 271.967251 -0.481774 0.876295 -0.000000 -41.437422 -0.000000 0.000000 1.000000 0.000000
0.876263 0.481833 0.000000 271.967844 -0.481833 0.876263 -0.000000 -41.437033 -0.000000 0.000000 1.000000 0.000000
0.876269 0.481822 0.000000 271.967907 -0.481822 0.876269 -0.000000 -41.437412 -0.000000 0.000000 1.000000 0.000000
0.876267 0.481826 0.000000 271.968038 -0.481826 0.876267 -0.000000 -41.437297 -0.000000 0.000000 1.000000 0.000000
0.876292 0.481780 0.000000 271.967930 -0.481780 0.876292 -0.000000 -41.437505 -0.000000 0.000000 1.000000 0.000000
0.876316 0.481737 0.000000 271.967980 -0.481737 0.876316 -0.000000 -41.437679 -0.000000 0.000000 1.000000 0.000000
0.876296 0.481774 0.000000 271.967926 -0.481774 0.876296 -0.000000 -41.438019 -0.000000 0.000000 1.000000 0.000000
0.876249 0.481859 0.000000 271.967600 -0.481859 0.876249 -0.000000 -41.438028 -0.000000 0.000000 1.000000 0.000000
0.876198 0.481952 0.000000 271.967452 -0.481952 0.876198 -0.000000 -41.437988 -0.000000 0.000000 1.000000 0.000000
0.876219 0.481913 0.000000 271.967116 -0.481913 0.876219 -0.000000 -41.438638 -0.000000 0.000000 1.000000 0.000000
0.876254 0.481849 0.000000 271.967004 -0.481849 0.876254 -0.000000 -41.438918 -0.000000 0.000000 1.000000 0.000000
0.876277 0.481807 0.000000 271.966901 -0.481807 0.876277 -0.000000 -41.439209 -0.000000 0.000000 1.000000 0.000000
0.876271 0.481819 0.000000 271.967028 -0.481819 0.876271 -0.000000 -41.439517 -0.000000 0.000000 1.000000 0.000000
0.876241 0.481873 0.000000 271.967278 -0.481873 0.876241 -0.000000 -41.440002 -0.000000 0.000000 1.000000 0.000000
0.876249 0.481858 0.000000 271.967692 -0.481858 0.876249 -0.000000 -41.440905 -0.000000 0.000000 1.000000 0.000000
0.876206 0.481936 0.000000 271.968192 -0.481936 0.876206 -0.000000 -41.441206 -0.000000 0.000000 1.000000 0.000000
0.876192 0.481963 0.000000 271.968812 -0.481963 0.876192 -0.000000 -41.440581 -0.000000 0.000000 1.000000 0.000000
0.876188 0.481970 0.000000 271.968722 -0.481970 0.876188 -0.000000 -41.440152 -0.000000 0.000000 1.000000 0.000000
0.876203 0.481942 0.000000 271.968897 -0.481942 0.876203 -0.000000 -41.439536 -0.000000 0.000000 1.000000 0.000000
0.876254 0.481850 0.000000 271.968709 -0.481850 0.876254 -0.000000 -41.438493 -0.000000 0.000000 1.000000 0.000000
0.876349 0.481677 0.000000 271.968780 -0.481677 0.876349 -0.000000 -41.437949 -0.000000 0.000000 1.000000 0.000000
0.876422 0.481543 0.000000 271.968415 -0.481543 0.876422 -0.000000 -41.438175 -0.000000 0.000000 1.000000 0.000000
0.876482 0.481435 0.000000 271.967366 -0.481435 0.876482 -0.000000 -41.438976 -0.000000 0.000000 1.000000 0.000000
0.876531 0.481345 0.000000 271.966782 -0.481345 0.876531 -0.000000 -41.440351 -0.000000 0.000000 1.000000 0.000000
0.876519 0.481368 0.000000 271.966841 -0.481368 0.876519 -0.000000 -41.440504 -0.000000 0.000000 1.000000 0.000000
0.876524 0.481358 0.000000 271.967342 -0.481358 0.876524 -0.000000 -41.441144 -0.000000 0.000000 1.000000 0.000000
0.876524 0.481357 0.000000 271.967590 -0.481357 0.876524 -0.000000 -41.441327 -0.000000 0.000000 1.000000 0.000000
0.876522 0.481362 0.000000 271.967810 -0.481362 0.876522 -0.000000 -41.441333 -0.000000 0.000000 1.000000 0.000000
0.876517 0.481371 0.000000 271.967824 -0.481371 0.876517 -0.000000 -41.441474 -0.000000 0.000000 1.000000 0.000000
0.876508 0.481386 0.000000 271.967945 -0.481386 0.876508 -0.000000 -41.441491 -0.000000 0.000000 1.000000 0.000000
0.876536 0.481337 0.000000 271.968198 -0.481337 0.876536 -0.000000 -41.441689 -0.000000 0.000000 1.000000 0.000000
0.876559 0.481294 0.000000 271.968209 -0.481294 0.876559 -0.000000 -41.442104 -0.000000 0.000000 1.000000 0.000000
0.876450 0.481492 0.000000 271.968121 -0.481492 0.876450 -0.000000 -41.442082 -0.000000 0.000000 1.000000 0.000000
0.876372 0.481635 0.000000 271.967334 -0.481635 0.876372 -0.000000 -41.441847 -0.000000 0.000000 1.000000 0.000000
0.876368 0.481643 0.000000 271.966518 -0.481643 0.876368 -0.000000 -41.441488 -0.000000 0.000000 1.000000 0.000000
0.876383 0.481614 0.000000 271.965373 -0.481614 0.876383 -0.000000 -41.441092 -0.000000 0.000000 1.000000 0.000000
0.876342 0.481689 0.000000 271.964571 -0.481689 0.876342 -0.000000 -41.439648 -0.000000 0.000000 1.000000 0.000000
0.876363 0.481651 0.000000 271.964571 -0.481651 0.876363 -0.000000 -41.438524 -0.000000 0.000000 1.000000 0.000000
0.876353 0.481670 0.000000 271.964850 -0.481670 0.876353 -0.000000 -41.437284 -0.000000 0.000000 1.000000 0.000000
0.876361 0.481656 0.000000 271.965642 -0.481656 0.876361 -0.000000 -41.436527 -0.000000 0.000000 1.000000 0.000000
0.876370 0.481639 0.000000 271.966238 -0.481639 0.876370 -0.000000 -41.436494 -0.000000 0.000000 1.000000 0.000000
0.876313 0.481741 0.000000 271.966444 -0.481741 0.876313 -0.000000 -41.435914 -0.000000 0.000000 1.000000 0.000000
0.876333 0.481705 0.000000 271.966911 -0.481705 0.876333 -0.000000 -41.435363 -0.000000 0.000000 1.000000 0.000000
0.876306 0.481754 0.000000 271.967636 -0.481754 0.876306 -0.000000 -41.434956 -0.000000 0.000000 1.000000 0.000000
0.876311 0.481745 0.000000 271.967249 -0.481745 0.876311 -0.000000 -41.434733 -0.000000 0.000000 1.000000 0.000000
0.876337 0.481698 0.000000 271.967183 -0.481698 0.876337 -0.000000 -41.434712 -0.000000 0.000000 1.000000 0.000000
0.876369 0.481641 0.000000 271.966924 -0.481641 0.876369 -0.000000 -41.434946 -0.000000 0.000000 1.000000 0.000000
0.876388 0.481606 0.000000 271.966218 -0.481606 0.876388 -0.000000 -41.435115 -0.000000 0.000000 1.000000 0.000000
0.876374 0.481631 0.000000 271.966188 -0.481631 0.876374 -0.000000 -41.435353 -0.000000 0.000000 1.000000 0.000000
0.876345 0.481683 0.000000 271.966952 -0.481683 0.876345 -0.000000 -41.435171 -0.000000 0.000000 1.000000 0.000000
0.876362 0.481653 0.000000 271.967963 -0.481653 0.876362 -0.000000 -41.434598 -0.000000 0.000000 1.000000 0.000000
0.876392 0.481599 0.000000 271.967927 -0.481599 0.876392 -0.000000 -41.434015 -0.000000 0.000000 1.000000 0.000000
0.876423 0.481541 0.000000 271.968495 -0.481541 0.876423 -0.000000 -41.433739 -0.000000 0.000000 1.000000 0.000000
0.876444 0.481504 0.000000 271.968239 -0.481504 0.876444 -0.000000 -41.433802 -0.000000 0.000000 1.000000 0.000000
0.876437 0.481517 0.000000 271.968262 -0.481517 0.876437 -0.000000 -41.434347 -0.000000 0.000000 1.000000 0.000000
0.876456 0.481482 0.000000 271.968374 -0.481482 0.876456 -0.000000 -41.434496 -0.000000 0.000000 1.000000 0.000000
0.876526 0.481354 0.000000 271.968471 -0.481354 0.876526 -0.000000 -41.435030 -0.000000 0.000000 1.000000 0.000000
0.876582 0.481252 0.000000 271.967853 -0.481252 0.876582 -0.000000 -41.436247 -0.000000 0.000000 1.000000 0.000000
0.876581 0.481254 0.000000 271.968002 -0.481254 0.876581 -0.000000 -41.436622 -0.000000 0.000000 1.000000 0.000000
0.876545 0.481320 0.000000 271.967721 -0.481320 0.876545 -0.000000 -41.436341 -0.000000 0.000000 1.000000 0.000000
0.876510 0.481383 0.000000 271.968406 -0.481383 0.876510 -0.000000 -41.435724 -0.000000 0.000000 1.000000 0.000000
0.876481 0.481436 0.000000 271.968816 -0.481436 0.876481 -0.000000 -41.435249 -0.000000 0.000000 1.000000 0.000000
0.876479 0.481440 0.000000 271.969837 -0.481440 0.876479 -0.000000 -41.435023 -0.000000 0.000000 1.000000 0.000000
