1.000000 0.000223 0.000000 0.627233 -0.000223 1.000000 0.000000 -0.017087 0.000000 0.000000 1.000000 0.000000
0.999998 -0.002036 0.000000 1.292774 0.002036 0.999998 0.000000 -0.035467 0.000000 0.000000 1.000000 0.000000
0.999998 -0.002148 0.000000 1.918236 0.002148 0.999998 0.000000 -0.062357 0.000000 0.000000 1.000000 0.000000
0.999996 -0.002703 0.000000 2.541422 0.002703 0.999996 0.000000 -0.075751 0.000000 0.000000 1.000000 0.000000
0.999996 -0.002773 0.000000 3.163709 0.002773 0.999996 0.000000 -0.089149 0.000000 0.000000 1.000000 0.000000
0.999985 -0.005436 0.000000 3.788261 0.005436 0.999985 0.000000 -0.103520 0.000000 0.000000 1.000000 0.000000
0.999972 -0.007530 0.000000 4.406205 0.007530 0.999972 0.000000 -0.116224 0.000000 0.000000 1.000000 0.000000
0.999977 -0.006720 0.000000 5.034716 0.006720 0.999977 0.000000 -0.125244 0.000000 0.000000 1.000000 0.000000
0.999967 -0.008144 0.000000 5.651946 0.008144 0.999967 0.000000 -0.144196 0.000000 0.000000 1.000000 0.000000
0.999973 -0.007314 0.000000 6.303491 0.007314 0.999973 0.000000 -0.153792 0.000000 0.000000 1.000000 0.000000
0.999964 -0.008466 0.000000 6.888410 0.008466 0.999964 0.000000 -0.166586 0.000000 0.000000 1.000000 0.000000
0.999962 -0.008722 0.000000 7.509449 0.008722 0.999962 0.000000 -0.173077 0.000000 0.000000 1.000000 0.000000
0.999967 -0.008064 0.000000 8.133647 0.008064 0.999967 0.000000 -0.188250 0.000000 0.000000 1.000000 0.000000
0.999916 -0.012928 0.000000 8.785669 0.012928 0.999916 0.000000 -0.209621 0.000000 0.000000 1.000000 0.000000
0.999895 -0.014481 0.000000 9.410546 0.014481 0.999895 0.000000 -0.214240 0.000000 0.000000 1.000000 0.000000
0.999756 -0.022078 0.000000 10.040565 0.022078 0.999756 0.000000 -0.224877 0.000000 0.000000 1.000000 0.000000
0.999743 -0.022672 0.000000 10.659568 0.022672 0.999743 0.000000 -0.229711 0.000000 0.000000 1.000000 0.000000
0.999799 -0.020029 0.000000 11.283813 0.020029 0.999799 0.000000 -0.231152 0.000000 0.000000 1.000000 0.000000
0.999740 -0.022787 0.000000 11.902132 0.022787 0.999740 0.000000 -0.235420 0.000000 0.000000 1.000000 0.000000
0.999745 -0.022572 0.000000 12.503846 0.022572 0.999745 0.000000 -0.243020 0.000000 0.000000 1.000000 0.000000
0.999724 -0.023506 0.000000 13.126510 0.023506 0.999724 0.000000 -0.244997 0.000000 0.000000 1.000000 0.000000
0.999728 -0.023303 0.000000 13.749050 0.023303 0.999728 0.000000 -0.246017 0.000000 0.000000 1.000000 0.000000
0.999748 -0.022436 0.000000 14.330617 0.022436 0.999748 0.000000 -0.246271 0.000000 0.000000 1.000000 0.000000
0.999684 -0.025120 0.000000 14.957989 0.025120 0.999684 0.000000 -0.252687 0.000000 0.000000 1.000000 0.000000
0.999621 -0.027519 0.000000 15.568192 0.027519 0.999621 0.000000 -0.254049 0.000000 0.000000 1.000000 0.000000
0.999563 -0.029574 0.000000 16.159424 0.029574 0.999563 0.000000 -0.256492 0.000000 0.000000 1.000000 0.000000
0.999543 -0.030243 0.000000 16.779948 0.030243 0.999543 0.000000 -0.262759 0.000000 0.000000 1.000000 0.000000
0.999549 -0.030015 0.000000 17.410826 0.030015 0.999549 0.000000 -0.268199 0.000000 0.000000 1.000000 0.000000
0.999562 -0.029607 0.000000 18.032320 0.029607 0.999562 0.000000 -0.270289 0.000000 0.000000 1.000000 0.000000
0.999618 -0.027627 0.000000 18.619240 0.027627 0.999618 0.000000 -0.270112 0.000000 0.000000 1.000000 0.000000
0.999740 -0.022806 0.000000 19.247839 0.022806 0.999740 0.000000 -0.273306 0.000000 0.000000 1.000000 0.000000
0.999793 -0.020368 0.000000 19.834318 0.020368 0.999793 0.000000 -0.277462 0.000000 0.000000 1.000000 0.000000
0.999826 -0.018655 0.000000 20.454779 0.018655 0.999826 0.000000 -0.278801 0.000000 0.000000 1.000000 0.000000
0.999815 -0.019259 0.000000 21.092937 0.019259 0.999815 0.000000 -0.284295 0.000000 0.000000 1.000000 0.000000
0.999811 -0.019459 0.000000 21.912300 0.019459 0.999811 0.000000 -0.292546 0.000000 0.000000 1.000000 0.000000
0.999859 -0.016806 0.000000 22.546799 0.016806 0.999859 0.000000 -0.290530 0.000000 0.000000 1.000000 0.000000
0.999887 -0.015007 0.000000 23.182840 0.015007 0.999887 0.000000 -0.289014 0.000000 0.000000 1.000000 0.000000
0.999915 -0.013017 0.000000 23.814585 0.013017 0.999915 0.000000 -0.292331 0.000000 0.000000 1.000000 0.000000
0.999947 -0.010304 0.000000 24.444654 0.010304 0.999947 0.000000 -0.299438 0.000000 0.000000 1.000000 0.000000
0.999940 -0.010941 0.000000 25.087023 0.010941 0.999940 0.000000 -0.310325 0.000000 0.000000 1.000000 0.000000
0.999977 -0.006783 0.000000 25.717313 0.006783 0.999977 0.000000 -0.313506 0.000000 0.000000 1.000000 0.000000
0.999991 -0.004325 0.000000 26.359069 0.004325 0.999991 0.000000 -0.323971 0.000000 0.000000 1.000000 0.000000
1.000000 0.000152 0.000000 26.994866 -0.000152 1.000000 0.000000 -0.334876 0.000000 0.000000 1.000000 0.000000
1.000000 -0.000334 0.000000 27.632111 0.000334 1.000000 0.000000 -0.356603 0.000000 0.000000 1.000000 0.000000
0.999991 0.004333 0.000000 28.268836 -0.004333 0.999991 0.000000 -0.364025 0.000000 0.000000 1.000000 0.000000
0.999994 0.003593 0.000000 28.905900 -0.003593 0.999994 0.000000 -0.384965 0.000000 0.000000 1.000000 0.000000
0.999983 0.005766 0.000000 29.544754 -0.005766 0.999983 0.000000 -0.405219 0.000000 0.000000 1.000000 0.000000
0.999971 0.007676 0.000000 30.174287 -0.007676 0.999971 0.000000 -0.421448 0.000000 0.000000 1.000000 0.000000
0.999974 0.007229 0.000000 30.767072 -0.007229 0.999974 0.000000 -0.446380 0.000000 0.000000 1.000000 0.000000
0.999957 0.009288 0.000000 31.411965 -0.009288 0.999957 0.000000 -0.471356 0.000000 0.000000 1.000000 0.000000
0.999905 0.013800 0.000000 32.041224 -0.013800 0.999905 0.000000 -0.490443 0.000000 0.000000 1.000000 0.000000
0.999900 0.014144 0.000000 32.686265 -0.014144 0.999900 0.000000 -0.516635 0.000000 0.000000 1.000000 0.000000
0.999905 0.013791 0.000000 33.322975 -0.013791 0.999905 0.000000 -0.548001 0.000000 0.000000 1.000000 0.000000
0.999888 0.014964 0.000000 33.954297 -0.014964 0.999888 0.000000 -0.572953 0.000000 0.000000 1.000000 0.000000
0.999874 0.015863 0.000000 34.595949 -0.015863 0.999874 0.000000 -0.601398 0.000000 0.000000 1.000000 0.000000
0.999878 0.015634 0.000000 35.237129 -0.015634 0.999878 0.000000 -0.624872 0.000000 0.000000 1.000000 0.000000
0.999866 0.016378 0.000000 35.881591 -0.016378 0.999866 0.000000 -0.644185 0.000000 0.000000 1.000000 0.000000
0.999816 0.019172 0.000000 36.522537 -0.019172 0.999816 0.000000 -0.667293 0.000000 0.000000 1.000000 0.000000
0.999797 0.020137 0.000000 37.175145 -0.020137 0.999797 0.000000 -0.697026 0.000000 0.000000 1.000000 0.000000
0.999818 0.019052 0.000000 37.782837 -0.019052 0.999818 0.000000 -0.732445 0.000000 0.000000 1.000000 0.000000
0.999788 0.020576 0.000000 38.430067 -0.020576 0.999788 0.000000 -0.758090 0.000000 0.000000 1.000000 0.000000
0.999850 0.017328 0.000000 39.081067 -0.017328 0.999850 0.000000 -0.788727 0.000000 0.000000 1.000000 0.000000
0.999791 0.020431 0.000000 39.742290 -0.020431 0.999791 0.000000 -0.814455 0.000000 0.000000 1.000000 0.000000
0.999858 0.016826 0.000000 40.401292 -0.016826 0.999858 0.000000 -0.842030 0.000000 0.000000 1.000000 0.000000
0.999894 0.014564 0.000000 41.052017 -0.014564 0.999894 0.000000 -0.871002 0.000000 0.000000 1.000000 0.000000
0.999890 0.014856 0.000000 41.675861 -0.014856 0.999890 0.000000 -0.893418 0.000000 0.000000 1.000000 0.000000
0.999873 0.015959 0.000000 42.334263 -0.015959 0.999873 0.000000 -0.914777 0.000000 0.000000 1.000000 0.000000
0.999821 0.018934 0.000000 42.994612 -0.018934 0.999821 0.000000 -0.937696 0.000000 0.000000 1.000000 0.000000
0.999791 0.020456 0.000000 43.657422 -0.020456 0.999791 0.000000 -0.967183 0.000000 0.000000 1.000000 0.000000
0.999763 0.021772 0.000000 44.322230 -0.021772 0.999763 0.000000 -0.992754 0.000000 0.000000 1.000000 0.000000
0.999855 0.017049 0.000000 44.984050 -0.017049 0.999855 0.000000 -1.014782 0.000000 0.000000 1.000000 0.000000
0.999782 0.020884 0.000000 46.013336 -0.020884 0.999782 0.000000 -1.067398 0.000000 0.000000 1.000000 0.000000
0.999800 0.020006 0.000000 46.701283 -0.020006 0.999800 0.000000 -1.100707 0.000000 0.000000 1.000000 0.000000
0.999813 0.019357 0.000000 47.333378 -0.019357 0.999813 0.000000 -1.129626 0.000000 0.000000 1.000000 0.000000
0.999815 0.019259 0.000000 47.994354 -0.019259 0.999815 0.000000 -1.160534 0.000000 0.000000 1.000000 0.000000
0.999802 0.019889 0.000000 48.654593 -0.019889 0.999802 0.000000 -1.191667 0.000000 0.000000 1.000000 0.000000
0.999785 0.020718 0.000000 49.307852 -0.020718 0.999785 0.000000 -1.223055 0.000000 0.000000 1.000000 0.000000
0.999829 0.018495 0.000000 49.964714 -0.018495 0.999829 0.000000 -1.251555 0.000000 0.000000 1.000000 0.000000
0.999827 0.018625 0.000000 50.615476 -0.018625 0.999827 0.000000 -1.284557 0.000000 0.000000 1.000000 0.000000
0.999851 0.017238 0.000000 51.955800 -0.017238 0.999851 0.000000 -1.333148 0.000000 0.000000 1.000000 0.000000
0.999875 0.015788 0.000000 52.606825 -0.015788 0.999875 0.000000 -1.360047 0.000000 0.000000 1.000000 0.000000
0.999933 0.011606 0.000000 53.243573 -0.011606 0.999933 0.000000 -1.379853 0.000000 0.000000 1.000000 0.000000
0.999944 0.010552 0.000000 53.884721 -0.010552 0.999944 0.000000 -1.407343 0.000000 0.000000 1.000000 0.000000
0.999935 0.011373 0.000000 54.523225 -0.011373 0.999935 0.000000 -1.437280 0.000000 0.000000 1.000000 0.000000
0.999924 0.012359 0.000000 55.197234 -0.012359 0.999924 0.000000 -1.471357 0.000000 0.000000 1.000000 0.000000
0.999943 0.010652 0.000000 55.833445 -0.010652 0.999943 0.000000 -1.500146 0.000000 0.000000 1.000000 0.000000
0.999929 0.011883 0.000000 56.439853 -0.011883 0.999929 0.000000 -1.522051 0.000000 0.000000 1.000000 0.000000
0.999917 0.012849 0.000000 57.073928 -0.012849 0.999917 0.000000 -1.546164 0.000000 0.000000 1.000000 0.000000
0.999910 0.013388 0.000000 57.663797 -0.013388 0.999910 0.000000 -1.572313 0.000000 0.000000 1.000000 0.000000
0.999896 0.014432 0.000000 58.295105 -0.014432 0.999896 0.000000 -1.605010 0.000000 0.000000 1.000000 0.000000
0.999891 0.014752 0.000000 58.921553 -0.014752 0.999891 0.000000 -1.634612 0.000000 0.000000 1.000000 0.000000
0.999897 0.014374 0.000000 59.505726 -0.014374 0.999897 0.000000 -1.665564 0.000000 0.000000 1.000000 0.000000
0.999895 0.014479 0.000000 60.132003 -0.014479 0.999895 0.000000 -1.696650 0.000000 0.000000 1.000000 0.000000
0.999915 0.013006 0.000000 60.750781 -0.013006 0.999915 0.000000 -1.732105 0.000000 0.000000 1.000000 0.000000
0.999908 0.013576 0.000000 61.328836 -0.013576 0.999908 0.000000 -1.760796 0.000000 0.000000 1.000000 0.000000
0.999919 0.012692 0.000000 61.949020 -0.012692 0.999919 0.000000 -1.793610 0.000000 0.000000 1.000000 0.000000
0.999911 0.013327 0.000000 62.524429 -0.013327 0.999911 0.000000 -1.815413 0.000000 0.000000 1.000000 0.000000
0.999849 0.017378 0.000000 63.140782 -0.017378 0.999849 0.000000 -1.837086 0.000000 0.000000 1.000000 0.000000
0.999840 0.017900 0.000000 63.751569 -0.017900 0.999840 0.000000 -1.864182 0.000000 0.000000 1.000000 0.000000
0.999822 0.018877 0.000000 64.597935 -0.018877 0.999822 0.000000 -1.904734 0.000000 0.000000 1.000000 0.000000
0.999802 0.019901 0.000000 65.202725 -0.019901 0.999802 0.000000 -1.936273 0.000000 0.000000 1.000000 0.000000
0.999757 0.022052 0.000000 65.806666 -0.022052 0.999757 0.000000 -1.969921 0.000000 0.000000 1.000000 0.000000
0.999835 0.018151 0.000000 66.407590 -0.018151 0.999835 0.000000 -1.996687 0.000000 0.000000 1.000000 0.000000
0.999818 0.019089 0.000000 67.008908 -0.019089 0.999818 0.000000 -2.024100 0.000000 0.000000 1.000000 0.000000
0.999879 0.015545 0.000000 67.606628 -0.015545 0.999879 0.000000 -2.047616 0.000000 0.000000 1.000000 0.000000
0.999899 0.014184 0.000000 68.242654 -0.014184 0.999899 0.000000 -2.077745 0.000000 0.000000 1.000000 0.000000
0.999897 0.014370 0.000000 68.839332 -0.014370 0.999897 0.000000 -2.099889 0.000000 0.000000 1.000000 0.000000
0.999910 0.013384 0.000000 69.431585 -0.013384 0.999910 0.000000 -2.127582 0.000000 0.000000 1.000000 0.000000
0.999856 0.016977 0.000000 70.613012 -0.016977 0.999856 0.000000 -2.185032 0.000000 0.000000 1.000000 0.000000
0.999880 0.015493 0.000000 71.195091 -0.015493 0.999880 0.000000 -2.208717 0.000000 0.000000 1.000000 0.000000
0.999855 0.017011 0.000000 71.777330 -0.017011 0.999855 0.000000 -2.235072 0.000000 0.000000 1.000000 0.000000
0.999819 0.019015 0.000000 72.356222 -0.019015 0.999819 0.000000 -2.272270 0.000000 0.000000 1.000000 0.000000
0.999820 0.018950 0.000000 72.934951 -0.018950 0.999820 0.000000 -2.305162 0.000000 0.000000 1.000000 0.000000
0.999773 0.021297 0.000000 73.511845 -0.021297 0.999773 0.000000 -2.335612 0.000000 0.000000 1.000000 0.000000
0.999785 0.020715 0.000000 74.080733 -0.020715 0.999785 0.000000 -2.374756 0.000000 0.000000 1.000000 0.000000
0.999823 0.018828 0.000000 74.647759 -0.018828 0.999823 0.000000 -2.402251 0.000000 0.000000 1.000000 0.000000
0.999832 0.018332 0.000000 75.210707 -0.018332 0.999832 0.000000 -2.437477 0.000000 0.000000 1.000000 0.000000
0.999814 0.019311 0.000000 75.771277 -0.019311 0.999814 0.000000 -2.471535 0.000000 0.000000 1.000000 0.000000
0.999811 0.019436 0.000000 76.325939 -0.019436 0.999811 0.000000 -2.506665 0.000000 0.000000 1.000000 0.000000
0.999815 0.019211 0.000000 76.876829 -0.019211 0.999815 0.000000 -2.539234 0.000000 0.000000 1.000000 0.000000
0.999810 0.019481 0.000000 77.423410 -0.019481 0.999810 0.000000 -2.574344 0.000000 0.000000 1.000000 0.000000
0.999771 0.021395 0.000000 77.938622 -0.021395 0.999771 0.000000 -2.605981 0.000000 0.000000 1.000000 0.000000
0.999730 0.023226 0.000000 78.481755 -0.023226 0.999730 0.000000 -2.633137 0.000000 0.000000 1.000000 0.000000
0.999663 0.025965 0.000000 79.006804 -0.025965 0.999663 0.000000 -2.660982 0.000000 0.000000 1.000000 0.000000
0.999583 0.028886 0.000000 79.517079 -0.028886 0.999583 0.000000 -2.680976 0.000000 0.000000 1.000000 0.000000
0.999595 0.028450 0.000000 80.055311 -0.028450 0.999595 0.000000 -2.715909 0.000000 0.000000 1.000000 0.000000
0.999602 0.028219 0.000000 80.582389 -0.028219 0.999602 0.000000 -2.747303 0.000000 0.000000 1.000000 0.000000
0.999599 0.028311 0.000000 81.075587 -0.028311 0.999599 0.000000 -2.773123 0.000000 0.000000 1.000000 0.000000
0.999571 0.029290 0.000000 81.605175 -0.029290 0.999571 0.000000 -2.808619 0.000000 0.000000 1.000000 0.000000
0.999500 0.031618 0.000000 82.124096 -0.031618 0.999500 0.000000 -2.841652 0.000000 0.000000 1.000000 0.000000
0.999530 0.030670 0.000000 82.610954 -0.030670 0.999530 0.000000 -2.871597 0.000000 0.000000 1.000000 0.000000
0.999512 0.031225 0.000000 83.130906 -0.031225 0.999512 0.000000 -2.898641 0.000000 0.000000 1.000000 0.000000
0.999473 0.032455 0.000000 83.642434 -0.032455 0.999473 0.000000 -2.925418 0.000000 0.000000 1.000000 0.000000
0.999409 0.034382 0.000000 84.120576 -0.034382 0.999409 0.000000 -2.957664 0.000000 0.000000 1.000000 0.000000
0.999395 0.034783 0.000000 84.629814 -0.034783 0.999395 0.000000 -2.994691 0.000000 0.000000 1.000000 0.000000
0.999398 0.034701 0.000000 85.105292 -0.034701 0.999398 0.000000 -3.028274 0.000000 0.000000 1.000000 0.000000
0.999326 0.036709 0.000000 85.609135 -0.036709 0.999326 0.000000 -3.064478 0.000000 0.000000 1.000000 0.000000
0.999330 0.036608 0.000000 86.272352 -0.036608 0.999330 0.000000 -3.114159 0.000000 0.000000 1.000000 0.000000
0.999357 0.035856 0.000000 86.768914 -0.035856 0.999357 0.000000 -3.149477 0.000000 0.000000 1.000000 0.000000
0.999355 0.035905 0.000000 87.267082 -0.035905 0.999355 0.000000 -3.180129 0.000000 0.000000 1.000000 0.000000
0.999336 0.036430 0.000000 87.758372 -0.036430 0.999336 0.000000 -3.208362 0.000000 0.000000 1.000000 0.000000
0.999377 0.035305 0.000000 88.243894 -0.035305 0.999377 0.000000 -3.241271 0.000000 0.000000 1.000000 0.000000
0.999450 0.033161 0.000000 88.728754 -0.033161 0.999450 0.000000 -3.279908 0.000000 0.000000 1.000000 0.000000
0.999475 0.032404 0.000000 89.204801 -0.032404 0.999475 0.000000 -3.317655 0.000000 0.000000 1.000000 0.000000
0.999306 0.037244 0.000000 90.162792 -0.037244 0.999306 0.000000 -3.384327 0.000000 0.000000 1.000000 0.000000
0.999209 0.039778 0.000000 90.632766 -0.039778 0.999209 0.000000 -3.423055 0.000000 0.000000 1.000000 0.000000
0.999158 0.041033 0.000000 91.107478 -0.041033 0.999158 0.000000 -3.462399 0.000000 0.000000 1.000000 0.000000
0.999014 0.044399 0.000000 91.571812 -0.044399 0.999014 0.000000 -3.501898 0.000000 0.000000 1.000000 0.000000
0.998978 0.045207 0.000000 92.045534 -0.045207 0.998978 0.000000 -3.548409 0.000000 0.000000 1.000000 0.000000
0.998862 0.047702 0.000000 92.513488 -0.047702 0.998862 0.000000 -3.590304 0.000000 0.000000 1.000000 0.000000
0.998820 0.048573 0.000000 92.985230 -0.048573 0.998820 0.000000 -3.639354 0.000000 0.000000 1.000000 0.000000
0.998674 0.051471 0.000000 93.446644 -0.051471 0.998674 0.000000 -3.681058 0.000000 0.000000 1.000000 0.000000
0.998388 0.056765 0.000000 93.905573 -0.056765 0.998388 0.000000 -3.716685 0.000000 0.000000 1.000000 0.000000
0.998246 0.059197 0.000000 94.363680 -0.059197 0.998246 0.000000 -3.758601 0.000000 0.000000 1.000000 0.000000
0.998111 0.061440 0.000000 94.786469 -0.061440 0.998111 0.000000 -3.800559 0.000000 0.000000 1.000000 0.000000
0.997995 0.063297 0.000000 95.230058 -0.063297 0.997995 0.000000 -3.848310 0.000000 0.000000 1.000000 0.000000
0.997931 0.064290 0.000000 95.671738 -0.064290 0.997931 0.000000 -3.896194 0.000000 0.000000 1.000000 0.000000
0.997941 0.064134 0.000000 96.112740 -0.064134 0.997941 0.000000 -3.950391 0.000000 0.000000 1.000000 0.000000
0.997755 0.066964 0.000000 96.541899 -0.066964 0.997755 0.000000 -3.998090 0.000000 0.000000 1.000000 0.000000
0.997683 0.068030 0.000000 96.977728 -0.068030 0.997683 0.000000 -4.037238 0.000000 0.000000 1.000000 0.000000
0.997234 0.074328 0.000000 97.399774 -0.074328 0.997234 0.000000 -4.084026 0.000000 0.000000 1.000000 0.000000
0.996908 0.078573 0.000000 97.813364 -0.078573 0.996908 0.000000 -4.124031 0.000000 0.000000 1.000000 0.000000
0.996944 0.078113 0.000000 98.223043 -0.078113 0.996944 0.000000 -4.167181 0.000000 0.000000 1.000000 0.000000
0.997152 0.075417 0.000000 98.636727 -0.075417 0.997152 0.000000 -4.217100 0.000000 0.000000 1.000000 0.000000
0.997001 0.077387 0.000000 99.032454 -0.077387 0.997001 0.000000 -4.258975 0.000000 0.000000 1.000000 0.000000
0.997164 0.075259 0.000000 99.434899 -0.075259 0.997164 0.000000 -4.313918 0.000000 0.000000 1.000000 0.000000
0.996765 0.080370 0.000000 99.816908 -0.080370 0.996765 0.000000 -4.357654 0.000000 0.000000 1.000000 0.000000
0.996371 0.085120 0.000000 100.218374 -0.085120 0.996371 0.000000 -4.400214 0.000000 0.000000 1.000000 0.000000
0.996553 0.082963 0.000000 100.614212 -0.082963 0.996553 0.000000 -4.456123 0.000000 0.000000 1.000000 0.000000
0.996322 0.085688 0.000000 100.987956 -0.085688 0.996322 0.000000 -4.500143 0.000000 0.000000 1.000000 0.000000
0.996044 0.088861 0.000000 101.396396 -0.088861 0.996044 0.000000 -4.551121 0.000000 0.000000 1.000000 0.000000
0.995632 0.093368 0.000000 101.798182 -0.093368 0.995632 0.000000 -4.596996 0.000000 0.000000 1.000000 0.000000
0.995195 0.097916 0.000000 102.364554 -0.097916 0.995195 0.000000 -4.672775 0.000000 0.000000 1.000000 0.000000
0.994990 0.099978 0.000000 102.773574 -0.099978 0.994990 0.000000 -4.733457 0.000000 0.000000 1.000000 0.000000
0.994808 0.101774 0.000000 103.184932 -0.101774 0.994808 0.000000 -4.792463 0.000000 0.000000 1.000000 0.000000
0.994584 0.103936 0.000000 103.597481 -0.103936 0.994584 0.000000 -4.849675 0.000000 0.000000 1.000000 0.000000
0.994328 0.106359 0.000000 104.012931 -0.106359 0.994328 0.000000 -4.916201 0.000000 0.000000 1.000000 0.000000
0.994169 0.107837 0.000000 104.432822 -0.107837 0.994169 0.000000 -4.971083 0.000000 0.000000 1.000000 0.000000
0.994200 0.107551 0.000000 104.851424 -0.107551 0.994200 0.000000 -5.034996 0.000000 0.000000 1.000000 0.000000
0.993864 0.110611 0.000000 105.271784 -0.110611 0.993864 0.000000 -5.094002 0.000000 0.000000 1.000000 0.000000
0.992776 0.119986 0.000000 106.006647 -0.119986 0.992776 0.000000 -5.200651 0.000000 0.000000 1.000000 0.000000
0.992823 0.119596 0.000000 106.433316 -0.119596 0.992823 0.000000 -5.275415 0.000000 0.000000 1.000000 0.000000
0.992909 0.118881 0.000000 106.868502 -0.118881 0.992909 0.000000 -5.345042 0.000000 0.000000 1.000000 0.000000
0.992780 0.119951 0.000000 107.301015 -0.119951 0.992780 0.000000 -5.408268 0.000000 0.000000 1.000000 0.000000
0.992888 0.119055 0.000000 107.737149 -0.119055 0.992888 0.000000 -5.469925 0.000000 0.000000 1.000000 0.000000
0.992434 0.122781 0.000000 108.174264 -0.122781 0.992434 0.000000 -5.519352 0.000000 0.000000 1.000000 0.000000
0.992393 0.123112 0.000000 108.611899 -0.123112 0.992393 0.000000 -5.582892 0.000000 0.000000 1.000000 0.000000
0.992491 0.122321 0.000000 109.056879 -0.122321 0.992491 0.000000 -5.645678 0.000000 0.000000 1.000000 0.000000
0.992472 0.122470 0.000000 109.499017 -0.122470 0.992472 0.000000 -5.710427 0.000000 0.000000 1.000000 0.000000
0.992458 0.122588 0.000000 109.945465 -0.122588 0.992458 0.000000 -5.782124 0.000000 0.000000 1.000000 0.000000
0.991972 0.126457 0.000000 110.392275 -0.126457 0.991972 0.000000 -5.851336 0.000000 0.000000 1.000000 0.000000
0.991952 0.126618 0.000000 111.216473 -0.126618 0.991952 0.000000 -5.978660 0.000000 0.000000 1.000000 0.000000
0.992019 0.126088 0.000000 111.672806 -0.126088 0.992019 0.000000 -6.049575 0.000000 0.000000 1.000000 0.000000
0.991647 0.128985 0.000000 112.131298 -0.128985 0.991647 0.000000 -6.113545 0.000000 0.000000 1.000000 0.000000
0.991620 0.129186 0.000000 112.590038 -0.129186 0.991620 0.000000 -6.200096 0.000000 0.000000 1.000000 0.000000
0.991356 0.131203 0.000000 113.049993 -0.131203 0.991356 0.000000 -6.280243 0.000000 0.000000 1.000000 0.000000
0.991199 0.132379 0.000000 113.512446 -0.132379 0.991199 0.000000 -6.362402 0.000000 0.000000 1.000000 0.000000
0.991058 0.133429 0.000000 113.977697 -0.133429 0.991058 0.000000 -6.447859 0.000000 0.000000 1.000000 0.000000
0.990478 0.137671 0.000000 114.443363 -0.137671 0.990478 0.000000 -6.525375 0.000000 0.000000 1.000000 0.000000
0.989770 0.142675 0.000000 114.943141 -0.142675 0.989770 0.000000 -6.609686 0.000000 0.000000 1.000000 0.000000
0.989176 0.146734 0.000000 115.380628 -0.146734 0.989176 0.000000 -6.686881 0.000000 0.000000 1.000000 0.000000
0.989141 0.146972 0.000000 115.880287 -0.146972 0.989141 0.000000 -6.781000 0.000000 0.000000 1.000000 0.000000
0.988789 0.149318 0.000000 116.348888 -0.149318 0.988789 0.000000 -6.870185 0.000000 0.000000 1.000000 0.000000
0.988653 0.150219 0.000000 116.818917 -0.150219 0.988653 0.000000 -6.958068 0.000000 0.000000 1.000000 0.000000
0.989125 0.147077 0.000000 117.287987 -0.147077 0.989125 0.000000 -7.057234 0.000000 0.000000 1.000000 0.000000
0.988735 0.149675 0.000000 117.760319 -0.149675 0.988735 0.000000 -7.138617 0.000000 0.000000 1.000000 0.000000
0.988479 0.151360 0.000000 118.232056 -0.151360 0.988479 0.000000 -7.228750 0.000000 0.000000 1.000000 0.000000
0.987799 0.155732 0.000000 118.706393 -0.155732 0.987799 0.000000 -7.313333 0.000000 0.000000 1.000000 0.000000
0.986634 0.162951 0.000000 119.185718 -0.162951 0.986634 0.000000 -7.398809 0.000000 0.000000 1.000000 0.000000
0.986048 0.166463 0.000000 119.637736 -0.166463 0.986048 0.000000 -7.486250 0.000000 0.000000 1.000000 0.000000
0.985802 0.167915 0.000000 120.118984 -0.167915 0.985802 0.000000 -7.577345 0.000000 0.000000 1.000000 0.000000
0.985092 0.172029 0.000000 120.602410 -0.172029 0.985092 0.000000 -7.674114 0.000000 0.000000 1.000000 0.000000
0.984786 0.173769 0.000000 121.394843 -0.173769 0.984786 0.000000 -7.835215 0.000000 0.000000 1.000000 0.000000
0.984652 0.174528 0.000000 121.883252 -0.174528 0.984652 0.000000 -7.932159 0.000000 0.000000 1.000000 0.000000
0.986533 0.163565 0.000000 122.858743 -0.163565 0.986533 0.000000 -8.139627 0.000000 0.000000 1.000000 0.000000
0.987310 0.158804 0.000000 123.350968 -0.158804 0.987310 0.000000 -8.246612 0.000000 0.000000 1.000000 0.000000
0.987952 0.154758 0.000000 123.844815 -0.154758 0.987952 0.000000 -8.351258 0.000000 0.000000 1.000000 0.000000
0.988126 0.153648 0.000000 124.343093 -0.153648 0.988126 0.000000 -8.444237 0.000000 0.000000 1.000000 0.000000
0.988631 0.150360 0.000000 124.841587 -0.150360 0.988631 0.000000 -8.543386 0.000000 0.000000 1.000000 0.000000
0.988039 0.154205 0.000000 125.341971 -0.154205 0.988039 0.000000 -8.626698 0.000000 0.000000 1.000000 0.000000
0.989142 0.146963 0.000000 125.880203 -0.146963 0.989142 0.000000 -8.726719 0.000000 0.000000 1.000000 0.000000
0.988772 0.149432 0.000000 126.363920 -0.149432 0.988772 0.000000 -8.811669 0.000000 0.000000 1.000000 0.000000
0.988545 0.150929 0.000000 126.872763 -0.150929 0.988545 0.000000 -8.900024 0.000000 0.000000 1.000000 0.000000
0.988411 0.151801 0.000000 127.387459 -0.151801 0.988411 0.000000 -8.987785 0.000000 0.000000 1.000000 0.000000
0.988472 0.151404 0.000000 127.869856 -0.151404 0.988472 0.000000 -9.073226 0.000000 0.000000 1.000000 0.000000
0.988484 0.151324 0.000000 128.381510 -0.151324 0.988484 0.000000 -9.162442 0.000000 0.000000 1.000000 0.000000
0.988600 0.150568 0.000000 128.906843 -0.150568 0.988600 0.000000 -9.260731 0.000000 0.000000 1.000000 0.000000
0.988238 0.152927 0.000000 129.393204 -0.152927 0.988238 0.000000 -9.345630 0.000000 0.000000 1.000000 0.000000
0.988784 0.149353 0.000000 129.914132 -0.149353 0.988784 0.000000 -9.440703 0.000000 0.000000 1.000000 0.000000
0.988441 0.151605 0.000000 130.443416 -0.151605 0.988441 0.000000 -9.538194 0.000000 0.000000 1.000000 0.000000
0.987808 0.155677 0.000000 131.071476 -0.155677 0.987808 0.000000 -9.642382 0.000000 0.000000 1.000000 0.000000
0.987584 0.157089 0.000000 131.641661 -0.157089 0.987584 0.000000 -9.742892 0.000000 0.000000 1.000000 0.000000
0.986109 0.166102 0.000000 132.141738 -0.166102 0.986109 0.000000 -9.835460 0.000000 0.000000 1.000000 0.000000
0.986074 0.166307 0.000000 132.676844 -0.166307 0.986074 0.000000 -9.940396 0.000000 0.000000 1.000000 0.000000
0.984978 0.172681 0.000000 133.215909 -0.172681 0.984978 0.000000 -10.043293 0.000000 0.000000 1.000000 0.000000
0.984622 0.174699 0.000000 133.755656 -0.174699 0.984622 0.000000 -10.153061 0.000000 0.000000 1.000000 0.000000
0.983680 0.179927 0.000000 137.563915 -0.179927 0.983680 0.000000 -10.958741 0.000000 0.000000 1.000000 0.000000
0.983625 0.180225 0.000000 138.079949 -0.180225 0.983625 0.000000 -11.064232 0.000000 0.000000 1.000000 0.000000
0.986210 0.165501 0.000000 139.221102 -0.165501 0.986210 0.000000 -11.323015 0.000000 0.000000 1.000000 0.000000
0.985339 0.170608 0.000000 140.337295 -0.170608 0.985339 0.000000 -11.563920 0.000000 0.000000 1.000000 0.000000
0.985197 0.171424 0.000000 140.900378 -0.171424 0.985197 0.000000 -11.683874 0.000000 0.000000 1.000000 0.000000
0.985021 0.172433 0.000000 141.463964 -0.172433 0.985021 0.000000 -11.806720 0.000000 0.000000 1.000000 0.000000
0.985050 0.172266 0.000000 142.028855 -0.172266 0.985050 0.000000 -11.931567 0.000000 0.000000 1.000000 0.000000
0.985222 0.171282 0.000000 142.592976 -0.171282 0.985222 0.000000 -12.063890 0.000000 0.000000 1.000000 0.000000
0.985837 0.167707 0.000000 143.159187 -0.167707 0.985837 0.000000 -12.188260 0.000000 0.000000 1.000000 0.000000
0.985247 0.171138 0.000000 143.730169 -0.171138 0.985247 0.000000 -12.304515 0.000000 0.000000 1.000000 0.000000
0.984963 0.172765 0.000000 144.302951 -0.172765 0.984963 0.000000 -12.420724 0.000000 0.000000 1.000000 0.000000
0.985275 0.170976 0.000000 144.875318 -0.170976 0.985275 0.000000 -12.552768 0.000000 0.000000 1.000000 0.000000
0.984982 0.172659 0.000000 145.795033 -0.172659 0.984982 0.000000 -12.753011 0.000000 0.000000 1.000000 0.000000
0.984017 0.178076 0.000000 146.368696 -0.178076 0.984017 0.000000 -12.879335 0.000000 0.000000 1.000000 0.000000
0.984029 0.178011 0.000000 146.935216 -0.178011 0.984029 0.000000 -13.018153 0.000000 0.000000 1.000000 0.000000
0.983189 0.182590 0.000000 147.510914 -0.182590 0.983189 0.000000 -13.142640 0.000000 0.000000 1.000000 0.000000
0.982135 0.188179 0.000000 148.127904 -0.188179 0.982135 0.000000 -13.272061 0.000000 0.000000 1.000000 0.000000
0.981319 0.192390 0.000000 148.656272 -0.192390 0.981319 0.000000 -13.389443 0.000000 0.000000 1.000000 0.000000
0.980843 0.194801 0.000000 149.264558 -0.194801 0.980843 0.000000 -13.532741 0.000000 0.000000 1.000000 0.000000
0.980603 0.196006 0.000000 149.831795 -0.196006 0.980603 0.000000 -13.670707 0.000000 0.000000 1.000000 0.000000
0.980343 0.197299 0.000000 150.406641 -0.197299 0.980343 0.000000 -13.799623 0.000000 0.000000 1.000000 0.000000
0.979841 0.199777 0.000000 150.978820 -0.199777 0.979841 0.000000 -13.921011 0.000000 0.000000 1.000000 0.000000
0.979287 0.202477 0.000000 151.550258 -0.202477 0.979287 0.000000 -14.045448 0.000000 0.000000 1.000000 0.000000
0.979504 0.201424 0.000000 152.116005 -0.201424 0.979504 0.000000 -14.175306 0.000000 0.000000 1.000000 0.000000
0.979406 0.201903 0.000000 152.684771 -0.201903 0.979406 0.000000 -14.303433 0.000000 0.000000 1.000000 0.000000
0.979081 0.203469 0.000000 153.250965 -0.203469 0.979081 0.000000 -14.425112 0.000000 0.000000 1.000000 0.000000
0.979221 0.202796 0.000000 153.821793 -0.202796 0.979221 0.000000 -14.562630 0.000000 0.000000 1.000000 0.000000
0.978406 0.206690 0.000000 154.394050 -0.206690 0.978406 0.000000 -14.689256 0.000000 0.000000 1.000000 0.000000
0.977699 0.210013 0.000000 155.521772 -0.210013 0.977699 0.000000 -14.955433 0.000000 0.000000 1.000000 0.000000
0.977344 0.211658 0.000000 156.082537 -0.211658 0.977344 0.000000 -15.084641 0.000000 0.000000 1.000000 0.000000
0.977744 0.209802 0.000000 156.602420 -0.209802 0.977744 0.000000 -15.213051 0.000000 0.000000 1.000000 0.000000
0.976329 0.216292 0.000000 157.176217 -0.216292 0.976329 0.000000 -15.338101 0.000000 0.000000 1.000000 0.000000
0.975731 0.218975 0.000000 157.722456 -0.218975 0.975731 0.000000 -15.465922 0.000000 0.000000 1.000000 0.000000
0.975896 0.218237 0.000000 158.817891 -0.218237 0.975896 0.000000 -15.738004 0.000000 0.000000 1.000000 0.000000
0.975979 0.217865 0.000000 159.369431 -0.217865 0.975979 0.000000 -15.873223 0.000000 0.000000 1.000000 0.000000
0.975766 0.218818 0.000000 159.896316 -0.218818 0.975766 0.000000 -16.009576 0.000000 0.000000 1.000000 0.000000
0.975434 0.220293 0.000000 160.453348 -0.220293 0.975434 0.000000 -16.144380 0.000000 0.000000 1.000000 0.000000
0.975698 0.219121 0.000000 161.015927 -0.219121 0.975698 0.000000 -16.283355 0.000000 0.000000 1.000000 0.000000
0.974992 0.222239 0.000000 161.543816 -0.222239 0.974992 0.000000 -16.407916 0.000000 0.000000 1.000000 0.000000
0.973817 0.227333 0.000000 162.296406 -0.227333 0.973817 0.000000 -16.578325 0.000000 0.000000 1.000000 0.000000
0.973230 0.229835 0.000000 162.856886 -0.229835 0.973230 0.000000 -16.713347 0.000000 0.000000 1.000000 0.000000
0.972558 0.232661 0.000000 163.418759 -0.232661 0.972558 0.000000 -16.846996 0.000000 0.000000 1.000000 0.000000
0.970943 0.239309 0.000000 164.020394 -0.239309 0.970943 0.000000 -16.988251 0.000000 0.000000 1.000000 0.000000
0.970913 0.239431 0.000000 164.543376 -0.239431 0.970913 0.000000 -17.128484 0.000000 0.000000 1.000000 0.000000
0.971322 0.237767 0.000000 165.144469 -0.237767 0.971322 0.000000 -17.297673 0.000000 0.000000 1.000000 0.000000
0.970091 0.242741 0.000000 165.710196 -0.242741 0.970091 0.000000 -17.444011 0.000000 0.000000 1.000000 0.000000
0.970333 0.241771 0.000000 166.274113 -0.241771 0.970333 0.000000 -17.595575 0.000000 0.000000 1.000000 0.000000
0.968597 0.248635 0.000000 166.851313 -0.248635 0.968597 0.000000 -17.745716 0.000000 0.000000 1.000000 0.000000
0.969557 0.244866 0.000000 167.412359 -0.244866 0.969557 0.000000 -17.911400 0.000000 0.000000 1.000000 0.000000
0.969727 0.244192 0.000000 167.981069 -0.244192 0.969727 0.000000 -18.067906 0.000000 0.000000 1.000000 0.000000
0.969583 0.244765 0.000000 168.540710 -0.244765 0.969583 0.000000 -18.227322 0.000000 0.000000 1.000000 0.000000
0.970334 0.241767 0.000000 169.106338 -0.241767 0.970334 0.000000 -18.393558 0.000000 0.000000 1.000000 0.000000
0.971896 0.235411 0.000000 169.670290 -0.235411 0.971896 0.000000 -18.560859 0.000000 0.000000 1.000000 0.000000
0.972656 0.232251 0.000000 170.236599 -0.232251 0.972656 0.000000 -18.718916 0.000000 0.000000 1.000000 0.000000
0.972380 0.233405 0.000000 170.808161 -0.233405 0.972380 0.000000 -18.870164 0.000000 0.000000 1.000000 0.000000
0.972973 0.230921 0.000000 171.378546 -0.230921 0.972973 0.000000 -19.028407 0.000000 0.000000 1.000000 0.000000
0.972362 0.233479 0.000000 171.912373 -0.233479 0.972362 0.000000 -19.164853 0.000000 0.000000 1.000000 0.000000
0.972191 0.234190 0.000000 172.523028 -0.234190 0.972191 0.000000 -19.324497 0.000000 0.000000 1.000000 0.000000
0.972260 0.233902 0.000000 173.053642 -0.233902 0.972260 0.000000 -19.460316 0.000000 0.000000 1.000000 0.000000
0.972174 0.234261 0.000000 173.621636 -0.234261 0.972174 0.000000 -19.614379 0.000000 0.000000 1.000000 0.000000
0.971623 0.236535 0.000000 174.194900 -0.236535 0.971623 0.000000 -19.762735 0.000000 0.000000 1.000000 0.000000
0.970766 0.240027 0.000000 174.767610 -0.240027 0.970766 0.000000 -19.915002 0.000000 0.000000 1.000000 0.000000
0.968593 0.248652 0.000000 175.338687 -0.248652 0.968593 0.000000 -20.072954 0.000000 0.000000 1.000000 0.000000
0.968173 0.250281 0.000000 175.907409 -0.250281 0.968173 0.000000 -20.232178 0.000000 0.000000 1.000000 0.000000
0.967991 0.250983 0.000000 176.478623 -0.250983 0.967991 0.000000 -20.394413 0.000000 0.000000 1.000000 0.000000
0.967771 0.251831 0.000000 177.044225 -0.251831 0.967771 0.000000 -20.555885 0.000000 0.000000 1.000000 0.000000
0.967150 0.254207 0.000000 177.619052 -0.254207 0.967150 0.000000 -20.714921 0.000000 0.000000 1.000000 0.000000
0.966361 0.257190 0.000000 178.196879 -0.257190 0.966361 0.000000 -20.873615 0.000000 0.000000 1.000000 0.000000
0.966609 0.256256 0.000000 178.756962 -0.256256 0.966609 0.000000 -21.037179 0.000000 0.000000 1.000000 0.000000
0.966712 0.255867 0.000000 179.325771 -0.255867 0.966712 0.000000 -21.206337 0.000000 0.000000 1.000000 0.000000
0.965844 0.259126 0.000000 179.892158 -0.259126 0.965844 0.000000 -21.368675 0.000000 0.000000 1.000000 0.000000
0.965364 0.260906 0.000000 180.430307 -0.260906 0.965364 0.000000 -21.520645 0.000000 0.000000 1.000000 0.000000
0.965341 0.260994 0.000000 180.994773 -0.260994 0.965341 0.000000 -21.688536 0.000000 0.000000 1.000000 0.000000
0.963930 0.266156 0.000000 181.562012 -0.266156 0.963930 0.000000 -21.859453 0.000000 0.000000 1.000000 0.000000
0.963723 0.266906 0.000000 182.109559 -0.266906 0.963723 0.000000 -22.022608 0.000000 0.000000 1.000000 0.000000
0.964319 0.264743 0.000000 182.669946 -0.264743 0.964319 0.000000 -22.194783 0.000000 0.000000 1.000000 0.000000
0.963226 0.268693 0.000000 183.232397 -0.268693 0.963226 0.000000 -22.360608 0.000000 0.000000 1.000000 0.000000
0.964087 0.265587 0.000000 183.758393 -0.265587 0.964087 0.000000 -22.525553 0.000000 0.000000 1.000000 0.000000
0.963796 0.266641 0.000000 184.312976 -0.266641 0.963796 0.000000 -22.699121 0.000000 0.000000 1.000000 0.000000
0.962707 0.270547 0.000000 184.877769 -0.270547 0.962707 0.000000 -22.868195 0.000000 0.000000 1.000000 0.000000
0.962434 0.271517 0.000000 185.406476 -0.271517 0.962434 0.000000 -23.024092 0.000000 0.000000 1.000000 0.000000
0.961934 0.273283 0.000000 185.967869 -0.273283 0.961934 0.000000 -23.199642 0.000000 0.000000 1.000000 0.000000
0.961276 0.275587 0.000000 186.523717 -0.275587 0.961276 0.000000 -23.372809 0.000000 0.000000 1.000000 0.000000
0.960367 0.278740 0.000000 187.326709 -0.278740 0.960367 0.000000 -23.633226 0.000000 0.000000 1.000000 0.000000
0.959489 0.281746 0.000000 187.882444 -0.281746 0.959489 0.000000 -23.804271 0.000000 0.000000 1.000000 0.000000
0.958505 0.285076 0.000000 188.440033 -0.285076 0.958505 0.000000 -23.980817 0.000000 0.000000 1.000000 0.000000
0.958530 0.284993 0.000000 188.993779 -0.284993 0.958530 0.000000 -24.153700 0.000000 0.000000 1.000000 0.000000
0.958030 0.286669 0.000000 189.545718 -0.286669 0.958030 0.000000 -24.330806 0.000000 0.000000 1.000000 0.000000
0.958339 0.285632 0.000000 190.100258 -0.285632 0.958339 0.000000 -24.500850 0.000000 0.000000 1.000000 0.000000
0.959207 0.282703 0.000000 190.648437 -0.282703 0.959207 0.000000 -24.681789 0.000000 0.000000 1.000000 0.000000
0.959014 0.283358 0.000000 191.222330 -0.283358 0.959014 0.000000 -24.860938 0.000000 0.000000 1.000000 0.000000
0.959053 0.283225 0.000000 191.714811 -0.283225 0.959053 0.000000 -25.019837 0.000000 0.000000 1.000000 0.000000
0.958591 0.284786 0.000000 192.675510 -0.284786 0.958591 0.000000 -25.320780 0.000000 0.000000 1.000000 0.000000
0.958438 0.285301 0.000000 193.232466 -0.285301 0.958438 0.000000 -25.490124 0.000000 0.000000 1.000000 0.000000
0.957926 0.287016 0.000000 193.931162 -0.287016 0.957926 0.000000 -25.714444 0.000000 0.000000 1.000000 0.000000
0.957358 0.288904 0.000000 194.631731 -0.288904 0.957358 0.000000 -25.945302 0.000000 0.000000 1.000000 0.000000
0.956426 0.291976 0.000000 195.572956 -0.291976 0.956426 0.000000 -26.257406 0.000000 0.000000 1.000000 0.000000
0.956400 0.292061 0.000000 196.116644 -0.292061 0.956400 0.000000 -26.434661 0.000000 0.000000 1.000000 0.000000
0.956576 0.291483 0.000000 196.671145 -0.291483 0.956576 0.000000 -26.618653 0.000000 0.000000 1.000000 0.000000
0.956297 0.292399 0.000000 197.215544 -0.292399 0.956297 0.000000 -26.791695 0.000000 0.000000 1.000000 0.000000
0.955931 0.293593 0.000000 197.730594 -0.293593 0.955931 0.000000 -26.963767 0.000000 0.000000 1.000000 0.000000
0.957001 0.290085 0.000000 198.279684 -0.290085 0.957001 0.000000 -27.147390 0.000000 0.000000 1.000000 0.000000
0.956277 0.292464 0.000000 198.824525 -0.292464 0.956277 0.000000 -27.330758 0.000000 0.000000 1.000000 0.000000
0.956135 0.292926 0.000000 199.591635 -0.292926 0.956135 0.000000 -27.603294 0.000000 0.000000 1.000000 0.000000
0.956622 0.291332 0.000000 200.140685 -0.291332 0.956622 0.000000 -27.787325 0.000000 0.000000 1.000000 0.000000
0.956818 0.290687 0.000000 200.688844 -0.290687 0.956818 0.000000 -27.964972 0.000000 0.000000 1.000000 0.000000
0.956776 0.290826 0.000000 201.235443 -0.290826 0.956776 0.000000 -28.144851 0.000000 0.000000 1.000000 0.000000
0.958154 0.286254 0.000000 201.817248 -0.286254 0.958154 0.000000 -28.335510 0.000000 0.000000 1.000000 0.000000
0.958317 0.285706 0.000000 202.327685 -0.285706 0.958317 0.000000 -28.502895 0.000000 0.000000 1.000000 0.000000
0.958353 0.285586 0.000000 202.909040 -0.285586 0.958353 0.000000 -28.693506 0.000000 0.000000 1.000000 0.000000
0.959082 0.283128 0.000000 203.422795 -0.283128 0.959082 0.000000 -28.867002 0.000000 0.000000 1.000000 0.000000
0.959232 0.282620 0.000000 204.003193 -0.282620 0.959232 0.000000 -29.056932 0.000000 0.000000 1.000000 0.000000
0.959808 0.280656 0.000000 204.552159 -0.280656 0.959808 0.000000 -29.237736 0.000000 0.000000 1.000000 0.000000
0.959597 0.281379 0.000000 205.098571 -0.281379 0.959597 0.000000 -29.406065 0.000000 0.000000 1.000000 0.000000
0.960165 0.279433 0.000000 205.647161 -0.279433 0.960165 0.000000 -29.582440 0.000000 0.000000 1.000000 0.000000
0.960045 0.279847 0.000000 206.183764 -0.279847 0.960045 0.000000 -29.751803 0.000000 0.000000 1.000000 0.000000
0.960190 0.279348 0.000000 206.728673 -0.279348 0.960190 0.000000 -29.926947 0.000000 0.000000 1.000000 0.000000
0.960865 0.277018 0.000000 207.277234 -0.277018 0.960865 0.000000 -30.102280 0.000000 0.000000 1.000000 0.000000
0.961511 0.274766 0.000000 207.817801 -0.274766 0.961511 0.000000 -30.277062 0.000000 0.000000 1.000000 0.000000
0.959855 0.280496 0.000000 208.354308 -0.280496 0.959855 0.000000 -30.452111 0.000000 0.000000 1.000000 0.000000
0.960523 0.278199 0.000000 208.893528 -0.278199 0.960523 0.000000 -30.624918 0.000000 0.000000 1.000000 0.000000
0.961456 0.274958 0.000000 209.470745 -0.274958 0.961456 0.000000 -30.806010 0.000000 0.000000 1.000000 0.000000
0.962074 0.272790 0.000000 210.011201 -0.272790 0.962074 0.000000 -30.974400 0.000000 0.000000 1.000000 0.000000
0.962988 0.269546 0.000000 210.553506 -0.269546 0.962988 0.000000 -31.140658 0.000000 0.000000 1.000000 0.000000
0.963119 0.269076 0.000000 211.055730 -0.269076 0.963119 0.000000 -31.299467 0.000000 0.000000 1.000000 0.000000
0.963042 0.269353 0.000000 211.597800 -0.269353 0.963042 0.000000 -31.463297 0.000000 0.000000 1.000000 0.000000
0.962291 0.272022 0.000000 212.171674 -0.272022 0.962291 0.000000 -31.641762 0.000000 0.000000 1.000000 0.000000
0.963164 0.268914 0.000000 212.709133 -0.268914 0.963164 0.000000 -31.809333 0.000000 0.000000 1.000000 0.000000
0.963831 0.266513 0.000000 213.249323 -0.266513 0.963831 0.000000 -31.974585 0.000000 0.000000 1.000000 0.000000
0.963986 0.265951 0.000000 213.766400 -0.265951 0.963986 0.000000 -32.131029 0.000000 0.000000 1.000000 0.000000
0.964398 0.264454 0.000000 214.828027 -0.264454 0.964398 0.000000 -32.455231 0.000000 0.000000 1.000000 0.000000
0.965396 0.260790 0.000000 215.346752 -0.260790 0.965396 0.000000 -32.617324 0.000000 0.000000 1.000000 0.000000
0.965997 0.258553 0.000000 215.866744 -0.258553 0.965997 0.000000 -32.770630 0.000000 0.000000 1.000000 0.000000
0.966709 0.255880 0.000000 216.366598 -0.255880 0.966709 0.000000 -32.917251 0.000000 0.000000 1.000000 0.000000
0.966661 0.256059 0.000000 216.902703 -0.256059 0.966661 0.000000 -33.077996 0.000000 0.000000 1.000000 0.000000
0.967338 0.253490 0.000000 217.428543 -0.253490 0.967338 0.000000 -33.233863 0.000000 0.000000 1.000000 0.000000
0.967885 0.251392 0.000000 217.963903 -0.251392 0.967885 0.000000 -33.381846 0.000000 0.000000 1.000000 0.000000
0.968154 0.250356 0.000000 218.461802 -0.250356 0.968154 0.000000 -33.523052 0.000000 0.000000 1.000000 0.000000
0.968679 0.248316 0.000000 218.986270 -0.248316 0.968679 0.000000 -33.677883 0.000000 0.000000 1.000000 0.000000
0.968518 0.248945 0.000000 219.476048 -0.248945 0.968518 0.000000 -33.813671 0.000000 0.000000 1.000000 0.000000
0.968437 0.249258 0.000000 219.998585 -0.249258 0.968437 0.000000 -33.961055 0.000000 0.000000 1.000000 0.000000
0.968547 0.248832 0.000000 220.517138 -0.248832 0.968547 0.000000 -34.108068 0.000000 0.000000 1.000000 0.000000
0.968850 0.247649 0.000000 221.029630 -0.247649 0.968850 0.000000 -34.252788 0.000000 0.000000 1.000000 0.000000
0.969378 0.245572 0.000000 221.511502 -0.245572 0.969378 0.000000 -34.394709 0.000000 0.000000 1.000000 0.000000
0.969463 0.245239 0.000000 222.029091 -0.245239 0.969463 0.000000 -34.534638 0.000000 0.000000 1.000000 0.000000
0.970357 0.241674 0.000000 222.671071 -0.241674 0.970357 0.000000 -34.707688 0.000000 0.000000 1.000000 0.000000
0.970407 0.241477 0.000000 223.287986 -0.241477 0.970407 0.000000 -34.880481 0.000000 0.000000 1.000000 0.000000
0.970499 0.241107 0.000000 223.802316 -0.241107 0.970499 0.000000 -35.022821 0.000000 0.000000 1.000000 0.000000
0.970649 0.240501 0.000000 224.321021 -0.240501 0.970649 0.000000 -35.159055 0.000000 0.000000 1.000000 0.000000
0.971405 0.237429 0.000000 224.834569 -0.237429 0.971405 0.000000 -35.301324 0.000000 0.000000 1.000000 0.000000
0.971915 0.235334 0.000000 225.350241 -0.235334 0.971915 0.000000 -35.436996 0.000000 0.000000 1.000000 0.000000
0.972472 0.233020 0.000000 225.863989 -0.233020 0.972472 0.000000 -35.573377 0.000000 0.000000 1.000000 0.000000
0.973802 0.227397 0.000000 226.748712 -0.227397 0.973802 0.000000 -35.816571 0.000000 0.000000 1.000000 0.000000
0.973505 0.228666 0.000000 227.269634 -0.228666 0.973505 0.000000 -35.952353 0.000000 0.000000 1.000000 0.000000
0.973456 0.228874 0.000000 227.750229 -0.228874 0.973456 0.000000 -36.078067 0.000000 0.000000 1.000000 0.000000
0.972785 0.231710 0.000000 228.265520 -0.231710 0.972785 0.000000 -36.214666 0.000000 0.000000 1.000000 0.000000
0.972287 0.233791 0.000000 228.779262 -0.233791 0.972287 0.000000 -36.353763 0.000000 0.000000 1.000000 0.000000
0.971735 0.236073 0.000000 229.292237 -0.236073 0.971735 0.000000 -36.481701 0.000000 0.000000 1.000000 0.000000
0.972311 0.233689 0.000000 229.809256 -0.233689 0.972311 0.000000 -36.633432 0.000000 0.000000 1.000000 0.000000
0.972270 0.233862 0.000000 230.319731 -0.233862 0.972270 0.000000 -36.777786 0.000000 0.000000 1.000000 0.000000
0.971518 0.236964 0.000000 230.830213 -0.236964 0.971518 0.000000 -36.909309 0.000000 0.000000 1.000000 0.000000
0.970965 0.239220 0.000000 231.350376 -0.239220 0.970965 0.000000 -37.051295 0.000000 0.000000 1.000000 0.000000
0.970782 0.239963 0.000000 231.858957 -0.239963 0.970782 0.000000 -37.197222 0.000000 0.000000 1.000000 0.000000
0.970028 0.242991 0.000000 232.378141 -0.242991 0.970028 0.000000 -37.338798 0.000000 0.000000 1.000000 0.000000
0.970200 0.242304 0.000000 232.888716 -0.242304 0.970200 0.000000 -37.489469 0.000000 0.000000 1.000000 0.000000
0.969628 0.244584 0.000000 233.394607 -0.244584 0.969628 0.000000 -37.633806 0.000000 0.000000 1.000000 0.000000
0.969638 0.244546 0.000000 233.904941 -0.244546 0.969638 0.000000 -37.783888 0.000000 0.000000 1.000000 0.000000
0.969245 0.246099 0.000000 234.417219 -0.246099 0.969245 0.000000 -37.928389 0.000000 0.000000 1.000000 0.000000
0.969393 0.245515 0.000000 234.961751 -0.245515 0.969393 0.000000 -38.085028 0.000000 0.000000 1.000000 0.000000
0.969074 0.246770 0.000000 235.439017 -0.246770 0.969074 0.000000 -38.218989 0.000000 0.000000 1.000000 0.000000
0.968705 0.248213 0.000000 235.943640 -0.248213 0.968705 0.000000 -38.360931 0.000000 0.000000 1.000000 0.000000
0.967461 0.253019 0.000000 236.456392 -0.253019 0.967461 0.000000 -38.504814 0.000000 0.000000 1.000000 0.000000
0.966909 0.255122 0.000000 236.962889 -0.255122 0.966909 0.000000 -38.656470 0.000000 0.000000 1.000000 0.000000
0.967235 0.253883 0.000000 237.471259 -0.253883 0.967235 0.000000 -38.807817 0.000000 0.000000 1.000000 0.000000
0.967278 0.253718 0.000000 237.976441 -0.253718 0.967278 0.000000 -38.955370 0.000000 0.000000 1.000000 0.000000
0.966868 0.255276 0.000000 238.480259 -0.255276 0.966868 0.000000 -39.101252 0.000000 0.000000 1.000000 0.000000
0.966441 0.256887 0.000000 238.987727 -0.256887 0.966441 0.000000 -39.254241 0.000000 0.000000 1.000000 0.000000
0.966553 0.256466 0.000000 239.492687 -0.256466 0.966553 0.000000 -39.408489 0.000000 0.000000 1.000000 0.000000
0.965080 0.261955 0.000000 240.034439 -0.261955 0.965080 0.000000 -39.562814 0.000000 0.000000 1.000000 0.000000
0.964384 0.264505 0.000000 240.534839 -0.264505 0.964384 0.000000 -39.714672 0.000000 0.000000 1.000000 0.000000
0.963604 0.267333 0.000000 241.004027 -0.267333 0.963604 0.000000 -39.863180 0.000000 0.000000 1.000000 0.000000
0.963082 0.269207 0.000000 241.505873 -0.269207 0.963082 0.000000 -40.017748 0.000000 0.000000 1.000000 0.000000
0.961051 0.276372 0.000000 242.512200 -0.276372 0.961051 0.000000 -40.319494 0.000000 0.000000 1.000000 0.000000
0.960143 0.279511 0.000000 243.015310 -0.279511 0.960143 0.000000 -40.475506 0.000000 0.000000 1.000000 0.000000
0.958236 0.285977 0.000000 243.718752 -0.285977 0.958236 0.000000 -40.686482 0.000000 0.000000 1.000000 0.000000
0.959304 0.282376 0.000000 244.683898 -0.282376 0.959304 0.000000 -40.991946 0.000000 0.000000 1.000000 0.000000
0.959016 0.283351 0.000000 245.179702 -0.283351 0.959016 0.000000 -41.149825 0.000000 0.000000 1.000000 0.000000
0.958140 0.286300 0.000000 245.677914 -0.286300 0.958140 0.000000 -41.302541 0.000000 0.000000 1.000000 0.000000
0.957645 0.287953 0.000000 246.167386 -0.287953 0.957645 0.000000 -41.458231 0.000000 0.000000 1.000000 0.000000
0.957334 0.288983 0.000000 246.664261 -0.288983 0.957334 0.000000 -41.626545 0.000000 0.000000 1.000000 0.000000
0.956874 0.290504 0.000000 247.154151 -0.290504 0.956874 0.000000 -41.794067 0.000000 0.000000 1.000000 0.000000
0.956555 0.291551 0.000000 247.643355 -0.291551 0.956555 0.000000 -41.958448 0.000000 0.000000 1.000000 0.000000
0.956491 0.291762 0.000000 248.132864 -0.291762 0.956491 0.000000 -42.116020 0.000000 0.000000 1.000000 0.000000
0.956796 0.290759 0.000000 248.621533 -0.290759 0.956796 0.000000 -42.274905 0.000000 0.000000 1.000000 0.000000
0.958522 0.285020 0.000000 249.106744 -0.285020 0.958522 0.000000 -42.432130 0.000000 0.000000 1.000000 0.000000
0.959416 0.281996 0.000000 249.559243 -0.281996 0.959416 0.000000 -42.575148 0.000000 0.000000 1.000000 0.000000
0.959844 0.280534 0.000000 250.045573 -0.280534 0.959844 0.000000 -42.723278 0.000000 0.000000 1.000000 0.000000
0.959705 0.281010 0.000000 250.532417 -0.281010 0.959705 0.000000 -42.871231 0.000000 0.000000 1.000000 0.000000
0.960196 0.279326 0.000000 251.009557 -0.279326 0.960196 0.000000 -43.018792 0.000000 0.000000 1.000000 0.000000
0.960500 0.278278 0.000000 251.489592 -0.278278 0.960500 0.000000 -43.167510 0.000000 0.000000 1.000000 0.000000
0.961199 0.275858 0.000000 251.967495 -0.275858 0.961199 0.000000 -43.310846 0.000000 0.000000 1.000000 0.000000
0.961188 0.275894 0.000000 252.450121 -0.275894 0.961188 0.000000 -43.456237 0.000000 0.000000 1.000000 0.000000
0.960780 0.277312 0.000000 252.917495 -0.277312 0.960780 0.000000 -43.597430 0.000000 0.000000 1.000000 0.000000
0.960338 0.278839 0.000000 253.394409 -0.278839 0.960338 0.000000 -43.741522 0.000000 0.000000 1.000000 0.000000
0.959294 0.282408 0.000000 253.859197 -0.282408 0.959294 0.000000 -43.885828 0.000000 0.000000 1.000000 0.000000
0.959557 0.281515 0.000000 254.320237 -0.281515 0.959557 0.000000 -44.032992 0.000000 0.000000 1.000000 0.000000
0.960556 0.278086 0.000000 254.780999 -0.278086 0.960556 0.000000 -44.186600 0.000000 0.000000 1.000000 0.000000
0.960293 0.278994 0.000000 255.204192 -0.278994 0.960293 0.000000 -44.315413 0.000000 0.000000 1.000000 0.000000
0.959910 0.280309 0.000000 255.652594 -0.280309 0.959910 0.000000 -44.464412 0.000000 0.000000 1.000000 0.000000
0.959824 0.280603 0.000000 256.102290 -0.280603 0.959824 0.000000 -44.610241 0.000000 0.000000 1.000000 0.000000
0.959959 0.280140 0.000000 256.538883 -0.280140 0.959959 0.000000 -44.747946 0.000000 0.000000 1.000000 0.000000
0.960072 0.279754 0.000000 256.982364 -0.279754 0.960072 0.000000 -44.884497 0.000000 0.000000 1.000000 0.000000
0.960398 0.278632 0.000000 257.415564 -0.278632 0.960398 0.000000 -45.014854 0.000000 0.000000 1.000000 0.000000
0.960258 0.279115 0.000000 257.845077 -0.279115 0.960258 0.000000 -45.156012 0.000000 0.000000 1.000000 0.000000
0.960980 0.276619 0.000000 258.270663 -0.276619 0.960980 0.000000 -45.285794 0.000000 0.000000 1.000000 0.000000
0.961665 0.274226 0.000000 258.703411 -0.274226 0.961665 0.000000 -45.415884 0.000000 0.000000 1.000000 0.000000
0.962810 0.270179 0.000000 259.259300 -0.270179 0.962810 0.000000 -45.583140 0.000000 0.000000 1.000000 0.000000
0.962847 0.270047 0.000000 259.669590 -0.270047 0.962847 0.000000 -45.699705 0.000000 0.000000 1.000000 0.000000
0.962390 0.271673 0.000000 260.084067 -0.271673 0.962390 0.000000 -45.814671 0.000000 0.000000 1.000000 0.000000
0.963204 0.268773 0.000000 260.488933 -0.268773 0.963204 0.000000 -45.941014 0.000000 0.000000 1.000000 0.000000
0.963034 0.269381 0.000000 260.899935 -0.269381 0.963034 0.000000 -46.058645 0.000000 0.000000 1.000000 0.000000
0.963811 0.266588 0.000000 261.284515 -0.266588 0.963811 0.000000 -46.171723 0.000000 0.000000 1.000000 0.000000
0.963653 0.267159 0.000000 261.680715 -0.267159 0.963653 0.000000 -46.282895 0.000000 0.000000 1.000000 0.000000
0.963117 0.269083 0.000000 262.097139 -0.269083 0.963117 0.000000 -46.400861 0.000000 0.000000 1.000000 0.000000
0.962845 0.270054 0.000000 262.481688 -0.270054 0.962845 0.000000 -46.514335 0.000000 0.000000 1.000000 0.000000
0.962058 0.272846 0.000000 262.866020 -0.272846 0.962058 0.000000 -46.622147 0.000000 0.000000 1.000000 0.000000
0.962355 0.271795 0.000000 263.240065 -0.271795 0.962355 0.000000 -46.742482 0.000000 0.000000 1.000000 0.000000
0.962437 0.271504 0.000000 263.612451 -0.271504 0.962437 0.000000 -46.849840 0.000000 0.000000 1.000000 0.000000
0.961820 0.273683 0.000000 263.976070 -0.273683 0.961820 0.000000 -46.963856 0.000000 0.000000 1.000000 0.000000
0.961411 0.275118 0.000000 264.336915 -0.275118 0.961411 0.000000 -47.077636 0.000000 0.000000 1.000000 0.000000
0.961493 0.274831 0.000000 264.692772 -0.274831 0.961493 0.000000 -47.191733 0.000000 0.000000 1.000000 0.000000
0.961817 0.273694 0.000000 265.048705 -0.273694 0.961817 0.000000 -47.298201 0.000000 0.000000 1.000000 0.000000
0.962113 0.272653 0.000000 265.398541 -0.272653 0.962113 0.000000 -47.401923 0.000000 0.000000 1.000000 0.000000
0.961870 0.273509 0.000000 265.743024 -0.273509 0.961870 0.000000 -47.503485 0.000000 0.000000 1.000000 0.000000
0.961663 0.274232 0.000000 266.083240 -0.274232 0.961663 0.000000 -47.606545 0.000000 0.000000 1.000000 0.000000
0.962477 0.271363 0.000000 266.419852 -0.271363 0.962477 0.000000 -47.704014 0.000000 0.000000 1.000000 0.000000
0.962728 0.270471 0.000000 267.083658 -0.270471 0.962728 0.000000 -47.914714 0.000000 0.000000 1.000000 0.000000
0.962585 0.270980 0.000000 267.406501 -0.270980 0.962585 0.000000 -48.012829 0.000000 0.000000 1.000000 0.000000
0.962788 0.270259 0.000000 267.727215 -0.270259 0.962788 0.000000 -48.112999 0.000000 0.000000 1.000000 0.000000
0.963038 0.269365 0.000000 268.041628 -0.269365 0.963038 0.000000 -48.209548 0.000000 0.000000 1.000000 0.000000
0.962918 0.269796 0.000000 268.355692 -0.269796 0.962918 0.000000 -48.300319 0.000000 0.000000 1.000000 0.000000
0.961247 0.275687 0.000000 268.947270 -0.275687 0.961247 0.000000 -48.474242 0.000000 0.000000 1.000000 0.000000
0.961228 0.275757 0.000000 269.248054 -0.275757 0.961228 0.000000 -48.560809 0.000000 0.000000 1.000000 0.000000
0.961631 0.274348 0.000000 269.525404 -0.274348 0.961631 0.000000 -48.649142 0.000000 0.000000 1.000000 0.000000
0.962184 0.272401 0.000000 269.808064 -0.272401 0.962184 0.000000 -48.743619 0.000000 0.000000 1.000000 0.000000
0.962616 0.270870 0.000000 270.075100 -0.270870 0.962616 0.000000 -48.829967 0.000000 0.000000 1.000000 0.000000
0.963377 0.268150 0.000000 272.687856 -0.268150 0.963377 0.000000 -49.595336 0.000000 0.000000 1.000000 0.000000
0.962463 0.271412 0.000000 272.935694 -0.271412 0.962463 0.000000 -49.669884 0.000000 0.000000 1.000000 0.000000
0.961980 0.273118 0.000000 273.182264 -0.273118 0.961980 0.000000 -49.745410 0.000000 0.000000 1.000000 0.000000
0.962881 0.269926 0.000000 273.482853 -0.269926 0.962881 0.000000 -49.847191 0.000000 0.000000 1.000000 0.000000
0.964032 0.265784 0.000000 273.827057 -0.265784 0.964032 0.000000 -49.955226 0.000000 0.000000 1.000000 0.000000
0.964218 0.265112 0.000000 274.119609 -0.265112 0.964218 0.000000 -50.038858 0.000000 0.000000 1.000000 0.000000
0.963930 0.266156 0.000000 274.346488 -0.266156 0.963930 0.000000 -50.105840 0.000000 0.000000 1.000000 0.000000
0.964372 0.264549 0.000000 274.571545 -0.264549 0.964372 0.000000 -50.174682 0.000000 0.000000 1.000000 0.000000
0.964832 0.262868 0.000000 274.790863 -0.262868 0.964832 0.000000 -50.239681 0.000000 0.000000 1.000000 0.000000
0.965019 0.262181 0.000000 275.006188 -0.262181 0.965019 0.000000 -50.308299 0.000000 0.000000 1.000000 0.000000
0.964399 0.264450 0.000000 275.220235 -0.264450 0.964399 0.000000 -50.369393 0.000000 0.000000 1.000000 0.000000
0.963949 0.266086 0.000000 275.430277 -0.266086 0.963949 0.000000 -50.428716 0.000000 0.000000 1.000000 0.000000
0.964921 0.262539 0.000000 275.632530 -0.262539 0.964921 0.000000 -50.489588 0.000000 0.000000 1.000000 0.000000
0.964556 0.263878 0.000000 275.832929 -0.263878 0.964556 0.000000 -50.545060 0.000000 0.000000 1.000000 0.000000
0.963914 0.266214 0.000000 276.029484 -0.266214 0.963914 0.000000 -50.599969 0.000000 0.000000 1.000000 0.000000
0.963547 0.267539 0.000000 276.236848 -0.267539 0.963547 0.000000 -50.662648 0.000000 0.000000 1.000000 0.000000
0.963865 0.266393 0.000000 276.415506 -0.266393 0.963865 0.000000 -50.715850 0.000000 0.000000 1.000000 0.000000
0.964183 0.265237 0.000000 276.606776 -0.265237 0.964183 0.000000 -50.783977 0.000000 0.000000 1.000000 0.000000
0.964345 0.264649 0.000000 276.776020 -0.264649 0.964345 0.000000 -50.835166 0.000000 0.000000 1.000000 0.000000
0.964112 0.265498 0.000000 276.954900 -0.265498 0.964112 0.000000 -50.887385 0.000000 0.000000 1.000000 0.000000
0.963357 0.268221 0.000000 277.130465 -0.268221 0.963357 0.000000 -50.937914 0.000000 0.000000 1.000000 0.000000
0.963749 0.266810 0.000000 277.290578 -0.266810 0.963749 0.000000 -50.996373 0.000000 0.000000 1.000000 0.000000
0.963000 0.269503 0.000000 277.443878 -0.269503 0.963000 0.000000 -51.043842 0.000000 0.000000 1.000000 0.000000
0.961979 0.273122 0.000000 277.606248 -0.273122 0.961979 0.000000 -51.091303 0.000000 0.000000 1.000000 0.000000
0.961702 0.274097 0.000000 277.755736 -0.274097 0.961702 0.000000 -51.131590 0.000000 0.000000 1.000000 0.000000
0.962520 0.271210 0.000000 277.992528 -0.271210 0.962520 0.000000 -51.202986 0.000000 0.000000 1.000000 0.000000
0.961857 0.273552 0.000000 278.138683 -0.273552 0.961857 0.000000 -51.240663 0.000000 0.000000 1.000000 0.000000
0.960996 0.276564 0.000000 278.282879 -0.276564 0.960996 0.000000 -51.278562 0.000000 0.000000 1.000000 0.000000
0.961257 0.275653 0.000000 278.417311 -0.275653 0.961257 0.000000 -51.317298 0.000000 0.000000 1.000000 0.000000
0.960414 0.278576 0.000000 278.662735 -0.278576 0.960414 0.000000 -51.393228 0.000000 0.000000 1.000000 0.000000
0.961526 0.274712 0.000000 278.778777 -0.274712 0.961526 0.000000 -51.426438 0.000000 0.000000 1.000000 0.000000
0.960234 0.279197 0.000000 278.886875 -0.279197 0.960234 0.000000 -51.452944 0.000000 0.000000 1.000000 0.000000
0.960433 0.278513 0.000000 278.987346 -0.278513 0.960433 0.000000 -51.481115 0.000000 0.000000 1.000000 0.000000
0.959597 0.281379 0.000000 279.069779 -0.281379 0.959597 0.000000 -51.505913 0.000000 0.000000 1.000000 0.000000
0.960725 0.277503 0.000000 279.192916 -0.277503 0.960725 0.000000 -51.555002 0.000000 0.000000 1.000000 0.000000
0.960658 0.277736 0.000000 279.259549 -0.277736 0.960658 0.000000 -51.576206 0.000000 0.000000 1.000000 0.000000
0.959924 0.280259 0.000000 279.327491 -0.280259 0.959924 0.000000 -51.590757 0.000000 0.000000 1.000000 0.000000
0.959778 0.280760 0.000000 279.376337 -0.280760 0.959778 0.000000 -51.610333 0.000000 0.000000 1.000000 0.000000
0.959493 0.281733 0.000000 279.413328 -0.281733 0.959493 0.000000 -51.621539 0.000000 0.000000 1.000000 0.000000
0.959844 0.280535 0.000000 279.446766 -0.280535 0.959844 0.000000 -51.631961 0.000000 0.000000 1.000000 0.000000
0.959607 0.281346 0.000000 279.463173 -0.281346 0.959607 0.000000 -51.634776 0.000000 0.000000 1.000000 0.000000
0.959675 0.281111 0.000000 279.479237 -0.281111 0.959675 0.000000 -51.640577 0.000000 0.000000 1.000000 0.000000
0.959941 0.280202 0.000000 279.492522 -0.280202 0.959941 0.000000 -51.647536 0.000000 0.000000 1.000000 0.000000
0.960213 0.279267 0.000000 279.491357 -0.279267 0.960213 0.000000 -51.650970 0.000000 0.000000 1.000000 0.000000
0.960239 0.279181 0.000000 279.491068 -0.279181 0.960239 0.000000 -51.650062 0.000000 0.000000 1.000000 0.000000
0.960484 0.278336 0.000000 279.490873 -0.278336 0.960484 0.000000 -51.649611 0.000000 0.000000 1.000000 0.000000
0.960632 0.277825 0.000000 279.490469 -0.277825 0.960632 0.000000 -51.650993 0.000000 0.000000 1.000000 0.000000
0.960683 0.277649 0.000000 279.490190 -0.277649 0.960683 0.000000 -51.650847 0.000000 0.000000 1.000000 0.000000
0.960690 0.277623 0.000000 279.489459 -0.277623 0.960690 0.000000 -51.652671 0.000000 0.000000 1.000000 0.000000
0.960699 0.277591 0.000000 279.488363 -0.277591 0.960699 0.000000 -51.650597 0.000000 0.000000 1.000000 0.000000
0.960674 0.277680 0.000000 279.488274 -0.277680 0.960674 0.000000 -51.650862 0.000000 0.000000 1.000000 0.000000
0.960698 0.277595 0.000000 279.487322 -0.277595 0.960698 0.000000 -51.653349 0.000000 0.000000 1.000000 0.000000
0.960692 0.277616 0.000000 279.488422 -0.277616 0.960692 0.000000 -51.651123 0.000000 0.000000 1.000000 0.000000
0.960701 0.277587 0.000000 279.484602 -0.277587 0.960701 0.000000 -51.650534 0.000000 0.000000 1.000000 0.000000
0.960712 0.277546 0.000000 279.483503 -0.277546 0.960712 0.000000 -51.653733 0.000000 0.000000 1.000000 0.000000
0.960700 0.277587 0.000000 279.483390 -0.277587 0.960700 0.000000 -51.654242 0.000000 0.000000 1.000000 0.000000
0.960685 0.277642 0.000000 279.485557 -0.277642 0.960685 0.000000 -51.655733 0.000000 0.000000 1.000000 0.000000
0.960741 0.277447 0.000000 279.486581 -0.277447 0.960741 0.000000 -51.657838 0.000000 0.000000 1.000000 0.000000
0.960722 0.277512 0.000000 279.487376 -0.277512 0.960722 0.000000 -51.655972 0.000000 0.000000 1.000000 0.000000
0.960717 0.277530 0.000000 279.485803 -0.277530 0.960717 0.000000 -51.655268 0.000000 0.000000 1.000000 0.000000
0.960756 0.277395 0.000000 279.483626 -0.277395 0.960756 0.000000 -51.657584 0.000000 0.000000 1.000000 0.000000
0.960731 0.277482 0.000000 279.482291 -0.277482 0.960731 0.000000 -51.657197 0.000000 0.000000 1.000000 0.000000
0.960739 0.277455 0.000000 279.480902 -0.277455 0.960739 0.000000 -51.656638 0.000000 0.000000 1.000000 0.000000
0.960717 0.277532 0.000000 279.480896 -0.277532 0.960717 0.000000 -51.655003 0.000000 0.000000 1.000000 0.000000
0.960730 0.277486 0.000000 279.486128 -0.277486 0.960730 0.000000 -51.654984 0.000000 0.000000 1.000000 0.000000
0.960762 0.277375 0.000000 279.485473 -0.277375 0.960762 0.000000 -51.655837 0.000000 0.000000 1.000000 0.000000
0.960750 0.277416 0.000000 279.485123 -0.277416 0.960750 0.000000 -51.656009 0.000000 0.000000 1.000000 0.000000
0.960725 0.277502 0.000000 279.486037 -0.277502 0.960725 0.000000 -51.655313 0.000000 0.000000 1.000000 0.000000
0.960773 0.277337 0.000000 279.485046 -0.277337 0.960773 0.000000 -51.653730 0.000000 0.000000 1.000000 0.000000
0.960782 0.277306 0.000000 279.483800 -0.277306 0.960782 0.000000 -51.655414 0.000000 0.000000 1.000000 0.000000
0.960767 0.277357 0.000000 279.482765 -0.277357 0.960767 0.000000 -51.655232 0.000000 0.000000 1.000000 0.000000
0.960766 0.277360 0.000000 279.482210 -0.277360 0.960766 0.000000 -51.655806 0.000000 0.000000 1.000000 0.000000
0.960762 0.277376 0.000000 279.484300 -0.277376 0.960762 0.000000 -51.656534 0.000000 0.000000 1.000000 0.000000
0.960748 0.277423 0.000000 279.483091 -0.277423 0.960748 0.000000 -51.657637 0.000000 0.000000 1.000000 0.000000
0.960737 0.277461 0.000000 279.482578 -0.277461 0.960737 0.000000 -51.658191 0.000000 0.000000 1.000000 0.000000
0.960709 0.277558 0.000000 279.482709 -0.277558 0.960709 0.000000 -51.657348 0.000000 0.000000 1.000000 0.000000
0.960699 0.277594 0.000000 279.482787 -0.277594 0.960699 0.000000 -51.656486 0.000000 0.000000 1.000000 0.000000
0.960688 0.277631 0.000000 279.483517 -0.277631 0.960688 0.000000 -51.656359 0.000000 0.000000 1.000000 0.000000
0.960683 0.277647 0.000000 279.483408 -0.277647 0.960683 0.000000 -51.656000 0.000000 0.000000 1.000000 0.000000
0.960677 0.277667 0.000000 279.482162 -0.277667 0.960677 0.000000 -51.655052 0.000000 0.000000 1.000000 0.000000
0.960678 0.277665 0.000000 279.481499 -0.277665 0.960678 0.000000 -51.652740 0.000000 0.000000 1.000000 0.000000
0.960696 0.277604 0.000000 279.480134 -0.277604 0.960696 0.000000 -51.653523 0.000000 0.000000 1.000000 0.000000
0.960668 0.277701 0.000000 279.481683 -0.277701 0.960668 0.000000 -51.652061 0.000000 0.000000 1.000000 0.000000
0.960661 0.277722 0.000000 279.482405 -0.277722 0.960661 0.000000 -51.652844 0.000000 0.000000 1.000000 0.000000
0.960684 0.277643 0.000000 279.484077 -0.277643 0.960684 0.000000 -51.654132 0.000000 0.000000 1.000000 0.000000
0.960612 0.277895 0.000000 279.484575 -0.277895 0.960612 0.000000 -51.655648 0.000000 0.000000 1.000000 0.000000
0.960554 0.278093 0.000000 279.483494 -0.278093 0.960554 0.000000 -51.655593 0.000000 0.000000 1.000000 0.000000
0.960514 0.278230 0.000000 279.483390 -0.278230 0.960514 0.000000 -51.655781 0.000000 0.000000 1.000000 0.000000
0.960464 0.278406 0.000000 279.483638 -0.278406 0.960464 0.000000 -51.654326 0.000000 0.000000 1.000000 0.000000
0.960334 0.278852 0.000000 279.483292 -0.278852 0.960334 0.000000 -51.654039 0.000000 0.000000 1.000000 0.000000
0.960409 0.278593 0.000000 279.481780 -0.278593 0.960409 0.000000 -51.655511 0.000000 0.000000 1.000000 0.000000
0.960472 0.278378 0.000000 279.480479 -0.278378 0.960472 0.000000 -51.657004 0.000000 0.000000 1.000000 0.000000
0.960605 0.277919 0.000000 279.479991 -0.277919 0.960605 0.000000 -51.661033 0.000000 0.000000 1.000000 0.000000
0.960697 0.277600 0.000000 279.479869 -0.277600 0.960697 0.000000 -51.660565 0.000000 0.000000 1.000000 0.000000
0.960844 0.277089 0.000000 279.480250 -0.277089 0.960844 0.000000 -51.660749 0.000000 0.000000 1.000000 0.000000
0.961051 0.276370 0.000000 279.479726 -0.276370 0.961051 0.000000 -51.665827 0.000000 0.000000 1.000000 0.000000
0.961185 0.275903 0.000000 279.478249 -0.275903 0.961185 0.000000 -51.664734 0.000000 0.000000 1.000000 0.000000
0.961376 0.275238 0.000000 279.476139 -0.275238 0.961376 0.000000 -51.666836 0.000000 0.000000 1.000000 0.000000
0.961479 0.274879 0.000000 279.474663 -0.274879 0.961479 0.000000 -51.667086 0.000000 0.000000 1.000000 0.000000
0.961596 0.274469 0.000000 279.475063 -0.274469 0.961596 0.000000 -51.668377 0.000000 0.000000 1.000000 0.000000
0.961772 0.273850 0.000000 279.473495 -0.273850 0.961772 0.000000 -51.669542 0.000000 0.000000 1.000000 0.000000
0.962096 0.272712 0.000000 279.471348 -0.272712 0.962096 0.000000 -51.675401 0.000000 0.000000 1.000000 0.000000
0.962118 0.272633 0.000000 279.471592 -0.272633 0.962118 0.000000 -51.675340 0.000000 0.000000 1.000000 0.000000
0.962145 0.272538 0.000000 279.470889 -0.272538 0.962145 0.000000 -51.676661 0.000000 0.000000 1.000000 0.000000
0.962172 0.272441 0.000000 279.470023 -0.272441 0.962172 0.000000 -51.678636 0.000000 0.000000 1.000000 0.000000
0.962187 0.272388 0.000000 279.469570 -0.272388 0.962187 0.000000 -51.680210 0.000000 0.000000 1.000000 0.000000
0.962229 0.272243 0.000000 279.468807 -0.272243 0.962229 0.000000 -51.679965 0.000000 0.000000 1.000000 0.000000
0.962234 0.272223 0.000000 279.468071 -0.272223 0.962234 0.000000 -51.678646 0.000000 0.000000 1.000000 0.000000
0.962208 0.272315 0.000000 279.469407 -0.272315 0.962208 0.000000 -51.677686 0.000000 0.000000 1.000000 0.000000
0.962193 0.272368 0.000000 279.469426 -0.272368 0.962193 0.000000 -51.677612 0.000000 0.000000 1.000000 0.000000
0.962190 0.272379 0.000000 279.468365 -0.272379 0.962190 0.000000 -51.677097 0.000000 0.000000 1.000000 0.000000
0.962180 0.272414 0.000000 279.466771 -0.272414 0.962180 0.000000 -51.677394 0.000000 0.000000 1.000000 0.000000
0.962148 0.272527 0.000000 279.466655 -0.272527 0.962148 0.000000 -51.676919 0.000000 0.000000 1.000000 0.000000
0.962138 0.272562 0.000000 279.466831 -0.272562 0.962138 0.000000 -51.676906 0.000000 0.000000 1.000000 0.000000
0.962125 0.272610 0.000000 279.466559 -0.272610 0.962125 0.000000 -51.677616 0.000000 0.000000 1.000000 0.000000
0.962101 0.272694 0.000000 279.466592 -0.272694 0.962101 0.000000 -51.677187 0.000000 0.000000 1.000000 0.000000
0.962103 0.272687 0.000000 279.467406 -0.272687 0.962103 0.000000 -51.676865 0.000000 0.000000 1.000000 0.000000
0.962085 0.272751 0.000000 279.467066 -0.272751 0.962085 0.000000 -51.676929 0.000000 0.000000 1.000000 0.000000
0.962038 0.272914 0.000000 279.467779 -0.272914 0.962038 0.000000 -51.675782 0.000000 0.000000 1.000000 0.000000
0.962019 0.272983 0.000000 279.467881 -0.272983 0.962019 0.000000 -51.675836 0.000000 0.000000 1.000000 0.000000
0.961982 0.273112 0.000000 279.467432 -0.273112 0.961982 0.000000 -51.676419 0.000000 0.000000 1.000000 0.000000
0.961948 0.273233 0.000000 279.468053 -0.273233 0.961948 0.000000 -51.676302 0.000000 0.000000 1.000000 0.000000
0.961937 0.273271 0.000000 279.468325 -0.273271 0.961937 0.000000 -51.677210 0.000000 0.000000 1.000000 0.000000
0.961951 0.273221 0.000000 279.468579 -0.273221 0.961951 0.000000 -51.677434 0.000000 0.000000 1.000000 0.000000
0.961962 0.273182 0.000000 279.468317 -0.273182 0.961962 0.000000 -51.678105 0.000000 0.000000 1.000000 0.000000
0.961966 0.273169 0.000000 279.467102 -0.273169 0.961966 0.000000 -51.677536 0.000000 0.000000 1.000000 0.000000
0.961974 0.273143 0.000000 279.467239 -0.273143 0.961974 0.000000 -51.677717 0.000000 0.000000 1.000000 0.000000
0.961960 0.273190 0.000000 279.467274 -0.273190 0.961960 0.000000 -51.677825 0.000000 0.000000 1.000000 0.000000
0.961960 0.273189 0.000000 279.467525 -0.273189 0.961960 0.000000 -51.678253 0.000000 0.000000 1.000000 0.000000
0.961976 0.273135 0.000000 279.467947 -0.273135 0.961976 0.000000 -51.678429 0.000000 0.000000 1.000000 0.000000
0.961975 0.273139 0.000000 279.467285 -0.273139 0.961975 0.000000 -51.678885 0.000000 0.000000 1.000000 0.000000
0.961967 0.273165 0.000000 279.466426 -0.273165 0.961967 0.000000 -51.679926 0.000000 0.000000 1.000000 0.000000
0.961973 0.273143 0.000000 279.466685 -0.273143 0.961973 0.000000 -51.680386 0.000000 0.000000 1.000000 0.000000
0.961994 0.273071 0.000000 279.467038 -0.273071 0.961994 0.000000 -51.679713 0.000000 0.000000 1.000000 0.000000
0.961981 0.273118 0.000000 279.467337 -0.273118 0.961981 0.000000 -51.679095 0.000000 0.000000 1.000000 0.000000
0.961915 0.273348 0.000000 279.467986 -0.273348 0.961915 0.000000 -51.678928 0.000000 0.000000 1.000000 0.000000
0.961884 0.273458 0.000000 279.468059 -0.273458 0.961884 0.000000 -51.677422 0.000000 0.000000 1.000000 0.000000
0.961872 0.273499 0.000000 279.466705 -0.273499 0.961872 0.000000 -51.676727 0.000000 0.000000 1.000000 0.000000
0.961900 0.273400 0.000000 279.468117 -0.273400 0.961900 0.000000 -51.675815 0.000000 0.000000 1.000000 0.000000
0.961857 0.273551 0.000000 279.468627 -0.273551 0.961857 0.000000 -51.675416 0.000000 0.000000 1.000000 0.000000
0.961836 0.273626 0.000000 279.469916 -0.273626 0.961836 0.000000 -51.675221 0.000000 0.000000 1.000000 0.000000
0.961840 0.273611 0.000000 279.470708 -0.273611 0.961840 0.000000 -51.674718 0.000000 0.000000 1.000000 0.000000
0.961826 0.273661 0.000000 279.470179 -0.273661 0.961826 0.000000 -51.674353 0.000000 0.000000 1.000000 0.000000
0.961824 0.273669 0.000000 279.470515 -0.273669 0.961824 0.000000 -51.675348 0.000000 0.000000 1.000000 0.000000
0.961812 0.273712 0.000000 279.471235 -0.273712 0.961812 0.000000 -51.674844 0.000000 0.000000 1.000000 0.000000
0.961816 0.273698 0.000000 279.471546 -0.273698 0.961816 0.000000 -51.674790 0.000000 0.000000 1.000000 0.000000
0.961810 0.273718 0.000000 279.473131 -0.273718 0.961810 0.000000 -51.673495 0.000000 0.000000 1.000000 0.000000
0.961813 0.273706 0.000000 279.473251 -0.273706 0.961813 0.000000 -51.675041 0.000000 0.000000 1.000000 0.000000
0.961831 0.273642 0.000000 279.472674 -0.273642 0.961831 0.000000 -51.676242 0.000000 0.000000 1.000000 0.000000
0.961882 0.273463 0.000000 279.471778 -0.273463 0.961882 0.000000 -51.676651 0.000000 0.000000 1.000000 0.000000
0.961876 0.273487 0.000000 279.471448 -0.273487 0.961876 0.000000 -51.675813 0.000000 0.000000 1.000000 0.000000
0.961847 0.273588 0.000000 279.469608 -0.273588 0.961847 0.000000 -51.675685 0.000000 0.000000 1.000000 0.000000
0.961863 0.273532 0.000000 279.468457 -0.273532 0.961863 0.000000 -51.676503 0.000000 0.000000 1.000000 0.000000
0.961855 0.273561 0.000000 279.468682 -0.273561 0.961855 0.000000 -51.680448 0.000000 0.000000 1.000000 0.000000
0.961758 0.273902 0.000000 279.467598 -0.273902 0.961758 0.000000 -51.679322 0.000000 0.000000 1.000000 0.000000
0.961790 0.273788 0.000000 279.467859 -0.273788 0.961790 0.000000 -51.679689 0.000000 0.000000 1.000000 0.000000
0.961800 0.273753 0.000000 279.468277 -0.273753 0.961800 0.000000 -51.679663 0.000000 0.000000 1.000000 0.000000
0.961805 0.273737 0.000000 279.467562 -0.273737 0.961805 0.000000 -51.680223 0.000000 0.000000 1.000000 0.000000
0.961805 0.273736 0.000000 279.467811 -0.273736 0.961805 0.000000 -51.681511 0.000000 0.000000 1.000000 0.000000
0.961799 0.273758 0.000000 279.467189 -0.273758 0.961799 0.000000 -51.681401 0.000000 0.000000 1.000000 0.000000
0.961803 0.273744 0.000000 279.466104 -0.273744 0.961803 0.000000 -51.681475 0.000000 0.000000 1.000000 0.000000
0.961810 0.273719 0.000000 279.464860 -0.273719 0.961810 0.000000 -51.681867 0.000000 0.000000 1.000000 0.000000
0.961812 0.273710 0.000000 279.464294 -0.273710 0.961812 0.000000 -51.682586 0.000000 0.000000 1.000000 0.000000
0.961822 0.273677 0.000000 279.464779 -0.273677 0.961822 0.000000 -51.682736 0.000000 0.000000 1.000000 0.000000
0.961820 0.273682 0.000000 279.465444 -0.273682 0.961820 0.000000 -51.683150 0.000000 0.000000 1.000000 0.000000
0.961820 0.273681 0.000000 279.465988 -0.273681 0.961820 0.000000 -51.682439 0.000000 0.000000 1.000000 0.000000
0.961819 0.273685 0.000000 279.466550 -0.273685 0.961819 0.000000 -51.680886 0.000000 0.000000 1.000000 0.000000
0.961823 0.273672 0.000000 279.468024 -0.273672 0.961823 0.000000 -51.682668 0.000000 0.000000 1.000000 0.000000
0.961821 0.273680 0.000000 279.467556 -0.273680 0.961821 0.000000 -51.681803 0.000000 0.000000 1.000000 0.000000
0.961825 0.273666 0.000000 279.467165 -0.273666 0.961825 0.000000 -51.683044 0.000000 0.000000 1.000000 0.000000
0.961809 0.273722 0.000000 279.466589 -0.273722 0.961809 0.000000 -51.683255 0.000000 0.000000 1.000000 0.000000
0.961805 0.273734 0.000000 279.466340 -0.273734 0.961805 0.000000 -51.683595 0.000000 0.000000 1.000000 0.000000
0.961801 0.273749 0.000000 279.466961 -0.273749 0.961801 0.000000 -51.683693 0.000000 0.000000 1.000000 0.000000
0.961783 0.273811 0.000000 279.466305 -0.273811 0.961783 0.000000 -51.683913 0.000000 0.000000 1.000000 0.000000
0.961772 0.273853 0.000000 279.466059 -0.273853 0.961772 0.000000 -51.683446 0.000000 0.000000 1.000000 0.000000
0.961760 0.273894 0.000000 279.466513 -0.273894 0.961760 0.000000 -51.683352 0.000000 0.000000 1.000000 0.000000
0.961743 0.273954 0.000000 279.466865 -0.273954 0.961743 0.000000 -51.683999 0.000000 0.000000 1.000000 0.000000
0.961715 0.274051 0.000000 279.467463 -0.274051 0.961715 0.000000 -51.682594 0.000000 0.000000 1.000000 0.000000
0.961705 0.274086 0.000000 279.467139 -0.274086 0.961705 0.000000 -51.682356 0.000000 0.000000 1.000000 0.000000
0.961691 0.274134 0.000000 279.466984 -0.274134 0.961691 0.000000 -51.682719 0.000000 0.000000 1.000000 0.000000
0.961707 0.274078 0.000000 279.466829 -0.274078 0.961707 0.000000 -51.682199 0.000000 0.000000 1.000000 0.000000
0.961716 0.274048 0.000000 279.467200 -0.274048 0.961716 0.000000 -51.682783 0.000000 0.000000 1.000000 0.000000
0.961695 0.274120 0.000000 279.467042 -0.274120 0.961695 0.000000 -51.683005 0.000000 0.000000 1.000000 0.000000
0.961637 0.274326 0.000000 279.467543 -0.274326 0.961637 0.000000 -51.682922 0.000000 0.000000 1.000000 0.000000
0.961572 0.274552 0.000000 279.466880 -0.274552 0.961572 0.000000 -51.681494 0.000000 0.000000 1.000000 0.000000
0.961575 0.274541 0.000000 279.466839 -0.274541 0.961575 0.000000 -51.681558 0.000000 0.000000 1.000000 0.000000
0.961575 0.274542 0.000000 279.466486 -0.274542 0.961575 0.000000 -51.681412 0.000000 0.000000 1.000000 0.000000
0.961586 0.274504 0.000000 279.465679 -0.274504 0.961586 0.000000 -51.680995 0.000000 0.000000 1.000000 0.000000
0.961583 0.274515 0.000000 279.464838 -0.274515 0.961583 0.000000 -51.679658 0.000000 0.000000 1.000000 0.000000
0.961527 0.274710 0.000000 279.464552 -0.274710 0.961527 0.000000 -51.677680 0.000000 0.000000 1.000000 0.000000
0.961520 0.274736 0.000000 279.464152 -0.274736 0.961520 0.000000 -51.677635 0.000000 0.000000 1.000000 0.000000
0.961479 0.274877 0.000000 279.463297 -0.274877 0.961479 0.000000 -51.677325 0.000000 0.000000 1.000000 0.000000
0.961438 0.275021 0.000000 279.463575 -0.275021 0.961438 0.000000 -51.676522 0.000000 0.000000 1.000000 0.000000
0.961422 0.275078 0.000000 279.462952 -0.275078 0.961422 0.000000 -51.676313 0.000000 0.000000 1.000000 0.000000
0.961397 0.275164 0.000000 279.463017 -0.275164 0.961397 0.000000 -51.675697 0.000000 0.000000 1.000000 0.000000
0.961424 0.275072 0.000000 279.462559 -0.275072 0.961424 0.000000 -51.675647 0.000000 0.000000 1.000000 0.000000
0.961491 0.274835 0.000000 279.462062 -0.274835 0.961491 0.000000 -51.676032 0.000000 0.000000 1.000000 0.000000
0.961541 0.274662 0.000000 279.462797 -0.274662 0.961541 0.000000 -51.675101 0.000000 0.000000 1.000000 0.000000
0.961581 0.274520 0.000000 279.462872 -0.274520 0.961581 0.000000 -51.675290 0.000000 0.000000 1.000000 0.000000
0.961609 0.274424 0.000000 279.462642 -0.274424 0.961609 0.000000 -51.675538 0.000000 0.000000 1.000000 0.000000
0.961594 0.274476 0.000000 279.461678 -0.274476 0.961594 0.000000 -51.676733 0.000000 0.000000 1.000000 0.000000
0.961596 0.274469 0.000000 279.461773 -0.274469 0.961596 0.000000 -51.677172 0.000000 0.000000 1.000000 0.000000
0.961593 0.274479 0.000000 279.462277 -0.274479 0.961593 0.000000 -51.677889 0.000000 0.000000 1.000000 0.000000
0.961587 0.274501 0.000000 279.462331 -0.274501 0.961587 0.000000 -51.677745 0.000000 0.000000 1.000000 0.000000
0.961569 0.274562 0.000000 279.462635 -0.274562 0.961569 0.000000 -51.678105 0.000000 0.000000 1.000000 0.000000
0.961551 0.274626 0.000000 279.463946 -0.274626 0.961551 0.000000 -51.678113 0.000000 0.000000 1.000000 0.000000
0.961559 0.274599 0.000000 279.463647 -0.274599 0.961559 0.000000 -51.676590 0.000000 0.000000 1.000000 0.000000
0.961586 0.274504 0.000000 279.463252 -0.274504 0.961586 0.000000 -51.677982 0.000000 0.000000 1.000000 0.000000
0.961509 0.274775 0.000000 279.463545 -0.274775 0.961509 0.000000 -51.677387 0.000000 0.000000 1.000000 0.000000
0.961453 0.274969 0.000000 279.463162 -0.274969 0.961453 0.000000 -51.676814 0.000000 0.000000 1.000000 0.000000
0.961433 0.275040 0.000000 279.461890 -0.275040 0.961433 0.000000 -51.677657 0.000000 0.000000 1.000000 0.000000
0.961420 0.275084 0.000000 279.462280 -0.275084 0.961420 0.000000 -51.678905 0.000000 0.000000 1.000000 0.000000
0.961388 0.275196 0.000000 279.462487 -0.275196 0.961388 0.000000 -51.679300 0.000000 0.000000 1.000000 0.000000
0.961389 0.275194 0.000000 279.462079 -0.275194 0.961389 0.000000 -51.680121 0.000000 0.000000 1.000000 0.000000
0.961363 0.275286 0.000000 279.461173 -0.275286 0.961363 0.000000 -51.679940 0.000000 0.000000 1.000000 0.000000
0.961343 0.275355 0.000000 279.460454 -0.275355 0.961343 0.000000 -51.679435 0.000000 0.000000 1.000000 0.000000
0.961337 0.275375 0.000000 279.459979 -0.275375 0.961337 0.000000 -51.679715 0.000000 0.000000 1.000000 0.000000
0.961286 0.275554 0.000000 279.459136 -0.275554 0.961286 0.000000 -51.679684 0.000000 0.000000 1.000000 0.000000
0.961297 0.275513 0.000000 279.459658 -0.275513 0.961297 0.000000 -51.680313 0.000000 0.000000 1.000000 0.000000
0.961286 0.275553 0.000000 279.460215 -0.275553 0.961286 0.000000 -51.680026 0.000000 0.000000 1.000000 0.000000
0.961293 0.275528 0.000000 279.460424 -0.275528 0.961293 0.000000 -51.679820 0.000000 0.000000 1.000000 0.000000
0.961308 0.275474 0.000000 279.462115 -0.275474 0.961308 0.000000 -51.678382 0.000000 0.000000 1.000000 0.000000
0.961336 0.275379 0.000000 279.462526 -0.275379 0.961336 0.000000 -51.677777 0.000000 0.000000 1.000000 0.000000
0.961382 0.275218 0.000000 279.461840 -0.275218 0.961382 0.000000 -51.678853 0.000000 0.000000 1.000000 0.000000
0.961387 0.275199 0.000000 279.461570 -0.275199 0.961387 0.000000 -51.678907 0.000000 0.000000 1.000000 0.000000
0.961381 0.275220 0.000000 279.461456 -0.275220 0.961381 0.000000 -51.678643 0.000000 0.000000 1.000000 0.000000
0.961388 0.275197 0.000000 279.461067 -0.275197 0.961388 0.000000 -51.677755 0.000000 0.000000 1.000000 0.000000
0.961407 0.275130 0.000000 279.461670 -0.275130 0.961407 0.000000 -51.678434 0.000000 0.000000 1.000000 0.000000
0.961424 0.275069 0.000000 279.460577 -0.275069 0.961424 0.000000 -51.677558 0.000000 0.000000 1.000000 0.000000
0.961448 0.274988 0.000000 279.460509 -0.274988 0.961448 0.000000 -51.678123 0.000000 0.000000 1.000000 0.000000
0.961455 0.274962 0.000000 279.458994 -0.274962 0.961455 0.000000 -51.678795 0.000000 0.000000 1.000000 0.000000
0.961467 0.274920 0.000000 279.457170 -0.274920 0.961467 0.000000 -51.679941 0.000000 0.000000 1.000000 0.000000
0.961522 0.274730 0.000000 279.456379 -0.274730 0.961522 0.000000 -51.680246 0.000000 0.000000 1.000000 0.000000
0.961561 0.274592 0.000000 279.455713 -0.274592 0.961561 0.000000 -51.681023 0.000000 0.000000 1.000000 0.000000
0.961560 0.274594 0.000000 279.455035 -0.274594 0.961560 0.000000 -51.681052 0.000000 0.000000 1.000000 0.000000
0.961531 0.274696 0.000000 279.455117 -0.274696 0.961531 0.000000 -51.681716 0.000000 0.000000 1.000000 0.000000
0.961513 0.274761 0.000000 279.455268 -0.274761 0.961513 0.000000 -51.681471 0.000000 0.000000 1.000000 0.000000
0.961485 0.274859 0.000000 279.455133 -0.274859 0.961485 0.000000 -51.681706 0.000000 0.000000 1.000000 0.000000
0.961471 0.274905 0.000000 279.456208 -0.274905 0.961471 0.000000 -51.682709 0.000000 0.000000 1.000000 0.000000
