1.000000 0.000765 0.000000 0.630731 -0.000765 1.000000 0.000000 -0.005683 0.000000 0.000000 1.000000 0.000000
0.999999 -0.001052 0.000000 1.297596 0.001052 0.999999 0.000000 -0.020894 0.000000 0.000000 1.000000 0.000000
1.000000 -0.000679 0.000000 1.919388 0.000679 1.000000 0.000000 -0.041201 0.000000 0.000000 1.000000 0.000000
0.999999 -0.001101 0.000000 2.542799 0.001101 0.999999 0.000000 -0.050107 0.000000 0.000000 1.000000 0.000000
1.000000 -0.000646 0.000000 3.163183 0.000646 1.000000 0.000000 -0.055263 0.000000 0.000000 1.000000 0.000000
0.999996 -0.002662 0.000000 3.786047 0.002662 0.999996 0.000000 -0.069564 0.000000 0.000000 1.000000 0.000000
0.999991 -0.004239 0.000000 4.408327 0.004239 0.999991 0.000000 -0.078518 0.000000 0.000000 1.000000 0.000000
0.999996 -0.002870 0.000000 5.036751 0.002870 0.999996 0.000000 -0.081670 0.000000 0.000000 1.000000 0.000000
0.999993 -0.003743 0.000000 5.655581 0.003743 0.999993 0.000000 -0.101763 0.000000 0.000000 1.000000 0.000000
0.999997 -0.002587 0.000000 6.307855 0.002587 0.999997 0.000000 -0.104166 0.000000 0.000000 1.000000 0.000000
0.999994 -0.003407 0.000000 6.894279 0.003407 0.999994 0.000000 -0.115179 0.000000 0.000000 1.000000 0.000000
0.999994 -0.003455 0.000000 7.521522 0.003455 0.999994 0.000000 -0.117609 0.000000 0.000000 1.000000 0.000000
0.999997 -0.002510 0.000000 8.146510 0.002510 0.999997 0.000000 -0.132707 0.000000 0.000000 1.000000 0.000000
0.999975 -0.007076 0.000000 8.802912 0.007076 0.999975 0.000000 -0.150751 0.000000 0.000000 1.000000 0.000000
0.999966 -0.008282 0.000000 9.426085 0.008282 0.999966 0.000000 -0.152947 0.000000 0.000000 1.000000 0.000000
0.999884 -0.015245 0.000000 10.053722 0.015245 0.999884 0.000000 -0.164319 0.000000 0.000000 1.000000 0.000000
0.999883 -0.015315 0.000000 10.672701 0.015315 0.999883 0.000000 -0.167949 0.000000 0.000000 1.000000 0.000000
0.999923 -0.012401 0.000000 11.296255 0.012401 0.999923 0.000000 -0.173191 0.000000 0.000000 1.000000 0.000000
0.999893 -0.014655 0.000000 11.914211 0.014655 0.999893 0.000000 -0.181534 0.000000 0.000000 1.000000 0.000000
0.999900 -0.014111 0.000000 12.516727 0.014111 0.999900 0.000000 -0.191926 0.000000 0.000000 1.000000 0.000000
0.999891 -0.014771 0.000000 13.143087 0.014771 0.999891 0.000000 -0.200397 0.000000 0.000000 1.000000 0.000000
0.999895 -0.014508 0.000000 13.769036 0.014508 0.999895 0.000000 -0.202803 0.000000 0.000000 1.000000 0.000000
0.999910 -0.013440 0.000000 14.355389 0.013440 0.999910 0.000000 -0.211894 0.000000 0.000000 1.000000 0.000000
0.999878 -0.015621 0.000000 14.980202 0.015621 0.999878 0.000000 -0.222645 0.000000 0.000000 1.000000 0.000000
0.999847 -0.017480 0.000000 15.601461 0.017480 0.999847 0.000000 -0.226225 0.000000 0.000000 1.000000 0.000000
0.999820 -0.018961 0.000000 16.193219 0.018961 0.999820 0.000000 -0.231733 0.000000 0.000000 1.000000 0.000000
0.999818 -0.019074 0.000000 16.811042 0.019074 0.999818 0.000000 -0.236713 0.000000 0.000000 1.000000 0.000000
0.999832 -0.018326 0.000000 17.447712 0.018326 0.999832 0.000000 -0.244041 0.000000 0.000000 1.000000 0.000000
0.999847 -0.017485 0.000000 18.069495 0.017485 0.999847 0.000000 -0.245859 0.000000 0.000000 1.000000 0.000000
0.999883 -0.015308 0.000000 18.660585 0.015308 0.999883 0.000000 -0.245361 0.000000 0.000000 1.000000 0.000000
0.999944 -0.010580 0.000000 19.292911 0.010580 0.999944 0.000000 -0.251737 0.000000 0.000000 1.000000 0.000000
0.999965 -0.008334 0.000000 19.887621 0.008334 0.999965 0.000000 -0.259481 0.000000 0.000000 1.000000 0.000000
0.999977 -0.006758 0.000000 20.511740 0.006758 0.999977 0.000000 -0.267197 0.000000 0.000000 1.000000 0.000000
0.999972 -0.007479 0.000000 21.151505 0.007479 0.999972 0.000000 -0.278883 0.000000 0.000000 1.000000 0.000000
0.999971 -0.007644 0.000000 21.974003 0.007644 0.999971 0.000000 -0.296175 0.000000 0.000000 1.000000 0.000000
0.999987 -0.005196 0.000000 22.611163 0.005196 0.999987 0.000000 -0.300729 0.000000 0.000000 1.000000 0.000000
0.999994 -0.003494 0.000000 23.250304 0.003494 0.999994 0.000000 -0.304545 0.000000 0.000000 1.000000 0.000000
0.999999 -0.001542 0.000000 23.884696 0.001542 0.999999 0.000000 -0.317618 0.000000 0.000000 1.000000 0.000000
1.000000 0.000892 0.000000 24.512715 -0.000892 1.000000 0.000000 -0.332491 0.000000 0.000000 1.000000 0.000000
1.000000 0.000035 0.000000 25.157282 -0.000035 1.000000 0.000000 -0.350243 0.000000 0.000000 1.000000 0.000000
0.999994 0.003598 0.000000 25.788308 -0.003598 0.999994 0.000000 -0.361342 0.000000 0.000000 1.000000 0.000000
0.999985 0.005563 0.000000 26.434396 -0.005563 0.999985 0.000000 -0.377547 0.000000 0.000000 1.000000 0.000000
0.999957 0.009257 0.000000 27.067556 -0.009257 0.999957 0.000000 -0.391932 0.000000 0.000000 1.000000 0.000000
0.999967 0.008122 0.000000 27.708642 -0.008122 0.999967 0.000000 -0.418767 0.000000 0.000000 1.000000 0.000000
0.999927 0.012113 0.000000 28.346889 -0.012113 0.999927 0.000000 -0.433384 0.000000 0.000000 1.000000 0.000000
0.999939 0.011087 0.000000 28.988229 -0.011087 0.999939 0.000000 -0.460261 0.000000 0.000000 1.000000 0.000000
0.999919 0.012709 0.000000 29.626222 -0.012709 0.999919 0.000000 -0.486026 0.000000 0.000000 1.000000 0.000000
0.999903 0.013892 0.000000 30.252707 -0.013892 0.999903 0.000000 -0.506636 0.000000 0.000000 1.000000 0.000000
0.999916 0.012971 0.000000 30.840944 -0.012971 0.999916 0.000000 -0.535742 0.000000 0.000000 1.000000 0.000000
0.999894 0.014577 0.000000 31.486526 -0.014577 0.999894 0.000000 -0.564907 0.000000 0.000000 1.000000 0.000000
0.999829 0.018469 0.000000 32.117013 -0.018469 0.999829 0.000000 -0.593063 0.000000 0.000000 1.000000 0.000000
0.999832 0.018347 0.000000 32.763599 -0.018347 0.999832 0.000000 -0.626347 0.000000 0.000000 1.000000 0.000000
0.999846 0.017570 0.000000 33.412284 -0.017570 0.999846 0.000000 -0.658942 0.000000 0.000000 1.000000 0.000000
0.999833 0.018265 0.000000 34.050105 -0.018265 0.999833 0.000000 -0.682217 0.000000 0.000000 1.000000 0.000000
0.999830 0.018427 0.000000 34.691705 -0.018427 0.999830 0.000000 -0.706981 0.000000 0.000000 1.000000 0.000000
0.999844 0.017676 0.000000 35.334552 -0.017676 0.999844 0.000000 -0.724783 0.000000 0.000000 1.000000 0.000000
0.999839 0.017971 0.000000 35.981496 -0.017971 0.999839 0.000000 -0.740266 0.000000 0.000000 1.000000 0.000000
0.999795 0.020270 0.000000 36.622714 -0.020270 0.999795 0.000000 -0.756520 0.000000 0.000000 1.000000 0.000000
0.999786 0.020669 0.000000 37.278117 -0.020669 0.999786 0.000000 -0.781847 0.000000 0.000000 1.000000 0.000000
0.999817 0.019126 0.000000 37.884031 -0.019126 0.999817 0.000000 -0.811527 0.000000 0.000000 1.000000 0.000000
0.999791 0.020436 0.000000 38.529617 -0.020436 0.999791 0.000000 -0.833002 0.000000 0.000000 1.000000 0.000000
0.999854 0.017092 0.000000 39.181104 -0.017092 0.999854 0.000000 -0.855728 0.000000 0.000000 1.000000 0.000000
0.999805 0.019772 0.000000 39.838948 -0.019772 0.999805 0.000000 -0.877158 0.000000 0.000000 1.000000 0.000000
0.999872 0.016009 0.000000 40.498828 -0.016009 0.999872 0.000000 -0.901921 0.000000 0.000000 1.000000 0.000000
0.999907 0.013653 0.000000 41.152702 -0.013653 0.999907 0.000000 -0.926539 0.000000 0.000000 1.000000 0.000000
0.999903 0.013926 0.000000 41.778387 -0.013926 0.999903 0.000000 -0.943355 0.000000 0.000000 1.000000 0.000000
0.999889 0.014928 0.000000 42.437408 -0.014928 0.999889 0.000000 -0.956865 0.000000 0.000000 1.000000 0.000000
0.999841 0.017806 0.000000 43.095500 -0.017806 0.999841 0.000000 -0.976078 0.000000 0.000000 1.000000 0.000000
0.999819 0.019032 0.000000 43.757343 -0.019032 0.999819 0.000000 -0.999291 0.000000 0.000000 1.000000 0.000000
0.999797 0.020133 0.000000 44.429167 -0.020133 0.999797 0.000000 -1.021887 0.000000 0.000000 1.000000 0.000000
0.999883 0.015266 0.000000 45.091793 -0.015266 0.999883 0.000000 -1.037456 0.000000 0.000000 1.000000 0.000000
0.999826 0.018672 0.000000 46.123231 -0.018672 0.999826 0.000000 -1.081186 0.000000 0.000000 1.000000 0.000000
0.999845 0.017582 0.000000 46.811519 -0.017582 0.999845 0.000000 -1.107187 0.000000 0.000000 1.000000 0.000000
0.999861 0.016672 0.000000 47.450677 -0.016672 0.999861 0.000000 -1.126843 0.000000 0.000000 1.000000 0.000000
0.999866 0.016356 0.000000 48.110128 -0.016356 0.999866 0.000000 -1.149224 0.000000 0.000000 1.000000 0.000000
0.999862 0.016596 0.000000 48.768101 -0.016596 0.999862 0.000000 -1.176111 0.000000 0.000000 1.000000 0.000000
0.999854 0.017107 0.000000 49.420419 -0.017107 0.999854 0.000000 -1.199244 0.000000 0.000000 1.000000 0.000000
0.999891 0.014783 0.000000 50.073119 -0.014783 0.999891 0.000000 -1.218652 0.000000 0.000000 1.000000 0.000000
0.999895 0.014475 0.000000 50.724884 -0.014475 0.999895 0.000000 -1.241991 0.000000 0.000000 1.000000 0.000000
0.999916 0.012953 0.000000 52.068127 -0.012953 0.999916 0.000000 -1.277188 0.000000 0.000000 1.000000 0.000000
0.999934 0.011482 0.000000 52.717816 -0.011482 0.999934 0.000000 -1.298015 0.000000 0.000000 1.000000 0.000000
0.999972 0.007507 0.000000 53.352469 -0.007507 0.999972 0.000000 -1.309100 0.000000 0.000000 1.000000 0.000000
0.999978 0.006678 0.000000 53.988322 -0.006678 0.999978 0.000000 -1.328151 0.000000 0.000000 1.000000 0.000000
0.999970 0.007770 0.000000 54.628823 -0.007770 0.999970 0.000000 -1.352117 0.000000 0.000000 1.000000 0.000000
0.999959 0.009054 0.000000 55.302223 -0.009054 0.999959 0.000000 -1.379770 0.000000 0.000000 1.000000 0.000000
0.999971 0.007628 0.000000 55.937722 -0.007628 0.999971 0.000000 -1.402649 0.000000 0.000000 1.000000 0.000000
0.999958 0.009126 0.000000 56.543799 -0.009126 0.999958 0.000000 -1.419000 0.000000 0.000000 1.000000 0.000000
0.999947 0.010327 0.000000 57.177592 -0.010327 0.999947 0.000000 -1.435802 0.000000 0.000000 1.000000 0.000000
0.999939 0.011057 0.000000 57.761087 -0.011057 0.999939 0.000000 -1.453010 0.000000 0.000000 1.000000 0.000000
0.999924 0.012298 0.000000 58.388984 -0.012298 0.999924 0.000000 -1.478432 0.000000 0.000000 1.000000 0.000000
0.999918 0.012822 0.000000 59.013857 -0.012822 0.999918 0.000000 -1.501250 0.000000 0.000000 1.000000 0.000000
0.999919 0.012757 0.000000 59.595945 -0.012757 0.999919 0.000000 -1.527094 0.000000 0.000000 1.000000 0.000000
0.999916 0.012960 0.000000 60.217809 -0.012960 0.999916 0.000000 -1.549303 0.000000 0.000000 1.000000 0.000000
0.999932 0.011674 0.000000 60.835975 -0.011674 0.999932 0.000000 -1.575239 0.000000 0.000000 1.000000 0.000000
0.999922 0.012522 0.000000 61.414124 -0.012522 0.999922 0.000000 -1.599900 0.000000 0.000000 1.000000 0.000000
0.999928 0.011969 0.000000 62.034021 -0.011969 0.999928 0.000000 -1.626405 0.000000 0.000000 1.000000 0.000000
0.999920 0.012650 0.000000 62.608466 -0.012650 0.999920 0.000000 -1.638621 0.000000 0.000000 1.000000 0.000000
0.999865 0.016460 0.000000 63.227725 -0.016460 0.999865 0.000000 -1.650856 0.000000 0.000000 1.000000 0.000000
0.999859 0.016782 0.000000 63.837580 -0.016782 0.999859 0.000000 -1.670878 0.000000 0.000000 1.000000 0.000000
0.999846 0.017561 0.000000 64.683364 -0.017561 0.999846 0.000000 -1.706101 0.000000 0.000000 1.000000 0.000000
0.999834 0.018197 0.000000 65.288899 -0.018197 0.999834 0.000000 -1.729321 0.000000 0.000000 1.000000 0.000000
0.999800 0.019977 0.000000 65.895419 -0.019977 0.999800 0.000000 -1.754444 0.000000 0.000000 1.000000 0.000000
0.999873 0.015940 0.000000 66.501975 -0.015940 0.999873 0.000000 -1.776372 0.000000 0.000000 1.000000 0.000000
0.999862 0.016601 0.000000 67.104020 -0.016601 0.999862 0.000000 -1.794774 0.000000 0.000000 1.000000 0.000000
0.999914 0.013148 0.000000 67.698493 -0.013148 0.999914 0.000000 -1.812539 0.000000 0.000000 1.000000 0.000000
0.999929 0.011881 0.000000 68.329541 -0.011881 0.999929 0.000000 -1.834160 0.000000 0.000000 1.000000 0.000000
0.999926 0.012173 0.000000 68.923938 -0.012173 0.999926 0.000000 -1.848197 0.000000 0.000000 1.000000 0.000000
0.999937 0.011237 0.000000 69.515969 -0.011237 0.999937 0.000000 -1.870451 0.000000 0.000000 1.000000 0.000000
0.999894 0.014551 0.000000 70.694973 -0.014551 0.999894 0.000000 -1.916319 0.000000 0.000000 1.000000 0.000000
0.999917 0.012920 0.000000 71.280590 -0.012920 0.999917 0.000000 -1.934377 0.000000 0.000000 1.000000 0.000000
0.999898 0.014298 0.000000 71.864557 -0.014298 0.999898 0.000000 -1.955857 0.000000 0.000000 1.000000 0.000000
0.999869 0.016184 0.000000 72.442526 -0.016184 0.999869 0.000000 -1.987975 0.000000 0.000000 1.000000 0.000000
0.999869 0.016161 0.000000 73.019572 -0.016161 0.999869 0.000000 -2.012006 0.000000 0.000000 1.000000 0.000000
0.999832 0.018321 0.000000 73.596100 -0.018321 0.999832 0.000000 -2.036721 0.000000 0.000000 1.000000 0.000000
0.999841 0.017836 0.000000 74.167302 -0.017836 0.999841 0.000000 -2.070443 0.000000 0.000000 1.000000 0.000000
0.999870 0.016103 0.000000 74.734308 -0.016103 0.999870 0.000000 -2.086771 0.000000 0.000000 1.000000 0.000000
0.999874 0.015846 0.000000 75.300627 -0.015846 0.999874 0.000000 -2.115826 0.000000 0.000000 1.000000 0.000000
0.999857 0.016890 0.000000 75.861603 -0.016890 0.999857 0.000000 -2.139409 0.000000 0.000000 1.000000 0.000000
0.999856 0.016974 0.000000 76.413344 -0.016974 0.999856 0.000000 -2.164981 0.000000 0.000000 1.000000 0.000000
0.999862 0.016636 0.000000 76.968546 -0.016636 0.999862 0.000000 -2.187944 0.000000 0.000000 1.000000 0.000000
0.999859 0.016817 0.000000 77.523696 -0.016817 0.999859 0.000000 -2.215749 0.000000 0.000000 1.000000 0.000000
0.999826 0.018655 0.000000 78.038628 -0.018655 0.999826 0.000000 -2.241998 0.000000 0.000000 1.000000 0.000000
0.999797 0.020129 0.000000 78.582703 -0.020129 0.999797 0.000000 -2.260157 0.000000 0.000000 1.000000 0.000000
0.999741 0.022769 0.000000 79.102232 -0.022769 0.999741 0.000000 -2.277659 0.000000 0.000000 1.000000 0.000000
0.999674 0.025549 0.000000 79.608384 -0.025549 0.999674 0.000000 -2.291578 0.000000 0.000000 1.000000 0.000000
0.999687 0.025009 0.000000 80.140938 -0.025009 0.999687 0.000000 -2.316587 0.000000 0.000000 1.000000 0.000000
0.999693 0.024776 0.000000 80.669943 -0.024776 0.999693 0.000000 -2.343134 0.000000 0.000000 1.000000 0.000000
0.999691 0.024871 0.000000 81.162642 -0.024871 0.999691 0.000000 -2.359588 0.000000 0.000000 1.000000 0.000000
0.999664 0.025923 0.000000 81.691754 -0.025923 0.999664 0.000000 -2.386136 0.000000 0.000000 1.000000 0.000000
0.999602 0.028215 0.000000 82.210217 -0.028215 0.999602 0.000000 -2.411474 0.000000 0.000000 1.000000 0.000000
0.999627 0.027296 0.000000 82.697767 -0.027296 0.999627 0.000000 -2.437268 0.000000 0.000000 1.000000 0.000000
0.999612 0.027865 0.000000 83.216733 -0.027865 0.999612 0.000000 -2.463579 0.000000 0.000000 1.000000 0.000000
0.999574 0.029200 0.000000 83.731161 -0.029200 0.999574 0.000000 -2.487305 0.000000 0.000000 1.000000 0.000000
0.999513 0.031204 0.000000 84.213416 -0.031204 0.999513 0.000000 -2.516991 0.000000 0.000000 1.000000 0.000000
0.999502 0.031565 0.000000 84.717630 -0.031565 0.999502 0.000000 -2.547851 0.000000 0.000000 1.000000 0.000000
0.999502 0.031541 0.000000 85.197957 -0.031541 0.999502 0.000000 -2.575201 0.000000 0.000000 1.000000 0.000000
0.999437 0.033561 0.000000 85.707373 -0.033561 0.999437 0.000000 -2.608217 0.000000 0.000000 1.000000 0.000000
0.999442 0.033400 0.000000 86.369401 -0.033400 0.999442 0.000000 -2.646651 0.000000 0.000000 1.000000 0.000000
0.999463 0.032753 0.000000 86.866076 -0.032753 0.999463 0.000000 -2.667458 0.000000 0.000000 1.000000 0.000000
0.999456 0.032981 0.000000 87.356849 -0.032981 0.999456 0.000000 -2.688103 0.000000 0.000000 1.000000 0.000000
0.999427 0.033843 0.000000 87.848005 -0.033843 0.999427 0.000000 -2.711819 0.000000 0.000000 1.000000 0.000000
0.999459 0.032881 0.000000 88.333506 -0.032881 0.999459 0.000000 -2.738158 0.000000 0.000000 1.000000 0.000000
0.999514 0.031170 0.000000 88.826079 -0.031170 0.999514 0.000000 -2.775657 0.000000 0.000000 1.000000 0.000000
0.999524 0.030842 0.000000 89.299158 -0.030842 0.999524 0.000000 -2.810692 0.000000 0.000000 1.000000 0.000000
0.999354 0.035940 0.000000 90.268662 -0.035940 0.999354 0.000000 -2.869098 0.000000 0.000000 1.000000 0.000000
0.999247 0.038805 0.000000 90.749664 -0.038805 0.999247 0.000000 -2.901346 0.000000 0.000000 1.000000 0.000000
0.999185 0.040366 0.000000 91.223133 -0.040366 0.999185 0.000000 -2.934528 0.000000 0.000000 1.000000 0.000000
0.999029 0.044047 0.000000 91.700536 -0.044047 0.999029 0.000000 -2.972596 0.000000 0.000000 1.000000 0.000000
0.998973 0.045316 0.000000 92.185387 -0.045316 0.998973 0.000000 -3.018149 0.000000 0.000000 1.000000 0.000000
0.998843 0.048096 0.000000 92.651750 -0.048096 0.998843 0.000000 -3.058380 0.000000 0.000000 1.000000 0.000000
0.998781 0.049351 0.000000 93.131137 -0.049351 0.998781 0.000000 -3.101838 0.000000 0.000000 1.000000 0.000000
0.998614 0.052638 0.000000 93.596831 -0.052638 0.998614 0.000000 -3.137848 0.000000 0.000000 1.000000 0.000000
0.998309 0.058129 0.000000 94.053368 -0.058129 0.998309 0.000000 -3.170397 0.000000 0.000000 1.000000 0.000000
0.998147 0.060855 0.000000 94.511951 -0.060855 0.998147 0.000000 -3.209800 0.000000 0.000000 1.000000 0.000000
0.998000 0.063208 0.000000 94.934986 -0.063208 0.998000 0.000000 -3.243739 0.000000 0.000000 1.000000 0.000000
0.997871 0.065225 0.000000 95.379387 -0.065225 0.997871 0.000000 -3.289468 0.000000 0.000000 1.000000 0.000000
0.997782 0.066565 0.000000 95.824157 -0.066565 0.997782 0.000000 -3.329527 0.000000 0.000000 1.000000 0.000000
0.997775 0.066675 0.000000 96.275790 -0.066675 0.997775 0.000000 -3.376084 0.000000 0.000000 1.000000 0.000000
0.997568 0.069703 0.000000 96.706150 -0.069703 0.997568 0.000000 -3.418211 0.000000 0.000000 1.000000 0.000000
0.997448 0.071394 0.000000 97.133200 -0.071394 0.997448 0.000000 -3.454611 0.000000 0.000000 1.000000 0.000000
0.996954 0.077987 0.000000 97.554190 -0.077987 0.996954 0.000000 -3.496300 0.000000 0.000000 1.000000 0.000000
0.996584 0.082582 0.000000 97.963802 -0.082582 0.996584 0.000000 -3.531968 0.000000 0.000000 1.000000 0.000000
0.996587 0.082554 0.000000 98.373976 -0.082554 0.996587 0.000000 -3.570927 0.000000 0.000000 1.000000 0.000000
0.996771 0.080296 0.000000 98.782817 -0.080296 0.996771 0.000000 -3.614754 0.000000 0.000000 1.000000 0.000000
0.996592 0.082491 0.000000 99.181884 -0.082491 0.996592 0.000000 -3.651251 0.000000 0.000000 1.000000 0.000000
0.996720 0.080922 0.000000 99.577041 -0.080922 0.996720 0.000000 -3.699111 0.000000 0.000000 1.000000 0.000000
0.996268 0.086319 0.000000 99.957666 -0.086319 0.996268 0.000000 -3.744647 0.000000 0.000000 1.000000 0.000000
0.995817 0.091368 0.000000 100.354029 -0.091368 0.995817 0.000000 -3.784847 0.000000 0.000000 1.000000 0.000000
0.995935 0.090071 0.000000 100.744142 -0.090071 0.995935 0.000000 -3.826839 0.000000 0.000000 1.000000 0.000000
0.995626 0.093430 0.000000 101.117251 -0.093430 0.995626 0.000000 -3.860387 0.000000 0.000000 1.000000 0.000000
0.995269 0.097161 0.000000 101.527491 -0.097161 0.995269 0.000000 -3.905334 0.000000 0.000000 1.000000 0.000000
0.994785 0.101991 0.000000 101.931002 -0.101991 0.994785 0.000000 -3.929119 0.000000 0.000000 1.000000 0.000000
0.994280 0.106802 0.000000 102.499610 -0.106802 0.994280 0.000000 -4.001603 0.000000 0.000000 1.000000 0.000000
0.994008 0.109311 0.000000 102.906216 -0.109311 0.994008 0.000000 -4.060218 0.000000 0.000000 1.000000 0.000000
0.993761 0.111526 0.000000 103.320401 -0.111526 0.993761 0.000000 -4.128502 0.000000 0.000000 1.000000 0.000000
0.993484 0.113969 0.000000 103.731885 -0.113969 0.993484 0.000000 -4.193640 0.000000 0.000000 1.000000 0.000000
0.993188 0.116521 0.000000 104.150447 -0.116521 0.993188 0.000000 -4.251375 0.000000 0.000000 1.000000 0.000000
0.992994 0.118169 0.000000 104.569536 -0.118169 0.992994 0.000000 -4.300447 0.000000 0.000000 1.000000 0.000000
0.993000 0.118116 0.000000 104.991472 -0.118116 0.993000 0.000000 -4.361045 0.000000 0.000000 1.000000 0.000000
0.992618 0.121286 0.000000 105.412501 -0.121286 0.992618 0.000000 -4.419353 0.000000 0.000000 1.000000 0.000000
0.991457 0.130435 0.000000 106.149239 -0.130435 0.991457 0.000000 -4.532735 0.000000 0.000000 1.000000 0.000000
0.991512 0.130017 0.000000 106.575676 -0.130017 0.991512 0.000000 -4.606406 0.000000 0.000000 1.000000 0.000000
0.991603 0.129316 0.000000 107.014737 -0.129316 0.991603 0.000000 -4.674190 0.000000 0.000000 1.000000 0.000000
0.991483 0.130234 0.000000 107.452520 -0.130234 0.991483 0.000000 -4.739280 0.000000 0.000000 1.000000 0.000000
0.991611 0.129261 0.000000 107.889299 -0.129261 0.991611 0.000000 -4.800849 0.000000 0.000000 1.000000 0.000000
0.991133 0.132872 0.000000 108.326638 -0.132872 0.991133 0.000000 -4.854560 0.000000 0.000000 1.000000 0.000000
0.991101 0.133113 0.000000 108.773004 -0.133113 0.991101 0.000000 -4.919245 0.000000 0.000000 1.000000 0.000000
0.991196 0.132402 0.000000 109.215951 -0.132402 0.991196 0.000000 -4.986127 0.000000 0.000000 1.000000 0.000000
0.991183 0.132498 0.000000 109.658664 -0.132498 0.991183 0.000000 -5.052188 0.000000 0.000000 1.000000 0.000000
0.991152 0.132732 0.000000 110.110231 -0.132732 0.991152 0.000000 -5.124831 0.000000 0.000000 1.000000 0.000000
0.990653 0.136403 0.000000 110.553735 -0.136403 0.990653 0.000000 -5.199280 0.000000 0.000000 1.000000 0.000000
0.990647 0.136449 0.000000 111.379131 -0.136449 0.990647 0.000000 -5.330760 0.000000 0.000000 1.000000 0.000000
0.990729 0.135853 0.000000 111.831642 -0.135853 0.990729 0.000000 -5.398374 0.000000 0.000000 1.000000 0.000000
0.990342 0.138648 0.000000 112.290039 -0.138648 0.990342 0.000000 -5.465368 0.000000 0.000000 1.000000 0.000000
0.990312 0.138858 0.000000 112.752752 -0.138858 0.990312 0.000000 -5.544268 0.000000 0.000000 1.000000 0.000000
0.989980 0.141209 0.000000 113.211809 -0.141209 0.989980 0.000000 -5.620225 0.000000 0.000000 1.000000 0.000000
0.989788 0.142548 0.000000 113.681747 -0.142548 0.989788 0.000000 -5.707469 0.000000 0.000000 1.000000 0.000000
0.989618 0.143721 0.000000 114.150135 -0.143721 0.989618 0.000000 -5.795715 0.000000 0.000000 1.000000 0.000000
0.988989 0.147989 0.000000 114.617644 -0.147989 0.988989 0.000000 -5.878722 0.000000 0.000000 1.000000 0.000000
0.988234 0.152948 0.000000 115.116995 -0.152948 0.988234 0.000000 -5.968005 0.000000 0.000000 1.000000 0.000000
0.987596 0.157015 0.000000 115.548605 -0.157015 0.987596 0.000000 -6.047281 0.000000 0.000000 1.000000 0.000000
0.987528 0.157446 0.000000 116.046866 -0.157446 0.987528 0.000000 -6.140377 0.000000 0.000000 1.000000 0.000000
0.987175 0.159640 0.000000 116.516653 -0.159640 0.987175 0.000000 -6.225466 0.000000 0.000000 1.000000 0.000000
0.987044 0.160449 0.000000 116.984821 -0.160449 0.987044 0.000000 -6.314764 0.000000 0.000000 1.000000 0.000000
0.987529 0.157439 0.000000 117.455303 -0.157439 0.987529 0.000000 -6.414594 0.000000 0.000000 1.000000 0.000000
0.987115 0.160013 0.000000 117.923938 -0.160013 0.987115 0.000000 -6.499711 0.000000 0.000000 1.000000 0.000000
0.986860 0.161580 0.000000 118.395102 -0.161580 0.986860 0.000000 -6.593729 0.000000 0.000000 1.000000 0.000000
0.986166 0.165762 0.000000 118.873069 -0.165762 0.986166 0.000000 -6.680690 0.000000 0.000000 1.000000 0.000000
0.984965 0.172753 0.000000 119.352854 -0.172753 0.984965 0.000000 -6.767491 0.000000 0.000000 1.000000 0.000000
0.984407 0.175906 0.000000 119.806626 -0.175906 0.984407 0.000000 -6.857519 0.000000 0.000000 1.000000 0.000000
0.984212 0.176994 0.000000 120.293062 -0.176994 0.984212 0.000000 -6.947717 0.000000 0.000000 1.000000 0.000000
0.983545 0.180661 0.000000 120.777972 -0.180661 0.983545 0.000000 -7.052023 0.000000 0.000000 1.000000 0.000000
0.983285 0.182071 0.000000 121.577229 -0.182071 0.983285 0.000000 -7.216318 0.000000 0.000000 1.000000 0.000000
0.983193 0.182568 0.000000 122.066952 -0.182568 0.983193 0.000000 -7.320048 0.000000 0.000000 1.000000 0.000000
0.985151 0.171688 0.000000 123.038356 -0.171688 0.985151 0.000000 -7.532536 0.000000 0.000000 1.000000 0.000000
0.985912 0.167268 0.000000 123.531917 -0.167268 0.985912 0.000000 -7.644761 0.000000 0.000000 1.000000 0.000000
0.986515 0.163669 0.000000 124.031114 -0.163669 0.986515 0.000000 -7.752201 0.000000 0.000000 1.000000 0.000000
0.986678 0.162685 0.000000 124.528084 -0.162685 0.986678 0.000000 -7.848179 0.000000 0.000000 1.000000 0.000000
0.987189 0.159556 0.000000 125.027536 -0.159556 0.987189 0.000000 -7.947833 0.000000 0.000000 1.000000 0.000000
0.986630 0.162978 0.000000 125.525441 -0.162978 0.986630 0.000000 -8.039363 0.000000 0.000000 1.000000 0.000000
0.987780 0.155854 0.000000 126.061551 -0.155854 0.987780 0.000000 -8.143782 0.000000 0.000000 1.000000 0.000000
0.987405 0.158212 0.000000 126.544388 -0.158212 0.987405 0.000000 -8.234025 0.000000 0.000000 1.000000 0.000000
0.987174 0.159649 0.000000 127.055168 -0.159649 0.987174 0.000000 -8.320147 0.000000 0.000000 1.000000 0.000000
0.987024 0.160572 0.000000 127.570841 -0.160572 0.987024 0.000000 -8.409737 0.000000 0.000000 1.000000 0.000000
0.987051 0.160407 0.000000 128.048465 -0.160407 0.987051 0.000000 -8.503228 0.000000 0.000000 1.000000 0.000000
0.987052 0.160403 0.000000 128.561575 -0.160403 0.987052 0.000000 -8.588967 0.000000 0.000000 1.000000 0.000000
0.987125 0.159948 0.000000 129.084890 -0.159948 0.987125 0.000000 -8.685298 0.000000 0.000000 1.000000 0.000000
0.986698 0.162564 0.000000 129.566049 -0.162564 0.986698 0.000000 -8.773603 0.000000 0.000000 1.000000 0.000000
0.987252 0.159168 0.000000 130.086254 -0.159168 0.987252 0.000000 -8.858967 0.000000 0.000000 1.000000 0.000000
0.986821 0.161813 0.000000 130.619133 -0.161813 0.986821 0.000000 -8.965861 0.000000 0.000000 1.000000 0.000000
0.986128 0.165985 0.000000 131.247169 -0.165985 0.986128 0.000000 -9.075344 0.000000 0.000000 1.000000 0.000000
0.985848 0.167643 0.000000 131.819053 -0.167643 0.985848 0.000000 -9.185920 0.000000 0.000000 1.000000 0.000000
0.984291 0.176556 0.000000 132.321820 -0.176556 0.984291 0.000000 -9.277186 0.000000 0.000000 1.000000 0.000000
0.984265 0.176698 0.000000 132.856275 -0.176698 0.984265 0.000000 -9.388451 0.000000 0.000000 1.000000 0.000000
0.983127 0.182924 0.000000 133.396059 -0.182924 0.983127 0.000000 -9.493531 0.000000 0.000000 1.000000 0.000000
0.982698 0.185215 0.000000 133.935181 -0.185215 0.982698 0.000000 -9.605470 0.000000 0.000000 1.000000 0.000000
0.981723 0.190317 0.000000 137.736056 -0.190317 0.981723 0.000000 -10.447144 0.000000 0.000000 1.000000 0.000000
0.981666 0.190610 0.000000 138.254376 -0.190610 0.981666 0.000000 -10.549026 0.000000 0.000000 1.000000 0.000000
0.984297 0.176519 0.000000 139.397708 -0.176519 0.984297 0.000000 -10.815805 0.000000 0.000000 1.000000 0.000000
0.983355 0.181692 0.000000 140.515549 -0.181692 0.983355 0.000000 -11.062558 0.000000 0.000000 1.000000 0.000000
0.983194 0.182562 0.000000 141.079122 -0.182562 0.983194 0.000000 -11.178344 0.000000 0.000000 1.000000 0.000000
0.983038 0.183401 0.000000 141.642783 -0.183401 0.983038 0.000000 -11.305149 0.000000 0.000000 1.000000 0.000000
0.983096 0.183088 0.000000 142.206374 -0.183088 0.983096 0.000000 -11.429704 0.000000 0.000000 1.000000 0.000000
0.983281 0.182093 0.000000 142.768583 -0.182093 0.983281 0.000000 -11.568395 0.000000 0.000000 1.000000 0.000000
0.983942 0.178489 0.000000 143.339906 -0.178489 0.983942 0.000000 -11.686491 0.000000 0.000000 1.000000 0.000000
0.983343 0.181761 0.000000 143.909986 -0.181761 0.983343 0.000000 -11.807006 0.000000 0.000000 1.000000 0.000000
0.983082 0.183166 0.000000 144.488193 -0.183166 0.983082 0.000000 -11.937423 0.000000 0.000000 1.000000 0.000000
0.983385 0.181533 0.000000 145.056965 -0.181533 0.983385 0.000000 -12.078710 0.000000 0.000000 1.000000 0.000000
0.983092 0.183112 0.000000 145.982211 -0.183112 0.983092 0.000000 -12.275366 0.000000 0.000000 1.000000 0.000000
0.982088 0.188424 0.000000 146.551186 -0.188424 0.982088 0.000000 -12.405403 0.000000 0.000000 1.000000 0.000000
0.982103 0.188344 0.000000 147.120427 -0.188344 0.982103 0.000000 -12.546330 0.000000 0.000000 1.000000 0.000000
0.981212 0.192932 0.000000 147.696916 -0.192932 0.981212 0.000000 -12.669346 0.000000 0.000000 1.000000 0.000000
0.980077 0.198616 0.000000 148.304851 -0.198616 0.980077 0.000000 -12.802632 0.000000 0.000000 1.000000 0.000000
0.979321 0.202311 0.000000 148.827089 -0.202311 0.979321 0.000000 -12.922423 0.000000 0.000000 1.000000 0.000000
0.978920 0.204244 0.000000 149.423952 -0.204244 0.978920 0.000000 -13.069956 0.000000 0.000000 1.000000 0.000000
0.978711 0.205243 0.000000 149.986689 -0.205243 0.978711 0.000000 -13.213242 0.000000 0.000000 1.000000 0.000000
0.978465 0.206414 0.000000 150.555600 -0.206414 0.978465 0.000000 -13.347452 0.000000 0.000000 1.000000 0.000000
0.977996 0.208622 0.000000 151.129688 -0.208622 0.977996 0.000000 -13.478174 0.000000 0.000000 1.000000 0.000000
0.977510 0.210889 0.000000 151.694392 -0.210889 0.977510 0.000000 -13.609174 0.000000 0.000000 1.000000 0.000000
0.977876 0.209184 0.000000 152.251369 -0.209184 0.977876 0.000000 -13.737729 0.000000 0.000000 1.000000 0.000000
0.977874 0.209195 0.000000 152.808289 -0.209195 0.977874 0.000000 -13.873380 0.000000 0.000000 1.000000 0.000000
0.977796 0.209558 0.000000 153.378289 -0.209558 0.977796 0.000000 -13.983406 0.000000 0.000000 1.000000 0.000000
0.978014 0.208539 0.000000 153.950626 -0.208539 0.978014 0.000000 -14.121232 0.000000 0.000000 1.000000 0.000000
0.977381 0.211487 0.000000 154.529595 -0.211487 0.977381 0.000000 -14.243460 0.000000 0.000000 1.000000 0.000000
0.976799 0.214157 0.000000 155.655257 -0.214157 0.976799 0.000000 -14.505141 0.000000 0.000000 1.000000 0.000000
0.976644 0.214862 0.000000 156.208144 -0.214862 0.976644 0.000000 -14.631369 0.000000 0.000000 1.000000 0.000000
0.977128 0.212654 0.000000 156.725285 -0.212654 0.977128 0.000000 -14.766192 0.000000 0.000000 1.000000 0.000000
0.975869 0.218356 0.000000 157.300884 -0.218356 0.975869 0.000000 -14.896445 0.000000 0.000000 1.000000 0.000000
0.975316 0.220815 0.000000 157.851928 -0.220815 0.975316 0.000000 -15.027722 0.000000 0.000000 1.000000 0.000000
0.975538 0.219829 0.000000 158.953553 -0.219829 0.975538 0.000000 -15.299899 0.000000 0.000000 1.000000 0.000000
0.975669 0.219251 0.000000 159.513489 -0.219251 0.975669 0.000000 -15.430436 0.000000 0.000000 1.000000 0.000000
0.975595 0.219577 0.000000 160.041598 -0.219577 0.975595 0.000000 -15.560775 0.000000 0.000000 1.000000 0.000000
0.975395 0.220464 0.000000 160.594234 -0.220464 0.975395 0.000000 -15.695712 0.000000 0.000000 1.000000 0.000000
0.975729 0.218983 0.000000 161.159443 -0.218983 0.975729 0.000000 -15.827680 0.000000 0.000000 1.000000 0.000000
0.975142 0.221583 0.000000 161.687588 -0.221583 0.975142 0.000000 -15.951882 0.000000 0.000000 1.000000 0.000000
0.974131 0.225986 0.000000 162.446287 -0.225986 0.974131 0.000000 -16.122610 0.000000 0.000000 1.000000 0.000000
0.973677 0.227934 0.000000 163.009598 -0.227934 0.973677 0.000000 -16.249759 0.000000 0.000000 1.000000 0.000000
0.973204 0.229945 0.000000 163.570709 -0.229945 0.973204 0.000000 -16.378363 0.000000 0.000000 1.000000 0.000000
0.971813 0.235754 0.000000 164.165415 -0.235754 0.971813 0.000000 -16.509426 0.000000 0.000000 1.000000 0.000000
0.971947 0.235199 0.000000 164.694696 -0.235199 0.971947 0.000000 -16.636378 0.000000 0.000000 1.000000 0.000000
0.972441 0.233150 0.000000 165.300621 -0.233150 0.972441 0.000000 -16.799046 0.000000 0.000000 1.000000 0.000000
0.971428 0.237334 0.000000 165.871845 -0.237334 0.971428 0.000000 -16.931914 0.000000 0.000000 1.000000 0.000000
0.971718 0.236146 0.000000 166.444212 -0.236146 0.971718 0.000000 -17.071838 0.000000 0.000000 1.000000 0.000000
0.970192 0.242340 0.000000 167.020175 -0.242340 0.970192 0.000000 -17.220658 0.000000 0.000000 1.000000 0.000000
0.971219 0.238188 0.000000 167.581472 -0.238188 0.971219 0.000000 -17.374967 0.000000 0.000000 1.000000 0.000000
0.971472 0.237156 0.000000 168.151445 -0.237156 0.971472 0.000000 -17.521660 0.000000 0.000000 1.000000 0.000000
0.971440 0.237286 0.000000 168.717970 -0.237286 0.971440 0.000000 -17.669806 0.000000 0.000000 1.000000 0.000000
0.972269 0.233866 0.000000 169.289638 -0.233866 0.972269 0.000000 -17.830584 0.000000 0.000000 1.000000 0.000000
0.973801 0.227403 0.000000 169.853238 -0.227403 0.973801 0.000000 -17.985560 0.000000 0.000000 1.000000 0.000000
0.974562 0.224119 0.000000 170.430661 -0.224119 0.974562 0.000000 -18.129591 0.000000 0.000000 1.000000 0.000000
0.974365 0.224973 0.000000 171.005634 -0.224973 0.974365 0.000000 -18.271967 0.000000 0.000000 1.000000 0.000000
0.974927 0.222525 0.000000 171.576872 -0.222525 0.974927 0.000000 -18.416996 0.000000 0.000000 1.000000 0.000000
0.974414 0.224762 0.000000 172.115285 -0.224762 0.974414 0.000000 -18.545407 0.000000 0.000000 1.000000 0.000000
0.974287 0.225310 0.000000 172.730020 -0.225310 0.974287 0.000000 -18.700318 0.000000 0.000000 1.000000 0.000000
0.974375 0.224929 0.000000 173.260258 -0.224929 0.974375 0.000000 -18.828136 0.000000 0.000000 1.000000 0.000000
0.974306 0.225230 0.000000 173.833910 -0.225230 0.974306 0.000000 -18.975317 0.000000 0.000000 1.000000 0.000000
0.973788 0.227456 0.000000 174.410553 -0.227456 0.973788 0.000000 -19.117327 0.000000 0.000000 1.000000 0.000000
0.972972 0.230925 0.000000 174.990653 -0.230925 0.972972 0.000000 -19.259227 0.000000 0.000000 1.000000 0.000000
0.970986 0.239134 0.000000 175.564086 -0.239134 0.970986 0.000000 -19.413244 0.000000 0.000000 1.000000 0.000000
0.970595 0.240719 0.000000 176.135894 -0.240719 0.970595 0.000000 -19.562865 0.000000 0.000000 1.000000 0.000000
0.970447 0.241315 0.000000 176.707642 -0.241315 0.970447 0.000000 -19.715390 0.000000 0.000000 1.000000 0.000000
0.970251 0.242102 0.000000 177.280050 -0.242102 0.970251 0.000000 -19.864327 0.000000 0.000000 1.000000 0.000000
0.969666 0.244436 0.000000 177.851638 -0.244436 0.969666 0.000000 -20.020273 0.000000 0.000000 1.000000 0.000000
0.968992 0.247093 0.000000 178.435619 -0.247093 0.968992 0.000000 -20.171401 0.000000 0.000000 1.000000 0.000000
0.969294 0.245904 0.000000 178.999718 -0.245904 0.969294 0.000000 -20.331300 0.000000 0.000000 1.000000 0.000000
0.969501 0.245088 0.000000 179.573934 -0.245088 0.969501 0.000000 -20.488847 0.000000 0.000000 1.000000 0.000000
0.968830 0.247725 0.000000 180.146928 -0.247725 0.968830 0.000000 -20.644531 0.000000 0.000000 1.000000 0.000000
0.968558 0.248788 0.000000 180.694630 -0.248788 0.968558 0.000000 -20.780877 0.000000 0.000000 1.000000 0.000000
0.968661 0.248385 0.000000 181.272168 -0.248385 0.968661 0.000000 -20.937793 0.000000 0.000000 1.000000 0.000000
0.967524 0.252778 0.000000 181.848824 -0.252778 0.967524 0.000000 -21.102132 0.000000 0.000000 1.000000 0.000000
0.967500 0.252870 0.000000 182.400425 -0.252870 0.967500 0.000000 -21.249163 0.000000 0.000000 1.000000 0.000000
0.968181 0.250252 0.000000 182.965152 -0.250252 0.968181 0.000000 -21.408610 0.000000 0.000000 1.000000 0.000000
0.967363 0.253395 0.000000 183.536351 -0.253395 0.967363 0.000000 -21.563783 0.000000 0.000000 1.000000 0.000000
0.968278 0.249874 0.000000 184.073192 -0.249874 0.968278 0.000000 -21.721835 0.000000 0.000000 1.000000 0.000000
0.968145 0.250389 0.000000 184.634240 -0.250389 0.968145 0.000000 -21.887856 0.000000 0.000000 1.000000 0.000000
0.967298 0.253642 0.000000 185.196873 -0.253642 0.967298 0.000000 -22.051333 0.000000 0.000000 1.000000 0.000000
0.967131 0.254279 0.000000 185.724659 -0.254279 0.967131 0.000000 -22.197201 0.000000 0.000000 1.000000 0.000000
0.966800 0.255533 0.000000 186.293448 -0.255533 0.966800 0.000000 -22.361524 0.000000 0.000000 1.000000 0.000000
0.966299 0.257424 0.000000 186.857538 -0.257424 0.966299 0.000000 -22.527745 0.000000 0.000000 1.000000 0.000000
0.965579 0.260111 0.000000 187.674305 -0.260111 0.965579 0.000000 -22.773059 0.000000 0.000000 1.000000 0.000000
0.964949 0.262437 0.000000 188.236383 -0.262437 0.964949 0.000000 -22.936339 0.000000 0.000000 1.000000 0.000000
0.964233 0.265057 0.000000 188.802203 -0.265057 0.964233 0.000000 -23.096496 0.000000 0.000000 1.000000 0.000000
0.964406 0.264425 0.000000 189.364510 -0.264425 0.964406 0.000000 -23.255933 0.000000 0.000000 1.000000 0.000000
0.964104 0.265525 0.000000 189.923515 -0.265525 0.964104 0.000000 -23.418189 0.000000 0.000000 1.000000 0.000000
0.964559 0.263867 0.000000 190.481710 -0.263867 0.964559 0.000000 -23.573527 0.000000 0.000000 1.000000 0.000000
0.965463 0.260542 0.000000 191.040770 -0.260542 0.965463 0.000000 -23.738596 0.000000 0.000000 1.000000 0.000000
0.965416 0.260716 0.000000 191.619736 -0.260716 0.965416 0.000000 -23.907456 0.000000 0.000000 1.000000 0.000000
0.965617 0.259969 0.000000 192.122710 -0.259969 0.965617 0.000000 -24.048579 0.000000 0.000000 1.000000 0.000000
0.965316 0.261085 0.000000 193.090228 -0.261085 0.965316 0.000000 -24.325863 0.000000 0.000000 1.000000 0.000000
0.965319 0.261073 0.000000 193.655095 -0.261073 0.965319 0.000000 -24.480108 0.000000 0.000000 1.000000 0.000000
0.964994 0.262271 0.000000 194.362798 -0.262271 0.964994 0.000000 -24.679312 0.000000 0.000000 1.000000 0.000000
0.964657 0.263510 0.000000 195.075559 -0.263510 0.964657 0.000000 -24.887423 0.000000 0.000000 1.000000 0.000000
0.964001 0.265900 0.000000 196.021934 -0.265900 0.964001 0.000000 -25.170211 0.000000 0.000000 1.000000 0.000000
0.964097 0.265551 0.000000 196.573247 -0.265551 0.964097 0.000000 -25.335864 0.000000 0.000000 1.000000 0.000000
0.964376 0.264535 0.000000 197.139567 -0.264535 0.964376 0.000000 -25.502702 0.000000 0.000000 1.000000 0.000000
0.964230 0.265067 0.000000 197.694422 -0.265067 0.964230 0.000000 -25.659261 0.000000 0.000000 1.000000 0.000000
0.964037 0.265768 0.000000 198.213931 -0.265768 0.964037 0.000000 -25.808399 0.000000 0.000000 1.000000 0.000000
0.965044 0.262088 0.000000 198.774601 -0.262088 0.965044 0.000000 -25.976922 0.000000 0.000000 1.000000 0.000000
0.964458 0.264235 0.000000 199.331495 -0.264235 0.964458 0.000000 -26.145936 0.000000 0.000000 1.000000 0.000000
0.964363 0.264582 0.000000 200.118076 -0.264582 0.964363 0.000000 -26.391094 0.000000 0.000000 1.000000 0.000000
0.964852 0.262795 0.000000 200.680090 -0.262795 0.964852 0.000000 -26.558148 0.000000 0.000000 1.000000 0.000000
0.965059 0.262031 0.000000 201.239008 -0.262031 0.965059 0.000000 -26.717230 0.000000 0.000000 1.000000 0.000000
0.965085 0.261939 0.000000 201.793709 -0.261939 0.965085 0.000000 -26.878983 0.000000 0.000000 1.000000 0.000000
0.966289 0.257460 0.000000 202.385496 -0.257460 0.966289 0.000000 -27.049123 0.000000 0.000000 1.000000 0.000000
0.966438 0.256901 0.000000 202.905666 -0.256901 0.966438 0.000000 -27.198808 0.000000 0.000000 1.000000 0.000000
0.966450 0.256855 0.000000 203.492702 -0.256855 0.966450 0.000000 -27.378748 0.000000 0.000000 1.000000 0.000000
0.967077 0.254486 0.000000 204.014483 -0.254486 0.967077 0.000000 -27.531272 0.000000 0.000000 1.000000 0.000000
0.967140 0.254243 0.000000 204.605924 -0.254243 0.967140 0.000000 -27.705886 0.000000 0.000000 1.000000 0.000000
0.967584 0.252550 0.000000 205.160323 -0.252550 0.967584 0.000000 -27.862468 0.000000 0.000000 1.000000 0.000000
0.967350 0.253445 0.000000 205.716362 -0.253445 0.967350 0.000000 -28.007132 0.000000 0.000000 1.000000 0.000000
0.967764 0.251860 0.000000 206.272366 -0.251860 0.967764 0.000000 -28.166328 0.000000 0.000000 1.000000 0.000000
0.967578 0.252572 0.000000 206.818549 -0.252572 0.967578 0.000000 -28.320181 0.000000 0.000000 1.000000 0.000000
0.967614 0.252434 0.000000 207.369401 -0.252434 0.967614 0.000000 -28.481588 0.000000 0.000000 1.000000 0.000000
0.968143 0.250399 0.000000 207.928295 -0.250399 0.968143 0.000000 -28.635334 0.000000 0.000000 1.000000 0.000000
0.968571 0.248736 0.000000 208.479682 -0.248736 0.968571 0.000000 -28.785942 0.000000 0.000000 1.000000 0.000000
0.967069 0.254515 0.000000 209.023094 -0.254515 0.967069 0.000000 -28.937571 0.000000 0.000000 1.000000 0.000000
0.967593 0.252514 0.000000 209.573678 -0.252514 0.967593 0.000000 -29.094008 0.000000 0.000000 1.000000 0.000000
0.968338 0.249644 0.000000 210.154210 -0.249644 0.968338 0.000000 -29.263755 0.000000 0.000000 1.000000 0.000000
0.968719 0.248159 0.000000 210.702834 -0.248159 0.968719 0.000000 -29.418647 0.000000 0.000000 1.000000 0.000000
0.969461 0.245245 0.000000 211.253203 -0.245245 0.969461 0.000000 -29.572114 0.000000 0.000000 1.000000 0.000000
0.969511 0.245048 0.000000 211.767603 -0.245048 0.969511 0.000000 -29.716801 0.000000 0.000000 1.000000 0.000000
0.969356 0.245660 0.000000 212.315672 -0.245660 0.969356 0.000000 -29.865244 0.000000 0.000000 1.000000 0.000000
0.968667 0.248362 0.000000 212.899297 -0.248362 0.968667 0.000000 -30.031794 0.000000 0.000000 1.000000 0.000000
0.969450 0.245287 0.000000 213.451015 -0.245287 0.969450 0.000000 -30.188074 0.000000 0.000000 1.000000 0.000000
0.970034 0.242968 0.000000 213.999800 -0.242968 0.970034 0.000000 -30.341389 0.000000 0.000000 1.000000 0.000000
0.970110 0.242666 0.000000 214.523219 -0.242666 0.970110 0.000000 -30.487579 0.000000 0.000000 1.000000 0.000000
0.970478 0.241191 0.000000 215.597392 -0.241191 0.970478 0.000000 -30.778221 0.000000 0.000000 1.000000 0.000000
0.971330 0.237735 0.000000 216.125567 -0.237735 0.971330 0.000000 -30.930351 0.000000 0.000000 1.000000 0.000000
0.971823 0.235713 0.000000 216.648543 -0.235713 0.971823 0.000000 -31.070095 0.000000 0.000000 1.000000 0.000000
0.972373 0.233431 0.000000 217.149804 -0.233431 0.972373 0.000000 -31.201006 0.000000 0.000000 1.000000 0.000000
0.972272 0.233853 0.000000 217.694075 -0.233853 0.972272 0.000000 -31.345787 0.000000 0.000000 1.000000 0.000000
0.972775 0.231751 0.000000 218.225632 -0.231751 0.972775 0.000000 -31.493730 0.000000 0.000000 1.000000 0.000000
0.973182 0.230035 0.000000 218.763088 -0.230035 0.973182 0.000000 -31.632073 0.000000 0.000000 1.000000 0.000000
0.973363 0.229269 0.000000 219.268820 -0.229269 0.973363 0.000000 -31.763183 0.000000 0.000000 1.000000 0.000000
0.973790 0.227448 0.000000 219.803309 -0.227448 0.973790 0.000000 -31.909848 0.000000 0.000000 1.000000 0.000000
0.973594 0.228285 0.000000 220.299474 -0.228285 0.973594 0.000000 -32.039574 0.000000 0.000000 1.000000 0.000000
0.973511 0.228642 0.000000 220.828011 -0.228642 0.973511 0.000000 -32.180286 0.000000 0.000000 1.000000 0.000000
0.973544 0.228498 0.000000 221.357456 -0.228498 0.973544 0.000000 -32.313824 0.000000 0.000000 1.000000 0.000000
0.973795 0.227426 0.000000 221.877645 -0.227426 0.973795 0.000000 -32.446219 0.000000 0.000000 1.000000 0.000000
0.974242 0.225506 0.000000 222.366497 -0.225506 0.974242 0.000000 -32.579357 0.000000 0.000000 1.000000 0.000000
0.974287 0.225309 0.000000 222.890750 -0.225309 0.974287 0.000000 -32.708188 0.000000 0.000000 1.000000 0.000000
0.975032 0.222066 0.000000 223.540524 -0.222066 0.975032 0.000000 -32.870028 0.000000 0.000000 1.000000 0.000000
0.975073 0.221884 0.000000 224.164869 -0.221884 0.975073 0.000000 -33.030273 0.000000 0.000000 1.000000 0.000000
0.975141 0.221587 0.000000 224.683912 -0.221587 0.975141 0.000000 -33.163109 0.000000 0.000000 1.000000 0.000000
0.975306 0.220860 0.000000 225.207486 -0.220860 0.975306 0.000000 -33.285731 0.000000 0.000000 1.000000 0.000000
0.975977 0.217874 0.000000 225.726280 -0.217874 0.975977 0.000000 -33.416784 0.000000 0.000000 1.000000 0.000000
0.976413 0.215913 0.000000 226.243300 -0.215913 0.976413 0.000000 -33.544024 0.000000 0.000000 1.000000 0.000000
0.976897 0.213708 0.000000 226.766823 -0.213708 0.976897 0.000000 -33.671163 0.000000 0.000000 1.000000 0.000000
0.978053 0.208355 0.000000 227.660950 -0.208355 0.978053 0.000000 -33.897446 0.000000 0.000000 1.000000 0.000000
0.977764 0.209706 0.000000 228.193121 -0.209706 0.977764 0.000000 -34.021491 0.000000 0.000000 1.000000 0.000000
0.977691 0.210050 0.000000 228.679264 -0.210050 0.977691 0.000000 -34.140044 0.000000 0.000000 1.000000 0.000000
0.977049 0.213014 0.000000 229.201442 -0.213014 0.977049 0.000000 -34.268543 0.000000 0.000000 1.000000 0.000000
0.976578 0.215162 0.000000 229.723256 -0.215162 0.976578 0.000000 -34.400161 0.000000 0.000000 1.000000 0.000000
0.976078 0.217420 0.000000 230.243198 -0.217420 0.976078 0.000000 -34.521330 0.000000 0.000000 1.000000 0.000000
0.976598 0.215074 0.000000 230.763911 -0.215074 0.976598 0.000000 -34.663021 0.000000 0.000000 1.000000 0.000000
0.976580 0.215154 0.000000 231.280966 -0.215154 0.976580 0.000000 -34.796824 0.000000 0.000000 1.000000 0.000000
0.975953 0.217979 0.000000 231.797798 -0.217979 0.975953 0.000000 -34.917533 0.000000 0.000000 1.000000 0.000000
0.975494 0.220026 0.000000 232.321395 -0.220026 0.975494 0.000000 -35.048173 0.000000 0.000000 1.000000 0.000000
0.975383 0.220519 0.000000 232.837073 -0.220519 0.975383 0.000000 -35.183056 0.000000 0.000000 1.000000 0.000000
0.974767 0.223223 0.000000 233.367435 -0.223223 0.974767 0.000000 -35.312634 0.000000 0.000000 1.000000 0.000000
0.974957 0.222394 0.000000 233.884177 -0.222394 0.974957 0.000000 -35.456618 0.000000 0.000000 1.000000 0.000000
0.974508 0.224352 0.000000 234.399718 -0.224352 0.974508 0.000000 -35.591837 0.000000 0.000000 1.000000 0.000000
0.974587 0.224009 0.000000 234.916116 -0.224009 0.974587 0.000000 -35.732782 0.000000 0.000000 1.000000 0.000000
0.974380 0.224906 0.000000 235.431995 -0.224906 0.974380 0.000000 -35.868289 0.000000 0.000000 1.000000 0.000000
0.974606 0.223927 0.000000 235.973093 -0.223927 0.974606 0.000000 -36.019499 0.000000 0.000000 1.000000 0.000000
0.974436 0.224666 0.000000 236.450561 -0.224666 0.974436 0.000000 -36.145862 0.000000 0.000000 1.000000 0.000000
0.974205 0.225666 0.000000 236.960015 -0.225666 0.974205 0.000000 -36.282700 0.000000 0.000000 1.000000 0.000000
0.973197 0.229972 0.000000 237.477275 -0.229972 0.973197 0.000000 -36.424009 0.000000 0.000000 1.000000 0.000000
0.972831 0.231517 0.000000 237.984866 -0.231517 0.972831 0.000000 -36.568852 0.000000 0.000000 1.000000 0.000000
0.973327 0.229423 0.000000 238.500694 -0.229423 0.973327 0.000000 -36.716833 0.000000 0.000000 1.000000 0.000000
0.973497 0.228702 0.000000 239.017957 -0.228702 0.973497 0.000000 -36.851774 0.000000 0.000000 1.000000 0.000000
0.973215 0.229896 0.000000 239.524466 -0.229896 0.973215 0.000000 -36.988532 0.000000 0.000000 1.000000 0.000000
0.972975 0.230909 0.000000 240.045639 -0.230909 0.972975 0.000000 -37.128964 0.000000 0.000000 1.000000 0.000000
0.973163 0.230118 0.000000 240.560382 -0.230118 0.973163 0.000000 -37.268933 0.000000 0.000000 1.000000 0.000000
0.971982 0.235056 0.000000 241.107674 -0.235056 0.971982 0.000000 -37.402973 0.000000 0.000000 1.000000 0.000000
0.971495 0.237062 0.000000 241.616011 -0.237062 0.971495 0.000000 -37.540356 0.000000 0.000000 1.000000 0.000000
0.970955 0.239263 0.000000 242.089368 -0.239263 0.970955 0.000000 -37.673830 0.000000 0.000000 1.000000 0.000000
0.970613 0.240646 0.000000 242.587268 -0.240646 0.970613 0.000000 -37.815391 0.000000 0.000000 1.000000 0.000000
0.968928 0.247342 0.000000 243.598146 -0.247342 0.968928 0.000000 -38.088574 0.000000 0.000000 1.000000 0.000000
0.968290 0.249828 0.000000 244.113356 -0.249828 0.968290 0.000000 -38.228563 0.000000 0.000000 1.000000 0.000000
0.966772 0.255640 0.000000 244.829469 -0.255640 0.966772 0.000000 -38.423520 0.000000 0.000000 1.000000 0.000000
0.967806 0.251696 0.000000 245.801975 -0.251696 0.967806 0.000000 -38.697570 0.000000 0.000000 1.000000 0.000000
0.967641 0.252331 0.000000 246.303037 -0.252331 0.967641 0.000000 -38.839274 0.000000 0.000000 1.000000 0.000000
0.966956 0.254944 0.000000 246.806083 -0.254944 0.966956 0.000000 -38.977736 0.000000 0.000000 1.000000 0.000000
0.966694 0.255933 0.000000 247.305405 -0.255933 0.966694 0.000000 -39.116012 0.000000 0.000000 1.000000 0.000000
0.966544 0.256502 0.000000 247.809986 -0.256502 0.966544 0.000000 -39.266005 0.000000 0.000000 1.000000 0.000000
0.966279 0.257498 0.000000 248.313135 -0.257498 0.966279 0.000000 -39.412770 0.000000 0.000000 1.000000 0.000000
0.966106 0.258148 0.000000 248.812688 -0.258148 0.966106 0.000000 -39.561359 0.000000 0.000000 1.000000 0.000000
0.966154 0.257968 0.000000 249.309615 -0.257968 0.966154 0.000000 -39.704443 0.000000 0.000000 1.000000 0.000000
0.966528 0.256559 0.000000 249.804930 -0.256559 0.966528 0.000000 -39.849342 0.000000 0.000000 1.000000 0.000000
0.968078 0.250651 0.000000 250.298239 -0.250651 0.968078 0.000000 -39.988367 0.000000 0.000000 1.000000 0.000000
0.968869 0.247576 0.000000 250.756693 -0.247576 0.968869 0.000000 -40.113856 0.000000 0.000000 1.000000 0.000000
0.969242 0.246108 0.000000 251.250002 -0.246108 0.969242 0.000000 -40.245340 0.000000 0.000000 1.000000 0.000000
0.969076 0.246761 0.000000 251.736495 -0.246761 0.969076 0.000000 -40.377444 0.000000 0.000000 1.000000 0.000000
0.969470 0.245211 0.000000 252.217214 -0.245211 0.969470 0.000000 -40.508457 0.000000 0.000000 1.000000 0.000000
0.969643 0.244524 0.000000 252.710204 -0.244524 0.969643 0.000000 -40.637849 0.000000 0.000000 1.000000 0.000000
0.970160 0.242468 0.000000 253.195025 -0.242468 0.970160 0.000000 -40.758987 0.000000 0.000000 1.000000 0.000000
0.970009 0.243069 0.000000 253.679373 -0.243069 0.970009 0.000000 -40.888374 0.000000 0.000000 1.000000 0.000000
0.969569 0.244818 0.000000 254.154351 -0.244818 0.969569 0.000000 -41.010227 0.000000 0.000000 1.000000 0.000000
0.969092 0.246700 0.000000 254.635745 -0.246700 0.969092 0.000000 -41.135716 0.000000 0.000000 1.000000 0.000000
0.968113 0.250515 0.000000 255.102945 -0.250515 0.968113 0.000000 -41.258594 0.000000 0.000000 1.000000 0.000000
0.968236 0.250037 0.000000 255.569216 -0.250037 0.968236 0.000000 -41.395747 0.000000 0.000000 1.000000 0.000000
0.968932 0.247326 0.000000 256.038297 -0.247326 0.968932 0.000000 -41.524224 0.000000 0.000000 1.000000 0.000000
0.968561 0.248775 0.000000 256.462938 -0.248775 0.968561 0.000000 -41.634525 0.000000 0.000000 1.000000 0.000000
0.968135 0.250429 0.000000 256.915387 -0.250429 0.968135 0.000000 -41.760519 0.000000 0.000000 1.000000 0.000000
0.968000 0.250948 0.000000 257.368537 -0.250948 0.968000 0.000000 -41.884320 0.000000 0.000000 1.000000 0.000000
0.968009 0.250914 0.000000 257.808447 -0.250914 0.968009 0.000000 -42.004894 0.000000 0.000000 1.000000 0.000000
0.968043 0.250783 0.000000 258.257241 -0.250783 0.968043 0.000000 -42.129279 0.000000 0.000000 1.000000 0.000000
0.968257 0.249958 0.000000 258.696154 -0.249958 0.968257 0.000000 -42.246209 0.000000 0.000000 1.000000 0.000000
0.968065 0.250700 0.000000 259.131749 -0.250700 0.968065 0.000000 -42.373652 0.000000 0.000000 1.000000 0.000000
0.968595 0.248642 0.000000 259.559017 -0.248642 0.968595 0.000000 -42.491897 0.000000 0.000000 1.000000 0.000000
0.969104 0.246652 0.000000 259.993696 -0.246652 0.969104 0.000000 -42.604062 0.000000 0.000000 1.000000 0.000000
0.970067 0.242839 0.000000 260.557748 -0.242839 0.970067 0.000000 -42.750716 0.000000 0.000000 1.000000 0.000000
0.969986 0.243159 0.000000 260.975023 -0.243159 0.969986 0.000000 -42.854295 0.000000 0.000000 1.000000 0.000000
0.969495 0.245111 0.000000 261.389857 -0.245111 0.969495 0.000000 -42.960446 0.000000 0.000000 1.000000 0.000000
0.970099 0.242708 0.000000 261.803204 -0.242708 0.970099 0.000000 -43.072198 0.000000 0.000000 1.000000 0.000000
0.969856 0.243680 0.000000 262.217663 -0.243680 0.969856 0.000000 -43.177074 0.000000 0.000000 1.000000 0.000000
0.970410 0.241465 0.000000 262.607043 -0.241465 0.970410 0.000000 -43.274300 0.000000 0.000000 1.000000 0.000000
0.970128 0.242592 0.000000 263.007355 -0.242592 0.970128 0.000000 -43.371193 0.000000 0.000000 1.000000 0.000000
0.969539 0.244935 0.000000 263.428536 -0.244935 0.969539 0.000000 -43.480388 0.000000 0.000000 1.000000 0.000000
0.969140 0.246511 0.000000 263.811727 -0.246511 0.969140 0.000000 -43.586835 0.000000 0.000000 1.000000 0.000000
0.968382 0.249472 0.000000 264.199087 -0.249472 0.968382 0.000000 -43.688702 0.000000 0.000000 1.000000 0.000000
0.968596 0.248640 0.000000 264.575618 -0.248640 0.968596 0.000000 -43.790631 0.000000 0.000000 1.000000 0.000000
0.968742 0.248072 0.000000 264.951823 -0.248072 0.968742 0.000000 -43.899788 0.000000 0.000000 1.000000 0.000000
0.968127 0.250461 0.000000 265.322117 -0.250461 0.968127 0.000000 -44.003868 0.000000 0.000000 1.000000 0.000000
0.967711 0.252061 0.000000 265.685658 -0.252061 0.967711 0.000000 -44.111822 0.000000 0.000000 1.000000 0.000000
0.967750 0.251913 0.000000 266.045208 -0.251913 0.967750 0.000000 -44.222834 0.000000 0.000000 1.000000 0.000000
0.968022 0.250864 0.000000 266.403590 -0.250864 0.968022 0.000000 -44.323540 0.000000 0.000000 1.000000 0.000000
0.968261 0.249940 0.000000 266.753586 -0.249940 0.968261 0.000000 -44.422653 0.000000 0.000000 1.000000 0.000000
0.968011 0.250906 0.000000 267.097674 -0.250906 0.968011 0.000000 -44.518281 0.000000 0.000000 1.000000 0.000000
0.967834 0.251589 0.000000 267.441245 -0.251589 0.967834 0.000000 -44.617233 0.000000 0.000000 1.000000 0.000000
0.968717 0.248168 0.000000 267.774907 -0.248168 0.968717 0.000000 -44.719018 0.000000 0.000000 1.000000 0.000000
0.968923 0.247362 0.000000 268.446765 -0.247362 0.968923 0.000000 -44.913453 0.000000 0.000000 1.000000 0.000000
0.968814 0.247787 0.000000 268.768780 -0.247787 0.968814 0.000000 -45.003284 0.000000 0.000000 1.000000 0.000000
0.968962 0.247210 0.000000 269.087505 -0.247210 0.968962 0.000000 -45.097532 0.000000 0.000000 1.000000 0.000000
0.969171 0.246387 0.000000 269.402284 -0.246387 0.969171 0.000000 -45.186534 0.000000 0.000000 1.000000 0.000000
0.968993 0.247089 0.000000 269.716556 -0.247089 0.968993 0.000000 -45.268055 0.000000 0.000000 1.000000 0.000000
0.967506 0.252849 0.000000 270.314729 -0.252849 0.967506 0.000000 -45.424671 0.000000 0.000000 1.000000 0.000000
0.967461 0.253021 0.000000 270.616152 -0.253021 0.967461 0.000000 -45.507343 0.000000 0.000000 1.000000 0.000000
0.967786 0.251775 0.000000 270.896974 -0.251775 0.967786 0.000000 -45.592687 0.000000 0.000000 1.000000 0.000000
0.968237 0.250035 0.000000 271.180025 -0.250035 0.968237 0.000000 -45.683738 0.000000 0.000000 1.000000 0.000000
0.968567 0.248754 0.000000 271.447071 -0.248754 0.968567 0.000000 -45.769838 0.000000 0.000000 1.000000 0.000000
0.969014 0.247006 0.000000 274.074397 -0.247006 0.969014 0.000000 -46.474290 0.000000 0.000000 1.000000 0.000000
0.968116 0.250502 0.000000 274.317009 -0.250502 0.968116 0.000000 -46.549697 0.000000 0.000000 1.000000 0.000000
0.967613 0.252439 0.000000 274.560487 -0.252439 0.967613 0.000000 -46.625097 0.000000 0.000000 1.000000 0.000000
0.968328 0.249683 0.000000 274.854237 -0.249683 0.968328 0.000000 -46.717479 0.000000 0.000000 1.000000 0.000000
0.969309 0.245846 0.000000 275.198735 -0.245846 0.969309 0.000000 -46.815378 0.000000 0.000000 1.000000 0.000000
0.969431 0.245363 0.000000 275.490899 -0.245363 0.969431 0.000000 -46.889760 0.000000 0.000000 1.000000 0.000000
0.969119 0.246595 0.000000 275.714169 -0.246595 0.969119 0.000000 -46.948874 0.000000 0.000000 1.000000 0.000000
0.969484 0.245155 0.000000 275.936359 -0.245155 0.969484 0.000000 -47.009572 0.000000 0.000000 1.000000 0.000000
0.969862 0.243654 0.000000 276.150762 -0.243654 0.969862 0.000000 -47.069655 0.000000 0.000000 1.000000 0.000000
0.969967 0.243235 0.000000 276.363453 -0.243235 0.969967 0.000000 -47.129507 0.000000 0.000000 1.000000 0.000000
0.969299 0.245884 0.000000 276.576331 -0.245884 0.969299 0.000000 -47.184578 0.000000 0.000000 1.000000 0.000000
0.968857 0.247622 0.000000 276.785533 -0.247622 0.968857 0.000000 -47.237305 0.000000 0.000000 1.000000 0.000000
0.969608 0.244664 0.000000 276.983132 -0.244664 0.969608 0.000000 -47.293375 0.000000 0.000000 1.000000 0.000000
0.969280 0.245962 0.000000 277.182205 -0.245962 0.969280 0.000000 -47.345751 0.000000 0.000000 1.000000 0.000000
0.968679 0.248316 0.000000 277.378885 -0.248316 0.968679 0.000000 -47.396858 0.000000 0.000000 1.000000 0.000000
0.968345 0.249617 0.000000 277.585111 -0.249617 0.968345 0.000000 -47.459013 0.000000 0.000000 1.000000 0.000000
0.968601 0.248622 0.000000 277.766604 -0.248622 0.968601 0.000000 -47.505531 0.000000 0.000000 1.000000 0.000000
0.968838 0.247697 0.000000 277.962719 -0.247697 0.968838 0.000000 -47.567224 0.000000 0.000000 1.000000 0.000000
0.968965 0.247197 0.000000 278.132814 -0.247197 0.968965 0.000000 -47.611017 0.000000 0.000000 1.000000 0.000000
0.968774 0.247947 0.000000 278.312947 -0.247947 0.968774 0.000000 -47.660753 0.000000 0.000000 1.000000 0.000000
0.968091 0.250599 0.000000 278.488796 -0.250599 0.968091 0.000000 -47.713748 0.000000 0.000000 1.000000 0.000000
0.968445 0.249228 0.000000 278.649768 -0.249228 0.968445 0.000000 -47.768457 0.000000 0.000000 1.000000 0.000000
0.967776 0.251814 0.000000 278.807157 -0.251814 0.967776 0.000000 -47.810020 0.000000 0.000000 1.000000 0.000000
0.966917 0.255090 0.000000 278.968421 -0.255090 0.966917 0.000000 -47.856805 0.000000 0.000000 1.000000 0.000000
0.966731 0.255797 0.000000 279.117934 -0.255797 0.966731 0.000000 -47.901890 0.000000 0.000000 1.000000 0.000000
0.967516 0.252809 0.000000 279.356541 -0.252809 0.967516 0.000000 -47.969352 0.000000 0.000000 1.000000 0.000000
0.966936 0.255018 0.000000 279.502821 -0.255018 0.966936 0.000000 -48.004049 0.000000 0.000000 1.000000 0.000000
0.966258 0.257575 0.000000 279.646032 -0.257575 0.966258 0.000000 -48.045049 0.000000 0.000000 1.000000 0.000000
0.966516 0.256606 0.000000 279.781538 -0.256606 0.966516 0.000000 -48.085948 0.000000 0.000000 1.000000 0.000000
0.965839 0.259144 0.000000 280.026074 -0.259144 0.965839 0.000000 -48.157105 0.000000 0.000000 1.000000 0.000000
0.966830 0.255421 0.000000 280.143128 -0.255421 0.966830 0.000000 -48.188436 0.000000 0.000000 1.000000 0.000000
0.965740 0.259511 0.000000 280.247561 -0.259511 0.965740 0.000000 -48.217232 0.000000 0.000000 1.000000 0.000000
0.965977 0.258630 0.000000 280.344456 -0.258630 0.965977 0.000000 -48.248326 0.000000 0.000000 1.000000 0.000000
0.965327 0.261044 0.000000 280.425698 -0.261044 0.965327 0.000000 -48.276043 0.000000 0.000000 1.000000 0.000000
0.966406 0.257021 0.000000 280.548307 -0.257021 0.966406 0.000000 -48.319670 0.000000 0.000000 1.000000 0.000000
0.966412 0.256999 0.000000 280.617747 -0.256999 0.966412 0.000000 -48.341214 0.000000 0.000000 1.000000 0.000000
0.965850 0.259100 0.000000 280.688101 -0.259100 0.965850 0.000000 -48.356515 0.000000 0.000000 1.000000 0.000000
0.965779 0.259368 0.000000 280.739452 -0.259368 0.965779 0.000000 -48.380349 0.000000 0.000000 1.000000 0.000000
0.965580 0.260105 0.000000 280.776928 -0.260105 0.965580 0.000000 -48.393426 0.000000 0.000000 1.000000 0.000000
0.965947 0.258739 0.000000 280.809171 -0.258739 0.965947 0.000000 -48.405653 0.000000 0.000000 1.000000 0.000000
0.965802 0.259281 0.000000 280.824095 -0.259281 0.965802 0.000000 -48.411340 0.000000 0.000000 1.000000 0.000000
0.965896 0.258930 0.000000 280.838389 -0.258930 0.965896 0.000000 -48.415830 0.000000 0.000000 1.000000 0.000000
0.966130 0.258057 0.000000 280.848253 -0.258057 0.966130 0.000000 -48.424356 0.000000 0.000000 1.000000 0.000000
0.966380 0.257118 0.000000 280.845500 -0.257118 0.966380 0.000000 -48.429460 0.000000 0.000000 1.000000 0.000000
0.966387 0.257091 0.000000 280.843349 -0.257091 0.966387 0.000000 -48.430883 0.000000 0.000000 1.000000 0.000000
0.966591 0.256325 0.000000 280.840290 -0.256325 0.966591 0.000000 -48.426770 0.000000 0.000000 1.000000 0.000000
0.966710 0.255875 0.000000 280.838655 -0.255875 0.966710 0.000000 -48.423442 0.000000 0.000000 1.000000 0.000000
0.966745 0.255743 0.000000 280.836796 -0.255743 0.966745 0.000000 -48.420728 0.000000 0.000000 1.000000 0.000000
0.966728 0.255805 0.000000 280.835541 -0.255805 0.966728 0.000000 -48.421297 0.000000 0.000000 1.000000 0.000000
0.966716 0.255853 0.000000 280.835160 -0.255853 0.966716 0.000000 -48.418085 0.000000 0.000000 1.000000 0.000000
0.966663 0.256051 0.000000 280.833676 -0.256051 0.966663 0.000000 -48.417155 0.000000 0.000000 1.000000 0.000000
0.966676 0.256003 0.000000 280.832199 -0.256003 0.966676 0.000000 -48.416592 0.000000 0.000000 1.000000 0.000000
0.966651 0.256097 0.000000 280.831864 -0.256097 0.966651 0.000000 -48.414573 0.000000 0.000000 1.000000 0.000000
0.966631 0.256173 0.000000 280.831991 -0.256173 0.966631 0.000000 -48.411302 0.000000 0.000000 1.000000 0.000000
0.966611 0.256247 0.000000 280.832989 -0.256247 0.966611 0.000000 -48.411396 0.000000 0.000000 1.000000 0.000000
0.966569 0.256407 0.000000 280.834771 -0.256407 0.966569 0.000000 -48.410570 0.000000 0.000000 1.000000 0.000000
0.966532 0.256545 0.000000 280.835737 -0.256545 0.966532 0.000000 -48.410853 0.000000 0.000000 1.000000 0.000000
0.966566 0.256417 0.000000 280.836844 -0.256417 0.966566 0.000000 -48.411768 0.000000 0.000000 1.000000 0.000000
0.966524 0.256577 0.000000 280.838026 -0.256577 0.966524 0.000000 -48.410775 0.000000 0.000000 1.000000 0.000000
0.966507 0.256641 0.000000 280.838488 -0.256641 0.966507 0.000000 -48.410695 0.000000 0.000000 1.000000 0.000000
0.966526 0.256570 0.000000 280.838120 -0.256570 0.966526 0.000000 -48.412178 0.000000 0.000000 1.000000 0.000000
0.966487 0.256714 0.000000 280.838069 -0.256714 0.966487 0.000000 -48.413100 0.000000 0.000000 1.000000 0.000000
0.966489 0.256707 0.000000 280.837215 -0.256707 0.966489 0.000000 -48.413992 0.000000 0.000000 1.000000 0.000000
0.966454 0.256839 0.000000 280.837116 -0.256839 0.966454 0.000000 -48.414916 0.000000 0.000000 1.000000 0.000000
0.966461 0.256813 0.000000 280.837092 -0.256813 0.966461 0.000000 -48.417556 0.000000 0.000000 1.000000 0.000000
0.966480 0.256742 0.000000 280.837004 -0.256742 0.966480 0.000000 -48.419873 0.000000 0.000000 1.000000 0.000000
0.966466 0.256795 0.000000 280.837118 -0.256795 0.966466 0.000000 -48.421663 0.000000 0.000000 1.000000 0.000000
0.966438 0.256901 0.000000 280.837451 -0.256901 0.966438 0.000000 -48.423949 0.000000 0.000000 1.000000 0.000000
0.966479 0.256746 0.000000 280.837874 -0.256746 0.966479 0.000000 -48.426437 0.000000 0.000000 1.000000 0.000000
0.966484 0.256725 0.000000 280.838159 -0.256725 0.966484 0.000000 -48.427218 0.000000 0.000000 1.000000 0.000000
0.966463 0.256804 0.000000 280.838316 -0.256804 0.966463 0.000000 -48.428020 0.000000 0.000000 1.000000 0.000000
0.966460 0.256816 0.000000 280.838143 -0.256816 0.966460 0.000000 -48.428127 0.000000 0.000000 1.000000 0.000000
0.966442 0.256885 0.000000 280.837549 -0.256885 0.966442 0.000000 -48.428052 0.000000 0.000000 1.000000 0.000000
0.966427 0.256941 0.000000 280.837051 -0.256941 0.966427 0.000000 -48.428780 0.000000 0.000000 1.000000 0.000000
0.966422 0.256960 0.000000 280.836564 -0.256960 0.966422 0.000000 -48.430273 0.000000 0.000000 1.000000 0.000000
0.966400 0.257042 0.000000 280.836824 -0.257042 0.966400 0.000000 -48.430898 0.000000 0.000000 1.000000 0.000000
0.966400 0.257044 0.000000 280.836902 -0.257044 0.966400 0.000000 -48.431416 0.000000 0.000000 1.000000 0.000000
0.966387 0.257092 0.000000 280.837247 -0.257092 0.966387 0.000000 -48.431300 0.000000 0.000000 1.000000 0.000000
0.966387 0.257091 0.000000 280.837781 -0.257091 0.966387 0.000000 -48.430727 0.000000 0.000000 1.000000 0.000000
0.966376 0.257133 0.000000 280.838612 -0.257133 0.966376 0.000000 -48.430439 0.000000 0.000000 1.000000 0.000000
0.966370 0.257156 0.000000 280.839663 -0.257156 0.966370 0.000000 -48.430067 0.000000 0.000000 1.000000 0.000000
0.966391 0.257075 0.000000 280.840753 -0.257075 0.966391 0.000000 -48.430057 0.000000 0.000000 1.000000 0.000000
0.966362 0.257184 0.000000 280.841897 -0.257184 0.966362 0.000000 -48.430071 0.000000 0.000000 1.000000 0.000000
0.966347 0.257242 0.000000 280.842532 -0.257242 0.966347 0.000000 -48.429900 0.000000 0.000000 1.000000 0.000000
0.966355 0.257211 0.000000 280.843480 -0.257211 0.966355 0.000000 -48.429847 0.000000 0.000000 1.000000 0.000000
0.966295 0.257437 0.000000 280.844019 -0.257437 0.966295 0.000000 -48.429936 0.000000 0.000000 1.000000 0.000000
0.966246 0.257620 0.000000 280.844737 -0.257620 0.966246 0.000000 -48.430436 0.000000 0.000000 1.000000 0.000000
0.966214 0.257743 0.000000 280.845585 -0.257743 0.966214 0.000000 -48.431682 0.000000 0.000000 1.000000 0.000000
0.966169 0.257911 0.000000 280.845736 -0.257911 0.966169 0.000000 -48.433022 0.000000 0.000000 1.000000 0.000000
0.966078 0.258250 0.000000 280.844897 -0.258250 0.966078 0.000000 -48.435529 0.000000 0.000000 1.000000 0.000000
0.966153 0.257971 0.000000 280.843950 -0.257971 0.966153 0.000000 -48.439244 0.000000 0.000000 1.000000 0.000000
0.966224 0.257704 0.000000 280.842537 -0.257704 0.966224 0.000000 -48.441726 0.000000 0.000000 1.000000 0.000000
0.966344 0.257252 0.000000 280.841545 -0.257252 0.966344 0.000000 -48.443784 0.000000 0.000000 1.000000 0.000000
0.966415 0.256985 0.000000 280.839853 -0.256985 0.966415 0.000000 -48.445436 0.000000 0.000000 1.000000 0.000000
0.966538 0.256525 0.000000 280.838151 -0.256525 0.966538 0.000000 -48.446820 0.000000 0.000000 1.000000 0.000000
0.966713 0.255865 0.000000 280.836956 -0.255865 0.966713 0.000000 -48.448519 0.000000 0.000000 1.000000 0.000000
0.966808 0.255506 0.000000 280.835794 -0.255506 0.966808 0.000000 -48.450409 0.000000 0.000000 1.000000 0.000000
0.966946 0.254982 0.000000 280.834428 -0.254982 0.966946 0.000000 -48.452144 0.000000 0.000000 1.000000 0.000000
0.967005 0.254759 0.000000 280.832592 -0.254759 0.967005 0.000000 -48.453357 0.000000 0.000000 1.000000 0.000000
0.967077 0.254485 0.000000 280.831537 -0.254485 0.967077 0.000000 -48.454630 0.000000 0.000000 1.000000 0.000000
0.967191 0.254049 0.000000 280.830165 -0.254049 0.967191 0.000000 -48.457073 0.000000 0.000000 1.000000 0.000000
0.967422 0.253168 0.000000 280.828013 -0.253168 0.967422 0.000000 -48.461559 0.000000 0.000000 1.000000 0.000000
0.967373 0.253356 0.000000 280.827745 -0.253356 0.967373 0.000000 -48.461890 0.000000 0.000000 1.000000 0.000000
0.967324 0.253542 0.000000 280.827098 -0.253542 0.967324 0.000000 -48.462927 0.000000 0.000000 1.000000 0.000000
0.967270 0.253751 0.000000 280.826692 -0.253751 0.967270 0.000000 -48.463344 0.000000 0.000000 1.000000 0.000000
0.967206 0.253992 0.000000 280.826396 -0.253992 0.967206 0.000000 -48.463220 0.000000 0.000000 1.000000 0.000000
0.967180 0.254090 0.000000 280.826389 -0.254090 0.967180 0.000000 -48.464347 0.000000 0.000000 1.000000 0.000000
0.967128 0.254291 0.000000 280.826440 -0.254291 0.967128 0.000000 -48.465227 0.000000 0.000000 1.000000 0.000000
0.967048 0.254592 0.000000 280.827037 -0.254592 0.967048 0.000000 -48.465523 0.000000 0.000000 1.000000 0.000000
0.966987 0.254825 0.000000 280.827635 -0.254825 0.966987 0.000000 -48.466757 0.000000 0.000000 1.000000 0.000000
0.966945 0.254986 0.000000 280.828082 -0.254986 0.966945 0.000000 -48.466966 0.000000 0.000000 1.000000 0.000000
0.966915 0.255100 0.000000 280.828794 -0.255100 0.966915 0.000000 -48.468506 0.000000 0.000000 1.000000 0.000000
0.966864 0.255290 0.000000 280.828887 -0.255290 0.966864 0.000000 -48.469784 0.000000 0.000000 1.000000 0.000000
0.966843 0.255372 0.000000 280.828989 -0.255372 0.966843 0.000000 -48.471021 0.000000 0.000000 1.000000 0.000000
0.966820 0.255459 0.000000 280.829037 -0.255459 0.966820 0.000000 -48.471651 0.000000 0.000000 1.000000 0.000000
0.966785 0.255592 0.000000 280.828901 -0.255592 0.966785 0.000000 -48.472273 0.000000 0.000000 1.000000 0.000000
0.966797 0.255546 0.000000 280.828597 -0.255546 0.966797 0.000000 -48.472596 0.000000 0.000000 1.000000 0.000000
0.966787 0.255582 0.000000 280.828492 -0.255582 0.966787 0.000000 -48.472971 0.000000 0.000000 1.000000 0.000000
0.966733 0.255786 0.000000 280.828937 -0.255786 0.966733 0.000000 -48.473198 0.000000 0.000000 1.000000 0.000000
0.966724 0.255822 0.000000 280.829097 -0.255822 0.966724 0.000000 -48.473732 0.000000 0.000000 1.000000 0.000000
0.966691 0.255947 0.000000 280.828671 -0.255947 0.966691 0.000000 -48.474665 0.000000 0.000000 1.000000 0.000000
0.966666 0.256041 0.000000 280.828557 -0.256041 0.966666 0.000000 -48.475680 0.000000 0.000000 1.000000 0.000000
0.966660 0.256065 0.000000 280.828361 -0.256065 0.966660 0.000000 -48.475542 0.000000 0.000000 1.000000 0.000000
0.966677 0.255997 0.000000 280.827722 -0.255997 0.966677 0.000000 -48.476136 0.000000 0.000000 1.000000 0.000000
0.966703 0.255900 0.000000 280.826906 -0.255900 0.966703 0.000000 -48.476136 0.000000 0.000000 1.000000 0.000000
0.966710 0.255873 0.000000 280.825879 -0.255873 0.966710 0.000000 -48.475973 0.000000 0.000000 1.000000 0.000000
0.966726 0.255814 0.000000 280.825347 -0.255814 0.966726 0.000000 -48.475947 0.000000 0.000000 1.000000 0.000000
0.966716 0.255853 0.000000 280.825045 -0.255853 0.966716 0.000000 -48.476082 0.000000 0.000000 1.000000 0.000000
0.966716 0.255851 0.000000 280.824123 -0.255851 0.966716 0.000000 -48.476919 0.000000 0.000000 1.000000 0.000000
0.966738 0.255767 0.000000 280.823125 -0.255767 0.966738 0.000000 -48.477837 0.000000 0.000000 1.000000 0.000000
0.966741 0.255758 0.000000 280.821987 -0.255758 0.966741 0.000000 -48.479330 0.000000 0.000000 1.000000 0.000000
0.966735 0.255781 0.000000 280.821108 -0.255781 0.966735 0.000000 -48.481095 0.000000 0.000000 1.000000 0.000000
0.966742 0.255754 0.000000 280.820528 -0.255754 0.966742 0.000000 -48.482558 0.000000 0.000000 1.000000 0.000000
0.966767 0.255660 0.000000 280.819929 -0.255660 0.966767 0.000000 -48.482975 0.000000 0.000000 1.000000 0.000000
0.966754 0.255708 0.000000 280.819968 -0.255708 0.966754 0.000000 -48.483182 0.000000 0.000000 1.000000 0.000000
0.966696 0.255926 0.000000 280.820070 -0.255926 0.966696 0.000000 -48.483296 0.000000 0.000000 1.000000 0.000000
0.966666 0.256039 0.000000 280.820185 -0.256039 0.966666 0.000000 -48.483351 0.000000 0.000000 1.000000 0.000000
0.966656 0.256079 0.000000 280.821051 -0.256079 0.966656 0.000000 -48.483740 0.000000 0.000000 1.000000 0.000000
0.966680 0.255987 0.000000 280.821432 -0.255987 0.966680 0.000000 -48.484054 0.000000 0.000000 1.000000 0.000000
0.966634 0.256163 0.000000 280.822458 -0.256163 0.966634 0.000000 -48.484673 0.000000 0.000000 1.000000 0.000000
0.966615 0.256235 0.000000 280.823128 -0.256235 0.966615 0.000000 -48.485754 0.000000 0.000000 1.000000 0.000000
0.966629 0.256181 0.000000 280.823953 -0.256181 0.966629 0.000000 -48.486985 0.000000 0.000000 1.000000 0.000000
0.966614 0.256237 0.000000 280.824838 -0.256237 0.966614 0.000000 -48.488372 0.000000 0.000000 1.000000 0.000000
0.966631 0.256173 0.000000 280.825673 -0.256173 0.966631 0.000000 -48.489306 0.000000 0.000000 1.000000 0.000000
0.966628 0.256186 0.000000 280.826417 -0.256186 0.966628 0.000000 -48.490470 0.000000 0.000000 1.000000 0.000000
0.966641 0.256133 0.000000 280.826923 -0.256133 0.966641 0.000000 -48.491302 0.000000 0.000000 1.000000 0.000000
0.966654 0.256087 0.000000 280.827119 -0.256087 0.966654 0.000000 -48.492118 0.000000 0.000000 1.000000 0.000000
0.966665 0.256043 0.000000 280.827023 -0.256043 0.966665 0.000000 -48.492532 0.000000 0.000000 1.000000 0.000000
0.966672 0.256017 0.000000 280.827066 -0.256017 0.966672 0.000000 -48.493171 0.000000 0.000000 1.000000 0.000000
0.966740 0.255763 0.000000 280.826990 -0.255763 0.966740 0.000000 -48.493729 0.000000 0.000000 1.000000 0.000000
0.966745 0.255742 0.000000 280.827039 -0.255742 0.966745 0.000000 -48.494747 0.000000 0.000000 1.000000 0.000000
0.966719 0.255840 0.000000 280.827277 -0.255840 0.966719 0.000000 -48.495006 0.000000 0.000000 1.000000 0.000000
0.966737 0.255773 0.000000 280.827194 -0.255773 0.966737 0.000000 -48.495255 0.000000 0.000000 1.000000 0.000000
0.966746 0.255738 0.000000 280.827575 -0.255738 0.966746 0.000000 -48.495311 0.000000 0.000000 1.000000 0.000000
0.966649 0.256106 0.000000 280.827648 -0.256106 0.966649 0.000000 -48.494490 0.000000 0.000000 1.000000 0.000000
0.966689 0.255956 0.000000 280.828033 -0.255956 0.966689 0.000000 -48.494457 0.000000 0.000000 1.000000 0.000000
0.966698 0.255921 0.000000 280.828484 -0.255921 0.966698 0.000000 -48.494469 0.000000 0.000000 1.000000 0.000000
0.966712 0.255866 0.000000 280.828730 -0.255866 0.966712 0.000000 -48.493729 0.000000 0.000000 1.000000 0.000000
0.966719 0.255839 0.000000 280.829688 -0.255839 0.966719 0.000000 -48.493376 0.000000 0.000000 1.000000 0.000000
0.966720 0.255838 0.000000 280.830047 -0.255838 0.966720 0.000000 -48.493179 0.000000 0.000000 1.000000 0.000000
0.966720 0.255838 0.000000 280.830753 -0.255838 0.966720 0.000000 -48.491664 0.000000 0.000000 1.000000 0.000000
0.966724 0.255823 0.000000 280.831037 -0.255823 0.966724 0.000000 -48.490552 0.000000 0.000000 1.000000 0.000000
0.966725 0.255818 0.000000 280.831555 -0.255818 0.966725 0.000000 -48.490093 0.000000 0.000000 1.000000 0.000000
0.966740 0.255761 0.000000 280.831810 -0.255761 0.966740 0.000000 -48.488598 0.000000 0.000000 1.000000 0.000000
0.966745 0.255741 0.000000 280.831917 -0.255741 0.966745 0.000000 -48.487919 0.000000 0.000000 1.000000 0.000000
0.966752 0.255717 0.000000 280.832479 -0.255717 0.966752 0.000000 -48.486470 0.000000 0.000000 1.000000 0.000000
0.966758 0.255692 0.000000 280.833175 -0.255692 0.966758 0.000000 -48.485652 0.000000 0.000000 1.000000 0.000000
0.966765 0.255665 0.000000 280.833483 -0.255665 0.966765 0.000000 -48.485850 0.000000 0.000000 1.000000 0.000000
0.966765 0.255666 0.000000 280.833639 -0.255666 0.966765 0.000000 -48.486199 0.000000 0.000000 1.000000 0.000000
0.966764 0.255671 0.000000 280.834358 -0.255671 0.966764 0.000000 -48.486574 0.000000 0.000000 1.000000 0.000000
0.966746 0.255738 0.000000 280.834621 -0.255738 0.966746 0.000000 -48.487118 0.000000 0.000000 1.000000 0.000000
0.966749 0.255727 0.000000 280.834995 -0.255727 0.966749 0.000000 -48.487060 0.000000 0.000000 1.000000 0.000000
0.966747 0.255734 0.000000 280.835268 -0.255734 0.966747 0.000000 -48.488022 0.000000 0.000000 1.000000 0.000000
0.966737 0.255772 0.000000 280.835816 -0.255772 0.966737 0.000000 -48.488146 0.000000 0.000000 1.000000 0.000000
0.966719 0.255839 0.000000 280.836129 -0.255839 0.966719 0.000000 -48.488171 0.000000 0.000000 1.000000 0.000000
0.966721 0.255834 0.000000 280.836524 -0.255834 0.966721 0.000000 -48.488168 0.000000 0.000000 1.000000 0.000000
0.966706 0.255891 0.000000 280.837036 -0.255891 0.966706 0.000000 -48.488979 0.000000 0.000000 1.000000 0.000000
0.966676 0.256004 0.000000 280.837668 -0.256004 0.966676 0.000000 -48.489100 0.000000 0.000000 1.000000 0.000000
0.966685 0.255968 0.000000 280.838338 -0.255968 0.966685 0.000000 -48.490047 0.000000 0.000000 1.000000 0.000000
0.966669 0.256030 0.000000 280.839201 -0.256030 0.966669 0.000000 -48.489618 0.000000 0.000000 1.000000 0.000000
0.966674 0.256011 0.000000 280.839624 -0.256011 0.966674 0.000000 -48.489964 0.000000 0.000000 1.000000 0.000000
0.966702 0.255905 0.000000 280.839706 -0.255905 0.966702 0.000000 -48.490296 0.000000 0.000000 1.000000 0.000000
0.966684 0.255971 0.000000 280.839929 -0.255971 0.966684 0.000000 -48.490455 0.000000 0.000000 1.000000 0.000000
0.966666 0.256042 0.000000 280.839789 -0.256042 0.966666 0.000000 -48.490676 0.000000 0.000000 1.000000 0.000000
0.966606 0.256266 0.000000 280.839510 -0.256266 0.966606 0.000000 -48.490848 0.000000 0.000000 1.000000 0.000000
0.966617 0.256227 0.000000 280.839554 -0.256227 0.966617 0.000000 -48.491085 0.000000 0.000000 1.000000 0.000000
0.966625 0.256197 0.000000 280.839678 -0.256197 0.966625 0.000000 -48.491720 0.000000 0.000000 1.000000 0.000000
0.966649 0.256105 0.000000 280.839816 -0.256105 0.966649 0.000000 -48.491900 0.000000 0.000000 1.000000 0.000000
0.966659 0.256068 0.000000 280.839529 -0.256068 0.966659 0.000000 -48.492656 0.000000 0.000000 1.000000 0.000000
0.966616 0.256231 0.000000 280.839557 -0.256231 0.966616 0.000000 -48.493251 0.000000 0.000000 1.000000 0.000000
0.966633 0.256165 0.000000 280.839538 -0.256165 0.966633 0.000000 -48.494499 0.000000 0.000000 1.000000 0.000000
0.966618 0.256221 0.000000 280.839675 -0.256221 0.966618 0.000000 -48.495075 0.000000 0.000000 1.000000 0.000000
0.966579 0.256370 0.000000 280.839652 -0.256370 0.966579 0.000000 -48.496101 0.000000 0.000000 1.000000 0.000000
0.966588 0.256333 0.000000 280.839593 -0.256333 0.966588 0.000000 -48.496467 0.000000 0.000000 1.000000 0.000000
0.966562 0.256433 0.000000 280.839294 -0.256433 0.966562 0.000000 -48.497313 0.000000 0.000000 1.000000 0.000000
0.966592 0.256320 0.000000 280.839397 -0.256320 0.966592 0.000000 -48.497611 0.000000 0.000000 1.000000 0.000000
0.966666 0.256039 0.000000 280.839278 -0.256039 0.966666 0.000000 -48.497262 0.000000 0.000000 1.000000 0.000000
0.966719 0.255840 0.000000 280.839511 -0.255840 0.966719 0.000000 -48.497171 0.000000 0.000000 1.000000 0.000000
0.966764 0.255670 0.000000 280.839334 -0.255670 0.966764 0.000000 -48.496991 0.000000 0.000000 1.000000 0.000000
0.966816 0.255472 0.000000 280.839866 -0.255472 0.966816 0.000000 -48.496959 0.000000 0.000000 1.000000 0.000000
0.966802 0.255526 0.000000 280.840424 -0.255526 0.966802 0.000000 -48.496446 0.000000 0.000000 1.000000 0.000000
0.966811 0.255493 0.000000 280.840442 -0.255493 0.966811 0.000000 -48.498016 0.000000 0.000000 1.000000 0.000000
0.966817 0.255468 0.000000 280.840861 -0.255468 0.966817 0.000000 -48.497999 0.000000 0.000000 1.000000 0.000000
0.966817 0.255468 0.000000 280.841860 -0.255468 0.966817 0.000000 -48.497979 0.000000 0.000000 1.000000 0.000000
0.966817 0.255469 0.000000 280.842777 -0.255469 0.966817 0.000000 -48.497750 0.000000 0.000000 1.000000 0.000000
0.966798 0.255541 0.000000 280.843185 -0.255541 0.966798 0.000000 -48.496612 0.000000 0.000000 1.000000 0.000000
0.966798 0.255540 0.000000 280.843765 -0.255540 0.966798 0.000000 -48.496164 0.000000 0.000000 1.000000 0.000000
0.966833 0.255409 0.000000 280.844250 -0.255409 0.966833 0.000000 -48.495834 0.000000 0.000000 1.000000 0.000000
0.966765 0.255667 0.000000 280.845037 -0.255667 0.966765 0.000000 -48.495342 0.000000 0.000000 1.000000 0.000000
0.966702 0.255906 0.000000 280.845300 -0.255906 0.966702 0.000000 -48.495577 0.000000 0.000000 1.000000 0.000000
0.966685 0.255970 0.000000 280.845563 -0.255970 0.966685 0.000000 -48.496160 0.000000 0.000000 1.000000 0.000000
0.966676 0.256002 0.000000 280.845797 -0.256002 0.966676 0.000000 -48.497275 0.000000 0.000000 1.000000 0.000000
0.966642 0.256130 0.000000 280.845576 -0.256130 0.966642 0.000000 -48.498071 0.000000 0.000000 1.000000 0.000000
0.966648 0.256108 0.000000 280.846155 -0.256108 0.966648 0.000000 -48.499125 0.000000 0.000000 1.000000 0.000000
0.966630 0.256178 0.000000 280.845955 -0.256178 0.966630 0.000000 -48.499151 0.000000 0.000000 1.000000 0.000000
0.966615 0.256234 0.000000 280.846138 -0.256234 0.966615 0.000000 -48.499485 0.000000 0.000000 1.000000 0.000000
0.966625 0.256195 0.000000 280.846359 -0.256195 0.966625 0.000000 -48.499601 0.000000 0.000000 1.000000 0.000000
0.966571 0.256398 0.000000 280.845666 -0.256398 0.966571 0.000000 -48.500161 0.000000 0.000000 1.000000 0.000000
0.966586 0.256342 0.000000 280.845595 -0.256342 0.966586 0.000000 -48.499604 0.000000 0.000000 1.000000 0.000000
0.966575 0.256383 0.000000 280.845330 -0.256383 0.966575 0.000000 -48.498563 0.000000 0.000000 1.000000 0.000000
0.966584 0.256349 0.000000 280.844348 -0.256349 0.966584 0.000000 -48.498379 0.000000 0.000000 1.000000 0.000000
0.966597 0.256301 0.000000 280.843495 -0.256301 0.966597 0.000000 -48.498300 0.000000 0.000000 1.000000 0.000000
0.966620 0.256213 0.000000 280.843230 -0.256213 0.966620 0.000000 -48.496642 0.000000 0.000000 1.000000 0.000000
0.966649 0.256105 0.000000 280.842251 -0.256105 0.966649 0.000000 -48.496186 0.000000 0.000000 1.000000 0.000000
0.966650 0.256100 0.000000 280.842008 -0.256100 0.966650 0.000000 -48.495761 0.000000 0.000000 1.000000 0.000000
0.966632 0.256167 0.000000 280.841558 -0.256167 0.966632 0.000000 -48.495503 0.000000 0.000000 1.000000 0.000000
0.966630 0.256176 0.000000 280.841275 -0.256176 0.966630 0.000000 -48.495319 0.000000 0.000000 1.000000 0.000000
0.966641 0.256137 0.000000 280.840718 -0.256137 0.966641 0.000000 -48.494908 0.000000 0.000000 1.000000 0.000000
0.966646 0.256115 0.000000 280.840336 -0.256115 0.966646 0.000000 -48.494809 0.000000 0.000000 1.000000 0.000000
0.966658 0.256070 0.000000 280.839800 -0.256070 0.966658 0.000000 -48.494821 0.000000 0.000000 1.000000 0.000000
0.966649 0.256104 0.000000 280.838806 -0.256104 0.966649 0.000000 -48.494787 0.000000 0.000000 1.000000 0.000000
0.966655 0.256081 0.000000 280.838124 -0.256081 0.966655 0.000000 -48.494781 0.000000 0.000000 1.000000 0.000000
0.966689 0.255953 0.000000 280.838156 -0.255953 0.966689 0.000000 -48.494212 0.000000 0.000000 1.000000 0.000000
0.966724 0.255822 0.000000 280.838068 -0.255822 0.966724 0.000000 -48.493924 0.000000 0.000000 1.000000 0.000000
0.966729 0.255803 0.000000 280.838119 -0.255803 0.966729 0.000000 -48.493961 0.000000 0.000000 1.000000 0.000000
0.966691 0.255944 0.000000 280.838271 -0.255944 0.966691 0.000000 -48.492458 0.000000 0.000000 1.000000 0.000000
0.966663 0.256054 0.000000 280.838226 -0.256054 0.966663 0.000000 -48.491958 0.000000 0.000000 1.000000 0.000000
0.966632 0.256170 0.000000 280.838285 -0.256170 0.966632 0.000000 -48.492731 0.000000 0.000000 1.000000 0.000000
0.966613 0.256242 0.000000 280.839163 -0.256242 0.966613 0.000000 -48.492917 0.000000 0.000000 1.000000 0.000000
