0.999999 0.001228 0.000000 0.619236 -0.001228 0.999999 0.000000 -0.010927 0.000000 0.000000 1.000000 0.000000
1.000000 -0.000193 0.000000 1.308828 0.000193 1.000000 0.000000 -0.030036 0.000000 0.000000 1.000000 0.000000
1.000000 0.000374 0.000000 1.941175 -0.000374 1.000000 0.000000 -0.048170 0.000000 0.000000 1.000000 0.000000
1.000000 0.000458 0.000000 2.559314 -0.000458 1.000000 0.000000 -0.053255 0.000000 0.000000 1.000000 0.000000
0.999999 0.001719 0.000000 3.208762 -0.001719 0.999999 0.000000 -0.064176 0.000000 0.000000 1.000000 0.000000
1.000000 0.000041 0.000000 3.860862 -0.000041 1.000000 0.000000 -0.081872 0.000000 0.000000 1.000000 0.000000
0.999999 -0.001135 0.000000 4.510651 0.001135 0.999999 0.000000 -0.092732 0.000000 0.000000 1.000000 0.000000
0.999999 0.001228 0.000000 5.146826 -0.001228 0.999999 0.000000 -0.107441 0.000000 0.000000 1.000000 0.000000
1.000000 0.000915 0.000000 5.780819 -0.000915 1.000000 0.000000 -0.129296 0.000000 0.000000 1.000000 0.000000
0.999996 0.002882 0.000000 6.424587 -0.002882 0.999996 0.000000 -0.144009 0.000000 0.000000 1.000000 0.000000
0.999996 0.002893 0.000000 6.996475 -0.002893 0.999996 0.000000 -0.157869 0.000000 0.000000 1.000000 0.000000
0.999993 0.003638 0.000000 7.622552 -0.003638 0.999993 0.000000 -0.170892 0.000000 0.000000 1.000000 0.000000
0.999988 0.004917 0.000000 8.248744 -0.004917 0.999988 0.000000 -0.183084 0.000000 0.000000 1.000000 0.000000
0.999999 0.001017 0.000000 8.901820 -0.001017 0.999999 0.000000 -0.210986 0.000000 0.000000 1.000000 0.000000
1.000000 0.000504 0.000000 9.527592 -0.000504 1.000000 0.000000 -0.219795 0.000000 0.000000 1.000000 0.000000
0.999981 -0.006217 0.000000 10.155715 0.006217 0.999981 0.000000 -0.242634 0.000000 0.000000 1.000000 0.000000
0.999981 -0.006104 0.000000 10.780278 0.006104 0.999981 0.000000 -0.251621 0.000000 0.000000 1.000000 0.000000
0.999996 -0.002751 0.000000 11.401835 0.002751 0.999996 0.000000 -0.258476 0.000000 0.000000 1.000000 0.000000
0.999989 -0.004722 0.000000 12.018381 0.004722 0.999989 0.000000 -0.276244 0.000000 0.000000 1.000000 0.000000
0.999994 -0.003404 0.000000 12.626954 0.003404 0.999994 0.000000 -0.300193 0.000000 0.000000 1.000000 0.000000
0.999994 -0.003489 0.000000 13.253740 0.003489 0.999994 0.000000 -0.309435 0.000000 0.000000 1.000000 0.000000
0.999997 -0.002591 0.000000 13.871563 0.002591 0.999997 0.000000 -0.323118 0.000000 0.000000 1.000000 0.000000
1.000000 -0.000832 0.000000 14.472769 0.000832 1.000000 0.000000 -0.342590 0.000000 0.000000 1.000000 0.000000
0.999997 -0.002453 0.000000 15.117202 0.002453 0.999997 0.000000 -0.364597 0.000000 0.000000 1.000000 0.000000
0.999993 -0.003798 0.000000 15.718148 0.003798 0.999993 0.000000 -0.380160 0.000000 0.000000 1.000000 0.000000
0.999988 -0.004840 0.000000 16.301998 0.004840 0.999988 0.000000 -0.406208 0.000000 0.000000 1.000000 0.000000
0.999991 -0.004322 0.000000 16.965000 0.004322 0.999991 0.000000 -0.437981 0.000000 0.000000 1.000000 0.000000
0.999995 -0.003259 0.000000 17.602402 0.003259 0.999995 0.000000 -0.466111 0.000000 0.000000 1.000000 0.000000
0.999998 -0.002171 0.000000 18.210276 0.002171 0.999998 0.000000 -0.488652 0.000000 0.000000 1.000000 0.000000
1.000000 0.000163 0.000000 18.797646 -0.000163 1.000000 0.000000 -0.507016 0.000000 0.000000 1.000000 0.000000
0.999989 0.004615 0.000000 19.441516 -0.004615 0.999989 0.000000 -0.524239 0.000000 0.000000 1.000000 0.000000
0.999977 0.006824 0.000000 20.057573 -0.006824 0.999977 0.000000 -0.544611 0.000000 0.000000 1.000000 0.000000
0.999964 0.008490 0.000000 20.694364 -0.008490 0.999964 0.000000 -0.567239 0.000000 0.000000 1.000000 0.000000
0.999971 0.007600 0.000000 21.355374 -0.007600 0.999971 0.000000 -0.582719 0.000000 0.000000 1.000000 0.000000
0.999975 0.007015 0.000000 22.195839 -0.007015 0.999975 0.000000 -0.622938 0.000000 0.000000 1.000000 0.000000
0.999958 0.009200 0.000000 22.840717 -0.009200 0.999958 0.000000 -0.649311 0.000000 0.000000 1.000000 0.000000
0.999946 0.010432 0.000000 23.494315 -0.010432 0.999946 0.000000 -0.671760 0.000000 0.000000 1.000000 0.000000
0.999930 0.011823 0.000000 24.134209 -0.011823 0.999930 0.000000 -0.701306 0.000000 0.000000 1.000000 0.000000
0.999908 0.013568 0.000000 24.775176 -0.013568 0.999908 0.000000 -0.734618 0.000000 0.000000 1.000000 0.000000
0.999933 0.011606 0.000000 25.420204 -0.011606 0.999933 0.000000 -0.776898 0.000000 0.000000 1.000000 0.000000
0.999897 0.014342 0.000000 26.072663 -0.014342 0.999897 0.000000 -0.799713 0.000000 0.000000 1.000000 0.000000
0.999884 0.015235 0.000000 26.732794 -0.015235 0.999884 0.000000 -0.834062 0.000000 0.000000 1.000000 0.000000
0.999833 0.018259 0.000000 27.379725 -0.018259 0.999833 0.000000 -0.853826 0.000000 0.000000 1.000000 0.000000
0.999871 0.016050 0.000000 28.009018 -0.016050 0.999871 0.000000 -0.891386 0.000000 0.000000 1.000000 0.000000
0.999812 0.019383 0.000000 28.662444 -0.019383 0.999812 0.000000 -0.906111 0.000000 0.000000 1.000000 0.000000
0.999855 0.017053 0.000000 29.319054 -0.017053 0.999855 0.000000 -0.936468 0.000000 0.000000 1.000000 0.000000
0.999845 0.017623 0.000000 29.963055 -0.017623 0.999845 0.000000 -0.961943 0.000000 0.000000 1.000000 0.000000
0.999835 0.018150 0.000000 30.609438 -0.018150 0.999835 0.000000 -0.982037 0.000000 0.000000 1.000000 0.000000
0.999875 0.015823 0.000000 31.208663 -0.015823 0.999875 0.000000 -1.016804 0.000000 0.000000 1.000000 0.000000
0.999869 0.016162 0.000000 31.855775 -0.016162 0.999869 0.000000 -1.055465 0.000000 0.000000 1.000000 0.000000
0.999813 0.019363 0.000000 32.480519 -0.019363 0.999813 0.000000 -1.072592 0.000000 0.000000 1.000000 0.000000
0.999830 0.018419 0.000000 33.143808 -0.018419 0.999830 0.000000 -1.094242 0.000000 0.000000 1.000000 0.000000
0.999864 0.016501 0.000000 33.799042 -0.016501 0.999864 0.000000 -1.124084 0.000000 0.000000 1.000000 0.000000
0.999868 0.016254 0.000000 34.426210 -0.016254 0.999868 0.000000 -1.145236 0.000000 0.000000 1.000000 0.000000
0.999878 0.015591 0.000000 35.080972 -0.015591 0.999878 0.000000 -1.166274 0.000000 0.000000 1.000000 0.000000
0.999899 0.014202 0.000000 35.723250 -0.014202 0.999899 0.000000 -1.183014 0.000000 0.000000 1.000000 0.000000
0.999903 0.013922 0.000000 36.353631 -0.013922 0.999903 0.000000 -1.202663 0.000000 0.000000 1.000000 0.000000
0.999880 0.015470 0.000000 37.007917 -0.015470 0.999880 0.000000 -1.220219 0.000000 0.000000 1.000000 0.000000
0.999883 0.015282 0.000000 37.668504 -0.015282 0.999883 0.000000 -1.233892 0.000000 0.000000 1.000000 0.000000
0.999914 0.013082 0.000000 38.268499 -0.013082 0.999914 0.000000 -1.257127 0.000000 0.000000 1.000000 0.000000
0.999906 0.013720 0.000000 38.924013 -0.013720 0.999906 0.000000 -1.268420 0.000000 0.000000 1.000000 0.000000
0.999955 0.009445 0.000000 39.584203 -0.009445 0.999955 0.000000 -1.290811 0.000000 0.000000 1.000000 0.000000
0.999929 0.011940 0.000000 40.240363 -0.011940 0.999929 0.000000 -1.299532 0.000000 0.000000 1.000000 0.000000
0.999972 0.007458 0.000000 40.904868 -0.007458 0.999972 0.000000 -1.315201 0.000000 0.000000 1.000000 0.000000
0.999990 0.004499 0.000000 41.566400 -0.004499 0.999990 0.000000 -1.335512 0.000000 0.000000 1.000000 0.000000
0.999991 0.004209 0.000000 42.176418 -0.004209 0.999991 0.000000 -1.349556 0.000000 0.000000 1.000000 0.000000
0.999989 0.004630 0.000000 42.846434 -0.004630 0.999989 0.000000 -1.358473 0.000000 0.000000 1.000000 0.000000
0.999975 0.007058 0.000000 43.504627 -0.007058 0.999975 0.000000 -1.367827 0.000000 0.000000 1.000000 0.000000
0.999967 0.008097 0.000000 44.187835 -0.008097 0.999967 0.000000 -1.378749 0.000000 0.000000 1.000000 0.000000
0.999958 0.009162 0.000000 44.847907 -0.009162 0.999958 0.000000 -1.393645 0.000000 0.000000 1.000000 0.000000
0.999993 0.003617 0.000000 45.519351 -0.003617 0.999993 0.000000 -1.402558 0.000000 0.000000 1.000000 0.000000
0.999975 0.007074 0.000000 46.561417 -0.007074 0.999975 0.000000 -1.436011 0.000000 0.000000 1.000000 0.000000
0.999984 0.005620 0.000000 47.235751 -0.005620 0.999984 0.000000 -1.455922 0.000000 0.000000 1.000000 0.000000
0.999991 0.004149 0.000000 47.882246 -0.004149 0.999991 0.000000 -1.471309 0.000000 0.000000 1.000000 0.000000
0.999994 0.003578 0.000000 48.556597 -0.003578 0.999994 0.000000 -1.492122 0.000000 0.000000 1.000000 0.000000
0.999995 0.003292 0.000000 49.207100 -0.003292 0.999995 0.000000 -1.514013 0.000000 0.000000 1.000000 0.000000
0.999995 0.003274 0.000000 49.870942 -0.003274 0.999995 0.000000 -1.532893 0.000000 0.000000 1.000000 0.000000
1.000000 0.000167 0.000000 50.533937 -0.000167 1.000000 0.000000 -1.545887 0.000000 0.000000 1.000000 0.000000
1.000000 -0.000684 0.000000 51.191159 0.000684 1.000000 0.000000 -1.565667 0.000000 0.000000 1.000000 0.000000
0.999995 -0.003214 0.000000 52.545818 0.003214 0.999995 0.000000 -1.580133 0.000000 0.000000 1.000000 0.000000
0.999985 -0.005435 0.000000 53.203542 0.005435 0.999985 0.000000 -1.585739 0.000000 0.000000 1.000000 0.000000
0.999952 -0.009754 0.000000 53.831051 0.009754 0.999952 0.000000 -1.582085 0.000000 0.000000 1.000000 0.000000
0.999943 -0.010708 0.000000 54.481115 0.010708 0.999943 0.000000 -1.586672 0.000000 0.000000 1.000000 0.000000
0.999950 -0.010039 0.000000 55.159268 0.010039 0.999950 0.000000 -1.597072 0.000000 0.000000 1.000000 0.000000
0.999956 -0.009380 0.000000 55.825087 0.009380 0.999956 0.000000 -1.607221 0.000000 0.000000 1.000000 0.000000
0.999938 -0.011166 0.000000 56.467392 0.011166 0.999938 0.000000 -1.614720 0.000000 0.000000 1.000000 0.000000
0.999948 -0.010224 0.000000 57.109399 0.010224 0.999948 0.000000 -1.617025 0.000000 0.000000 1.000000 0.000000
0.999952 -0.009817 0.000000 57.736024 0.009817 0.999952 0.000000 -1.621768 0.000000 0.000000 1.000000 0.000000
0.999949 -0.010131 0.000000 58.342616 0.010131 0.999949 0.000000 -1.628453 0.000000 0.000000 1.000000 0.000000
0.999952 -0.009837 0.000000 58.998781 0.009837 0.999952 0.000000 -1.640343 0.000000 0.000000 1.000000 0.000000
0.999949 -0.010111 0.000000 59.631014 0.010111 0.999949 0.000000 -1.650182 0.000000 0.000000 1.000000 0.000000
0.999940 -0.010953 0.000000 60.214884 0.010953 0.999940 0.000000 -1.658143 0.000000 0.000000 1.000000 0.000000
0.999935 -0.011378 0.000000 60.870355 0.011378 0.999935 0.000000 -1.667610 0.000000 0.000000 1.000000 0.000000
0.999917 -0.012912 0.000000 61.490534 0.012912 0.999917 0.000000 -1.679151 0.000000 0.000000 1.000000 0.000000
0.999925 -0.012264 0.000000 62.055327 0.012264 0.999925 0.000000 -1.688712 0.000000 0.000000 1.000000 0.000000
0.999912 -0.013292 0.000000 62.699890 0.013292 0.999912 0.000000 -1.695841 0.000000 0.000000 1.000000 0.000000
0.999916 -0.012995 0.000000 63.273320 0.012995 0.999916 0.000000 -1.696035 0.000000 0.000000 1.000000 0.000000
0.999959 -0.009103 0.000000 63.903959 0.009103 0.999959 0.000000 -1.695578 0.000000 0.000000 1.000000 0.000000
0.999961 -0.008845 0.000000 64.532389 0.008845 0.999961 0.000000 -1.695747 0.000000 0.000000 1.000000 0.000000
0.999965 -0.008318 0.000000 65.359965 0.008318 0.999965 0.000000 -1.703723 0.000000 0.000000 1.000000 0.000000
0.999969 -0.007837 0.000000 65.959977 0.007837 0.999969 0.000000 -1.711291 0.000000 0.000000 1.000000 0.000000
0.999983 -0.005787 0.000000 66.572741 0.005787 0.999983 0.000000 -1.718476 0.000000 0.000000 1.000000 0.000000
0.999948 -0.010169 0.000000 67.179282 0.010169 0.999948 0.000000 -1.723970 0.000000 0.000000 1.000000 0.000000
0.999951 -0.009888 0.000000 67.800558 0.009888 0.999951 0.000000 -1.721782 0.000000 0.000000 1.000000 0.000000
0.999907 -0.013643 0.000000 68.385687 0.013643 0.999907 0.000000 -1.723407 0.000000 0.000000 1.000000 0.000000
0.999886 -0.015127 0.000000 69.048538 0.015127 0.999886 0.000000 -1.730645 0.000000 0.000000 1.000000 0.000000
0.999882 -0.015373 0.000000 69.666430 0.015373 0.999882 0.000000 -1.732862 0.000000 0.000000 1.000000 0.000000
0.999866 -0.016388 0.000000 70.267699 0.016388 0.999866 0.000000 -1.740702 0.000000 0.000000 1.000000 0.000000
0.999911 -0.013327 0.000000 71.458614 0.013327 0.999911 0.000000 -1.762479 0.000000 0.000000 1.000000 0.000000
0.999884 -0.015261 0.000000 72.066741 0.015261 0.999884 0.000000 -1.768219 0.000000 0.000000 1.000000 0.000000
0.999901 -0.014049 0.000000 72.659996 0.014049 0.999901 0.000000 -1.773007 0.000000 0.000000 1.000000 0.000000
0.999923 -0.012413 0.000000 73.251505 0.012413 0.999923 0.000000 -1.788057 0.000000 0.000000 1.000000 0.000000
0.999920 -0.012677 0.000000 73.844393 0.012677 0.999920 0.000000 -1.798204 0.000000 0.000000 1.000000 0.000000
0.999942 -0.010738 0.000000 74.430952 0.010738 0.999942 0.000000 -1.801918 0.000000 0.000000 1.000000 0.000000
0.999935 -0.011394 0.000000 75.030302 0.011394 0.999935 0.000000 -1.811389 0.000000 0.000000 1.000000 0.000000
0.999912 -0.013280 0.000000 75.595195 0.013280 0.999912 0.000000 -1.815602 0.000000 0.000000 1.000000 0.000000
0.999904 -0.013863 0.000000 76.175028 0.013863 0.999904 0.000000 -1.822377 0.000000 0.000000 1.000000 0.000000
0.999915 -0.013068 0.000000 76.742935 0.013068 0.999915 0.000000 -1.823067 0.000000 0.000000 1.000000 0.000000
0.999914 -0.013081 0.000000 77.289052 0.013081 0.999914 0.000000 -1.829008 0.000000 0.000000 1.000000 0.000000
0.999911 -0.013352 0.000000 77.842852 0.013352 0.999911 0.000000 -1.838951 0.000000 0.000000 1.000000 0.000000
0.999910 -0.013430 0.000000 78.386098 0.013430 0.999910 0.000000 -1.846401 0.000000 0.000000 1.000000 0.000000
0.999930 -0.011813 0.000000 78.918316 0.011813 0.999930 0.000000 -1.848901 0.000000 0.000000 1.000000 0.000000
0.999947 -0.010329 0.000000 79.457958 0.010329 0.999947 0.000000 -1.848683 0.000000 0.000000 1.000000 0.000000
0.999972 -0.007457 0.000000 79.980821 0.007457 0.999972 0.000000 -1.853446 0.000000 0.000000 1.000000 0.000000
0.999989 -0.004754 0.000000 80.501133 0.004754 0.999989 0.000000 -1.850998 0.000000 0.000000 1.000000 0.000000
0.999986 -0.005364 0.000000 81.035463 0.005364 0.999986 0.000000 -1.856318 0.000000 0.000000 1.000000 0.000000
0.999985 -0.005535 0.000000 81.569366 0.005535 0.999985 0.000000 -1.863469 0.000000 0.000000 1.000000 0.000000
0.999986 -0.005242 0.000000 82.069844 0.005242 0.999986 0.000000 -1.867153 0.000000 0.000000 1.000000 0.000000
0.999991 -0.004282 0.000000 82.599202 0.004282 0.999991 0.000000 -1.876345 0.000000 0.000000 1.000000 0.000000
0.999998 -0.001785 0.000000 83.123201 0.001785 0.999998 0.000000 -1.883139 0.000000 0.000000 1.000000 0.000000
0.999997 -0.002420 0.000000 83.612965 0.002420 0.999997 0.000000 -1.896722 0.000000 0.000000 1.000000 0.000000
0.999999 -0.001487 0.000000 84.139427 0.001487 0.999999 0.000000 -1.910142 0.000000 0.000000 1.000000 0.000000
1.000000 0.000070 0.000000 84.654525 -0.000070 1.000000 0.000000 -1.917863 0.000000 0.000000 1.000000 0.000000
0.999998 0.002080 0.000000 85.154657 -0.002080 0.999998 0.000000 -1.928948 0.000000 0.000000 1.000000 0.000000
0.999996 0.002999 0.000000 85.677994 -0.002999 0.999996 0.000000 -1.948539 0.000000 0.000000 1.000000 0.000000
0.999994 0.003333 0.000000 86.147237 -0.003333 0.999994 0.000000 -1.964185 0.000000 0.000000 1.000000 0.000000
0.999986 0.005354 0.000000 86.673539 -0.005354 0.999986 0.000000 -1.976300 0.000000 0.000000 1.000000 0.000000
0.999984 0.005709 0.000000 87.329161 -0.005709 0.999984 0.000000 -2.002640 0.000000 0.000000 1.000000 0.000000
0.999985 0.005517 0.000000 87.842361 -0.005517 0.999985 0.000000 -2.010130 0.000000 0.000000 1.000000 0.000000
0.999982 0.006007 0.000000 88.356576 -0.006007 0.999982 0.000000 -2.015603 0.000000 0.000000 1.000000 0.000000
0.999973 0.007282 0.000000 88.852134 -0.007282 0.999973 0.000000 -2.024650 0.000000 0.000000 1.000000 0.000000
0.999977 0.006739 0.000000 89.351383 -0.006739 0.999977 0.000000 -2.031018 0.000000 0.000000 1.000000 0.000000
0.999984 0.005578 0.000000 89.849435 -0.005578 0.999984 0.000000 -2.039428 0.000000 0.000000 1.000000 0.000000
0.999983 0.005853 0.000000 90.333103 -0.005853 0.999983 0.000000 -2.057439 0.000000 0.000000 1.000000 0.000000
0.999934 0.011488 0.000000 91.331323 -0.011488 0.999934 0.000000 -2.093363 0.000000 0.000000 1.000000 0.000000
0.999890 0.014822 0.000000 91.811759 -0.014822 0.999890 0.000000 -2.122712 0.000000 0.000000 1.000000 0.000000
0.999857 0.016900 0.000000 92.296742 -0.016900 0.999857 0.000000 -2.145306 0.000000 0.000000 1.000000 0.000000
0.999776 0.021143 0.000000 92.805732 -0.021143 0.999776 0.000000 -2.157300 0.000000 0.000000 1.000000 0.000000
0.999735 0.023015 0.000000 93.295867 -0.023015 0.999735 0.000000 -2.180924 0.000000 0.000000 1.000000 0.000000
0.999639 0.026867 0.000000 93.779339 -0.026867 0.999639 0.000000 -2.211926 0.000000 0.000000 1.000000 0.000000
0.999586 0.028776 0.000000 94.223133 -0.028776 0.999586 0.000000 -2.238402 0.000000 0.000000 1.000000 0.000000
0.999478 0.032295 0.000000 94.698571 -0.032295 0.999478 0.000000 -2.264646 0.000000 0.000000 1.000000 0.000000
0.999290 0.037665 0.000000 95.167592 -0.037665 0.999290 0.000000 -2.293243 0.000000 0.000000 1.000000 0.000000
0.999194 0.040132 0.000000 95.635962 -0.040132 0.999194 0.000000 -2.318782 0.000000 0.000000 1.000000 0.000000
0.999093 0.042581 0.000000 96.064930 -0.042581 0.999093 0.000000 -2.346007 0.000000 0.000000 1.000000 0.000000
0.999003 0.044643 0.000000 96.520476 -0.044643 0.999003 0.000000 -2.375375 0.000000 0.000000 1.000000 0.000000
0.998948 0.045850 0.000000 96.963798 -0.045850 0.998948 0.000000 -2.402024 0.000000 0.000000 1.000000 0.000000
0.998923 0.046398 0.000000 97.388724 -0.046398 0.998923 0.000000 -2.438794 0.000000 0.000000 1.000000 0.000000
0.998749 0.049995 0.000000 97.812221 -0.049995 0.998749 0.000000 -2.475893 0.000000 0.000000 1.000000 0.000000
0.998655 0.051844 0.000000 98.229538 -0.051844 0.998655 0.000000 -2.497490 0.000000 0.000000 1.000000 0.000000
0.998273 0.058751 0.000000 98.665836 -0.058751 0.998273 0.000000 -2.525503 0.000000 0.000000 1.000000 0.000000
0.997985 0.063454 0.000000 99.082532 -0.063454 0.997985 0.000000 -2.550596 0.000000 0.000000 1.000000 0.000000
0.997976 0.063588 0.000000 99.487740 -0.063588 0.997976 0.000000 -2.580984 0.000000 0.000000 1.000000 0.000000
0.998123 0.061237 0.000000 99.896090 -0.061237 0.998123 0.000000 -2.615384 0.000000 0.000000 1.000000 0.000000
0.997936 0.064218 0.000000 100.301446 -0.064218 0.997936 0.000000 -2.643260 0.000000 0.000000 1.000000 0.000000
0.998030 0.062738 0.000000 100.701848 -0.062738 0.998030 0.000000 -2.684562 0.000000 0.000000 1.000000 0.000000
0.997605 0.069175 0.000000 101.061494 -0.069175 0.997605 0.000000 -2.724538 0.000000 0.000000 1.000000 0.000000
0.997185 0.074985 0.000000 101.463020 -0.074985 0.997185 0.000000 -2.750122 0.000000 0.000000 1.000000 0.000000
0.997206 0.074706 0.000000 101.870037 -0.074706 0.997206 0.000000 -2.798502 0.000000 0.000000 1.000000 0.000000
0.996886 0.078852 0.000000 102.233029 -0.078852 0.996886 0.000000 -2.833304 0.000000 0.000000 1.000000 0.000000
0.996579 0.082648 0.000000 102.653248 -0.082648 0.996579 0.000000 -2.859047 0.000000 0.000000 1.000000 0.000000
0.996160 0.087556 0.000000 103.062945 -0.087556 0.996160 0.000000 -2.875633 0.000000 0.000000 1.000000 0.000000
0.995697 0.092671 0.000000 103.637916 -0.092671 0.995697 0.000000 -2.925254 0.000000 0.000000 1.000000 0.000000
0.995419 0.095609 0.000000 104.058541 -0.095609 0.995419 0.000000 -2.966218 0.000000 0.000000 1.000000 0.000000
0.995170 0.098171 0.000000 104.468130 -0.098171 0.995170 0.000000 -3.019095 0.000000 0.000000 1.000000 0.000000
0.994880 0.101064 0.000000 104.896239 -0.101064 0.994880 0.000000 -3.073311 0.000000 0.000000 1.000000 0.000000
0.994593 0.103846 0.000000 105.309631 -0.103846 0.994593 0.000000 -3.129236 0.000000 0.000000 1.000000 0.000000
0.994379 0.105875 0.000000 105.734773 -0.105875 0.994379 0.000000 -3.176148 0.000000 0.000000 1.000000 0.000000
0.994394 0.105739 0.000000 106.160983 -0.105739 0.994394 0.000000 -3.224420 0.000000 0.000000 1.000000 0.000000
0.994052 0.108910 0.000000 106.596922 -0.108910 0.994052 0.000000 -3.270412 0.000000 0.000000 1.000000 0.000000
0.993036 0.117809 0.000000 107.336082 -0.117809 0.993036 0.000000 -3.369514 0.000000 0.000000 1.000000 0.000000
0.993134 0.116980 0.000000 107.769519 -0.116980 0.993134 0.000000 -3.438216 0.000000 0.000000 1.000000 0.000000
0.993249 0.116002 0.000000 108.210287 -0.116002 0.993249 0.000000 -3.500893 0.000000 0.000000 1.000000 0.000000
0.993142 0.116914 0.000000 108.659921 -0.116914 0.993142 0.000000 -3.565758 0.000000 0.000000 1.000000 0.000000
0.993251 0.115984 0.000000 109.097218 -0.115984 0.993251 0.000000 -3.620463 0.000000 0.000000 1.000000 0.000000
0.992844 0.119418 0.000000 109.558358 -0.119418 0.992844 0.000000 -3.670222 0.000000 0.000000 1.000000 0.000000
0.992796 0.119821 0.000000 110.005250 -0.119821 0.992796 0.000000 -3.730237 0.000000 0.000000 1.000000 0.000000
0.992897 0.118973 0.000000 110.453336 -0.118973 0.992897 0.000000 -3.790497 0.000000 0.000000 1.000000 0.000000
0.992865 0.119243 0.000000 110.896128 -0.119243 0.992865 0.000000 -3.856945 0.000000 0.000000 1.000000 0.000000
0.992861 0.119277 0.000000 111.361004 -0.119277 0.992861 0.000000 -3.920987 0.000000 0.000000 1.000000 0.000000
0.992410 0.122975 0.000000 111.816444 -0.122975 0.992410 0.000000 -3.998890 0.000000 0.000000 1.000000 0.000000
0.992401 0.123043 0.000000 112.651152 -0.123043 0.992401 0.000000 -4.127762 0.000000 0.000000 1.000000 0.000000
0.992435 0.122772 0.000000 113.114301 -0.122772 0.992435 0.000000 -4.200008 0.000000 0.000000 1.000000 0.000000
0.992082 0.125595 0.000000 113.577399 -0.125595 0.992082 0.000000 -4.262045 0.000000 0.000000 1.000000 0.000000
0.992072 0.125671 0.000000 114.032676 -0.125671 0.992072 0.000000 -4.340350 0.000000 0.000000 1.000000 0.000000
0.991753 0.128166 0.000000 114.497722 -0.128166 0.991753 0.000000 -4.413800 0.000000 0.000000 1.000000 0.000000
0.991556 0.129677 0.000000 114.970491 -0.129677 0.991556 0.000000 -4.494084 0.000000 0.000000 1.000000 0.000000
0.991395 0.130902 0.000000 115.453267 -0.130902 0.991395 0.000000 -4.581720 0.000000 0.000000 1.000000 0.000000
0.990807 0.135283 0.000000 115.925343 -0.135283 0.990807 0.000000 -4.654286 0.000000 0.000000 1.000000 0.000000
0.990106 0.140321 0.000000 116.428368 -0.140321 0.990106 0.000000 -4.733696 0.000000 0.000000 1.000000 0.000000
0.989541 0.144250 0.000000 116.864030 -0.144250 0.989541 0.000000 -4.800006 0.000000 0.000000 1.000000 0.000000
0.989508 0.144476 0.000000 117.367643 -0.144476 0.989508 0.000000 -4.884330 0.000000 0.000000 1.000000 0.000000
0.989209 0.146512 0.000000 117.860980 -0.146512 0.989209 0.000000 -4.975912 0.000000 0.000000 1.000000 0.000000
0.989100 0.147245 0.000000 118.343469 -0.147245 0.989100 0.000000 -5.053171 0.000000 0.000000 1.000000 0.000000
0.989597 0.143870 0.000000 118.813622 -0.143870 0.989597 0.000000 -5.136714 0.000000 0.000000 1.000000 0.000000
0.989216 0.146461 0.000000 119.302218 -0.146461 0.989216 0.000000 -5.204727 0.000000 0.000000 1.000000 0.000000
0.989030 0.147716 0.000000 119.796546 -0.147716 0.989030 0.000000 -5.278861 0.000000 0.000000 1.000000 0.000000
0.988471 0.151412 0.000000 120.295090 -0.151412 0.988471 0.000000 -5.354404 0.000000 0.000000 1.000000 0.000000
0.987364 0.158468 0.000000 120.787220 -0.158468 0.987364 0.000000 -5.434048 0.000000 0.000000 1.000000 0.000000
0.986875 0.161487 0.000000 121.238273 -0.161487 0.986875 0.000000 -5.507596 0.000000 0.000000 1.000000 0.000000
0.986769 0.162132 0.000000 121.739321 -0.162132 0.986769 0.000000 -5.592983 0.000000 0.000000 1.000000 0.000000
0.986204 0.165533 0.000000 122.237091 -0.165533 0.986204 0.000000 -5.681170 0.000000 0.000000 1.000000 0.000000
0.986165 0.165765 0.000000 123.042334 -0.165765 0.986165 0.000000 -5.817368 0.000000 0.000000 1.000000 0.000000
0.986183 0.165657 0.000000 123.548188 -0.165657 0.986183 0.000000 -5.914453 0.000000 0.000000 1.000000 0.000000
0.987952 0.154758 0.000000 124.541729 -0.154758 0.987952 0.000000 -6.098595 0.000000 0.000000 1.000000 0.000000
0.988692 0.149958 0.000000 125.048566 -0.149958 0.988692 0.000000 -6.216009 0.000000 0.000000 1.000000 0.000000
0.989259 0.146175 0.000000 125.570225 -0.146175 0.989259 0.000000 -6.307938 0.000000 0.000000 1.000000 0.000000
0.989355 0.145522 0.000000 126.069816 -0.145522 0.989355 0.000000 -6.389380 0.000000 0.000000 1.000000 0.000000
0.989792 0.142518 0.000000 126.582955 -0.142518 0.989792 0.000000 -6.464232 0.000000 0.000000 1.000000 0.000000
0.989231 0.146363 0.000000 127.095009 -0.146363 0.989231 0.000000 -6.550771 0.000000 0.000000 1.000000 0.000000
0.990210 0.139588 0.000000 127.647722 -0.139588 0.990210 0.000000 -6.653023 0.000000 0.000000 1.000000 0.000000
0.989769 0.142679 0.000000 128.163222 -0.142679 0.989769 0.000000 -6.739368 0.000000 0.000000 1.000000 0.000000
0.989509 0.144469 0.000000 128.684937 -0.144469 0.989509 0.000000 -6.829997 0.000000 0.000000 1.000000 0.000000
0.989299 0.145902 0.000000 129.192661 -0.145902 0.989299 0.000000 -6.923354 0.000000 0.000000 1.000000 0.000000
0.989282 0.146020 0.000000 129.672128 -0.146020 0.989282 0.000000 -7.005748 0.000000 0.000000 1.000000 0.000000
0.989174 0.146751 0.000000 130.221953 -0.146751 0.989174 0.000000 -7.121569 0.000000 0.000000 1.000000 0.000000
0.989202 0.146557 0.000000 130.739362 -0.146557 0.989202 0.000000 -7.230456 0.000000 0.000000 1.000000 0.000000
0.988733 0.149687 0.000000 131.219023 -0.149687 0.988733 0.000000 -7.312184 0.000000 0.000000 1.000000 0.000000
0.989259 0.146175 0.000000 131.739434 -0.146175 0.989259 0.000000 -7.394280 0.000000 0.000000 1.000000 0.000000
0.988839 0.148990 0.000000 132.293046 -0.148990 0.988839 0.000000 -7.498940 0.000000 0.000000 1.000000 0.000000
0.988198 0.153183 0.000000 132.917384 -0.153183 0.988198 0.000000 -7.584837 0.000000 0.000000 1.000000 0.000000
0.987972 0.154630 0.000000 133.490010 -0.154630 0.987972 0.000000 -7.647782 0.000000 0.000000 1.000000 0.000000
0.986491 0.163813 0.000000 134.010083 -0.163813 0.986491 0.000000 -7.752947 0.000000 0.000000 1.000000 0.000000
0.986449 0.164069 0.000000 134.555135 -0.164069 0.986449 0.000000 -7.857729 0.000000 0.000000 1.000000 0.000000
0.985364 0.170463 0.000000 135.090626 -0.170463 0.985364 0.000000 -7.953647 0.000000 0.000000 1.000000 0.000000
0.985021 0.172435 0.000000 135.638983 -0.172435 0.985021 0.000000 -8.065988 0.000000 0.000000 1.000000 0.000000
0.984115 0.177534 0.000000 139.445558 -0.177534 0.984115 0.000000 -8.843531 0.000000 0.000000 1.000000 0.000000
0.984051 0.177886 0.000000 139.967157 -0.177886 0.984051 0.000000 -8.945844 0.000000 0.000000 1.000000 0.000000
0.999932 0.011687 0.000000 141.835062 -0.011687 0.999932 0.000000 -8.559045 0.000000 0.000000 1.000000 0.000000
0.999848 0.017440 0.000000 142.973305 -0.017440 0.999848 0.000000 -8.612627 0.000000 0.000000 1.000000 0.000000
0.999824 0.018767 0.000000 143.550670 -0.018767 0.999824 0.000000 -8.628276 0.000000 0.000000 1.000000 0.000000
0.999795 0.020245 0.000000 144.123559 -0.020245 0.999795 0.000000 -8.642772 0.000000 0.000000 1.000000 0.000000
0.999791 0.020444 0.000000 144.710244 -0.020444 0.999791 0.000000 -8.652216 0.000000 0.000000 1.000000 0.000000
0.999804 0.019800 0.000000 145.297023 -0.019800 0.999804 0.000000 -8.681053 0.000000 0.000000 1.000000 0.000000
0.999863 0.016532 0.000000 145.882218 -0.016532 0.999863 0.000000 -8.707765 0.000000 0.000000 1.000000 0.000000
0.999788 0.020614 0.000000 146.461517 -0.020614 0.999788 0.000000 -8.739007 0.000000 0.000000 1.000000 0.000000
0.999755 0.022118 0.000000 147.053587 -0.022118 0.999755 0.000000 -8.763083 0.000000 0.000000 1.000000 0.000000
0.999789 0.020560 0.000000 147.634278 -0.020560 0.999789 0.000000 -8.809826 0.000000 0.000000 1.000000 0.000000
0.999759 0.021973 0.000000 148.582124 -0.021973 0.999759 0.000000 -8.870515 0.000000 0.000000 1.000000 0.000000
0.999624 0.027427 0.000000 149.157961 -0.027427 0.999624 0.000000 -8.909600 0.000000 0.000000 1.000000 0.000000
0.999639 0.026872 0.000000 149.725384 -0.026872 0.999639 0.000000 -8.957817 0.000000 0.000000 1.000000 0.000000
0.999498 0.031686 0.000000 150.301556 -0.031686 0.999498 0.000000 -8.993740 0.000000 0.000000 1.000000 0.000000
0.999308 0.037196 0.000000 150.940036 -0.037196 0.999308 0.000000 -9.042423 0.000000 0.000000 1.000000 0.000000
0.999180 0.040484 0.000000 151.485969 -0.040484 0.999180 0.000000 -9.082594 0.000000 0.000000 1.000000 0.000000
0.999110 0.042177 0.000000 152.100079 -0.042177 0.999110 0.000000 -9.148749 0.000000 0.000000 1.000000 0.000000
0.999109 0.042193 0.000000 152.697277 -0.042193 0.999109 0.000000 -9.202377 0.000000 0.000000 1.000000 0.000000
0.999117 0.042005 0.000000 153.289708 -0.042005 0.999117 0.000000 -9.229262 0.000000 0.000000 1.000000 0.000000
0.999063 0.043272 0.000000 153.845596 -0.043272 0.999063 0.000000 -9.232674 0.000000 0.000000 1.000000 0.000000
0.998997 0.044771 0.000000 154.440297 -0.044771 0.998997 0.000000 -9.255776 0.000000 0.000000 1.000000 0.000000
0.999126 0.041794 0.000000 155.027689 -0.041794 0.999126 0.000000 -9.281364 0.000000 0.000000 1.000000 0.000000
0.999154 0.041119 0.000000 155.603669 -0.041119 0.999154 0.000000 -9.295238 0.000000 0.000000 1.000000 0.000000
0.999146 0.041310 0.000000 156.216194 -0.041310 0.999146 0.000000 -9.303456 0.000000 0.000000 1.000000 0.000000
0.999235 0.039116 0.000000 156.806025 -0.039116 0.999235 0.000000 -9.331030 0.000000 0.000000 1.000000 0.000000
0.999106 0.042283 0.000000 157.381207 -0.042283 0.999106 0.000000 -9.335039 0.000000 0.000000 1.000000 0.000000
0.999008 0.044532 0.000000 158.546481 -0.044532 0.999008 0.000000 -9.400954 0.000000 0.000000 1.000000 0.000000
0.998981 0.045137 0.000000 159.116860 -0.045137 0.998981 0.000000 -9.424703 0.000000 0.000000 1.000000 0.000000
0.999113 0.042120 0.000000 159.645716 -0.042120 0.999113 0.000000 -9.456661 0.000000 0.000000 1.000000 0.000000
0.998852 0.047904 0.000000 160.250731 -0.047904 0.998852 0.000000 -9.471595 0.000000 0.000000 1.000000 0.000000
0.998764 0.049695 0.000000 160.806463 -0.049695 0.998764 0.000000 -9.484832 0.000000 0.000000 1.000000 0.000000
0.998818 0.048604 0.000000 161.928771 -0.048604 0.998818 0.000000 -9.560645 0.000000 0.000000 1.000000 0.000000
0.998873 0.047458 0.000000 162.499352 -0.047458 0.998873 0.000000 -9.578966 0.000000 0.000000 1.000000 0.000000
0.998909 0.046691 0.000000 163.046820 -0.046691 0.998909 0.000000 -9.595273 0.000000 0.000000 1.000000 0.000000
0.998884 0.047236 0.000000 163.619447 -0.047236 0.998884 0.000000 -9.610685 0.000000 0.000000 1.000000 0.000000
0.998968 0.045414 0.000000 164.198169 -0.045414 0.998968 0.000000 -9.627088 0.000000 0.000000 1.000000 0.000000
0.998876 0.047401 0.000000 164.733843 -0.047401 0.998876 0.000000 -9.627452 0.000000 0.000000 1.000000 0.000000
0.998691 0.051145 0.000000 165.519924 -0.051145 0.998691 0.000000 -9.664697 0.000000 0.000000 1.000000 0.000000
0.998609 0.052724 0.000000 166.098993 -0.052724 0.998609 0.000000 -9.697999 0.000000 0.000000 1.000000 0.000000
0.998540 0.054012 0.000000 166.681116 -0.054012 0.998540 0.000000 -9.728296 0.000000 0.000000 1.000000 0.000000
0.998240 0.059299 0.000000 167.289790 -0.059299 0.998240 0.000000 -9.764359 0.000000 0.000000 1.000000 0.000000
0.998315 0.058028 0.000000 167.838792 -0.058028 0.998315 0.000000 -9.804953 0.000000 0.000000 1.000000 0.000000
0.998485 0.055029 0.000000 168.464931 -0.055029 0.998485 0.000000 -9.856301 0.000000 0.000000 1.000000 0.000000
0.998271 0.058787 0.000000 169.046162 -0.058787 0.998271 0.000000 -9.887973 0.000000 0.000000 1.000000 0.000000
0.998409 0.056389 0.000000 169.633316 -0.056389 0.998409 0.000000 -9.918091 0.000000 0.000000 1.000000 0.000000
0.998069 0.062115 0.000000 170.234968 -0.062115 0.998069 0.000000 -9.958938 0.000000 0.000000 1.000000 0.000000
0.998343 0.057535 0.000000 170.809641 -0.057535 0.998343 0.000000 -10.005923 0.000000 0.000000 1.000000 0.000000
0.998413 0.056309 0.000000 171.397195 -0.056309 0.998413 0.000000 -10.025922 0.000000 0.000000 1.000000 0.000000
0.998435 0.055920 0.000000 171.984465 -0.055920 0.998435 0.000000 -10.060173 0.000000 0.000000 1.000000 0.000000
0.998623 0.052454 0.000000 172.572727 -0.052454 0.998623 0.000000 -10.091731 0.000000 0.000000 1.000000 0.000000
0.998964 0.045496 0.000000 173.156477 -0.045496 0.998964 0.000000 -10.145050 0.000000 0.000000 1.000000 0.000000
0.999110 0.042190 0.000000 173.759213 -0.042190 0.999110 0.000000 -10.170306 0.000000 0.000000 1.000000 0.000000
0.999062 0.043298 0.000000 174.340868 -0.043298 0.999062 0.000000 -10.191184 0.000000 0.000000 1.000000 0.000000
0.999182 0.040438 0.000000 174.915325 -0.040438 0.999182 0.000000 -10.220362 0.000000 0.000000 1.000000 0.000000
0.999080 0.042883 0.000000 175.472678 -0.042883 0.999080 0.000000 -10.243279 0.000000 0.000000 1.000000 0.000000
0.999053 0.043503 0.000000 176.095311 -0.043503 0.999053 0.000000 -10.280564 0.000000 0.000000 1.000000 0.000000
0.999081 0.042864 0.000000 176.641639 -0.042864 0.999081 0.000000 -10.308061 0.000000 0.000000 1.000000 0.000000
0.999076 0.042983 0.000000 177.229645 -0.042983 0.999076 0.000000 -10.346087 0.000000 0.000000 1.000000 0.000000
0.998985 0.045042 0.000000 177.840414 -0.045042 0.998985 0.000000 -10.377911 0.000000 0.000000 1.000000 0.000000
0.998829 0.048389 0.000000 178.438851 -0.048389 0.998829 0.000000 -10.411495 0.000000 0.000000 1.000000 0.000000
0.998361 0.057234 0.000000 179.031896 -0.057234 0.998361 0.000000 -10.465370 0.000000 0.000000 1.000000 0.000000
0.998261 0.058948 0.000000 179.636048 -0.058948 0.998261 0.000000 -10.515895 0.000000 0.000000 1.000000 0.000000
0.998238 0.059345 0.000000 180.215740 -0.059345 0.998238 0.000000 -10.584567 0.000000 0.000000 1.000000 0.000000
0.998210 0.059813 0.000000 180.790576 -0.059813 0.998210 0.000000 -10.643234 0.000000 0.000000 1.000000 0.000000
0.998091 0.061754 0.000000 181.396339 -0.061754 0.998091 0.000000 -10.707871 0.000000 0.000000 1.000000 0.000000
0.997980 0.063524 0.000000 181.997040 -0.063524 0.997980 0.000000 -10.760326 0.000000 0.000000 1.000000 0.000000
0.998096 0.061680 0.000000 182.610047 -0.061680 0.998096 0.000000 -10.806916 0.000000 0.000000 1.000000 0.000000
0.998185 0.060216 0.000000 183.217306 -0.060216 0.998185 0.000000 -10.867523 0.000000 0.000000 1.000000 0.000000
0.998059 0.062281 0.000000 183.818801 -0.062281 0.998059 0.000000 -10.909043 0.000000 0.000000 1.000000 0.000000
0.998024 0.062838 0.000000 184.382667 -0.062838 0.998024 0.000000 -10.947339 0.000000 0.000000 1.000000 0.000000
0.998078 0.061970 0.000000 184.984778 -0.061970 0.998078 0.000000 -11.009265 0.000000 0.000000 1.000000 0.000000
0.997792 0.066411 0.000000 185.596260 -0.066411 0.997792 0.000000 -11.062085 0.000000 0.000000 1.000000 0.000000
0.997836 0.065752 0.000000 186.171590 -0.065752 0.997836 0.000000 -11.120280 0.000000 0.000000 1.000000 0.000000
0.998053 0.062367 0.000000 186.756002 -0.062367 0.998053 0.000000 -11.168915 0.000000 0.000000 1.000000 0.000000
0.997837 0.065734 0.000000 187.349838 -0.065734 0.997837 0.000000 -11.220213 0.000000 0.000000 1.000000 0.000000
0.998096 0.061675 0.000000 187.917805 -0.061675 0.998096 0.000000 -11.273580 0.000000 0.000000 1.000000 0.000000
0.998123 0.061241 0.000000 188.515003 -0.061241 0.998123 0.000000 -11.316795 0.000000 0.000000 1.000000 0.000000
0.997948 0.064025 0.000000 189.104392 -0.064025 0.997948 0.000000 -11.355827 0.000000 0.000000 1.000000 0.000000
0.997919 0.064482 0.000000 189.680459 -0.064482 0.997919 0.000000 -11.391345 0.000000 0.000000 1.000000 0.000000
0.997881 0.065059 0.000000 190.284935 -0.065059 0.997881 0.000000 -11.444794 0.000000 0.000000 1.000000 0.000000
0.997793 0.066401 0.000000 190.874947 -0.066401 0.997793 0.000000 -11.488877 0.000000 0.000000 1.000000 0.000000
0.997651 0.068504 0.000000 191.736516 -0.068504 0.997651 0.000000 -11.560024 0.000000 0.000000 1.000000 0.000000
0.997512 0.070494 0.000000 192.341469 -0.070494 0.997512 0.000000 -11.603105 0.000000 0.000000 1.000000 0.000000
0.997373 0.072439 0.000000 192.931171 -0.072439 0.997373 0.000000 -11.643542 0.000000 0.000000 1.000000 0.000000
0.997448 0.071400 0.000000 193.524707 -0.071400 0.997448 0.000000 -11.692090 0.000000 0.000000 1.000000 0.000000
0.997405 0.071998 0.000000 194.124618 -0.071998 0.997405 0.000000 -11.741674 0.000000 0.000000 1.000000 0.000000
0.997560 0.069809 0.000000 194.713709 -0.069809 0.997560 0.000000 -11.771812 0.000000 0.000000 1.000000 0.000000
0.997850 0.065543 0.000000 195.304401 -0.065543 0.997850 0.000000 -11.809438 0.000000 0.000000 1.000000 0.000000
0.997844 0.065625 0.000000 195.921296 -0.065625 0.997844 0.000000 -11.829502 0.000000 0.000000 1.000000 0.000000
0.997909 0.064639 0.000000 196.466462 -0.064639 0.997909 0.000000 -11.868068 0.000000 0.000000 1.000000 0.000000
0.997872 0.065202 0.000000 197.469965 -0.065202 0.997872 0.000000 -11.944793 0.000000 0.000000 1.000000 0.000000
0.997915 0.064542 0.000000 198.060053 -0.064542 0.997915 0.000000 -11.985468 0.000000 0.000000 1.000000 0.000000
0.997877 0.065119 0.000000 198.808242 -0.065119 0.997877 0.000000 -12.047342 0.000000 0.000000 1.000000 0.000000
0.997851 0.065529 0.000000 199.563059 -0.065529 0.997851 0.000000 -12.104327 0.000000 0.000000 1.000000 0.000000
0.997703 0.067740 0.000000 200.587408 -0.067740 0.997703 0.000000 -12.195449 0.000000 0.000000 1.000000 0.000000
0.997783 0.066551 0.000000 201.174605 -0.066551 0.997783 0.000000 -12.249617 0.000000 0.000000 1.000000 0.000000
0.997893 0.064885 0.000000 201.776882 -0.064885 0.997893 0.000000 -12.305642 0.000000 0.000000 1.000000 0.000000
0.997895 0.064849 0.000000 202.368205 -0.064849 0.997895 0.000000 -12.356345 0.000000 0.000000 1.000000 0.000000
0.997873 0.065188 0.000000 202.917164 -0.065188 0.997873 0.000000 -12.404002 0.000000 0.000000 1.000000 0.000000
0.998120 0.061286 0.000000 203.517097 -0.061286 0.998120 0.000000 -12.453722 0.000000 0.000000 1.000000 0.000000
0.998010 0.063051 0.000000 204.103022 -0.063051 0.998010 0.000000 -12.515738 0.000000 0.000000 1.000000 0.000000
0.997991 0.063355 0.000000 204.928640 -0.063355 0.997991 0.000000 -12.601346 0.000000 0.000000 1.000000 0.000000
0.998137 0.061006 0.000000 205.536970 -0.061006 0.998137 0.000000 -12.654456 0.000000 0.000000 1.000000 0.000000
0.998209 0.059831 0.000000 206.119993 -0.059831 0.998209 0.000000 -12.705146 0.000000 0.000000 1.000000 0.000000
0.998249 0.059160 0.000000 206.725472 -0.059160 0.998249 0.000000 -12.744313 0.000000 0.000000 1.000000 0.000000
0.998528 0.054238 0.000000 207.355607 -0.054238 0.998528 0.000000 -12.799340 0.000000 0.000000 1.000000 0.000000
0.998571 0.053439 0.000000 207.909131 -0.053439 0.998571 0.000000 -12.841939 0.000000 0.000000 1.000000 0.000000
0.998594 0.053015 0.000000 208.554226 -0.053015 0.998594 0.000000 -12.884985 0.000000 0.000000 1.000000 0.000000
0.998752 0.049937 0.000000 209.099778 -0.049937 0.998752 0.000000 -12.934296 0.000000 0.000000 1.000000 0.000000
0.998789 0.049194 0.000000 209.754470 -0.049194 0.998789 0.000000 -12.986706 0.000000 0.000000 1.000000 0.000000
0.998877 0.047375 0.000000 210.337543 -0.047375 0.998877 0.000000 -13.032478 0.000000 0.000000 1.000000 0.000000
0.998836 0.048240 0.000000 210.926202 -0.048240 0.998836 0.000000 -13.079154 0.000000 0.000000 1.000000 0.000000
0.998910 0.046684 0.000000 211.514609 -0.046684 0.998910 0.000000 -13.125183 0.000000 0.000000 1.000000 0.000000
0.998870 0.047535 0.000000 212.090063 -0.047535 0.998870 0.000000 -13.165348 0.000000 0.000000 1.000000 0.000000
0.998875 0.047430 0.000000 212.686014 -0.047430 0.998875 0.000000 -13.215387 0.000000 0.000000 1.000000 0.000000
0.998967 0.045438 0.000000 213.290594 -0.045438 0.998967 0.000000 -13.264164 0.000000 0.000000 1.000000 0.000000
0.999048 0.043618 0.000000 213.872383 -0.043618 0.999048 0.000000 -13.310073 0.000000 0.000000 1.000000 0.000000
0.998754 0.049908 0.000000 214.431195 -0.049908 0.998754 0.000000 -13.350652 0.000000 0.000000 1.000000 0.000000
0.998848 0.047996 0.000000 215.024365 -0.047996 0.998848 0.000000 -13.387024 0.000000 0.000000 1.000000 0.000000
0.998977 0.045222 0.000000 215.630234 -0.045222 0.998977 0.000000 -13.433023 0.000000 0.000000 1.000000 0.000000
0.999058 0.043392 0.000000 216.202018 -0.043392 0.999058 0.000000 -13.462841 0.000000 0.000000 1.000000 0.000000
0.999190 0.040237 0.000000 216.791476 -0.040237 0.999190 0.000000 -13.492377 0.000000 0.000000 1.000000 0.000000
0.999196 0.040091 0.000000 217.328404 -0.040091 0.999196 0.000000 -13.515271 0.000000 0.000000 1.000000 0.000000
0.999183 0.040417 0.000000 217.899106 -0.040417 0.999183 0.000000 -13.547077 0.000000 0.000000 1.000000 0.000000
0.999092 0.042598 0.000000 218.515028 -0.042598 0.999092 0.000000 -13.584924 0.000000 0.000000 1.000000 0.000000
0.999229 0.039269 0.000000 219.102664 -0.039269 0.999229 0.000000 -13.622411 0.000000 0.000000 1.000000 0.000000
0.999313 0.037071 0.000000 219.677676 -0.037071 0.999313 0.000000 -13.649578 0.000000 0.000000 1.000000 0.000000
0.999323 0.036792 0.000000 220.224693 -0.036792 0.999323 0.000000 -13.669858 0.000000 0.000000 1.000000 0.000000
0.999366 0.035609 0.000000 221.338753 -0.035609 0.999366 0.000000 -13.719545 0.000000 0.000000 1.000000 0.000000
0.999471 0.032509 0.000000 221.881880 -0.032509 0.999471 0.000000 -13.745564 0.000000 0.000000 1.000000 0.000000
0.999520 0.030992 0.000000 222.430312 -0.030992 0.999520 0.000000 -13.774083 0.000000 0.000000 1.000000 0.000000
0.999583 0.028860 0.000000 222.954660 -0.028860 0.999583 0.000000 -13.811621 0.000000 0.000000 1.000000 0.000000
0.999562 0.029591 0.000000 223.526771 -0.029591 0.999562 0.000000 -13.837978 0.000000 0.000000 1.000000 0.000000
0.999619 0.027609 0.000000 224.078768 -0.027609 0.999619 0.000000 -13.885631 0.000000 0.000000 1.000000 0.000000
0.999669 0.025726 0.000000 224.650016 -0.025726 0.999669 0.000000 -13.912290 0.000000 0.000000 1.000000 0.000000
0.999683 0.025187 0.000000 225.183788 -0.025187 0.999683 0.000000 -13.939716 0.000000 0.000000 1.000000 0.000000
0.999737 0.022941 0.000000 225.743663 -0.022941 0.999737 0.000000 -13.963808 0.000000 0.000000 1.000000 0.000000
0.999717 0.023798 0.000000 226.235499 -0.023798 0.999717 0.000000 -13.981366 0.000000 0.000000 1.000000 0.000000
0.999711 0.024046 0.000000 226.799414 -0.024046 0.999711 0.000000 -13.995568 0.000000 0.000000 1.000000 0.000000
0.999707 0.024221 0.000000 227.344289 -0.024221 0.999707 0.000000 -14.012802 0.000000 0.000000 1.000000 0.000000
0.999732 0.023153 0.000000 227.876787 -0.023153 0.999732 0.000000 -14.033173 0.000000 0.000000 1.000000 0.000000
0.999777 0.021123 0.000000 228.383737 -0.021123 0.999777 0.000000 -14.070474 0.000000 0.000000 1.000000 0.000000
0.999773 0.021284 0.000000 228.917926 -0.021284 0.999773 0.000000 -14.089710 0.000000 0.000000 1.000000 0.000000
0.999841 0.017837 0.000000 229.576156 -0.017837 0.999841 0.000000 -14.114374 0.000000 0.000000 1.000000 0.000000
0.999849 0.017368 0.000000 230.227187 -0.017368 0.999849 0.000000 -14.149486 0.000000 0.000000 1.000000 0.000000
0.999858 0.016881 0.000000 230.737814 -0.016881 0.999858 0.000000 -14.175493 0.000000 0.000000 1.000000 0.000000
0.999867 0.016300 0.000000 231.269091 -0.016300 0.999867 0.000000 -14.195085 0.000000 0.000000 1.000000 0.000000
0.999917 0.012860 0.000000 231.829116 -0.012860 0.999917 0.000000 -14.226350 0.000000 0.000000 1.000000 0.000000
0.999943 0.010668 0.000000 232.372766 -0.010668 0.999943 0.000000 -14.247845 0.000000 0.000000 1.000000 0.000000
0.999967 0.008150 0.000000 232.885879 -0.008150 0.999967 0.000000 -14.266833 0.000000 0.000000 1.000000 0.000000
0.999997 0.002619 0.000000 233.822461 -0.002619 0.999997 0.000000 -14.304198 0.000000 0.000000 1.000000 0.000000
0.999992 0.004060 0.000000 234.375543 -0.004060 0.999992 0.000000 -14.333816 0.000000 0.000000 1.000000 0.000000
0.999991 0.004146 0.000000 234.863432 -0.004146 0.999991 0.000000 -14.362829 0.000000 0.000000 1.000000 0.000000
0.999975 0.007128 0.000000 235.430827 -0.007128 0.999975 0.000000 -14.386440 0.000000 0.000000 1.000000 0.000000
0.999960 0.008959 0.000000 235.994626 -0.008959 0.999960 0.000000 -14.414344 0.000000 0.000000 1.000000 0.000000
0.999938 0.011156 0.000000 236.535453 -0.011156 0.999938 0.000000 -14.430264 0.000000 0.000000 1.000000 0.000000
0.999962 0.008669 0.000000 237.073377 -0.008669 0.999962 0.000000 -14.470934 0.000000 0.000000 1.000000 0.000000
0.999965 0.008359 0.000000 237.634350 -0.008359 0.999965 0.000000 -14.512774 0.000000 0.000000 1.000000 0.000000
0.999944 0.010610 0.000000 238.194399 -0.010610 0.999944 0.000000 -14.532535 0.000000 0.000000 1.000000 0.000000
0.999922 0.012467 0.000000 238.734192 -0.012467 0.999922 0.000000 -14.570261 0.000000 0.000000 1.000000 0.000000
0.999925 0.012265 0.000000 239.271312 -0.012265 0.999925 0.000000 -14.608045 0.000000 0.000000 1.000000 0.000000
0.999897 0.014359 0.000000 239.837042 -0.014359 0.999897 0.000000 -14.627008 0.000000 0.000000 1.000000 0.000000
0.999923 0.012446 0.000000 240.414217 -0.012446 0.999923 0.000000 -14.670252 0.000000 0.000000 1.000000 0.000000
0.999906 0.013744 0.000000 240.950173 -0.013744 0.999906 0.000000 -14.697381 0.000000 0.000000 1.000000 0.000000
0.999922 0.012452 0.000000 241.503038 -0.012452 0.999922 0.000000 -14.719689 0.000000 0.000000 1.000000 0.000000
0.999920 0.012611 0.000000 242.073129 -0.012611 0.999920 0.000000 -14.742143 0.000000 0.000000 1.000000 0.000000
0.999944 0.010569 0.000000 242.670465 -0.010569 0.999944 0.000000 -14.769370 0.000000 0.000000 1.000000 0.000000
0.999942 0.010739 0.000000 243.178736 -0.010739 0.999942 0.000000 -14.789029 0.000000 0.000000 1.000000 0.000000
0.999940 0.010922 0.000000 243.713292 -0.010922 0.999940 0.000000 -14.808407 0.000000 0.000000 1.000000 0.000000
0.999894 0.014554 0.000000 244.288087 -0.014554 0.999894 0.000000 -14.840410 0.000000 0.000000 1.000000 0.000000
0.999885 0.015183 0.000000 244.828129 -0.015183 0.999885 0.000000 -14.878694 0.000000 0.000000 1.000000 0.000000
0.999928 0.012003 0.000000 245.365478 -0.012003 0.999928 0.000000 -14.909442 0.000000 0.000000 1.000000 0.000000
0.999944 0.010614 0.000000 245.909776 -0.010614 0.999944 0.000000 -14.932014 0.000000 0.000000 1.000000 0.000000
0.999938 0.011170 0.000000 246.450139 -0.011170 0.999938 0.000000 -14.958829 0.000000 0.000000 1.000000 0.000000
0.999934 0.011526 0.000000 247.003551 -0.011526 0.999934 0.000000 -14.984751 0.000000 0.000000 1.000000 0.000000
0.999949 0.010140 0.000000 247.532931 -0.010140 0.999949 0.000000 -15.002611 0.000000 0.000000 1.000000 0.000000
0.999897 0.014377 0.000000 248.123949 -0.014377 0.999897 0.000000 -15.018101 0.000000 0.000000 1.000000 0.000000
0.999878 0.015605 0.000000 248.666716 -0.015605 0.999878 0.000000 -15.030376 0.000000 0.000000 1.000000 0.000000
0.999852 0.017181 0.000000 249.181643 -0.017181 0.999852 0.000000 -15.060169 0.000000 0.000000 1.000000 0.000000
0.999845 0.017583 0.000000 249.753864 -0.017583 0.999845 0.000000 -15.083879 0.000000 0.000000 1.000000 0.000000
0.999715 0.023856 0.000000 250.822953 -0.023856 0.999715 0.000000 -15.117466 0.000000 0.000000 1.000000 0.000000
0.999667 0.025808 0.000000 251.373126 -0.025808 0.999667 0.000000 -15.129840 0.000000 0.000000 1.000000 0.000000
0.999520 0.030970 0.000000 252.111395 -0.030970 0.999520 0.000000 -15.141276 0.000000 0.000000 1.000000 0.000000
0.999657 0.026204 0.000000 253.142644 -0.026204 0.999657 0.000000 -15.193734 0.000000 0.000000 1.000000 0.000000
0.999657 0.026180 0.000000 253.686067 -0.026180 0.999657 0.000000 -15.207968 0.000000 0.000000 1.000000 0.000000
0.999598 0.028356 0.000000 254.207083 -0.028356 0.999598 0.000000 -15.217529 0.000000 0.000000 1.000000 0.000000
0.999581 0.028957 0.000000 254.736539 -0.028957 0.999581 0.000000 -15.233483 0.000000 0.000000 1.000000 0.000000
0.999589 0.028676 0.000000 255.290915 -0.028676 0.999589 0.000000 -15.263708 0.000000 0.000000 1.000000 0.000000
0.999559 0.029682 0.000000 255.802377 -0.029682 0.999559 0.000000 -15.276468 0.000000 0.000000 1.000000 0.000000
0.999534 0.030522 0.000000 256.295560 -0.030522 0.999534 0.000000 -15.291807 0.000000 0.000000 1.000000 0.000000
0.999543 0.030244 0.000000 256.814722 -0.030244 0.999543 0.000000 -15.294736 0.000000 0.000000 1.000000 0.000000
0.999594 0.028503 0.000000 257.338366 -0.028503 0.999594 0.000000 -15.318826 0.000000 0.000000 1.000000 0.000000
0.999747 0.022506 0.000000 257.841217 -0.022506 0.999747 0.000000 -15.335876 0.000000 0.000000 1.000000 0.000000
0.999810 0.019515 0.000000 258.315910 -0.019515 0.999810 0.000000 -15.349199 0.000000 0.000000 1.000000 0.000000
0.999837 0.018059 0.000000 258.834463 -0.018059 0.999837 0.000000 -15.358277 0.000000 0.000000 1.000000 0.000000
0.999821 0.018900 0.000000 259.358801 -0.018900 0.999821 0.000000 -15.370204 0.000000 0.000000 1.000000 0.000000
0.999845 0.017591 0.000000 259.864705 -0.017591 0.999845 0.000000 -15.382247 0.000000 0.000000 1.000000 0.000000
0.999846 0.017525 0.000000 260.366004 -0.017525 0.999846 0.000000 -15.387637 0.000000 0.000000 1.000000 0.000000
0.999861 0.016698 0.000000 260.877404 -0.016698 0.999861 0.000000 -15.405899 0.000000 0.000000 1.000000 0.000000
0.999841 0.017818 0.000000 261.401102 -0.017818 0.999841 0.000000 -15.422040 0.000000 0.000000 1.000000 0.000000
0.999782 0.020858 0.000000 261.879779 -0.020858 0.999782 0.000000 -15.445888 0.000000 0.000000 1.000000 0.000000
0.999713 0.023953 0.000000 262.387451 -0.023953 0.999713 0.000000 -15.466525 0.000000 0.000000 1.000000 0.000000
0.999582 0.028913 0.000000 262.861826 -0.028913 0.999582 0.000000 -15.473847 0.000000 0.000000 1.000000 0.000000
0.999579 0.029028 0.000000 263.361502 -0.029028 0.999579 0.000000 -15.498490 0.000000 0.000000 1.000000 0.000000
0.999646 0.026621 0.000000 263.847631 -0.026621 0.999646 0.000000 -15.520155 0.000000 0.000000 1.000000 0.000000
0.999596 0.028417 0.000000 264.292719 -0.028417 0.999596 0.000000 -15.519945 0.000000 0.000000 1.000000 0.000000
0.999544 0.030208 0.000000 264.752543 -0.030208 0.999544 0.000000 -15.531525 0.000000 0.000000 1.000000 0.000000
0.999513 0.031213 0.000000 265.233004 -0.031213 0.999513 0.000000 -15.564363 0.000000 0.000000 1.000000 0.000000
0.999501 0.031587 0.000000 265.684717 -0.031587 0.999501 0.000000 -15.587870 0.000000 0.000000 1.000000 0.000000
0.999496 0.031754 0.000000 266.140782 -0.031754 0.999496 0.000000 -15.593170 0.000000 0.000000 1.000000 0.000000
0.999518 0.031048 0.000000 266.578808 -0.031048 0.999518 0.000000 -15.591864 0.000000 0.000000 1.000000 0.000000
0.999484 0.032123 0.000000 267.028437 -0.032123 0.999484 0.000000 -15.615132 0.000000 0.000000 1.000000 0.000000
0.999537 0.030418 0.000000 267.479055 -0.030418 0.999537 0.000000 -15.628628 0.000000 0.000000 1.000000 0.000000
0.999587 0.028734 0.000000 267.934608 -0.028734 0.999587 0.000000 -15.627942 0.000000 0.000000 1.000000 0.000000
0.999688 0.024989 0.000000 268.512323 -0.024989 0.999688 0.000000 -15.640031 0.000000 0.000000 1.000000 0.000000
0.999674 0.025546 0.000000 268.933906 -0.025546 0.999674 0.000000 -15.634729 0.000000 0.000000 1.000000 0.000000
0.999600 0.028268 0.000000 269.366794 -0.028268 0.999600 0.000000 -15.633735 0.000000 0.000000 1.000000 0.000000
0.999649 0.026478 0.000000 269.791601 -0.026478 0.999649 0.000000 -15.635189 0.000000 0.000000 1.000000 0.000000
0.999603 0.028162 0.000000 270.232514 -0.028162 0.999603 0.000000 -15.618291 0.000000 0.000000 1.000000 0.000000
0.999641 0.026788 0.000000 270.626954 -0.026788 0.999641 0.000000 -15.615885 0.000000 0.000000 1.000000 0.000000
0.999599 0.028334 0.000000 271.035558 -0.028334 0.999599 0.000000 -15.616007 0.000000 0.000000 1.000000 0.000000
0.999504 0.031503 0.000000 271.469816 -0.031503 0.999504 0.000000 -15.624694 0.000000 0.000000 1.000000 0.000000
0.999433 0.033673 0.000000 271.858749 -0.033673 0.999433 0.000000 -15.640728 0.000000 0.000000 1.000000 0.000000
0.999304 0.037296 0.000000 272.249396 -0.037296 0.999304 0.000000 -15.653187 0.000000 0.000000 1.000000 0.000000
0.999323 0.036789 0.000000 272.644501 -0.036789 0.999323 0.000000 -15.681594 0.000000 0.000000 1.000000 0.000000
0.999332 0.036556 0.000000 273.041393 -0.036556 0.999332 0.000000 -15.708337 0.000000 0.000000 1.000000 0.000000
0.999238 0.039030 0.000000 273.410130 -0.039030 0.999238 0.000000 -15.720991 0.000000 0.000000 1.000000 0.000000
0.999169 0.040749 0.000000 273.789799 -0.040749 0.999169 0.000000 -15.748532 0.000000 0.000000 1.000000 0.000000
0.999174 0.040640 0.000000 274.158655 -0.040640 0.999174 0.000000 -15.767737 0.000000 0.000000 1.000000 0.000000
0.999211 0.039719 0.000000 274.537237 -0.039719 0.999211 0.000000 -15.784192 0.000000 0.000000 1.000000 0.000000
0.999241 0.038950 0.000000 274.915984 -0.038950 0.999241 0.000000 -15.798720 0.000000 0.000000 1.000000 0.000000
0.999205 0.039862 0.000000 275.261291 -0.039862 0.999205 0.000000 -15.807386 0.000000 0.000000 1.000000 0.000000
0.999180 0.040485 0.000000 275.611820 -0.040485 0.999180 0.000000 -15.819899 0.000000 0.000000 1.000000 0.000000
0.999321 0.036841 0.000000 275.942826 -0.036841 0.999321 0.000000 -15.844795 0.000000 0.000000 1.000000 0.000000
0.999350 0.036057 0.000000 276.639626 -0.036057 0.999350 0.000000 -15.890142 0.000000 0.000000 1.000000 0.000000
0.999328 0.036653 0.000000 276.968275 -0.036653 0.999328 0.000000 -15.900384 0.000000 0.000000 1.000000 0.000000
0.999341 0.036293 0.000000 277.291813 -0.036293 0.999341 0.000000 -15.913952 0.000000 0.000000 1.000000 0.000000
0.999356 0.035882 0.000000 277.613683 -0.035882 0.999356 0.000000 -15.915629 0.000000 0.000000 1.000000 0.000000
0.999328 0.036656 0.000000 277.929162 -0.036656 0.999328 0.000000 -15.919035 0.000000 0.000000 1.000000 0.000000
0.999085 0.042768 0.000000 278.546729 -0.042768 0.999085 0.000000 -15.936926 0.000000 0.000000 1.000000 0.000000
0.999075 0.043005 0.000000 278.868541 -0.043005 0.999075 0.000000 -15.945212 0.000000 0.000000 1.000000 0.000000
0.999113 0.042109 0.000000 279.158488 -0.042109 0.999113 0.000000 -15.959053 0.000000 0.000000 1.000000 0.000000
0.999164 0.040879 0.000000 279.450837 -0.040879 0.999164 0.000000 -15.978499 0.000000 0.000000 1.000000 0.000000
0.999209 0.039768 0.000000 279.708558 -0.039768 0.999209 0.000000 -15.987077 0.000000 0.000000 1.000000 0.000000
0.999306 0.037247 0.000000 282.436881 -0.037247 0.999306 0.000000 -16.124835 0.000000 0.000000 1.000000 0.000000
0.999145 0.041355 0.000000 282.707423 -0.041355 0.999145 0.000000 -16.134958 0.000000 0.000000 1.000000 0.000000
0.999044 0.043714 0.000000 282.972572 -0.043714 0.999044 0.000000 -16.151260 0.000000 0.000000 1.000000 0.000000
0.999148 0.041276 0.000000 283.274425 -0.041276 0.999148 0.000000 -16.176162 0.000000 0.000000 1.000000 0.000000
0.999283 0.037855 0.000000 283.593176 -0.037855 0.999283 0.000000 -16.181484 0.000000 0.000000 1.000000 0.000000
0.999285 0.037796 0.000000 283.853757 -0.037796 0.999285 0.000000 -16.192977 0.000000 0.000000 1.000000 0.000000
0.999220 0.039483 0.000000 284.069757 -0.039483 0.999220 0.000000 -16.210467 0.000000 0.000000 1.000000 0.000000
0.999274 0.038110 0.000000 284.311270 -0.038110 0.999274 0.000000 -16.231320 0.000000 0.000000 1.000000 0.000000
0.999325 0.036726 0.000000 284.547498 -0.036726 0.999325 0.000000 -16.250710 0.000000 0.000000 1.000000 0.000000
0.999332 0.036536 0.000000 284.804864 -0.036536 0.999332 0.000000 -16.279387 0.000000 0.000000 1.000000 0.000000
0.999224 0.039397 0.000000 285.063782 -0.039397 0.999224 0.000000 -16.293458 0.000000 0.000000 1.000000 0.000000
0.999119 0.041964 0.000000 285.280992 -0.041964 0.999119 0.000000 -16.315360 0.000000 0.000000 1.000000 0.000000
0.999234 0.039144 0.000000 285.479718 -0.039144 0.999234 0.000000 -16.332968 0.000000 0.000000 1.000000 0.000000
0.999155 0.041108 0.000000 285.661896 -0.041108 0.999155 0.000000 -16.350959 0.000000 0.000000 1.000000 0.000000
0.999033 0.043971 0.000000 285.850869 -0.043971 0.999033 0.000000 -16.367494 0.000000 0.000000 1.000000 0.000000
0.998964 0.045506 0.000000 286.064105 -0.045506 0.998964 0.000000 -16.388186 0.000000 0.000000 1.000000 0.000000
0.999013 0.044417 0.000000 286.251076 -0.044417 0.999013 0.000000 -16.401924 0.000000 0.000000 1.000000 0.000000
0.999058 0.043389 0.000000 286.465931 -0.043389 0.999058 0.000000 -16.437873 0.000000 0.000000 1.000000 0.000000
0.999084 0.042801 0.000000 286.648156 -0.042801 0.999084 0.000000 -16.464890 0.000000 0.000000 1.000000 0.000000
0.999060 0.043348 0.000000 286.845908 -0.043348 0.999060 0.000000 -16.484133 0.000000 0.000000 1.000000 0.000000
0.998940 0.046029 0.000000 287.048251 -0.046029 0.998940 0.000000 -16.519716 0.000000 0.000000 1.000000 0.000000
0.999019 0.044283 0.000000 287.230426 -0.044283 0.999019 0.000000 -16.552478 0.000000 0.000000 1.000000 0.000000
0.998904 0.046808 0.000000 287.390321 -0.046808 0.998904 0.000000 -16.580668 0.000000 0.000000 1.000000 0.000000
0.998737 0.050250 0.000000 287.547091 -0.050250 0.998737 0.000000 -16.608425 0.000000 0.000000 1.000000 0.000000
0.998705 0.050877 0.000000 287.683625 -0.050877 0.998705 0.000000 -16.628353 0.000000 0.000000 1.000000 0.000000
0.998883 0.047254 0.000000 287.935854 -0.047254 0.998883 0.000000 -16.666196 0.000000 0.000000 1.000000 0.000000
0.998804 0.048898 0.000000 288.098050 -0.048898 0.998804 0.000000 -16.697841 0.000000 0.000000 1.000000 0.000000
0.998677 0.051416 0.000000 288.244514 -0.051416 0.998677 0.000000 -16.718223 0.000000 0.000000 1.000000 0.000000
0.998758 0.049831 0.000000 288.382577 -0.049831 0.998758 0.000000 -16.744859 0.000000 0.000000 1.000000 0.000000
0.998627 0.052392 0.000000 288.634457 -0.052392 0.998627 0.000000 -16.770292 0.000000 0.000000 1.000000 0.000000
0.998865 0.047632 0.000000 288.758368 -0.047632 0.998865 0.000000 -16.800544 0.000000 0.000000 1.000000 0.000000
0.998660 0.051748 0.000000 288.882349 -0.051748 0.998660 0.000000 -16.810715 0.000000 0.000000 1.000000 0.000000
0.998736 0.050266 0.000000 288.999519 -0.050266 0.998736 0.000000 -16.833667 0.000000 0.000000 1.000000 0.000000
0.998604 0.052822 0.000000 289.103099 -0.052822 0.998604 0.000000 -16.853562 0.000000 0.000000 1.000000 0.000000
0.998845 0.048039 0.000000 289.249091 -0.048039 0.998845 0.000000 -16.890037 0.000000 0.000000 1.000000 0.000000
0.998874 0.047451 0.000000 289.330695 -0.047451 0.998874 0.000000 -16.910426 0.000000 0.000000 1.000000 0.000000
0.998788 0.049224 0.000000 289.420173 -0.049224 0.998788 0.000000 -16.927974 0.000000 0.000000 1.000000 0.000000
0.998793 0.049122 0.000000 289.494795 -0.049122 0.998793 0.000000 -16.955933 0.000000 0.000000 1.000000 0.000000
0.998768 0.049628 0.000000 289.542818 -0.049628 0.998768 0.000000 -16.984673 0.000000 0.000000 1.000000 0.000000
0.998854 0.047864 0.000000 289.582315 -0.047864 0.998854 0.000000 -17.005525 0.000000 0.000000 1.000000 0.000000
0.998847 0.047998 0.000000 289.609306 -0.047998 0.998847 0.000000 -17.022987 0.000000 0.000000 1.000000 0.000000
0.998884 0.047231 0.000000 289.636331 -0.047231 0.998884 0.000000 -17.039044 0.000000 0.000000 1.000000 0.000000
0.998943 0.045962 0.000000 289.653621 -0.045962 0.998943 0.000000 -17.060244 0.000000 0.000000 1.000000 0.000000
0.998997 0.044788 0.000000 289.660198 -0.044788 0.998997 0.000000 -17.070482 0.000000 0.000000 1.000000 0.000000
0.999008 0.044526 0.000000 289.659779 -0.044526 0.999008 0.000000 -17.080916 0.000000 0.000000 1.000000 0.000000
0.999054 0.043495 0.000000 289.650508 -0.043495 0.999054 0.000000 -17.083885 0.000000 0.000000 1.000000 0.000000
0.999076 0.042980 0.000000 289.649729 -0.042980 0.999076 0.000000 -17.087653 0.000000 0.000000 1.000000 0.000000
0.999083 0.042811 0.000000 289.653050 -0.042811 0.999083 0.000000 -17.093640 0.000000 0.000000 1.000000 0.000000
0.999078 0.042922 0.000000 289.659704 -0.042922 0.999078 0.000000 -17.093919 0.000000 0.000000 1.000000 0.000000
0.999075 0.042993 0.000000 289.662967 -0.042993 0.999075 0.000000 -17.090729 0.000000 0.000000 1.000000 0.000000
0.999075 0.043008 0.000000 289.667134 -0.043008 0.999075 0.000000 -17.096071 0.000000 0.000000 1.000000 0.000000
0.999081 0.042856 0.000000 289.664583 -0.042856 0.999081 0.000000 -17.104782 0.000000 0.000000 1.000000 0.000000
0.999083 0.042817 0.000000 289.663294 -0.042817 0.999083 0.000000 -17.113799 0.000000 0.000000 1.000000 0.000000
0.999084 0.042799 0.000000 289.669312 -0.042799 0.999084 0.000000 -17.120864 0.000000 0.000000 1.000000 0.000000
0.999080 0.042890 0.000000 289.672995 -0.042890 0.999080 0.000000 -17.123495 0.000000 0.000000 1.000000 0.000000
0.999079 0.042915 0.000000 289.679267 -0.042915 0.999079 0.000000 -17.130524 0.000000 0.000000 1.000000 0.000000
0.999079 0.042906 0.000000 289.681235 -0.042906 0.999079 0.000000 -17.134989 0.000000 0.000000 1.000000 0.000000
0.999092 0.042606 0.000000 289.688105 -0.042606 0.999092 0.000000 -17.141658 0.000000 0.000000 1.000000 0.000000
0.999095 0.042530 0.000000 289.693651 -0.042530 0.999095 0.000000 -17.150743 0.000000 0.000000 1.000000 0.000000
0.999102 0.042359 0.000000 289.692922 -0.042359 0.999102 0.000000 -17.156757 0.000000 0.000000 1.000000 0.000000
0.999115 0.042060 0.000000 289.694402 -0.042060 0.999115 0.000000 -17.167053 0.000000 0.000000 1.000000 0.000000
0.999117 0.042015 0.000000 289.696686 -0.042015 0.999117 0.000000 -17.172148 0.000000 0.000000 1.000000 0.000000
0.999124 0.041853 0.000000 289.700242 -0.041853 0.999124 0.000000 -17.178195 0.000000 0.000000 1.000000 0.000000
0.999122 0.041885 0.000000 289.702460 -0.041885 0.999122 0.000000 -17.183070 0.000000 0.000000 1.000000 0.000000
0.999129 0.041723 0.000000 289.704796 -0.041723 0.999129 0.000000 -17.193857 0.000000 0.000000 1.000000 0.000000
0.999131 0.041674 0.000000 289.702503 -0.041674 0.999131 0.000000 -17.197023 0.000000 0.000000 1.000000 0.000000
0.999133 0.041627 0.000000 289.699427 -0.041627 0.999133 0.000000 -17.208027 0.000000 0.000000 1.000000 0.000000
0.999131 0.041670 0.000000 289.700280 -0.041670 0.999131 0.000000 -17.217269 0.000000 0.000000 1.000000 0.000000
0.999144 0.041378 0.000000 289.701843 -0.041378 0.999144 0.000000 -17.227952 0.000000 0.000000 1.000000 0.000000
0.999151 0.041203 0.000000 289.702499 -0.041203 0.999151 0.000000 -17.241313 0.000000 0.000000 1.000000 0.000000
0.999152 0.041182 0.000000 289.699270 -0.041182 0.999152 0.000000 -17.252054 0.000000 0.000000 1.000000 0.000000
0.999155 0.041104 0.000000 289.698600 -0.041104 0.999155 0.000000 -17.263564 0.000000 0.000000 1.000000 0.000000
0.999159 0.040997 0.000000 289.695432 -0.040997 0.999159 0.000000 -17.278248 0.000000 0.000000 1.000000 0.000000
0.999162 0.040935 0.000000 289.690540 -0.040935 0.999162 0.000000 -17.291575 0.000000 0.000000 1.000000 0.000000
0.999164 0.040889 0.000000 289.687157 -0.040889 0.999164 0.000000 -17.302941 0.000000 0.000000 1.000000 0.000000
0.999162 0.040934 0.000000 289.688048 -0.040934 0.999162 0.000000 -17.307825 0.000000 0.000000 1.000000 0.000000
0.999166 0.040837 0.000000 289.687789 -0.040837 0.999166 0.000000 -17.313406 0.000000 0.000000 1.000000 0.000000
0.999173 0.040655 0.000000 289.687803 -0.040655 0.999173 0.000000 -17.325440 0.000000 0.000000 1.000000 0.000000
0.999183 0.040424 0.000000 289.685731 -0.040424 0.999183 0.000000 -17.337343 0.000000 0.000000 1.000000 0.000000
0.999189 0.040269 0.000000 289.684017 -0.040269 0.999189 0.000000 -17.347684 0.000000 0.000000 1.000000 0.000000
0.999197 0.040070 0.000000 289.683009 -0.040070 0.999197 0.000000 -17.357328 0.000000 0.000000 1.000000 0.000000
0.999208 0.039788 0.000000 289.684827 -0.039788 0.999208 0.000000 -17.365980 0.000000 0.000000 1.000000 0.000000
0.999211 0.039714 0.000000 289.686667 -0.039714 0.999211 0.000000 -17.372477 0.000000 0.000000 1.000000 0.000000
0.999217 0.039562 0.000000 289.688564 -0.039562 0.999217 0.000000 -17.383936 0.000000 0.000000 1.000000 0.000000
0.999225 0.039368 0.000000 289.692043 -0.039368 0.999225 0.000000 -17.388970 0.000000 0.000000 1.000000 0.000000
0.999221 0.039458 0.000000 289.695043 -0.039458 0.999221 0.000000 -17.393068 0.000000 0.000000 1.000000 0.000000
0.999219 0.039521 0.000000 289.697622 -0.039521 0.999219 0.000000 -17.399311 0.000000 0.000000 1.000000 0.000000
0.999219 0.039513 0.000000 289.702846 -0.039513 0.999219 0.000000 -17.409142 0.000000 0.000000 1.000000 0.000000
0.999218 0.039546 0.000000 289.707701 -0.039546 0.999218 0.000000 -17.416822 0.000000 0.000000 1.000000 0.000000
0.999208 0.039793 0.000000 289.713436 -0.039793 0.999208 0.000000 -17.425192 0.000000 0.000000 1.000000 0.000000
0.999222 0.039434 0.000000 289.715355 -0.039434 0.999222 0.000000 -17.434542 0.000000 0.000000 1.000000 0.000000
0.999231 0.039206 0.000000 289.714672 -0.039206 0.999231 0.000000 -17.435986 0.000000 0.000000 1.000000 0.000000
0.999253 0.038656 0.000000 289.717923 -0.038656 0.999253 0.000000 -17.444061 0.000000 0.000000 1.000000 0.000000
0.999266 0.038313 0.000000 289.721212 -0.038313 0.999266 0.000000 -17.451481 0.000000 0.000000 1.000000 0.000000
0.999285 0.037806 0.000000 289.729385 -0.037806 0.999285 0.000000 -17.455488 0.000000 0.000000 1.000000 0.000000
0.999310 0.037150 0.000000 289.733493 -0.037150 0.999310 0.000000 -17.458158 0.000000 0.000000 1.000000 0.000000
0.999324 0.036763 0.000000 289.739365 -0.036763 0.999324 0.000000 -17.462066 0.000000 0.000000 1.000000 0.000000
0.999343 0.036255 0.000000 289.741934 -0.036255 0.999343 0.000000 -17.467169 0.000000 0.000000 1.000000 0.000000
0.999352 0.036003 0.000000 289.744557 -0.036003 0.999352 0.000000 -17.472026 0.000000 0.000000 1.000000 0.000000
0.999362 0.035714 0.000000 289.748577 -0.035714 0.999362 0.000000 -17.482988 0.000000 0.000000 1.000000 0.000000
0.999379 0.035224 0.000000 289.748684 -0.035224 0.999379 0.000000 -17.488667 0.000000 0.000000 1.000000 0.000000
0.999411 0.034306 0.000000 289.748624 -0.034306 0.999411 0.000000 -17.500741 0.000000 0.000000 1.000000 0.000000
0.999409 0.034389 0.000000 289.749050 -0.034389 0.999409 0.000000 -17.509649 0.000000 0.000000 1.000000 0.000000
0.999407 0.034426 0.000000 289.749718 -0.034426 0.999407 0.000000 -17.521100 0.000000 0.000000 1.000000 0.000000
0.999403 0.034563 0.000000 289.748048 -0.034563 0.999403 0.000000 -17.527951 0.000000 0.000000 1.000000 0.000000
0.999398 0.034689 0.000000 289.748162 -0.034689 0.999398 0.000000 -17.532050 0.000000 0.000000 1.000000 0.000000
0.999396 0.034762 0.000000 289.747262 -0.034762 0.999396 0.000000 -17.542255 0.000000 0.000000 1.000000 0.000000
0.999389 0.034939 0.000000 289.749181 -0.034939 0.999389 0.000000 -17.555036 0.000000 0.000000 1.000000 0.000000
0.999379 0.035244 0.000000 289.754611 -0.035244 0.999379 0.000000 -17.564726 0.000000 0.000000 1.000000 0.000000
0.999373 0.035412 0.000000 289.759940 -0.035412 0.999373 0.000000 -17.575185 0.000000 0.000000 1.000000 0.000000
0.999369 0.035511 0.000000 289.765427 -0.035511 0.999369 0.000000 -17.584860 0.000000 0.000000 1.000000 0.000000
0.999366 0.035608 0.000000 289.772006 -0.035608 0.999366 0.000000 -17.592157 0.000000 0.000000 1.000000 0.000000
0.999356 0.035884 0.000000 289.778737 -0.035884 0.999356 0.000000 -17.595895 0.000000 0.000000 1.000000 0.000000
0.999351 0.036032 0.000000 289.784666 -0.036032 0.999351 0.000000 -17.598083 0.000000 0.000000 1.000000 0.000000
0.999346 0.036171 0.000000 289.792305 -0.036171 0.999346 0.000000 -17.598972 0.000000 0.000000 1.000000 0.000000
0.999338 0.036367 0.000000 289.792728 -0.036367 0.999338 0.000000 -17.597784 0.000000 0.000000 1.000000 0.000000
0.999338 0.036377 0.000000 289.795382 -0.036377 0.999338 0.000000 -17.595447 0.000000 0.000000 1.000000 0.000000
0.999336 0.036427 0.000000 289.797369 -0.036427 0.999336 0.000000 -17.593109 0.000000 0.000000 1.000000 0.000000
0.999329 0.036615 0.000000 289.799976 -0.036615 0.999329 0.000000 -17.593165 0.000000 0.000000 1.000000 0.000000
0.999328 0.036651 0.000000 289.802945 -0.036651 0.999328 0.000000 -17.594005 0.000000 0.000000 1.000000 0.000000
0.999325 0.036733 0.000000 289.806600 -0.036733 0.999325 0.000000 -17.594969 0.000000 0.000000 1.000000 0.000000
0.999323 0.036804 0.000000 289.812457 -0.036804 0.999323 0.000000 -17.594909 0.000000 0.000000 1.000000 0.000000
0.999324 0.036772 0.000000 289.817709 -0.036772 0.999324 0.000000 -17.592431 0.000000 0.000000 1.000000 0.000000
0.999328 0.036651 0.000000 289.823023 -0.036651 0.999328 0.000000 -17.591777 0.000000 0.000000 1.000000 0.000000
0.999334 0.036493 0.000000 289.827243 -0.036493 0.999334 0.000000 -17.590548 0.000000 0.000000 1.000000 0.000000
0.999336 0.036435 0.000000 289.832458 -0.036435 0.999336 0.000000 -17.590763 0.000000 0.000000 1.000000 0.000000
0.999339 0.036340 0.000000 289.839486 -0.036340 0.999339 0.000000 -17.589357 0.000000 0.000000 1.000000 0.000000
0.999339 0.036351 0.000000 289.844110 -0.036351 0.999339 0.000000 -17.586741 0.000000 0.000000 1.000000 0.000000
0.999340 0.036333 0.000000 289.846873 -0.036333 0.999340 0.000000 -17.583385 0.000000 0.000000 1.000000 0.000000
0.999344 0.036213 0.000000 289.849761 -0.036213 0.999344 0.000000 -17.580550 0.000000 0.000000 1.000000 0.000000
0.999344 0.036227 0.000000 289.855124 -0.036227 0.999344 0.000000 -17.578341 0.000000 0.000000 1.000000 0.000000
0.999343 0.036236 0.000000 289.856622 -0.036236 0.999343 0.000000 -17.577653 0.000000 0.000000 1.000000 0.000000
0.999346 0.036163 0.000000 289.859952 -0.036163 0.999346 0.000000 -17.576579 0.000000 0.000000 1.000000 0.000000
0.999351 0.036012 0.000000 289.862262 -0.036012 0.999351 0.000000 -17.576673 0.000000 0.000000 1.000000 0.000000
0.999352 0.036005 0.000000 289.865122 -0.036005 0.999352 0.000000 -17.573968 0.000000 0.000000 1.000000 0.000000
0.999347 0.036123 0.000000 289.866275 -0.036123 0.999347 0.000000 -17.570896 0.000000 0.000000 1.000000 0.000000
0.999345 0.036196 0.000000 289.868546 -0.036196 0.999345 0.000000 -17.565756 0.000000 0.000000 1.000000 0.000000
0.999345 0.036177 0.000000 289.873216 -0.036177 0.999345 0.000000 -17.559829 0.000000 0.000000 1.000000 0.000000
0.999353 0.035980 0.000000 289.875769 -0.035980 0.999353 0.000000 -17.557942 0.000000 0.000000 1.000000 0.000000
0.999350 0.036051 0.000000 289.879811 -0.036051 0.999350 0.000000 -17.558763 0.000000 0.000000 1.000000 0.000000
0.999350 0.036055 0.000000 289.883722 -0.036055 0.999350 0.000000 -17.555382 0.000000 0.000000 1.000000 0.000000
0.999353 0.035975 0.000000 289.891791 -0.035975 0.999353 0.000000 -17.552854 0.000000 0.000000 1.000000 0.000000
0.999352 0.036000 0.000000 289.902436 -0.036000 0.999352 0.000000 -17.550321 0.000000 0.000000 1.000000 0.000000
0.999356 0.035882 0.000000 289.914312 -0.035882 0.999356 0.000000 -17.550558 0.000000 0.000000 1.000000 0.000000
0.999357 0.035861 0.000000 289.923862 -0.035861 0.999357 0.000000 -17.551925 0.000000 0.000000 1.000000 0.000000
0.999358 0.035818 0.000000 289.931841 -0.035818 0.999358 0.000000 -17.554015 0.000000 0.000000 1.000000 0.000000
0.999361 0.035738 0.000000 289.937866 -0.035738 0.999361 0.000000 -17.551605 0.000000 0.000000 1.000000 0.000000
0.999364 0.035662 0.000000 289.942250 -0.035662 0.999364 0.000000 -17.550999 0.000000 0.000000 1.000000 0.000000
0.999366 0.035611 0.000000 289.947374 -0.035611 0.999366 0.000000 -17.553125 0.000000 0.000000 1.000000 0.000000
0.999377 0.035299 0.000000 289.950741 -0.035299 0.999377 0.000000 -17.555617 0.000000 0.000000 1.000000 0.000000
0.999379 0.035223 0.000000 289.955525 -0.035223 0.999379 0.000000 -17.560792 0.000000 0.000000 1.000000 0.000000
0.999377 0.035281 0.000000 289.958825 -0.035281 0.999377 0.000000 -17.566760 0.000000 0.000000 1.000000 0.000000
0.999381 0.035194 0.000000 289.963874 -0.035194 0.999381 0.000000 -17.570629 0.000000 0.000000 1.000000 0.000000
0.999384 0.035094 0.000000 289.967714 -0.035094 0.999384 0.000000 -17.573250 0.000000 0.000000 1.000000 0.000000
0.999373 0.035419 0.000000 289.969683 -0.035419 0.999373 0.000000 -17.574428 0.000000 0.000000 1.000000 0.000000
0.999380 0.035222 0.000000 289.974924 -0.035222 0.999380 0.000000 -17.574738 0.000000 0.000000 1.000000 0.000000
0.999382 0.035139 0.000000 289.980622 -0.035139 0.999382 0.000000 -17.576653 0.000000 0.000000 1.000000 0.000000
0.999386 0.035049 0.000000 289.984524 -0.035049 0.999386 0.000000 -17.578597 0.000000 0.000000 1.000000 0.000000
0.999389 0.034956 0.000000 289.990670 -0.034956 0.999389 0.000000 -17.580755 0.000000 0.000000 1.000000 0.000000
0.999391 0.034907 0.000000 289.995659 -0.034907 0.999391 0.000000 -17.585542 0.000000 0.000000 1.000000 0.000000
0.999394 0.034814 0.000000 290.000741 -0.034814 0.999394 0.000000 -17.589310 0.000000 0.000000 1.000000 0.000000
0.999398 0.034708 0.000000 290.004839 -0.034708 0.999398 0.000000 -17.592436 0.000000 0.000000 1.000000 0.000000
0.999400 0.034646 0.000000 290.010376 -0.034646 0.999400 0.000000 -17.594408 0.000000 0.000000 1.000000 0.000000
0.999403 0.034538 0.000000 290.013441 -0.034538 0.999403 0.000000 -17.593825 0.000000 0.000000 1.000000 0.000000
0.999406 0.034455 0.000000 290.017858 -0.034455 0.999406 0.000000 -17.596319 0.000000 0.000000 1.000000 0.000000
0.999408 0.034390 0.000000 290.022682 -0.034390 0.999408 0.000000 -17.597717 0.000000 0.000000 1.000000 0.000000
0.999410 0.034333 0.000000 290.027714 -0.034333 0.999410 0.000000 -17.597637 0.000000 0.000000 1.000000 0.000000
0.999412 0.034287 0.000000 290.032159 -0.034287 0.999412 0.000000 -17.597308 0.000000 0.000000 1.000000 0.000000
0.999413 0.034272 0.000000 290.035597 -0.034272 0.999413 0.000000 -17.597039 0.000000 0.000000 1.000000 0.000000
0.999414 0.034242 0.000000 290.039704 -0.034242 0.999414 0.000000 -17.597007 0.000000 0.000000 1.000000 0.000000
0.999412 0.034285 0.000000 290.041795 -0.034285 0.999412 0.000000 -17.595435 0.000000 0.000000 1.000000 0.000000
0.999413 0.034265 0.000000 290.043884 -0.034265 0.999413 0.000000 -17.593785 0.000000 0.000000 1.000000 0.000000
0.999413 0.034264 0.000000 290.048012 -0.034264 0.999413 0.000000 -17.593333 0.000000 0.000000 1.000000 0.000000
0.999412 0.034285 0.000000 290.049333 -0.034285 0.999412 0.000000 -17.589775 0.000000 0.000000 1.000000 0.000000
0.999410 0.034336 0.000000 290.051105 -0.034336 0.999410 0.000000 -17.585117 0.000000 0.000000 1.000000 0.000000
0.999412 0.034289 0.000000 290.053060 -0.034289 0.999412 0.000000 -17.583850 0.000000 0.000000 1.000000 0.000000
0.999411 0.034323 0.000000 290.055980 -0.034323 0.999411 0.000000 -17.581128 0.000000 0.000000 1.000000 0.000000
0.999408 0.034413 0.000000 290.058576 -0.034413 0.999408 0.000000 -17.579119 0.000000 0.000000 1.000000 0.000000
0.999410 0.034358 0.000000 290.061042 -0.034358 0.999410 0.000000 -17.579530 0.000000 0.000000 1.000000 0.000000
0.999409 0.034371 0.000000 290.063689 -0.034371 0.999409 0.000000 -17.580283 0.000000 0.000000 1.000000 0.000000
0.999411 0.034325 0.000000 290.067536 -0.034325 0.999411 0.000000 -17.582126 0.000000 0.000000 1.000000 0.000000
0.999414 0.034242 0.000000 290.070704 -0.034242 0.999414 0.000000 -17.581558 0.000000 0.000000 1.000000 0.000000
0.999410 0.034332 0.000000 290.072648 -0.034332 0.999410 0.000000 -17.582988 0.000000 0.000000 1.000000 0.000000
0.999408 0.034399 0.000000 290.074673 -0.034399 0.999408 0.000000 -17.584130 0.000000 0.000000 1.000000 0.000000
0.999401 0.034619 0.000000 290.072875 -0.034619 0.999401 0.000000 -17.583270 0.000000 0.000000 1.000000 0.000000
0.999401 0.034613 0.000000 290.073245 -0.034613 0.999401 0.000000 -17.581617 0.000000 0.000000 1.000000 0.000000
0.999401 0.034607 0.000000 290.072330 -0.034607 0.999401 0.000000 -17.581363 0.000000 0.000000 1.000000 0.000000
0.999402 0.034568 0.000000 290.070332 -0.034568 0.999402 0.000000 -17.579659 0.000000 0.000000 1.000000 0.000000
0.999401 0.034614 0.000000 290.070514 -0.034614 0.999401 0.000000 -17.577836 0.000000 0.000000 1.000000 0.000000
0.999392 0.034862 0.000000 290.070533 -0.034862 0.999392 0.000000 -17.577195 0.000000 0.000000 1.000000 0.000000
0.999391 0.034882 0.000000 290.071059 -0.034882 0.999391 0.000000 -17.575528 0.000000 0.000000 1.000000 0.000000
0.999388 0.034984 0.000000 290.071130 -0.034984 0.999388 0.000000 -17.574578 0.000000 0.000000 1.000000 0.000000
0.999380 0.035205 0.000000 290.069954 -0.035205 0.999380 0.000000 -17.571551 0.000000 0.000000 1.000000 0.000000
0.999381 0.035175 0.000000 290.068758 -0.035175 0.999381 0.000000 -17.570290 0.000000 0.000000 1.000000 0.000000
0.999377 0.035298 0.000000 290.064962 -0.035298 0.999377 0.000000 -17.570493 0.000000 0.000000 1.000000 0.000000
0.999381 0.035166 0.000000 290.061267 -0.035166 0.999381 0.000000 -17.572353 0.000000 0.000000 1.000000 0.000000
0.999392 0.034867 0.000000 290.059953 -0.034867 0.999392 0.000000 -17.575017 0.000000 0.000000 1.000000 0.000000
0.999399 0.034659 0.000000 290.059764 -0.034659 0.999399 0.000000 -17.578109 0.000000 0.000000 1.000000 0.000000
0.999403 0.034544 0.000000 290.059020 -0.034544 0.999403 0.000000 -17.579115 0.000000 0.000000 1.000000 0.000000
0.999408 0.034407 0.000000 290.057812 -0.034407 0.999408 0.000000 -17.576851 0.000000 0.000000 1.000000 0.000000
0.999405 0.034493 0.000000 290.058385 -0.034493 0.999405 0.000000 -17.577284 0.000000 0.000000 1.000000 0.000000
0.999404 0.034523 0.000000 290.056582 -0.034523 0.999404 0.000000 -17.575599 0.000000 0.000000 1.000000 0.000000
0.999402 0.034568 0.000000 290.053820 -0.034568 0.999402 0.000000 -17.572552 0.000000 0.000000 1.000000 0.000000
0.999400 0.034636 0.000000 290.051553 -0.034636 0.999400 0.000000 -17.569995 0.000000 0.000000 1.000000 0.000000
0.999397 0.034733 0.000000 290.050383 -0.034733 0.999397 0.000000 -17.566150 0.000000 0.000000 1.000000 0.000000
0.999391 0.034894 0.000000 290.049376 -0.034894 0.999391 0.000000 -17.562018 0.000000 0.000000 1.000000 0.000000
0.999388 0.034974 0.000000 290.047953 -0.034974 0.999388 0.000000 -17.558607 0.000000 0.000000 1.000000 0.000000
0.999391 0.034886 0.000000 290.047429 -0.034886 0.999391 0.000000 -17.555753 0.000000 0.000000 1.000000 0.000000
0.999382 0.035140 0.000000 290.047108 -0.035140 0.999382 0.000000 -17.555984 0.000000 0.000000 1.000000 0.000000
0.999376 0.035308 0.000000 290.046999 -0.035308 0.999376 0.000000 -17.556554 0.000000 0.000000 1.000000 0.000000
0.999375 0.035336 0.000000 290.046336 -0.035336 0.999375 0.000000 -17.558683 0.000000 0.000000 1.000000 0.000000
0.999376 0.035316 0.000000 290.049625 -0.035316 0.999376 0.000000 -17.560960 0.000000 0.000000 1.000000 0.000000
0.999374 0.035365 0.000000 290.050755 -0.035365 0.999374 0.000000 -17.563470 0.000000 0.000000 1.000000 0.000000
0.999377 0.035307 0.000000 290.055423 -0.035307 0.999377 0.000000 -17.563357 0.000000 0.000000 1.000000 0.000000
0.999377 0.035302 0.000000 290.059941 -0.035302 0.999377 0.000000 -17.565785 0.000000 0.000000 1.000000 0.000000
0.999376 0.035326 0.000000 290.067516 -0.035326 0.999376 0.000000 -17.565093 0.000000 0.000000 1.000000 0.000000
0.999380 0.035205 0.000000 290.076648 -0.035205 0.999380 0.000000 -17.566652 0.000000 0.000000 1.000000 0.000000
0.999375 0.035353 0.000000 290.082071 -0.035353 0.999375 0.000000 -17.570197 0.000000 0.000000 1.000000 0.000000
0.999379 0.035247 0.000000 290.088020 -0.035247 0.999379 0.000000 -17.570915 0.000000 0.000000 1.000000 0.000000
0.999378 0.035277 0.000000 290.092316 -0.035277 0.999378 0.000000 -17.571170 0.000000 0.000000 1.000000 0.000000
0.999380 0.035195 0.000000 290.094259 -0.035195 0.999380 0.000000 -17.575103 0.000000 0.000000 1.000000 0.000000
0.999384 0.035103 0.000000 290.097995 -0.035103 0.999384 0.000000 -17.580654 0.000000 0.000000 1.000000 0.000000
0.999389 0.034961 0.000000 290.102935 -0.034961 0.999389 0.000000 -17.585850 0.000000 0.000000 1.000000 0.000000
0.999395 0.034787 0.000000 290.109276 -0.034787 0.999395 0.000000 -17.589326 0.000000 0.000000 1.000000 0.000000
0.999398 0.034695 0.000000 290.117404 -0.034695 0.999398 0.000000 -17.594838 0.000000 0.000000 1.000000 0.000000
0.999398 0.034682 0.000000 290.122789 -0.034682 0.999398 0.000000 -17.600853 0.000000 0.000000 1.000000 0.000000
0.999401 0.034615 0.000000 290.128131 -0.034615 0.999401 0.000000 -17.607700 0.000000 0.000000 1.000000 0.000000
0.999405 0.034488 0.000000 290.134132 -0.034488 0.999405 0.000000 -17.614776 0.000000 0.000000 1.000000 0.000000
0.999409 0.034375 0.000000 290.141675 -0.034375 0.999409 0.000000 -17.620804 0.000000 0.000000 1.000000 0.000000
0.999412 0.034292 0.000000 290.146571 -0.034292 0.999412 0.000000 -17.626522 0.000000 0.000000 1.000000 0.000000
0.999412 0.034284 0.000000 290.151795 -0.034284 0.999412 0.000000 -17.632570 0.000000 0.000000 1.000000 0.000000
0.999414 0.034221 0.000000 290.159882 -0.034221 0.999414 0.000000 -17.640754 0.000000 0.000000 1.000000 0.000000
0.999419 0.034092 0.000000 290.168772 -0.034092 0.999419 0.000000 -17.648109 0.000000 0.000000 1.000000 0.000000
0.999424 0.033938 0.000000 290.176528 -0.033938 0.999424 0.000000 -17.658107 0.000000 0.000000 1.000000 0.000000
0.999426 0.033878 0.000000 290.186468 -0.033878 0.999426 0.000000 -17.667376 0.000000 0.000000 1.000000 0.000000
0.999422 0.033991 0.000000 290.197359 -0.033991 0.999422 0.000000 -17.675960 0.000000 0.000000 1.000000 0.000000
0.999420 0.034066 0.000000 290.205436 -0.034066 0.999420 0.000000 -17.683434 0.000000 0.000000 1.000000 0.000000
0.999416 0.034158 0.000000 290.210907 -0.034158 0.999416 0.000000 -17.689295 0.000000 0.000000 1.000000 0.000000
0.999416 0.034170 0.000000 290.217399 -0.034170 0.999416 0.000000 -17.696093 0.000000 0.000000 1.000000 0.000000
