0.999996 0.000925 0.002490 0.824530 -0.000925 1.000000 0.000180 -0.006219 -0.002490 -0.000182 0.999997 -0.001755
0.999995 0.000962 0.003033 1.407639 -0.000964 0.999999 0.000619 -0.010648 -0.003032 -0.000622 0.999995 -0.002996
0.999996 0.000540 0.002765 2.033743 -0.000543 0.999999 0.001129 -0.016411 -0.002764 -0.001131 0.999996 -0.004306
0.999994 0.000473 0.003403 2.956097 -0.000476 1.000000 0.000750 -0.021450 -0.003403 -0.000752 0.999994 -0.006312
0.999993 0.000725 0.003779 3.572036 -0.000725 1.000000 -0.000186 -0.026747 -0.003779 0.000183 0.999993 -0.007609
0.999994 0.001140 0.003406 4.188524 -0.001137 0.999999 -0.000829 -0.032169 -0.003407 0.000825 0.999994 -0.008905
0.999996 0.001876 0.002290 4.820270 -0.001874 0.999998 -0.000881 -0.038975 -0.002292 0.000877 0.999997 -0.010204
0.999995 0.002756 -0.001232 6.082845 -0.002755 0.999996 0.000629 -0.053067 0.001234 -0.000626 0.999999 -0.012790
0.999994 0.003062 -0.001856 6.718608 -0.003061 0.999995 0.001011 -0.061491 0.001859 -0.001005 0.999998 -0.014063
0.999995 0.003090 -0.000582 7.348203 -0.003089 0.999993 0.001863 -0.070110 0.000588 -0.001861 0.999998 -0.015317
0.999989 0.004648 0.000588 7.974911 -0.004649 0.999986 0.002643 -0.079001 -0.000576 -0.002646 0.999996 -0.016558
0.999987 0.004658 0.001851 8.640803 -0.004663 0.999985 0.002724 -0.086814 -0.001839 -0.002732 0.999995 -0.017914
0.999989 0.004048 0.002280 9.258000 -0.004054 0.999989 0.002527 -0.092278 -0.002269 -0.002536 0.999994 -0.019210
0.999982 0.005625 0.002043 9.870690 -0.005629 0.999982 0.001821 -0.101892 -0.002033 -0.001833 0.999996 -0.020403
0.999978 0.006297 0.002049 10.492424 -0.006300 0.999979 0.001332 -0.113522 -0.002040 -0.001345 0.999997 -0.021572
0.999975 0.006700 0.002137 11.118037 -0.006706 0.999973 0.002946 -0.125190 -0.002117 -0.002960 0.999993 -0.022749
0.999979 0.005939 0.002445 11.731917 -0.005951 0.999970 0.004959 -0.134319 -0.002415 -0.004974 0.999985 -0.023955
0.999983 0.005351 0.002192 12.348864 -0.005364 0.999969 0.005798 -0.143909 -0.002161 -0.005809 0.999981 -0.025159
0.999984 0.004705 0.003050 12.955620 -0.004723 0.999971 0.006010 -0.151531 -0.003022 -0.006024 0.999977 -0.026383
0.999981 0.004559 0.004126 13.596353 -0.004588 0.999964 0.007082 -0.160108 -0.004093 -0.007101 0.999966 -0.027663
0.999975 0.005312 0.004605 14.175127 -0.005345 0.999961 0.007038 -0.169285 -0.004568 -0.007062 0.999965 -0.028788
0.999973 0.005934 0.004299 14.797689 -0.005966 0.999955 0.007398 -0.178416 -0.004255 -0.007423 0.999963 -0.030015
0.999965 0.006674 0.004978 15.416175 -0.006716 0.999941 0.008546 -0.188578 -0.004921 -0.008579 0.999951 -0.031209
0.999976 0.006207 0.003177 16.065349 -0.006234 0.999944 0.008556 -0.198801 -0.003124 -0.008576 0.999958 -0.032472
0.999985 0.005360 0.001225 16.688867 -0.005369 0.999957 0.007560 -0.206468 -0.001184 -0.007567 0.999971 -0.033734
0.999987 0.005063 0.000946 17.309303 -0.005069 0.999965 0.006597 -0.212855 -0.000913 -0.006602 0.999978 -0.035016
0.999987 0.004937 0.000814 17.927918 -0.004942 0.999968 0.006215 -0.218129 -0.000784 -0.006219 0.999980 -0.036320
0.999985 0.005130 0.002023 18.554598 -0.005143 0.999966 0.006483 -0.225520 -0.001989 -0.006493 0.999977 -0.037595
0.999978 0.005129 0.004246 19.183950 -0.005160 0.999960 0.007248 -0.232752 -0.004209 -0.007269 0.999965 -0.038879
0.999975 0.005108 0.004895 19.789058 -0.005144 0.999959 0.007446 -0.239858 -0.004857 -0.007471 0.999960 -0.040111
0.999972 0.005275 0.005215 20.421469 -0.005311 0.999962 0.006972 -0.247143 -0.005178 -0.006999 0.999962 -0.041401
0.999984 0.004405 0.003612 21.061712 -0.004429 0.999968 0.006669 -0.252809 -0.003583 -0.006685 0.999971 -0.042745
0.999983 0.004826 0.003319 21.662187 -0.004847 0.999968 0.006325 -0.260411 -0.003289 -0.006341 0.999974 -0.043955
0.999986 0.004621 0.002544 22.309546 -0.004637 0.999970 0.006157 -0.267037 -0.002516 -0.006169 0.999978 -0.045295
0.999987 0.004121 0.003096 22.934121 -0.004139 0.999974 0.005835 -0.272774 -0.003072 -0.005848 0.999978 -0.046602
0.999980 0.004605 0.004246 23.536392 -0.004627 0.999976 0.005124 -0.279988 -0.004222 -0.005144 0.999978 -0.047824
0.999980 0.004301 0.004656 24.156348 -0.004320 0.999983 0.004014 -0.287039 -0.004639 -0.004034 0.999981 -0.049091
0.999975 0.004403 0.005443 24.785801 -0.004430 0.999977 0.005058 -0.293805 -0.005421 -0.005082 0.999972 -0.050386
0.999978 0.004943 0.004402 25.408328 -0.004968 0.999972 0.005674 -0.301026 -0.004374 -0.005696 0.999974 -0.051655
0.999974 0.005318 0.004950 25.988487 -0.005343 0.999973 0.005094 -0.308376 -0.004923 -0.005120 0.999975 -0.052824
0.999968 0.004844 0.006314 26.622882 -0.004872 0.999978 0.004483 -0.316552 -0.006293 -0.004514 0.999970 -0.054099
0.999976 0.004095 0.005595 27.206220 -0.004123 0.999979 0.005091 -0.321686 -0.005574 -0.005114 0.999971 -0.055325
0.999977 0.004635 0.004861 27.814551 -0.004662 0.999974 0.005551 -0.328897 -0.004836 -0.005574 0.999973 -0.056561
0.999974 0.005355 0.004793 28.440856 -0.005379 0.999973 0.005082 -0.336622 -0.004765 -0.005108 0.999976 -0.057828
0.999975 0.004697 0.005347 29.252718 -0.004724 0.999976 0.005024 -0.345750 -0.005324 -0.005049 0.999973 -0.059489
0.999976 0.004323 0.005483 29.873632 -0.004346 0.999982 0.004203 -0.351336 -0.005464 -0.004227 0.999976 -0.060791
0.999972 0.004213 0.006217 30.498110 -0.004241 0.999981 0.004512 -0.357812 -0.006198 -0.004539 0.999970 -0.062081
0.999955 0.004325 0.008435 31.129804 -0.004366 0.999979 0.004845 -0.364646 -0.008414 -0.004882 0.999953 -0.063380
0.999965 0.005013 0.006730 31.763589 -0.005043 0.999977 0.004449 -0.372451 -0.006708 -0.004483 0.999967 -0.064662
0.999976 0.005888 0.003641 32.402752 -0.005902 0.999974 0.004042 -0.381713 -0.003617 -0.004063 0.999985 -0.065924
0.999972 0.007108 0.002156 33.035659 -0.007118 0.999964 0.004539 -0.392181 -0.002124 -0.004554 0.999987 -0.067144
0.999970 0.007641 0.001547 33.676528 -0.007649 0.999958 0.005002 -0.402203 -0.001508 -0.005014 0.999986 -0.068393
0.999960 0.008755 0.001878 34.310011 -0.008763 0.999951 0.004507 -0.414299 -0.001839 -0.004523 0.999988 -0.069578
0.999961 0.008165 0.003326 34.945936 -0.008178 0.999959 0.003944 -0.422637 -0.003294 -0.003971 0.999987 -0.070853
0.999954 0.008439 0.004595 35.572399 -0.008458 0.999956 0.004170 -0.433034 -0.004559 -0.004208 0.999981 -0.072060
0.999949 0.009232 0.004015 36.206734 -0.009255 0.999942 0.005582 -0.443995 -0.003964 -0.005619 0.999976 -0.073273
0.999946 0.008747 0.005691 36.851274 -0.008778 0.999947 0.005424 -0.451683 -0.005643 -0.005474 0.999969 -0.074582
0.999945 0.009409 0.004730 37.505696 -0.009432 0.999944 0.004878 -0.462328 -0.004684 -0.004922 0.999977 -0.075848
0.999952 0.009437 0.002741 38.109583 -0.009450 0.999944 0.004860 -0.474206 -0.002695 -0.004886 0.999984 -0.076971
0.999947 0.009818 0.002987 38.755572 -0.009833 0.999939 0.004932 -0.486508 -0.002938 -0.004961 0.999983 -0.078180
0.999949 0.009640 0.002936 39.387131 -0.009656 0.999938 0.005596 -0.494927 -0.002882 -0.005624 0.999980 -0.079443
0.999914 0.010450 0.007968 40.043198 -0.010508 0.999919 0.007206 -0.505951 -0.007892 -0.007289 0.999942 -0.080705
0.999780 0.010698 0.018043 40.687763 -0.010905 0.999875 0.011405 -0.517896 -0.017919 -0.011599 0.999772 -0.081919
0.999485 0.010490 0.030332 41.320535 -0.010957 0.999823 0.015298 -0.529951 -0.030166 -0.015623 0.999423 -0.083104
0.998967 0.011295 0.044007 41.959986 -0.012035 0.999790 0.016595 -0.542919 -0.043810 -0.017107 0.998893 -0.084284
0.998699 0.011556 0.049658 42.596913 -0.012427 0.999774 0.017252 -0.555278 -0.049448 -0.017847 0.998617 -0.085471
0.998896 0.012578 0.045270 43.242449 -0.013452 0.999728 0.019069 -0.569608 -0.045018 -0.019657 0.998793 -0.086635
0.999304 0.013877 0.034631 43.896121 -0.014644 0.999651 0.021975 -0.583951 -0.034314 -0.022467 0.999159 -0.087816
0.999573 0.014949 0.025115 44.556192 -0.015519 0.999623 0.022661 -0.598803 -0.024767 -0.023042 0.999428 -0.089001
0.999644 0.015868 0.021442 45.172934 -0.016334 0.999629 0.021773 -0.612082 -0.021089 -0.022116 0.999533 -0.090122
0.999601 0.015316 0.023726 45.822855 -0.015797 0.999670 0.020252 -0.627286 -0.023408 -0.020619 0.999513 -0.091276
0.999530 0.015408 0.026484 46.466756 -0.015944 0.999670 0.020147 -0.644675 -0.026164 -0.020560 0.999446 -0.092367
0.999533 0.015366 0.026405 47.112847 -0.015903 0.999668 0.020260 -0.659540 -0.026085 -0.020670 0.999446 -0.093520
0.999555 0.015941 0.025202 47.759071 -0.016486 0.999631 0.021569 -0.675576 -0.024849 -0.021975 0.999450 -0.094647
0.999586 0.016073 0.023870 48.401152 -0.016592 0.999627 0.021693 -0.691989 -0.023512 -0.022081 0.999480 -0.095756
0.999605 0.015771 0.023269 49.024251 -0.016260 0.999647 0.021007 -0.706488 -0.022929 -0.021377 0.999509 -0.096864
0.999582 0.015595 0.024363 49.678603 -0.016125 0.999635 0.021683 -0.722128 -0.024016 -0.022067 0.999468 -0.098018
0.999550 0.015768 0.025527 50.338234 -0.016339 0.999617 0.022351 -0.736934 -0.025164 -0.022758 0.999424 -0.099204
0.999532 0.015710 0.026241 51.010124 -0.016283 0.999631 0.021748 -0.753179 -0.025890 -0.022165 0.999419 -0.100385
0.999510 0.015555 0.027168 51.677352 -0.016147 0.999634 0.021695 -0.768281 -0.026820 -0.022123 0.999395 -0.101581
0.999542 0.014624 0.026478 52.344659 -0.015184 0.999662 0.021089 -0.781826 -0.026161 -0.021481 0.999427 -0.102812
0.999624 0.013749 0.023721 53.395860 -0.014206 0.999715 0.019201 -0.804027 -0.023450 -0.019531 0.999534 -0.104731
0.999703 0.013115 0.020540 54.110682 -0.013491 0.999742 0.018273 -0.818196 -0.020295 -0.018545 0.999622 -0.106057
0.999732 0.012947 0.019176 54.775934 -0.013256 0.999783 0.016095 -0.829786 -0.018964 -0.016345 0.999687 -0.107327
0.999763 0.011955 0.018212 55.454584 -0.012228 0.999813 0.014952 -0.839601 -0.018030 -0.015171 0.999722 -0.108667
0.999728 0.011271 0.020425 56.130565 -0.011561 0.999833 0.014163 -0.849847 -0.020262 -0.014395 0.999691 -0.109992
0.999673 0.010650 0.023245 56.806096 -0.010937 0.999865 0.012228 -0.859228 -0.023112 -0.012478 0.999655 -0.111334
0.999691 0.010410 0.022585 57.474498 -0.010615 0.999903 0.008981 -0.869997 -0.022489 -0.009218 0.999705 -0.112630
0.999801 0.009801 0.017403 58.120554 -0.009935 0.999922 0.007611 -0.877029 -0.017327 -0.007782 0.999820 -0.113957
0.999892 0.010801 0.009934 59.478380 -0.010888 0.999902 0.008807 -0.898450 -0.009838 -0.008914 0.999912 -0.116599
0.999801 0.012063 0.015881 60.150968 -0.012210 0.999883 0.009179 -0.911161 -0.015768 -0.009371 0.999832 -0.117860
0.999592 0.012329 0.025776 60.806602 -0.012545 0.999887 0.008238 -0.922411 -0.025671 -0.008558 0.999634 -0.119115
0.999299 0.013010 0.035098 61.460950 -0.013304 0.999878 0.008158 -0.934885 -0.034987 -0.008619 0.999351 -0.120340
0.999106 0.013995 0.039891 62.110233 -0.014352 0.999859 0.008679 -0.948081 -0.039764 -0.009244 0.999166 -0.121538
0.999106 0.014260 0.039798 62.788055 -0.014660 0.999845 0.009770 -0.960395 -0.039653 -0.010345 0.999160 -0.122820
0.999187 0.015204 0.037331 63.422737 -0.015594 0.999827 0.010171 -0.972414 -0.037169 -0.010745 0.999251 -0.124010
0.999284 0.015249 0.034613 64.025220 -0.015652 0.999812 0.011418 -0.985164 -0.034432 -0.011951 0.999336 -0.125110
0.999329 0.015666 0.033093 64.660707 -0.016065 0.999801 0.011821 -0.999379 -0.032902 -0.012345 0.999382 -0.126253
0.999334 0.016528 0.032526 65.248717 -0.016922 0.999786 0.011867 -1.014881 -0.032323 -0.012410 0.999400 -0.127258
0.999343 0.017164 0.031928 65.871344 -0.017581 0.999763 0.012822 -1.030452 -0.031701 -0.013375 0.999408 -0.128341
0.999384 0.017377 0.030487 66.485425 -0.017806 0.999746 0.013852 -1.044435 -0.030239 -0.014386 0.999439 -0.129440
0.999411 0.017994 0.029219 67.066140 -0.018421 0.999726 0.014421 -1.058243 -0.028952 -0.014951 0.999469 -0.130466
0.999420 0.017755 0.029071 67.687859 -0.018179 0.999731 0.014386 -1.071948 -0.028808 -0.014906 0.999474 -0.131588
0.999413 0.017006 0.029726 68.298917 -0.017445 0.999742 0.014565 -1.084895 -0.029471 -0.015075 0.999452 -0.132703
0.999367 0.017571 0.030930 68.865929 -0.018029 0.999731 0.014616 -1.098710 -0.030665 -0.015164 0.999415 -0.133698
0.999352 0.017249 0.031588 69.486011 -0.017735 0.999728 0.015151 -1.112582 -0.031318 -0.015702 0.999386 -0.134813
0.999330 0.017510 0.032136 70.067248 -0.018001 0.999725 0.015055 -1.127908 -0.031864 -0.015623 0.999370 -0.135806
0.999321 0.018443 0.031901 70.685013 -0.018942 0.999702 0.015429 -1.143406 -0.031607 -0.016022 0.999372 -0.136880
0.999356 0.017676 0.031217 71.312340 -0.018160 0.999718 0.015290 -1.156243 -0.030938 -0.015847 0.999396 -0.138035
0.999371 0.017024 0.031097 72.180755 -0.017480 0.999743 0.014439 -1.176417 -0.030844 -0.014974 0.999412 -0.139580
0.999335 0.017888 0.031770 72.779965 -0.018364 0.999722 0.014778 -1.192257 -0.031497 -0.015351 0.999386 -0.140603
0.999309 0.017954 0.032534 73.393509 -0.018468 0.999709 0.015549 -1.206796 -0.032246 -0.016139 0.999350 -0.141688
0.999313 0.017659 0.032590 73.995620 -0.018162 0.999719 0.015202 -1.220154 -0.032312 -0.015783 0.999353 -0.142773
0.999313 0.017919 0.032453 74.594556 -0.018457 0.999696 0.016360 -1.235999 -0.032150 -0.016948 0.999339 -0.143796
0.999355 0.018089 0.031017 75.200120 -0.018633 0.999676 0.017324 -1.253060 -0.030693 -0.017891 0.999369 -0.144807
0.999392 0.018247 0.029726 75.837600 -0.018719 0.999702 0.015698 -1.271605 -0.029431 -0.016245 0.999435 -0.145858
0.999397 0.018595 0.029328 76.428570 -0.019023 0.999715 0.014391 -1.287761 -0.029052 -0.014941 0.999466 -0.146855
0.999395 0.019131 0.029049 77.015620 -0.019556 0.999705 0.014428 -1.304591 -0.028764 -0.014988 0.999474 -0.147828
0.999334 0.019746 0.030697 78.192841 -0.020215 0.999683 0.015041 -1.335654 -0.030390 -0.015652 0.999416 -0.149840
0.999363 0.019904 0.029637 78.790745 -0.020357 0.999679 0.015077 -1.351900 -0.029327 -0.015670 0.999447 -0.150851
0.999402 0.019662 0.028439 79.376754 -0.020092 0.999687 0.014929 -1.368449 -0.028137 -0.015492 0.999484 -0.151828
0.999412 0.019824 0.027993 79.947230 -0.020270 0.999671 0.015735 -1.383619 -0.027671 -0.016293 0.999484 -0.152800
0.999405 0.020032 0.028093 80.518682 -0.020511 0.999647 0.016862 -1.398417 -0.027746 -0.017428 0.999463 -0.153783
0.999380 0.020730 0.028453 81.093169 -0.021231 0.999623 0.017409 -1.414932 -0.028081 -0.018002 0.999444 -0.154734
0.999333 0.021351 0.029610 81.665071 -0.021886 0.999601 0.017841 -1.430459 -0.029218 -0.018477 0.999402 -0.155702
0.999352 0.020425 0.029631 82.238624 -0.020981 0.999607 0.018586 -1.440714 -0.029239 -0.019196 0.999388 -0.156791
0.999330 0.020330 0.030440 82.794824 -0.020900 0.999610 0.018509 -1.454538 -0.030052 -0.019133 0.999365 -0.157760
0.999313 0.020804 0.030662 83.334085 -0.021392 0.999591 0.018993 -1.470613 -0.030255 -0.019636 0.999349 -0.158641
0.999305 0.021139 0.030718 83.883717 -0.021740 0.999576 0.019353 -1.486496 -0.030295 -0.020007 0.999341 -0.159549
0.999282 0.022286 0.030624 84.429678 -0.022864 0.999565 0.018653 -1.504712 -0.030195 -0.019340 0.999357 -0.160397
0.999275 0.023024 0.030323 84.984244 -0.023575 0.999561 0.017944 -1.521596 -0.029896 -0.018646 0.999379 -0.161294
0.999277 0.024115 0.029408 85.501402 -0.024621 0.999552 0.016988 -1.538215 -0.028985 -0.017700 0.999423 -0.162112
0.999276 0.025164 0.028528 86.047630 -0.025635 0.999539 0.016256 -1.556017 -0.028105 -0.016976 0.999461 -0.162970
0.999285 0.026223 0.027221 86.575696 -0.026672 0.999512 0.016271 -1.572026 -0.026781 -0.016986 0.999497 -0.163826
0.999313 0.027086 0.025277 87.097996 -0.027514 0.999481 0.016754 -1.589124 -0.024810 -0.017438 0.999540 -0.164644
0.999329 0.027474 0.024227 87.642616 -0.027898 0.999461 0.017318 -1.605563 -0.023738 -0.017982 0.999556 -0.165529
0.999311 0.028275 0.024060 88.157501 -0.028690 0.999442 0.017104 -1.623371 -0.023563 -0.017782 0.999564 -0.166314
0.999294 0.029011 0.023863 88.645244 -0.029411 0.999430 0.016588 -1.640780 -0.023368 -0.017278 0.999578 -0.167047
0.999289 0.029487 0.023498 89.171398 -0.029878 0.999418 0.016452 -1.659580 -0.022999 -0.017143 0.999588 -0.167836
0.999255 0.029835 0.024470 89.692180 -0.030265 0.999391 0.017381 -1.677334 -0.023936 -0.018109 0.999549 -0.168636
0.999193 0.030926 0.025613 90.185977 -0.031378 0.999355 0.017454 -1.694331 -0.025057 -0.018244 0.999520 -0.169392
0.999110 0.032725 0.026606 90.736831 -0.033175 0.999311 0.016661 -1.717287 -0.026042 -0.017529 0.999507 -0.170145
0.999053 0.034288 0.026786 91.279152 -0.034739 0.999259 0.016553 -1.739338 -0.026198 -0.017468 0.999504 -0.170899
0.999040 0.035155 0.026133 91.770558 -0.035592 0.999231 0.016458 -1.759926 -0.025534 -0.017372 0.999523 -0.171569
0.998988 0.037311 0.025102 92.287828 -0.037738 0.999147 0.016742 -1.782549 -0.024456 -0.017673 0.999545 -0.172253
0.998930 0.038768 0.025212 92.769017 -0.039176 0.999106 0.015912 -1.802835 -0.024573 -0.016883 0.999555 -0.172906
0.998826 0.040410 0.026721 93.273504 -0.040781 0.999077 0.013491 -1.825120 -0.026151 -0.014565 0.999552 -0.173568
0.998690 0.042482 0.028515 93.952120 -0.042830 0.999014 0.011714 -1.856716 -0.027990 -0.012920 0.999525 -0.174422
0.998624 0.043945 0.028611 94.461643 -0.044236 0.998975 0.009621 -1.879672 -0.028159 -0.010873 0.999544 -0.175081
0.998580 0.045866 0.027082 94.954875 -0.046120 0.998897 0.008844 -1.904540 -0.026646 -0.010081 0.999594 -0.175659
0.998496 0.048496 0.025588 95.452751 -0.048726 0.998777 0.008423 -1.932488 -0.025148 -0.009657 0.999637 -0.176179
0.998377 0.050479 0.026365 95.952523 -0.050728 0.998673 0.008843 -1.959718 -0.025883 -0.010166 0.999613 -0.176720
0.998231 0.052162 0.028535 96.440356 -0.052446 0.998581 0.009262 -1.987824 -0.028011 -0.010742 0.999550 -0.177214
0.998037 0.053799 0.032056 96.916325 -0.054110 0.998495 0.008890 -2.015112 -0.031529 -0.010607 0.999447 -0.177699
0.997712 0.057362 0.035786 97.867248 -0.057708 0.998296 0.008704 -2.073938 -0.035226 -0.010749 0.999322 -0.178572
0.997636 0.058672 0.035790 98.335788 -0.059030 0.998215 0.009034 -2.104011 -0.035196 -0.011125 0.999318 -0.178977
0.997464 0.061188 0.036363 98.802837 -0.061567 0.998059 0.009376 -2.136104 -0.035719 -0.011591 0.999295 -0.179335
0.997269 0.063912 0.037020 99.272325 -0.064305 0.997885 0.009506 -2.167333 -0.036334 -0.011861 0.999269 -0.179717
0.997030 0.066982 0.038003 99.746158 -0.067426 0.997669 0.010526 -2.200146 -0.037209 -0.013057 0.999222 -0.180073
0.996747 0.070079 0.039813 100.219529 -0.070513 0.997465 0.009589 -2.234579 -0.039040 -0.012365 0.999161 -0.180393
0.996473 0.072843 0.041668 100.701890 -0.073298 0.997265 0.009488 -2.270920 -0.040862 -0.012509 0.999086 -0.180691
0.996160 0.076027 0.043427 101.172654 -0.076543 0.997013 0.010345 -2.309058 -0.042511 -0.013630 0.999003 -0.180921
0.995801 0.079065 0.046145 101.642676 -0.079575 0.996785 0.009330 -2.348410 -0.045258 -0.012963 0.998891 -0.181124
0.995441 0.082492 0.047883 102.091684 -0.083030 0.996503 0.009357 -2.388151 -0.046944 -0.013290 0.998809 -0.181269
0.995197 0.084692 0.049098 102.522712 -0.085268 0.996310 0.009754 -2.426969 -0.048091 -0.013893 0.998746 -0.181393
0.994863 0.087435 0.051016 102.978190 -0.088077 0.996059 0.010466 -2.468146 -0.049900 -0.014906 0.998643 -0.181521
0.994375 0.090530 0.054973 103.434274 -0.091342 0.995742 0.012443 -2.512587 -0.053612 -0.017394 0.998410 -0.181578
0.993836 0.093518 0.059538 103.885104 -0.094364 0.995471 0.011555 -2.556334 -0.058188 -0.017102 0.998159 -0.181638
0.993256 0.097467 0.062794 104.316796 -0.098236 0.995120 0.009282 -2.601553 -0.061582 -0.015388 0.997983 -0.181621
0.992724 0.100951 0.065634 104.750511 -0.101787 0.994761 0.009508 -2.646954 -0.064331 -0.016120 0.997798 -0.181605
0.992192 0.104970 0.067350 105.192952 -0.105922 0.994317 0.010704 -2.694676 -0.065844 -0.017754 0.997672 -0.181557
0.991525 0.109798 0.069444 105.621786 -0.110937 0.993746 0.012745 -2.741805 -0.067610 -0.020341 0.997504 -0.181491
0.990836 0.115664 0.069759 106.048024 -0.116965 0.993025 0.014847 -2.790291 -0.067555 -0.022871 0.997453 -0.181389
0.990200 0.121794 0.068340 106.470834 -0.123020 0.992305 0.014020 -2.842361 -0.066107 -0.022290 0.997564 -0.181199
0.989559 0.126456 0.069151 106.868256 -0.127691 0.991719 0.013734 -2.894491 -0.066841 -0.022420 0.997512 -0.180950
0.988997 0.130885 0.068949 107.283119 -0.132001 0.991179 0.011858 -2.950857 -0.066789 -0.020829 0.997550 -0.180646
0.988543 0.135009 0.067492 107.676627 -0.136053 0.990639 0.011103 -3.006826 -0.065362 -0.020158 0.997658 -0.180302
0.988102 0.139191 0.065421 108.087821 -0.140322 0.990021 0.012999 -3.068555 -0.062959 -0.022025 0.997773 -0.179870
0.987944 0.141775 0.062188 108.481477 -0.142912 0.989633 0.014203 -3.126650 -0.059530 -0.022919 0.997963 -0.179478
0.987824 0.144684 0.057179 108.847684 -0.145779 0.989197 0.015434 -3.182577 -0.054328 -0.023582 0.998245 -0.179072
0.987665 0.148059 0.050954 109.241669 -0.148999 0.988721 0.015154 -3.246698 -0.048136 -0.022560 0.998586 -0.178547
0.987443 0.151483 0.044830 109.639458 -0.152267 0.988232 0.014591 -3.309793 -0.042092 -0.021234 0.998888 -0.178054
0.987070 0.155489 0.038935 110.183554 -0.156021 0.987692 0.011008 -3.398134 -0.036744 -0.016940 0.999181 -0.177334
0.986776 0.158056 0.035933 110.597113 -0.158330 0.987374 0.004893 -3.466615 -0.034706 -0.010517 0.999342 -0.176757
0.986338 0.160834 0.035621 111.005411 -0.160994 0.986954 0.001669 -3.537022 -0.034888 -0.007381 0.999364 -0.176125
0.985725 0.163799 0.038927 111.405932 -0.163961 0.986466 0.000980 -3.606126 -0.038240 -0.007349 0.999242 -0.175504
0.985206 0.166407 0.040968 111.807039 -0.166525 0.986037 -0.000526 -3.677403 -0.040483 -0.006304 0.999160 -0.174836
0.984897 0.167791 0.042711 112.211599 -0.167941 0.985797 -0.000075 -3.749353 -0.042117 -0.007099 0.999087 -0.174160
0.984646 0.169383 0.042206 112.615714 -0.169565 0.985519 0.000750 -3.823740 -0.041468 -0.007895 0.999109 -0.173430
0.984622 0.169970 0.040373 113.038953 -0.170101 0.985427 -0.000200 -3.899002 -0.039818 -0.006670 0.999185 -0.172724
0.984556 0.170971 0.037672 113.777716 -0.171001 0.985268 -0.002450 -4.035359 -0.037536 -0.004030 0.999287 -0.171380
0.984474 0.171718 0.036395 114.206520 -0.171711 0.985142 -0.003344 -4.116250 -0.036428 -0.002957 0.999332 -0.170561
0.984384 0.172384 0.035671 114.646842 -0.172397 0.985024 -0.002749 -4.196901 -0.035611 -0.003444 0.999360 -0.169774
0.984113 0.173906 0.035738 115.080787 -0.174014 0.984743 -0.000110 -4.278270 -0.035212 -0.006110 0.999361 -0.168956
0.983893 0.175076 0.036099 115.512331 -0.175272 0.984517 0.002307 -4.359656 -0.035136 -0.008597 0.999346 -0.168133
0.983805 0.175719 0.035368 115.948678 -0.175955 0.984392 0.003635 -4.441008 -0.034178 -0.009800 0.999368 -0.167321
0.983840 0.175901 0.033417 116.390448 -0.176139 0.984356 0.004278 -4.523242 -0.032142 -0.010095 0.999432 -0.166502
0.983723 0.176927 0.031403 116.835659 -0.177147 0.984175 0.004345 -4.605604 -0.030137 -0.009837 0.999497 -0.165688
0.983521 0.178412 0.029253 117.276123 -0.178613 0.983910 0.004387 -4.688108 -0.027999 -0.009540 0.999562 -0.164860
0.983272 0.180169 0.026735 117.723518 -0.180352 0.983591 0.004591 -4.773323 -0.025469 -0.009335 0.999632 -0.163987
0.983036 0.181758 0.024583 118.174774 -0.181975 0.983279 0.006894 -4.857757 -0.022919 -0.011251 0.999674 -0.163141
0.982785 0.183757 0.019172 119.003261 -0.183983 0.982870 0.010768 -5.015491 -0.016865 -0.014110 0.999758 -0.161526
0.982456 0.185709 0.017112 119.451062 -0.185900 0.982514 0.010350 -5.105038 -0.014891 -0.013349 0.999800 -0.160558
0.982167 0.187350 0.015764 119.897361 -0.187522 0.982207 0.010263 -5.193030 -0.013561 -0.013036 0.999823 -0.159621
0.981846 0.189211 0.013305 120.355428 -0.189368 0.981835 0.011788 -5.285471 -0.010833 -0.014094 0.999842 -0.158612
0.981467 0.191293 0.011363 120.812481 -0.191451 0.981388 0.014998 -5.379268 -0.008282 -0.016895 0.999823 -0.157570
0.981011 0.193689 0.010132 121.270990 -0.193846 0.980868 0.017938 -5.472029 -0.006464 -0.019562 0.999788 -0.156554
0.980827 0.194723 0.007816 121.728202 -0.194843 0.980631 0.019963 -5.568498 -0.003777 -0.021104 0.999770 -0.155453
0.980605 0.195887 0.006414 122.190252 -0.195978 0.980402 0.020124 -5.666707 -0.002347 -0.020991 0.999777 -0.154325
0.980432 0.196750 0.006572 122.692532 -0.196845 0.980215 0.020760 -5.773207 -0.002358 -0.021647 0.999763 -0.153104
0.980108 0.198346 0.006855 123.129604 -0.198448 0.979889 0.020880 -5.867128 -0.002576 -0.021825 0.999758 -0.152013
0.979573 0.200953 0.007427 123.625196 -0.201067 0.979351 0.021037 -5.975061 -0.003046 -0.022101 0.999751 -0.150745
0.979311 0.202191 0.008272 124.089496 -0.202328 0.979068 0.022134 -6.076912 -0.003624 -0.023349 0.999721 -0.149540
0.979168 0.202894 0.008014 124.564991 -0.203030 0.978886 0.023705 -6.178830 -0.003036 -0.024838 0.999687 -0.148359
0.978894 0.204247 0.007116 125.039062 -0.204364 0.978545 0.026171 -6.283422 -0.001618 -0.027073 0.999632 -0.147116
0.979092 0.203321 0.006338 125.517022 -0.203419 0.978713 0.027221 -6.376887 -0.000669 -0.027941 0.999609 -0.146129
0.978927 0.204133 0.005708 125.989350 -0.204212 0.978517 0.028303 -6.478809 0.000192 -0.028872 0.999583 -0.144941
0.978813 0.204674 0.005860 126.457403 -0.204758 0.978410 0.028067 -6.576771 0.000011 -0.028672 0.999589 -0.143832
0.978596 0.205693 0.006267 126.931317 -0.205787 0.978257 0.025774 -6.678827 -0.000829 -0.026512 0.999648 -0.142645
0.978342 0.206864 0.007313 127.384287 -0.206980 0.978066 0.023369 -6.779168 -0.002318 -0.024377 0.999700 -0.141448
0.978050 0.208196 0.008566 127.854131 -0.208332 0.977844 0.020477 -6.882528 -0.004113 -0.021812 0.999754 -0.140222
0.977613 0.210192 0.009570 128.334970 -0.210347 0.977420 0.020096 -6.989915 -0.005130 -0.021660 0.999752 -0.138932
0.977231 0.212054 0.007247 129.131861 -0.212171 0.976901 0.025440 -7.169277 -0.001685 -0.026399 0.999650 -0.136762
0.977227 0.212136 0.005036 129.616245 -0.212195 0.976866 0.026577 -7.276461 0.000719 -0.027040 0.999634 -0.135485
0.977197 0.212281 0.004807 130.600765 -0.212336 0.976981 0.020542 -7.495262 -0.000336 -0.021094 0.999777 -0.132867
0.977013 0.213096 0.005935 131.089941 -0.213168 0.976863 0.017239 -7.604760 -0.002124 -0.018108 0.999834 -0.131549
0.976674 0.214541 0.008930 131.591149 -0.214665 0.976546 0.016653 -7.718158 -0.005148 -0.018181 0.999821 -0.130171
0.976319 0.216029 0.011487 132.090374 -0.216218 0.976160 0.019016 -7.830664 -0.007105 -0.021049 0.999753 -0.128809
0.976161 0.216698 0.012338 132.586571 -0.216917 0.975972 0.020655 -7.941861 -0.007566 -0.022839 0.999711 -0.127469
0.976131 0.216845 0.012073 133.079256 -0.217044 0.975982 0.018733 -8.052140 -0.007721 -0.020906 0.999752 -0.126142
0.976012 0.217327 0.013037 133.620626 -0.217525 0.975918 0.016352 -8.176068 -0.009169 -0.018796 0.999781 -0.124622
0.975868 0.217934 0.013661 134.105660 -0.218119 0.975822 0.013968 -8.288836 -0.010287 -0.016611 0.999809 -0.123221
0.975291 0.220498 0.013755 134.620280 -0.220678 0.975255 0.013378 -8.410092 -0.010465 -0.016083 0.999816 -0.121699
0.974981 0.221962 0.012070 135.142127 -0.222123 0.974915 0.014224 -8.535281 -0.008610 -0.016549 0.999826 -0.120106
0.974637 0.223563 0.010148 135.616454 -0.223700 0.974538 0.015284 -8.653787 -0.006473 -0.017167 0.999832 -0.118553
0.974560 0.223951 0.008841 136.128497 -0.224071 0.974436 0.016339 -8.777356 -0.004956 -0.017904 0.999827 -0.116974
0.974383 0.224740 0.008395 136.649573 -0.224855 0.974243 0.017039 -8.902259 -0.004349 -0.018490 0.999820 -0.115385
0.974460 0.224432 0.007615 137.132029 -0.224532 0.974318 0.017006 -9.014447 -0.003603 -0.018281 0.999826 -0.113992
0.974317 0.225071 0.007009 137.657901 -0.225161 0.974168 0.017287 -9.138770 -0.002937 -0.018421 0.999826 -0.112427
0.974166 0.225717 0.007192 138.190392 -0.225812 0.974008 0.017789 -9.266792 -0.002990 -0.018953 0.999816 -0.110795
0.973820 0.227205 0.007208 138.808187 -0.227301 0.973651 0.018364 -9.416438 -0.002845 -0.019522 0.999805 -0.108877
0.973670 0.227839 0.007489 139.370168 -0.227941 0.973499 0.018509 -9.550656 -0.003074 -0.019729 0.999801 -0.107175
0.973440 0.228816 0.007579 139.868937 -0.228918 0.973280 0.017955 -9.670977 -0.003268 -0.019213 0.999810 -0.105638
0.972888 0.231149 0.007746 140.399429 -0.231251 0.972742 0.017220 -9.803075 -0.003555 -0.018544 0.999822 -0.103910
0.972079 0.234529 0.007616 140.928962 -0.234628 0.971939 0.016874 -9.936501 -0.003444 -0.018190 0.999829 -0.102151
0.971256 0.237930 0.007154 141.464169 -0.238016 0.971136 0.015577 -10.072606 -0.003242 -0.016832 0.999853 -0.100345
0.968041 0.250788 0.001599 145.326477 -0.250786 0.967945 0.013738 -11.095722 0.001897 -0.013700 0.999904 -0.086402
0.967923 0.251248 0.000759 145.848431 -0.251233 0.967825 0.014003 -11.235592 0.002784 -0.013744 0.999902 -0.084481
0.967673 0.252209 0.000389 147.010662 -0.252197 0.967612 0.011128 -11.550813 0.002430 -0.010866 0.999938 -0.080122
0.967810 0.251681 -0.000073 148.131287 -0.251673 0.967782 0.007625 -11.851300 0.001990 -0.007361 0.999971 -0.075995
0.967794 0.251744 -0.000406 148.697435 -0.251736 0.967773 0.006652 -12.004138 0.002068 -0.006336 0.999978 -0.073887
0.967960 0.251100 -0.001281 149.259268 -0.251089 0.967947 0.005763 -12.153862 0.002687 -0.005257 0.999983 -0.071839
0.968074 0.250651 -0.002459 149.824839 -0.250641 0.968073 0.003757 -12.305073 0.003322 -0.003020 0.999990 -0.069766
0.968278 0.249865 -0.002085 150.382821 -0.249863 0.968280 0.001420 -12.456260 0.002374 -0.000854 0.999997 -0.067676
0.968410 0.249356 -0.001724 150.943441 -0.249357 0.968411 -0.000736 -12.608408 0.001486 0.001143 0.999998 -0.065571
0.968451 0.249199 -0.001556 151.515684 -0.249202 0.968448 -0.002440 -12.763017 0.000899 0.002751 0.999996 -0.063437
0.968532 0.248887 -0.001300 152.082694 -0.248891 0.968524 -0.003909 -12.915265 0.000286 0.004109 0.999992 -0.061345
0.968791 0.247878 -0.001107 152.650854 -0.247880 0.968781 -0.004238 -13.067602 0.000022 0.004380 0.999990 -0.059252
0.969238 0.246116 -0.002005 153.561144 -0.246124 0.969222 -0.005704 -13.314358 0.000539 0.006022 0.999982 -0.055841
0.969479 0.245173 -0.001107 154.148647 -0.245175 0.969449 -0.007555 -13.473379 -0.000779 0.007595 0.999971 -0.053644
0.969818 0.243827 -0.001156 154.719430 -0.243828 0.969785 -0.008076 -13.625859 -0.000848 0.008115 0.999967 -0.051555
0.970213 0.242251 -0.001312 155.305953 -0.242254 0.970186 -0.007185 -13.776300 -0.000468 0.007289 0.999973 -0.049547
0.970412 0.241439 -0.002823 155.932001 -0.241452 0.970394 -0.005998 -13.941050 0.001291 0.006502 0.999978 -0.047311
0.970787 0.239891 -0.004872 156.458867 -0.239914 0.970782 -0.004831 -14.077801 0.003571 0.005859 0.999976 -0.045472
0.971038 0.238875 -0.004968 157.069142 -0.238897 0.971035 -0.004451 -14.237029 0.003761 0.005509 0.999978 -0.043323
0.971270 0.237951 -0.003846 157.640516 -0.237966 0.971265 -0.004065 -14.386031 0.002768 0.004864 0.999984 -0.041313
0.971489 0.237073 -0.002361 158.209337 -0.237081 0.971481 -0.004235 -14.535817 0.001290 0.004674 0.999988 -0.039279
0.971715 0.236149 -0.002083 158.776314 -0.236156 0.971705 -0.004423 -14.680369 0.000980 0.004790 0.999988 -0.037358
0.971786 0.235839 -0.003437 159.343707 -0.235853 0.971778 -0.004551 -14.826634 0.002266 0.005233 0.999984 -0.035399
0.971951 0.235121 -0.005374 159.908714 -0.235146 0.971948 -0.004746 -14.970977 0.004108 0.005877 0.999974 -0.033478
0.971987 0.234906 -0.007711 160.481369 -0.234948 0.971995 -0.004959 -15.118481 0.006330 0.006632 0.999958 -0.031504
0.971897 0.235196 -0.009967 161.048709 -0.235262 0.971913 -0.006023 -15.267803 0.008271 0.008199 0.999932 -0.029478
0.972082 0.234363 -0.011453 161.614940 -0.234438 0.972114 -0.005762 -15.413298 0.009783 0.008286 0.999918 -0.027534
0.972266 0.233593 -0.011550 162.166746 -0.233663 0.972304 -0.005188 -15.555319 0.010019 0.007743 0.999920 -0.025634
0.972607 0.232141 -0.012122 163.259171 -0.232178 0.972672 -0.001748 -15.830889 0.011385 0.004514 0.999925 -0.021998
0.972840 0.231166 -0.012046 163.827435 -0.231184 0.972910 -0.000102 -15.971187 0.011696 0.002884 0.999927 -0.020175
0.972905 0.230893 -0.011972 164.359691 -0.230897 0.972978 0.001134 -16.104154 0.011911 0.001661 0.999928 -0.018432
0.972985 0.230603 -0.011093 164.944061 -0.230606 0.973047 0.001098 -16.250350 0.011047 0.001490 0.999938 -0.016514
0.972973 0.230724 -0.009455 165.499273 -0.230724 0.973019 0.001112 -16.387559 0.009457 0.001099 0.999955 -0.014730
0.972984 0.230825 -0.004773 166.596491 -0.230815 0.972994 0.002583 -16.653598 0.005241 -0.001412 0.999985 -0.011318
0.972981 0.230827 -0.005122 167.154886 -0.230823 0.972995 0.001413 -16.788729 0.005310 -0.000193 0.999986 -0.009587
0.973123 0.230223 -0.005286 167.695188 -0.230217 0.973138 0.001730 -16.922856 0.005542 -0.000466 0.999985 -0.007837
0.973244 0.229727 -0.004693 168.262167 -0.229712 0.973253 0.003371 -17.061622 0.005342 -0.002203 0.999983 -0.006045
0.973367 0.229190 -0.005328 168.829912 -0.229168 0.973377 0.004371 -17.200402 0.006188 -0.003033 0.999976 -0.004254
0.973379 0.229139 -0.005334 169.360117 -0.229126 0.973392 0.002964 -17.325900 0.005872 -0.001663 0.999981 -0.002673
0.973552 0.228416 -0.004781 170.126544 -0.228399 0.973560 0.003812 -17.508390 0.005525 -0.002619 0.999981 -0.000364
0.973671 0.227913 -0.004614 170.695719 -0.227900 0.973680 0.003104 -17.644769 0.005200 -0.001971 0.999985 0.001370
0.973524 0.228539 -0.004512 171.269069 -0.228529 0.973533 0.002688 -17.785573 0.005006 -0.001586 0.999986 0.003193
0.973497 0.228658 -0.004472 171.881182 -0.228645 0.973505 0.003159 -17.937917 0.005076 -0.002053 0.999985 0.005184
0.973406 0.229046 -0.004311 172.416780 -0.229038 0.973415 0.002238 -18.071477 0.004709 -0.001191 0.999988 0.006932
0.973494 0.228650 -0.005269 173.030157 -0.228653 0.973508 0.000012 -18.224261 0.005132 0.001193 0.999986 0.008930
0.973587 0.228246 -0.005619 173.602134 -0.228253 0.973602 -0.000743 -18.364681 0.005301 0.002006 0.999984 0.010748
0.973697 0.227785 -0.005249 174.169136 -0.227792 0.973709 -0.000896 -18.504675 0.004907 0.002068 0.999986 0.012567
0.973649 0.228003 -0.004810 174.744107 -0.228010 0.973658 -0.001015 -18.647387 0.004452 0.002085 0.999988 0.014429
0.973681 0.227866 -0.004747 175.302643 -0.227871 0.973691 -0.000505 -18.787265 0.004507 0.001574 0.999989 0.016265
0.973731 0.227656 -0.004528 175.873123 -0.227656 0.973741 0.000582 -18.929296 0.004542 0.000464 0.999990 0.018122
0.973862 0.227116 -0.003386 176.442541 -0.227115 0.973868 0.000917 -19.067062 0.003505 -0.000124 0.999994 0.019886
0.973920 0.226881 -0.002430 177.022615 -0.226880 0.973923 0.000700 -19.208206 0.002526 -0.000130 0.999997 0.021701
0.974044 0.226353 -0.001404 177.599246 -0.226352 0.974045 0.001293 -19.346330 0.001660 -0.000942 0.999998 0.023457
0.974108 0.226082 -0.000612 178.175944 -0.226079 0.974106 0.002444 -19.488001 0.001148 -0.002242 0.999997 0.025292
0.974188 0.225736 -0.000784 178.753775 -0.225732 0.974183 0.003551 -19.628941 0.001565 -0.003282 0.999993 0.027107
0.974243 0.225498 -0.001476 179.329471 -0.225487 0.974232 0.005146 -19.769620 0.002599 -0.004680 0.999986 0.028922
0.974264 0.225402 -0.001965 179.878833 -0.225386 0.974250 0.006219 -19.903417 0.003316 -0.005616 0.999979 0.030644
0.974339 0.225077 -0.001867 180.505149 -0.225060 0.974321 0.006818 -20.053287 0.003354 -0.006223 0.999975 0.032547
0.974397 0.224829 -0.001315 181.038183 -0.224817 0.974382 0.006066 -20.181162 0.002645 -0.005615 0.999981 0.034175
0.974485 0.224451 -0.000945 181.609078 -0.224443 0.974472 0.005427 -20.322012 0.002139 -0.005076 0.999985 0.036004
0.974267 0.225397 -0.000403 182.201773 -0.225393 0.974256 0.004810 -20.469502 0.001477 -0.004595 0.999988 0.037932
0.974224 0.225581 -0.000220 182.781415 -0.225578 0.974216 0.004217 -20.613902 0.001165 -0.004059 0.999991 0.039821
0.974268 0.225392 -0.000673 183.366199 -0.225389 0.974264 0.003073 -20.755887 0.001348 -0.002842 0.999995 0.041644
0.974325 0.225143 -0.000876 183.948888 -0.225140 0.974324 0.002179 -20.899658 0.001344 -0.001925 0.999997 0.043511
0.974533 0.224242 -0.001003 184.529308 -0.224241 0.974533 0.001153 -21.038967 0.001236 -0.000899 0.999999 0.045285
0.974555 0.224148 -0.001041 185.103212 -0.224147 0.974555 0.001173 -21.177142 0.001278 -0.000910 0.999999 0.047048
0.974741 0.223335 -0.000961 185.689439 -0.223333 0.974740 0.001796 -21.314515 0.001338 -0.001536 0.999998 0.048765
0.974828 0.222957 -0.000632 186.268921 -0.222956 0.974827 0.001476 -21.450321 0.000945 -0.001298 0.999999 0.050462
0.974871 0.222770 -0.000184 186.837125 -0.222769 0.974870 0.001160 -21.587345 0.000438 -0.001090 0.999999 0.052212
0.974881 0.222724 0.001187 187.409029 -0.222726 0.974879 0.002196 -21.726702 -0.000668 -0.002405 0.999997 0.054006
0.974880 0.222712 0.002815 187.982999 -0.222722 0.974876 0.003562 -21.865530 -0.001951 -0.004100 0.999990 0.055784
0.974814 0.222987 0.003919 188.527573 -0.223002 0.974810 0.003863 -21.997423 -0.002959 -0.004639 0.999985 0.057474
0.975011 0.222122 0.003979 189.091780 -0.222137 0.975008 0.003789 -22.130891 -0.003038 -0.004579 0.999985 0.059155
0.975102 0.221733 0.003274 189.664833 -0.221745 0.975096 0.004200 -22.267443 -0.002261 -0.004821 0.999986 0.060883
0.975018 0.222119 0.001775 190.220967 -0.222125 0.975004 0.005300 -22.401415 -0.000553 -0.005561 0.999984 0.062594
0.974924 0.222539 0.000299 190.785230 -0.222537 0.974903 0.006393 -22.540913 0.001131 -0.006299 0.999980 0.064408
0.974976 0.222308 -0.000765 191.361255 -0.222294 0.974943 0.008425 -22.678667 0.002618 -0.008044 0.999964 0.066157
0.975185 0.221385 -0.001327 191.907111 -0.221363 0.975145 0.009480 -22.806032 0.003393 -0.008951 0.999954 0.067743
0.975162 0.221490 -0.001007 192.475732 -0.221468 0.975112 0.010456 -22.942011 0.003297 -0.009973 0.999945 0.069470
0.975214 0.221262 -0.000114 193.056272 -0.221249 0.975158 0.010724 -23.078917 0.002484 -0.010433 0.999942 0.071189
0.975317 0.220809 0.000646 193.597627 -0.220802 0.975250 0.011561 -23.207948 0.001923 -0.011418 0.999933 0.072823
0.975276 0.220992 -0.000246 194.160702 -0.220969 0.975189 0.013375 -23.342283 0.003196 -0.012990 0.999911 0.074525
0.975234 0.221149 -0.003494 194.731570 -0.221077 0.975147 0.014613 -23.478739 0.006639 -0.013479 0.999887 0.076257
0.975458 0.220097 -0.006264 195.563124 -0.220001 0.975410 0.013250 -23.672336 0.009027 -0.011547 0.999893 0.078664
0.975646 0.219274 -0.005800 196.121633 -0.219206 0.975622 0.010560 -23.801897 0.007974 -0.009032 0.999927 0.080270
0.975462 0.220161 -0.001732 196.691024 -0.220144 0.975442 0.007058 -23.938162 0.003244 -0.006504 0.999974 0.082001
0.975207 0.221274 0.003026 197.255635 -0.221284 0.975202 0.003719 -24.072932 -0.002128 -0.004296 0.999989 0.083710
0.975222 0.221167 0.005119 197.826854 -0.221179 0.975232 0.001794 -24.207690 -0.004595 -0.002882 0.999985 0.085403
0.975396 0.220441 0.002957 198.408551 -0.220444 0.975399 0.000794 -24.345092 -0.002709 -0.001426 0.999995 0.087131
0.975520 0.219908 -0.001215 198.978622 -0.219907 0.975521 0.000454 -24.479898 0.001285 -0.000176 0.999999 0.088827
0.975650 0.219270 -0.005198 199.566453 -0.219269 0.975664 0.000730 -24.621254 0.005232 0.000428 0.999986 0.090629
0.975681 0.219103 -0.006298 200.066307 -0.219088 0.975700 0.003034 -24.738252 0.006810 -0.001580 0.999976 0.092090
0.975861 0.218328 -0.005329 201.047845 -0.218287 0.975858 0.007256 -24.967015 0.006785 -0.005918 0.999959 0.094937
0.975981 0.217796 -0.005089 201.605549 -0.217743 0.975962 0.009290 -25.097273 0.006990 -0.007959 0.999944 0.096561
0.976051 0.217472 -0.005520 202.333773 -0.217391 0.976005 0.012477 -25.266004 0.008101 -0.010978 0.999907 0.098651
0.976122 0.217098 -0.007337 203.074408 -0.216965 0.976054 0.015628 -25.438572 0.010554 -0.013663 0.999851 0.100798
0.975910 0.218023 -0.008073 204.069603 -0.217861 0.975826 0.017348 -25.670522 0.011660 -0.015171 0.999817 0.103684
0.975916 0.218020 -0.007423 204.636750 -0.217851 0.975800 0.018844 -25.800660 0.011352 -0.016773 0.999795 0.105284
0.975857 0.218341 -0.005434 205.216347 -0.218193 0.975696 0.020224 -25.936818 0.009717 -0.018550 0.999781 0.106989
0.975872 0.218303 -0.004198 205.766973 -0.218170 0.975682 0.021126 -26.065269 0.008708 -0.019700 0.999768 0.108588
0.975878 0.218298 -0.002979 206.291747 -0.218191 0.975684 0.020801 -26.186311 0.007447 -0.019649 0.999779 0.110082
0.975943 0.218013 -0.002368 206.864547 -0.217915 0.975736 0.021264 -26.318037 0.006946 -0.020236 0.999771 0.111704
0.975976 0.217875 -0.001333 207.423037 -0.217796 0.975753 0.021690 -26.446642 0.006027 -0.020879 0.999764 0.113289
0.975692 0.219145 0.000583 208.216125 -0.219106 0.975461 0.021650 -26.632816 0.004176 -0.021251 0.999765 0.115619
0.975587 0.219599 0.002334 208.774658 -0.219596 0.975340 0.022114 -26.766634 0.002580 -0.022086 0.999753 0.117320
0.975664 0.219251 0.003119 209.336546 -0.219265 0.975414 0.022155 -26.895805 0.001815 -0.022300 0.999750 0.118910
0.975693 0.219121 0.002835 209.904596 -0.219130 0.975444 0.022176 -27.027537 0.002094 -0.022258 0.999750 0.120543
0.975776 0.218759 0.002595 210.510599 -0.218762 0.975529 0.022044 -27.168339 0.002291 -0.022077 0.999754 0.122291
0.975783 0.218728 0.002237 211.036524 -0.218722 0.975523 0.022706 -27.289741 0.002784 -0.022645 0.999740 0.123790
0.975674 0.219222 0.001627 211.628951 -0.219200 0.975407 0.023073 -27.425798 0.003472 -0.022868 0.999732 0.125463
0.975692 0.219145 0.001029 212.165185 -0.219112 0.975439 0.022558 -27.549521 0.003940 -0.022235 0.999745 0.126990
0.975640 0.219375 0.000458 212.779106 -0.219330 0.975391 0.022499 -27.690449 0.004489 -0.022052 0.999747 0.128723
0.975750 0.218889 0.000270 213.357566 -0.218837 0.975494 0.022844 -27.821143 0.004737 -0.022349 0.999739 0.130309
0.975736 0.218950 0.000175 213.934981 -0.218896 0.975479 0.022929 -27.954448 0.004850 -0.022411 0.999737 0.131955
0.975595 0.219579 -0.000479 214.505153 -0.219513 0.975349 0.022543 -28.088652 0.005417 -0.021887 0.999746 0.133638
0.975656 0.219297 -0.001962 215.055541 -0.219200 0.975425 0.022301 -28.219018 0.006804 -0.021329 0.999749 0.135281
0.975543 0.219788 -0.002863 215.615428 -0.219676 0.975328 0.021854 -28.349236 0.007596 -0.020691 0.999757 0.136899
0.975333 0.220716 -0.003258 216.165233 -0.220595 0.975121 0.021822 -28.480459 0.007993 -0.020565 0.999757 0.138562
0.975252 0.221080 -0.002786 216.716581 -0.220970 0.975040 0.021652 -28.612526 0.007503 -0.020501 0.999762 0.140241
0.975368 0.220577 -0.001950 217.264677 -0.220492 0.975173 0.020521 -28.742853 0.006428 -0.019586 0.999788 0.141888
0.975416 0.220367 -0.001385 217.814694 -0.220293 0.975220 0.020429 -28.873826 0.005853 -0.019621 0.999790 0.143546
0.975657 0.219296 -0.001565 218.411349 -0.219219 0.975463 0.020362 -29.014009 0.005992 -0.019523 0.999791 0.145301
0.975904 0.218194 -0.001748 218.969448 -0.218114 0.975709 0.020458 -29.145024 0.006170 -0.019583 0.999789 0.146941
0.976189 0.216916 -0.001274 219.531661 -0.216844 0.975987 0.020694 -29.274026 0.005732 -0.019925 0.999785 0.148526
0.976373 0.216091 -0.000329 220.058930 -0.216037 0.976161 0.020943 -29.394310 0.004847 -0.020377 0.999781 0.149997
0.976568 0.215207 0.000566 220.621736 -0.215173 0.976358 0.020617 -29.523000 0.003884 -0.020256 0.999787 0.151574
0.976796 0.214164 0.001705 221.213856 -0.214154 0.976589 0.020296 -29.657153 0.002681 -0.020190 0.999793 0.153206
0.977057 0.212959 0.002800 221.764350 -0.212971 0.976842 0.020564 -29.781404 0.001644 -0.020689 0.999785 0.154712
0.977245 0.212083 0.003469 222.319928 -0.212110 0.977045 0.019798 -29.906024 0.000810 -0.020084 0.999798 0.156215
0.977314 0.211768 0.003505 222.844630 -0.211796 0.977128 0.019037 -30.023245 0.000606 -0.019347 0.999813 0.157624
0.977825 0.209387 0.003822 223.940478 -0.209422 0.977658 0.018093 -30.265481 0.000052 -0.018493 0.999829 0.160509
0.977877 0.209156 0.003150 224.480789 -0.209178 0.977716 0.017784 -30.385280 0.000640 -0.018050 0.999837 0.161939
0.977915 0.208990 0.002216 225.019819 -0.208997 0.977764 0.017255 -30.506712 0.001440 -0.017337 0.999849 0.163409
0.978165 0.207827 0.001280 225.546033 -0.207818 0.978019 0.017030 -30.623005 0.002288 -0.016924 0.999854 0.164793
0.978343 0.206989 0.000899 226.096949 -0.206976 0.978213 0.016139 -30.743590 0.002462 -0.015976 0.999869 0.166217
0.978451 0.206475 0.000946 226.623214 -0.206466 0.978338 0.015052 -30.859717 0.002182 -0.014923 0.999886 0.167598
0.978514 0.206179 0.001166 227.148845 -0.206174 0.978408 0.014522 -30.977003 0.001853 -0.014451 0.999894 0.169006
0.978601 0.205761 0.001311 227.658775 -0.205760 0.978512 0.013316 -31.089694 0.001457 -0.013300 0.999910 0.170347
0.978880 0.204431 0.001324 228.206969 -0.204431 0.978797 0.012823 -31.210602 0.001326 -0.012823 0.999917 0.171785
0.979152 0.203123 0.001792 228.701747 -0.203130 0.979077 0.012119 -31.318959 0.000707 -0.012230 0.999925 0.173064
0.979323 0.202283 0.002739 229.239333 -0.202301 0.979255 0.011585 -31.436052 -0.000339 -0.011899 0.999929 0.174441
0.979657 0.200652 0.003364 229.785878 -0.200678 0.979592 0.011351 -31.553415 -0.001017 -0.011795 0.999930 0.175802
0.979894 0.199487 0.003636 230.311285 -0.199516 0.979831 0.011134 -31.667512 -0.001342 -0.011636 0.999931 0.177140
0.980071 0.198610 0.003898 230.805824 -0.198642 0.980003 0.011666 -31.774618 -0.001503 -0.012208 0.999924 0.178392
0.980326 0.197338 0.004250 231.331629 -0.197376 0.980245 0.012708 -31.886579 -0.001658 -0.013297 0.999910 0.179681
0.980467 0.196623 0.004828 231.985491 -0.196673 0.980365 0.014313 -32.026032 -0.001919 -0.014982 0.999886 0.181289
0.980780 0.195040 0.005452 232.608201 -0.195102 0.980664 0.015261 -32.155062 -0.002370 -0.016031 0.999869 0.182736
0.980990 0.193995 0.004852 233.131666 -0.194048 0.980872 0.015320 -32.264527 -0.001787 -0.015970 0.999871 0.183975
0.981131 0.193313 0.003436 233.656913 -0.193343 0.981013 0.015214 -32.372922 -0.000429 -0.015591 0.999878 0.185186
0.981129 0.193345 0.001761 234.183128 -0.193349 0.981016 0.014957 -32.483428 0.001164 -0.015015 0.999887 0.186441
0.981028 0.193865 0.000297 234.698628 -0.193847 0.980916 0.015052 -32.593205 0.002627 -0.014824 0.999887 0.187705
0.981283 0.192569 -0.000718 235.229222 -0.192536 0.981175 0.015025 -32.701419 0.003598 -0.014606 0.999887 0.188900
0.981568 0.191107 -0.001356 236.146999 -0.191068 0.981472 0.014361 -32.889574 0.004076 -0.013837 0.999896 0.190987
0.981737 0.190233 -0.002031 236.668427 -0.190194 0.981668 0.012433 -32.995146 0.004359 -0.011820 0.999921 0.192144
0.981805 0.189886 -0.001735 237.165892 -0.189859 0.981759 0.010124 -33.095212 0.003625 -0.009610 0.999947 0.193232
0.981883 0.189487 -0.001242 237.704731 -0.189464 0.981834 0.010211 -33.203383 0.003154 -0.009791 0.999947 0.194407
0.982064 0.188545 -0.000970 238.232389 -0.188519 0.981990 0.012492 -33.309277 0.003307 -0.012085 0.999922 0.195556
0.982136 0.188175 0.000260 238.756145 -0.188162 0.982050 0.013159 -33.413769 0.002221 -0.012973 0.999913 0.196683
0.982232 0.187667 0.001014 239.270119 -0.187662 0.982135 0.013948 -33.514840 0.001621 -0.013890 0.999902 0.197757
0.982271 0.187459 0.001405 239.782727 -0.187461 0.982186 0.013018 -33.618829 0.001061 -0.013051 0.999914 0.198898
0.982438 0.186565 0.003145 240.299506 -0.186591 0.982334 0.014273 -33.721048 -0.000427 -0.014609 0.999893 0.199991
0.982573 0.185824 0.004406 240.842130 -0.185868 0.982473 0.014158 -33.827239 -0.001698 -0.014730 0.999890 0.201112
0.982559 0.185859 0.005821 241.362694 -0.185924 0.982464 0.014001 -33.930371 -0.003117 -0.014839 0.999885 0.202216
0.982632 0.185446 0.006641 241.886091 -0.185519 0.982556 0.012901 -34.033260 -0.004132 -0.013909 0.999895 0.203309
0.982639 0.185439 0.005663 242.413820 -0.185490 0.982592 0.010351 -34.139944 -0.003645 -0.011222 0.999930 0.204475
0.982761 0.184823 0.004564 242.940619 -0.184858 0.982724 0.009042 -34.243671 -0.002814 -0.009730 0.999949 0.205578
0.982722 0.185051 0.003675 243.471939 -0.185081 0.982661 0.011059 -34.349852 -0.001565 -0.011548 0.999932 0.206726
0.982827 0.184509 0.002609 243.999713 -0.184528 0.982725 0.014197 -34.453069 0.000056 -0.014435 0.999896 0.207815
0.982843 0.184435 0.001864 244.557463 -0.184442 0.982724 0.015331 -34.565258 0.000996 -0.015412 0.999881 0.209036
0.982998 0.183581 0.003639 245.038669 -0.183617 0.982832 0.018071 -34.660056 -0.000259 -0.018432 0.999830 0.210045
0.983187 0.182529 0.005143 245.566498 -0.182592 0.983031 0.017594 -34.763381 -0.001845 -0.018237 0.999832 0.211136
0.983189 0.182516 0.005317 246.089201 -0.182582 0.983038 0.017356 -34.867047 -0.002060 -0.018035 0.999835 0.212247
0.983137 0.182792 0.005320 246.617270 -0.182861 0.982958 0.018837 -34.968594 -0.001786 -0.019492 0.999808 0.213299
0.982995 0.183534 0.005960 247.131436 -0.183621 0.982764 0.021418 -35.071216 -0.001926 -0.022148 0.999753 0.214406
0.982973 0.183665 0.005492 247.654825 -0.183745 0.982681 0.023981 -35.173696 -0.000992 -0.024581 0.999697 0.215489
0.982917 0.183974 0.005356 248.179033 -0.184049 0.982639 0.023392 -35.276024 -0.000959 -0.023978 0.999712 0.216567
0.982975 0.183664 0.005242 248.713447 -0.183735 0.982737 0.021656 -35.381138 -0.001174 -0.022250 0.999752 0.217684
0.983069 0.183176 0.004577 249.239550 -0.183231 0.982875 0.019595 -35.482612 -0.000909 -0.020102 0.999798 0.218738
0.983009 0.183533 0.002879 249.795379 -0.183555 0.982838 0.018338 -35.588368 0.000536 -0.018555 0.999828 0.219820
0.982815 0.184583 0.001695 250.307669 -0.184585 0.982668 0.017088 -35.687013 0.001489 -0.017107 0.999853 0.220843
0.982647 0.185480 0.001480 250.786491 -0.185480 0.982520 0.015843 -35.779889 0.001484 -0.015843 0.999873 0.221814
0.982347 0.187063 0.001374 251.305068 -0.187063 0.982236 0.014824 -35.884751 0.001423 -0.014819 0.999889 0.222961
0.982218 0.187744 0.000561 252.335095 -0.187733 0.982115 0.014368 -36.093103 0.002147 -0.014218 0.999897 0.225241
0.982165 0.188021 0.000579 252.850472 -0.188010 0.982060 0.014480 -36.196331 0.002154 -0.014331 0.999895 0.226359
0.982052 0.188609 0.000806 253.575801 -0.188599 0.981934 0.015377 -36.341369 0.002109 -0.015253 0.999881 0.227928
0.982086 0.188426 0.001297 254.584058 -0.188422 0.981950 0.016468 -36.538797 0.001829 -0.016418 0.999864 0.230014
0.982093 0.188391 0.001738 255.108969 -0.188391 0.981928 0.018065 -36.640758 0.001697 -0.018069 0.999835 0.231082
0.981863 0.189585 0.001767 255.614337 -0.189584 0.981680 0.019031 -36.743024 0.001873 -0.019021 0.999817 0.232202
0.981616 0.190858 0.001588 256.119649 -0.190850 0.981410 0.020241 -36.845182 0.002305 -0.020172 0.999794 0.233319
0.981331 0.192324 0.001270 256.639442 -0.192310 0.981121 0.020448 -36.950922 0.002686 -0.020311 0.999790 0.234483
0.980921 0.194401 0.001639 257.145443 -0.194391 0.980689 0.021470 -37.057816 0.002566 -0.021379 0.999768 0.235705
0.980675 0.195638 0.001622 257.648474 -0.195627 0.980439 0.021663 -37.163647 0.002648 -0.021561 0.999764 0.236909
0.980431 0.196863 0.000954 258.163440 -0.196839 0.980209 0.021105 -37.271086 0.003220 -0.020879 0.999777 0.238122
0.980224 0.197887 0.001004 258.677405 -0.197863 0.979999 0.021281 -37.377669 0.003227 -0.021059 0.999773 0.239319
0.980096 0.198521 0.001201 259.179803 -0.198503 0.979881 0.020740 -37.481629 0.002940 -0.020565 0.999784 0.240483
0.979904 0.199457 0.002027 259.648384 -0.199455 0.979678 0.021204 -37.578761 0.002244 -0.021182 0.999773 0.241573
0.979627 0.200802 0.003098 260.154642 -0.200821 0.979375 0.022271 -37.684832 0.001438 -0.022439 0.999747 0.242775
0.979206 0.202835 0.003674 260.652005 -0.202867 0.978962 0.021874 -37.794043 0.000841 -0.022165 0.999754 0.244068
0.979050 0.203538 0.005790 261.143996 -0.203619 0.978743 0.024516 -37.899313 -0.000677 -0.025182 0.999683 0.245286
0.978937 0.204080 0.005740 261.644804 -0.204160 0.978644 0.023968 -38.005895 -0.000726 -0.024635 0.999696 0.246512
0.978656 0.205448 0.004781 262.135267 -0.205503 0.978380 0.023256 -38.111139 0.000100 -0.023742 0.999718 0.247732
0.978387 0.206726 0.004753 262.627819 -0.206780 0.978098 0.023807 -38.220111 0.000272 -0.024275 0.999705 0.249031
0.978175 0.207701 0.005730 263.111644 -0.207778 0.977924 0.022221 -38.326623 -0.000988 -0.022927 0.999737 0.250295
0.978021 0.208388 0.007017 263.614795 -0.208499 0.977710 0.024706 -38.435836 -0.001712 -0.025626 0.999670 0.251575
0.977707 0.209794 0.008703 264.102684 -0.209946 0.977413 0.024209 -38.543666 -0.003427 -0.025497 0.999669 0.252858
0.977438 0.210935 0.011033 264.589161 -0.211145 0.977161 0.023969 -38.651822 -0.005725 -0.025758 0.999652 0.254153
0.977309 0.211498 0.011623 265.060525 -0.211729 0.977017 0.024684 -38.757692 -0.006135 -0.026585 0.999628 0.255431
0.977205 0.212027 0.010717 265.491109 -0.212225 0.976947 0.023136 -38.855008 -0.005565 -0.024883 0.999675 0.256612
0.976850 0.213717 0.009472 265.953506 -0.213880 0.976604 0.022380 -38.963091 -0.004468 -0.023888 0.999705 0.257960
0.976635 0.214706 0.009254 266.420376 -0.214862 0.976399 0.021881 -39.071036 -0.004338 -0.023358 0.999718 0.259295
0.976571 0.214977 0.009643 266.873251 -0.215140 0.976345 0.021546 -39.175009 -0.004783 -0.023116 0.999721 0.260573
0.976407 0.215676 0.010659 267.335577 -0.215865 0.976176 0.021968 -39.282302 -0.005667 -0.023750 0.999702 0.261904
0.976261 0.216296 0.011433 267.776517 -0.216505 0.976026 0.022330 -39.384530 -0.006329 -0.024275 0.999685 0.263171
0.976040 0.217263 0.011977 268.230129 -0.217482 0.975821 0.021804 -39.490046 -0.006950 -0.023887 0.999691 0.264482
0.975990 0.217414 0.013194 268.672382 -0.217668 0.975762 0.022581 -39.592414 -0.007965 -0.024910 0.999658 0.265749
0.975880 0.217842 0.014218 269.113666 -0.218133 0.975628 0.023828 -39.695564 -0.008681 -0.026355 0.999615 0.267036
0.975693 0.218576 0.015731 269.676762 -0.218917 0.975426 0.024901 -39.825204 -0.009902 -0.027739 0.999566 0.268633
0.975663 0.218655 0.016462 270.090641 -0.219034 0.975359 0.026453 -39.922720 -0.010272 -0.029415 0.999515 0.269857
0.975691 0.218498 0.016898 270.505312 -0.218901 0.975358 0.027553 -40.018720 -0.010462 -0.030582 0.999478 0.271045
0.975705 0.218314 0.018420 270.916296 -0.218787 0.975325 0.029549 -40.116234 -0.011514 -0.032861 0.999394 0.272276
0.975756 0.218025 0.019130 271.331657 -0.218532 0.975357 0.030378 -40.211184 -0.012036 -0.033822 0.999355 0.273439
0.975848 0.217690 0.018193 271.724404 -0.218150 0.975482 0.029071 -40.299783 -0.011419 -0.032338 0.999412 0.274513
0.975645 0.218683 0.017162 272.116740 -0.219105 0.975281 0.028645 -40.392729 -0.010474 -0.031708 0.999442 0.275684
0.975493 0.219410 0.016539 272.539965 -0.219801 0.975157 0.027507 -40.493756 -0.010093 -0.030468 0.999485 0.276965
0.975417 0.219741 0.016587 272.935960 -0.220118 0.975127 0.026000 -40.586717 -0.010462 -0.029012 0.999524 0.278128
0.975534 0.219300 0.015543 273.335522 -0.219644 0.975243 0.025646 -40.677674 -0.009534 -0.028432 0.999550 0.279239
0.975611 0.219125 0.012907 273.726741 -0.219371 0.975381 0.022531 -40.769276 -0.007652 -0.024813 0.999663 0.280383
0.975600 0.219296 0.010640 274.114619 -0.219463 0.975442 0.018652 -40.860285 -0.006288 -0.020532 0.999769 0.281522
0.975535 0.219577 0.010869 274.498680 -0.219743 0.975398 0.017646 -40.951637 -0.006727 -0.019603 0.999785 0.282677
0.975494 0.219749 0.011061 274.882948 -0.219910 0.975382 0.016402 -41.042330 -0.007184 -0.018432 0.999804 0.283816
0.975350 0.220393 0.010887 275.252598 -0.220552 0.975235 0.016529 -41.130892 -0.006974 -0.018523 0.999804 0.284942
0.975235 0.220884 0.011262 275.617221 -0.221057 0.975103 0.017550 -41.219192 -0.007105 -0.019605 0.999783 0.286074
0.975339 0.220344 0.012734 275.974303 -0.220560 0.975182 0.019314 -41.304274 -0.008162 -0.021647 0.999732 0.287151
0.975378 0.220053 0.014629 276.319329 -0.220300 0.975262 0.018235 -41.386985 -0.010254 -0.021009 0.999727 0.288203
0.975420 0.219792 0.015740 276.668250 -0.220054 0.975330 0.017509 -41.470690 -0.011504 -0.020542 0.999723 0.289268
0.975408 0.219856 0.015573 277.000315 -0.220125 0.975298 0.018404 -41.549301 -0.011143 -0.021379 0.999709 0.290258
0.975200 0.220781 0.015532 277.656260 -0.221060 0.975067 0.019415 -41.703919 -0.010858 -0.022367 0.999691 0.292200
0.975004 0.221634 0.015637 277.984744 -0.221937 0.974826 0.021389 -41.783852 -0.010503 -0.024324 0.999649 0.293228
0.974934 0.221988 0.015004 278.309777 -0.222288 0.974715 0.022755 -41.863112 -0.009573 -0.025519 0.999628 0.294248
0.974771 0.222730 0.014618 278.631584 -0.223035 0.974507 0.024339 -41.942131 -0.008824 -0.026985 0.999597 0.295271
0.974589 0.223510 0.014790 278.953936 -0.223843 0.974247 0.027141 -42.021141 -0.008343 -0.029762 0.999522 0.296293
0.974565 0.223626 0.014651 279.562306 -0.223974 0.974148 0.029516 -42.165938 -0.007672 -0.032047 0.999457 0.298124
0.974654 0.223273 0.014115 279.860597 -0.223600 0.974255 0.028825 -42.237013 -0.007316 -0.031250 0.999485 0.299024
0.974553 0.223747 0.013528 280.141845 -0.224050 0.974172 0.028129 -42.304745 -0.006885 -0.030444 0.999513 0.299889
0.974413 0.224422 0.012378 280.434996 -0.224685 0.974051 0.027217 -42.375478 -0.005949 -0.029302 0.999553 0.300793
0.974380 0.224626 0.011216 280.706750 -0.224848 0.974052 0.025809 -42.440602 -0.005128 -0.027670 0.999604 0.301621
0.974071 0.226112 0.007733 283.252216 -0.226233 0.973792 0.023391 -43.061202 -0.002241 -0.024534 0.999696 0.309613
0.974090 0.226022 0.007950 283.506971 -0.226147 0.973824 0.022892 -43.122409 -0.002567 -0.024097 0.999706 0.310393
0.974002 0.226420 0.007306 283.759455 -0.226526 0.973771 0.021361 -43.184805 -0.002278 -0.022461 0.999745 0.311204
0.974006 0.226451 0.005715 284.071731 -0.226521 0.973802 0.019961 -43.262199 -0.001045 -0.020737 0.999784 0.312213
0.973995 0.226523 0.004492 284.421519 -0.226568 0.973818 0.018580 -43.348480 -0.000166 -0.019115 0.999817 0.313334
0.973871 0.227070 0.003810 284.715201 -0.227102 0.973714 0.017493 -43.421278 0.000262 -0.017901 0.999840 0.314282
0.973783 0.227456 0.003131 284.945150 -0.227476 0.973628 0.017432 -43.478658 0.000917 -0.017687 0.999843 0.315034
0.973778 0.227489 0.002495 285.169613 -0.227497 0.973619 0.017626 -43.534639 0.001580 -0.017731 0.999842 0.315766
0.973749 0.227619 0.001631 285.387497 -0.227614 0.973608 0.016692 -43.589103 0.002212 -0.016625 0.999859 0.316481
0.973812 0.227355 0.000613 285.608604 -0.227334 0.973680 0.016294 -43.643672 0.003108 -0.016007 0.999867 0.317190
0.973765 0.227557 -0.000425 285.835073 -0.227521 0.973643 0.015890 -43.698879 0.004030 -0.015376 0.999874 0.317900
0.973694 0.227858 -0.001101 286.047904 -0.227816 0.973586 0.015189 -43.751718 0.004533 -0.014539 0.999884 0.318590
0.973595 0.228279 -0.001353 286.253347 -0.228238 0.973505 0.013993 -43.803737 0.004511 -0.013315 0.999901 0.319278
0.973665 0.227978 -0.001447 286.457453 -0.227939 0.973583 0.013382 -43.854253 0.004460 -0.012700 0.999909 0.319936
0.973696 0.227848 -0.001256 286.661886 -0.227812 0.973617 0.013120 -43.904736 0.004213 -0.012488 0.999913 0.320592
0.973660 0.228004 -0.001086 286.870818 -0.227970 0.973578 0.013230 -43.956445 0.004073 -0.012634 0.999912 0.321265
0.973524 0.228579 -0.001287 287.044770 -0.228543 0.973444 0.013251 -44.000286 0.004282 -0.012606 0.999911 0.321843
0.973503 0.228670 -0.001577 287.237658 -0.228631 0.973426 0.013047 -44.049508 0.004518 -0.012341 0.999914 0.322498
0.973558 0.228433 -0.001986 287.403374 -0.228385 0.973475 0.013661 -44.090907 0.005054 -0.012847 0.999905 0.323040
0.973472 0.228792 -0.002543 287.584887 -0.228735 0.973386 0.014146 -44.136164 0.005712 -0.013189 0.999897 0.323633
0.973431 0.228962 -0.002802 287.765390 -0.228904 0.973351 0.013788 -44.180020 0.005884 -0.012780 0.999901 0.324196
0.973372 0.229215 -0.002572 287.931448 -0.229162 0.973297 0.013345 -44.222204 0.005562 -0.012400 0.999908 0.324755
0.973412 0.229051 -0.002249 288.088515 -0.229002 0.973336 0.013233 -44.262345 0.005220 -0.012366 0.999910 0.325290
0.973383 0.229175 -0.001916 288.249375 -0.229133 0.973311 0.012833 -44.303943 0.004806 -0.012053 0.999916 0.325848
0.973365 0.229255 -0.001718 288.398208 -0.229217 0.973296 0.012405 -44.341779 0.004517 -0.011681 0.999922 0.326350
0.973347 0.229328 -0.002047 288.646479 -0.229291 0.973289 0.011577 -44.403761 0.004648 -0.010799 0.999931 0.327162
0.973431 0.228969 -0.002256 288.789206 -0.228933 0.973382 0.010826 -44.439144 0.004674 -0.010022 0.999939 0.327623
0.973449 0.228895 -0.002053 288.930234 -0.228862 0.973403 0.010459 -44.474176 0.004392 -0.009711 0.999943 0.328080
0.973435 0.228957 -0.001620 289.081840 -0.228929 0.973390 0.010127 -44.511388 0.003895 -0.009487 0.999947 0.328562
0.973479 0.228775 0.000160 289.342806 -0.228762 0.973419 0.011063 -44.574855 0.002375 -0.010807 0.999939 0.329378
0.973540 0.228517 0.000685 289.468030 -0.228510 0.973472 0.011611 -44.605621 0.001986 -0.011460 0.999932 0.329776
0.973590 0.228304 0.000728 289.586779 -0.228296 0.973519 0.011898 -44.634678 0.002008 -0.011750 0.999929 0.330151
0.973576 0.228363 0.000647 289.686673 -0.228355 0.973507 0.011761 -44.659826 0.002056 -0.011598 0.999931 0.330483
0.973534 0.228542 0.000932 289.771604 -0.228538 0.973469 0.011341 -44.681920 0.001685 -0.011254 0.999935 0.330780
0.973505 0.228656 0.001940 289.906139 -0.228663 0.973451 0.010319 -44.717182 0.000471 -0.010489 0.999945 0.331257
0.973470 0.228806 0.002045 289.987942 -0.228815 0.973419 0.009992 -44.738433 0.000295 -0.010194 0.999948 0.331543
0.973463 0.228835 0.002103 290.074238 -0.228845 0.973411 0.010099 -44.760503 0.000264 -0.010312 0.999947 0.331837
0.973485 0.228741 0.002131 290.132885 -0.228750 0.973434 0.009944 -44.775550 0.000201 -0.010167 0.999948 0.332038
0.973472 0.228798 0.002108 290.187532 -0.228807 0.973422 0.009873 -44.789797 0.000206 -0.010093 0.999949 0.332230
0.973429 0.228981 0.001909 290.239169 -0.228988 0.973377 0.010096 -44.803691 0.000453 -0.010265 0.999947 0.332422
0.973432 0.228969 0.001584 290.275763 -0.228973 0.973380 0.010135 -44.813195 0.000779 -0.010228 0.999947 0.332550
0.973468 0.228819 0.001453 290.303466 -0.228822 0.973416 0.010076 -44.820189 0.000891 -0.010142 0.999948 0.332642
0.973502 0.228675 0.001430 290.326505 -0.228678 0.973449 0.010154 -44.825904 0.000930 -0.010212 0.999947 0.332716
0.973521 0.228592 0.001479 290.345488 -0.228595 0.973469 0.010151 -44.830849 0.000880 -0.010220 0.999947 0.332783
0.973544 0.228496 0.001508 290.361292 -0.228499 0.973491 0.010133 -44.835115 0.000847 -0.010210 0.999948 0.332842
0.973588 0.228311 0.001154 290.373587 -0.228310 0.973534 0.010254 -44.838600 0.001217 -0.010246 0.999947 0.332891
0.973633 0.228120 0.000013 290.381055 -0.228108 0.973580 0.010396 -44.840891 0.002359 -0.010124 0.999946 0.332925
0.973653 0.228028 -0.001625 290.382821 -0.227997 0.973601 0.010839 -44.841895 0.004053 -0.010183 0.999940 0.332944
0.973664 0.227969 -0.002986 290.381076 -0.227924 0.973615 0.011191 -44.841982 0.005459 -0.010216 0.999933 0.332950
0.973679 0.227899 -0.003464 290.378069 -0.227849 0.973632 0.011172 -44.841765 0.005919 -0.010089 0.999932 0.332952
0.973687 0.227872 -0.003015 290.374843 -0.227827 0.973640 0.010979 -44.841524 0.005438 -0.010004 0.999935 0.332954
0.973710 0.227778 -0.002586 290.372109 -0.227737 0.973661 0.010937 -44.841302 0.005009 -0.010060 0.999937 0.332955
0.973740 0.227644 -0.002898 290.368666 -0.227600 0.973692 0.011090 -44.841174 0.005347 -0.010140 0.999934 0.332960
0.973751 0.227596 -0.002969 290.366864 -0.227551 0.973702 0.011189 -44.841153 0.005437 -0.010220 0.999933 0.332964
0.973752 0.227597 -0.002696 290.365556 -0.227554 0.973702 0.011087 -44.841286 0.005148 -0.010182 0.999935 0.332970
0.973768 0.227529 -0.002655 290.364686 -0.227487 0.973718 0.011076 -44.841466 0.005105 -0.010182 0.999935 0.332976
0.973782 0.227466 -0.002857 290.364091 -0.227422 0.973733 0.011099 -44.841777 0.005306 -0.010158 0.999934 0.332984
0.973781 0.227468 -0.002889 290.363604 -0.227424 0.973733 0.011075 -44.842032 0.005332 -0.010127 0.999935 0.332991
0.973784 0.227461 -0.002581 290.363337 -0.227420 0.973734 0.011107 -44.842310 0.005040 -0.010229 0.999935 0.332998
0.973801 0.227386 -0.002558 290.363179 -0.227345 0.973750 0.011186 -44.842668 0.005035 -0.010312 0.999934 0.333006
0.973808 0.227357 -0.002736 290.362966 -0.227314 0.973757 0.011169 -44.842917 0.005203 -0.010255 0.999934 0.333012
0.973805 0.227369 -0.002838 290.362863 -0.227325 0.973756 0.011080 -44.843247 0.005282 -0.010144 0.999935 0.333020
0.973808 0.227354 -0.002823 290.362816 -0.227311 0.973760 0.010970 -44.843684 0.005242 -0.010041 0.999936 0.333030
0.973809 0.227350 -0.002792 290.362767 -0.227308 0.973761 0.010962 -44.843985 0.005211 -0.010040 0.999936 0.333036
0.973802 0.227379 -0.002802 290.362718 -0.227335 0.973753 0.011112 -44.844286 0.005255 -0.010184 0.999934 0.333043
0.973810 0.227346 -0.002870 290.362669 -0.227301 0.973760 0.011203 -44.844588 0.005341 -0.010257 0.999933 0.333050
0.973812 0.227336 -0.002906 290.362563 -0.227291 0.973762 0.011235 -44.844781 0.005384 -0.010280 0.999933 0.333055
0.973805 0.227366 -0.002912 290.362514 -0.227321 0.973755 0.011230 -44.845082 0.005388 -0.010273 0.999933 0.333061
0.973803 0.227373 -0.002933 290.362519 -0.227328 0.973755 0.011069 -44.845354 0.005373 -0.010112 0.999934 0.333067
0.973814 0.227327 -0.002977 290.362414 -0.227282 0.973766 0.011060 -44.845547 0.005413 -0.010094 0.999934 0.333072
0.973823 0.227286 -0.002997 290.362365 -0.227241 0.973775 0.011129 -44.845849 0.005447 -0.010156 0.999934 0.333079
0.973823 0.227287 -0.002997 290.362313 -0.227241 0.973774 0.011186 -44.846013 0.005461 -0.010212 0.999933 0.333083
0.973829 0.227262 -0.003009 290.362264 -0.227215 0.973779 0.011279 -44.846314 0.005493 -0.010301 0.999932 0.333089
0.973840 0.227213 -0.003057 290.362215 -0.227166 0.973791 0.011248 -44.846616 0.005532 -0.010259 0.999932 0.333096
0.973836 0.227232 -0.003083 290.362110 -0.227185 0.973786 0.011284 -44.846809 0.005566 -0.010288 0.999932 0.333101
0.973830 0.227256 -0.003128 290.362115 -0.227209 0.973782 0.011188 -44.847081 0.005589 -0.010185 0.999933 0.333107
0.973841 0.227209 -0.003112 290.362063 -0.227161 0.973792 0.011261 -44.847246 0.005589 -0.010259 0.999932 0.333111
0.973847 0.227183 -0.003150 290.362011 -0.227135 0.973798 0.011266 -44.847411 0.005627 -0.010256 0.999932 0.333114
0.973845 0.227190 -0.003149 290.361960 -0.227142 0.973796 0.011301 -44.847576 0.005634 -0.010290 0.999931 0.333118
0.973844 0.227195 -0.003174 290.361965 -0.227147 0.973796 0.011229 -44.847848 0.005642 -0.010215 0.999932 0.333124
0.973838 0.227219 -0.003202 290.361913 -0.227171 0.973790 0.011252 -44.848013 0.005674 -0.010230 0.999932 0.333128
0.973836 0.227228 -0.003230 290.361862 -0.227179 0.973788 0.011220 -44.848178 0.005695 -0.010192 0.999932 0.333132
0.973839 0.227216 -0.003226 290.361759 -0.227167 0.973790 0.011304 -44.848507 0.005709 -0.010275 0.999931 0.333140
0.973844 0.227193 -0.003214 290.361707 -0.227144 0.973795 0.011316 -44.848672 0.005701 -0.010290 0.999931 0.333143
0.973844 0.227193 -0.003315 290.361656 -0.227143 0.973795 0.011361 -44.848837 0.005809 -0.010311 0.999930 0.333147
0.973836 0.227227 -0.003318 290.361609 -0.227177 0.973788 0.011303 -44.849274 0.005799 -0.010253 0.999931 0.333157
0.973846 0.227186 -0.003292 290.361612 -0.227137 0.973797 0.011324 -44.849411 0.005778 -0.010280 0.999930 0.333160
0.973848 0.227175 -0.003261 290.361504 -0.227126 0.973799 0.011346 -44.849467 0.005753 -0.010308 0.999930 0.333161
0.973853 0.227154 -0.003303 290.361506 -0.227104 0.973804 0.011351 -44.849604 0.005795 -0.010304 0.999930 0.333165
0.973843 0.227195 -0.003379 290.361457 -0.227145 0.973796 0.011255 -44.849905 0.005848 -0.010193 0.999931 0.333171
0.973846 0.227184 -0.003445 290.361406 -0.227133 0.973799 0.011241 -44.850070 0.005908 -0.010165 0.999931 0.333175
0.973847 0.227178 -0.003476 290.361408 -0.227127 0.973800 0.011266 -44.850206 0.005945 -0.010182 0.999930 0.333178
0.973847 0.227178 -0.003518 290.361354 -0.227127 0.973800 0.011272 -44.850234 0.005987 -0.010179 0.999930 0.333179
0.973847 0.227179 -0.003546 290.361302 -0.227127 0.973800 0.011259 -44.850399 0.006011 -0.010160 0.999930 0.333183
0.973841 0.227202 -0.003550 290.361305 -0.227151 0.973795 0.011247 -44.850535 0.006012 -0.010147 0.999930 0.333186
0.973844 0.227192 -0.003579 290.361308 -0.227140 0.973798 0.011195 -44.850672 0.006029 -0.010089 0.999931 0.333189
0.973840 0.227208 -0.003578 290.361253 -0.227157 0.973794 0.011149 -44.850700 0.006017 -0.010045 0.999931 0.333190
0.973834 0.227234 -0.003609 290.361202 -0.227182 0.973788 0.011182 -44.850865 0.006055 -0.010070 0.999931 0.333193
0.973829 0.227255 -0.003615 290.361204 -0.227203 0.973783 0.011219 -44.851001 0.006070 -0.010105 0.999931 0.333196
0.973821 0.227288 -0.003619 290.361150 -0.227236 0.973775 0.011231 -44.851030 0.006077 -0.010114 0.999930 0.333197
0.973822 0.227284 -0.003668 290.361153 -0.227231 0.973776 0.011241 -44.851166 0.006126 -0.010113 0.999930 0.333200
0.973828 0.227256 -0.003683 290.361101 -0.227203 0.973783 0.011226 -44.851331 0.006138 -0.010095 0.999930 0.333204
0.973830 0.227249 -0.003720 290.361104 -0.227195 0.973785 0.011208 -44.851467 0.006169 -0.010070 0.999930 0.333207
0.973830 0.227249 -0.003726 290.361050 -0.227195 0.973785 0.011226 -44.851495 0.006179 -0.010086 0.999930 0.333208
0.973832 0.227240 -0.003750 290.361052 -0.227186 0.973787 0.011223 -44.851632 0.006201 -0.010077 0.999930 0.333211
0.973828 0.227256 -0.003762 290.360998 -0.227202 0.973783 0.011243 -44.851660 0.006219 -0.010094 0.999930 0.333212
0.973826 0.227263 -0.003729 290.361001 -0.227209 0.973781 0.011261 -44.851797 0.006191 -0.010119 0.999930 0.333215
0.973835 0.227227 -0.003704 290.361003 -0.227173 0.973788 0.011331 -44.851933 0.006182 -0.010193 0.999929 0.333218
0.973833 0.227232 -0.003753 290.360895 -0.227178 0.973787 0.011359 -44.851990 0.006236 -0.010210 0.999928 0.333219
0.973844 0.227187 -0.003817 290.360898 -0.227132 0.973798 0.011336 -44.852126 0.006292 -0.010173 0.999928 0.333222
0.973849 0.227163 -0.003809 290.360900 -0.227108 0.973804 0.011311 -44.852262 0.006278 -0.010150 0.999929 0.333225
0.973854 0.227145 -0.003778 290.360900 -0.227091 0.973808 0.011291 -44.852262 0.006244 -0.010138 0.999929 0.333225
0.973848 0.227167 -0.003773 290.360903 -0.227113 0.973803 0.011304 -44.852399 0.006242 -0.010152 0.999929 0.333228
0.973845 0.227182 -0.003801 290.360849 -0.227127 0.973799 0.011308 -44.852427 0.006270 -0.010149 0.999929 0.333229
0.973843 0.227192 -0.003786 290.360851 -0.227138 0.973797 0.011329 -44.852564 0.006261 -0.010173 0.999929 0.333232
0.973844 0.227185 -0.003779 290.360797 -0.227130 0.973798 0.011339 -44.852592 0.006256 -0.010184 0.999929 0.333233
0.973841 0.227197 -0.003802 290.360797 -0.227142 0.973796 0.011321 -44.852592 0.006275 -0.010162 0.999929 0.333233
0.973848 0.227167 -0.003814 290.360800 -0.227111 0.973803 0.011359 -44.852728 0.006294 -0.010196 0.999928 0.333236
0.973849 0.227163 -0.003817 290.360746 -0.227108 0.973804 0.011341 -44.852757 0.006294 -0.010178 0.999928 0.333237
0.973854 0.227142 -0.003815 290.360802 -0.227087 0.973808 0.011361 -44.852865 0.006295 -0.010198 0.999928 0.333239
0.973855 0.227136 -0.003831 290.360748 -0.227081 0.973809 0.011382 -44.852893 0.006316 -0.010215 0.999928 0.333240
0.973851 0.227156 -0.003872 290.360694 -0.227100 0.973805 0.011387 -44.852921 0.006357 -0.010210 0.999928 0.333240
0.973842 0.227195 -0.003872 290.360751 -0.227139 0.973796 0.011390 -44.853029 0.006358 -0.010212 0.999928 0.333243
0.973837 0.227216 -0.003880 290.360697 -0.227160 0.973791 0.011370 -44.853058 0.006361 -0.010191 0.999928 0.333243
0.973844 0.227183 -0.003880 290.360697 -0.227127 0.973799 0.011399 -44.853058 0.006368 -0.010219 0.999928 0.333243
0.973848 0.227169 -0.003838 290.360699 -0.227114 0.973802 0.011379 -44.853194 0.006322 -0.010210 0.999928 0.333246
0.973845 0.227179 -0.003853 290.360645 -0.227123 0.973799 0.011387 -44.853222 0.006339 -0.010214 0.999928 0.333247
0.973839 0.227206 -0.003880 290.360645 -0.227151 0.973793 0.011368 -44.853222 0.006361 -0.010189 0.999928 0.333247
0.973838 0.227211 -0.003868 290.360648 -0.227155 0.973792 0.011409 -44.853359 0.006359 -0.010232 0.999927 0.333250
0.973840 0.227204 -0.003877 290.360648 -0.227147 0.973794 0.011415 -44.853359 0.006369 -0.010236 0.999927 0.333250
0.973839 0.227206 -0.003859 290.360593 -0.227150 0.973793 0.011405 -44.853387 0.006349 -0.010230 0.999928 0.333251
0.973838 0.227212 -0.003901 290.360593 -0.227155 0.973791 0.011431 -44.853387 0.006396 -0.010245 0.999927 0.333251
0.973838 0.227211 -0.003924 290.360596 -0.227154 0.973792 0.011433 -44.853524 0.006419 -0.010242 0.999927 0.333254
0.973841 0.227200 -0.003852 290.360596 -0.227143 0.973794 0.011442 -44.853524 0.006350 -0.010268 0.999927 0.333254
0.973842 0.227193 -0.003866 290.360542 -0.227137 0.973796 0.011378 -44.853552 0.006350 -0.010202 0.999928 0.333255
0.973841 0.227198 -0.003865 290.360544 -0.227142 0.973794 0.011442 -44.853688 0.006363 -0.010265 0.999927 0.333258
0.973844 0.227183 -0.003884 290.360544 -0.227127 0.973798 0.011407 -44.853688 0.006374 -0.010226 0.999927 0.333258
0.973857 0.227130 -0.003847 290.360544 -0.227074 0.973810 0.011431 -44.853688 0.006343 -0.010259 0.999927 0.333258
0.973863 0.227104 -0.003868 290.360547 -0.227048 0.973817 0.011437 -44.853825 0.006364 -0.010260 0.999927 0.333261
0.973857 0.227130 -0.003864 290.360493 -0.227074 0.973811 0.011384 -44.853853 0.006349 -0.010209 0.999928 0.333262
0.973857 0.227131 -0.003879 290.360493 -0.227075 0.973811 0.011364 -44.853853 0.006358 -0.010187 0.999928 0.333262
0.973857 0.227128 -0.003867 290.360493 -0.227072 0.973811 0.011394 -44.853853 0.006354 -0.010218 0.999928 0.333262
0.973858 0.227125 -0.003887 290.360495 -0.227068 0.973811 0.011508 -44.853989 0.006399 -0.010325 0.999926 0.333265
0.973865 0.227094 -0.003947 290.360495 -0.227036 0.973818 0.011511 -44.853989 0.006457 -0.010314 0.999926 0.333265
0.973867 0.227085 -0.003950 290.360441 -0.227027 0.973820 0.011527 -44.854018 0.006464 -0.010329 0.999926 0.333265
0.973862 0.227105 -0.004007 290.360441 -0.227047 0.973815 0.011563 -44.854018 0.006528 -0.010351 0.999925 0.333265
0.973864 0.227098 -0.003976 290.360498 -0.227040 0.973817 0.011586 -44.854126 0.006503 -0.010380 0.999925 0.333268
0.973870 0.227072 -0.003991 290.360444 -0.227014 0.973823 0.011550 -44.854154 0.006509 -0.010342 0.999925 0.333268
0.973865 0.227091 -0.004011 290.360444 -0.227032 0.973818 0.011591 -44.854154 0.006538 -0.010378 0.999925 0.333268
0.973868 0.227077 -0.004073 290.360444 -0.227018 0.973822 0.011533 -44.854154 0.006586 -0.010307 0.999925 0.333268
0.973869 0.227073 -0.004110 290.360390 -0.227014 0.973824 0.011505 -44.854182 0.006615 -0.010272 0.999925 0.333269
0.973866 0.227084 -0.004116 290.360446 -0.227025 0.973821 0.011528 -44.854291 0.006626 -0.010293 0.999925 0.333271
0.973865 0.227093 -0.004076 290.360446 -0.227034 0.973818 0.011539 -44.854291 0.006590 -0.010312 0.999925 0.333271
0.973862 0.227106 -0.004054 290.360446 -0.227047 0.973815 0.011546 -44.854291 0.006570 -0.010323 0.999925 0.333271
0.973862 0.227104 -0.004094 290.360392 -0.227045 0.973816 0.011566 -44.854319 0.006613 -0.010335 0.999925 0.333272
0.973859 0.227118 -0.004111 290.360392 -0.227059 0.973813 0.011501 -44.854319 0.006615 -0.010267 0.999925 0.333272
0.973853 0.227142 -0.004077 290.360392 -0.227084 0.973808 0.011439 -44.854319 0.006569 -0.010214 0.999926 0.333272
0.973850 0.227153 -0.004127 290.360395 -0.227093 0.973805 0.011520 -44.854455 0.006636 -0.010282 0.999925 0.333275
0.973847 0.227168 -0.004164 290.360395 -0.227108 0.973801 0.011551 -44.854455 0.006679 -0.010303 0.999925 0.333275
0.973849 0.227158 -0.004172 290.360395 -0.227097 0.973803 0.011598 -44.854455 0.006697 -0.010347 0.999924 0.333275
0.973854 0.227135 -0.004177 290.360395 -0.227075 0.973809 0.011555 -44.854455 0.006693 -0.010305 0.999925 0.333275
0.973858 0.227121 -0.004198 290.360341 -0.227061 0.973813 0.011475 -44.854484 0.006694 -0.010222 0.999925 0.333276
0.973862 0.227101 -0.004199 290.360341 -0.227041 0.973818 0.011461 -44.854484 0.006692 -0.010208 0.999926 0.333276
0.973863 0.227097 -0.004256 290.360341 -0.227036 0.973818 0.011524 -44.854484 0.006762 -0.010256 0.999925 0.333276
0.973864 0.227091 -0.004298 290.360343 -0.227029 0.973820 0.011517 -44.854620 0.006801 -0.010240 0.999924 0.333279
0.973873 0.227054 -0.004266 290.360343 -0.226993 0.973828 0.011557 -44.854620 0.006778 -0.010287 0.999924 0.333279
0.973878 0.227032 -0.004277 290.360343 -0.226971 0.973833 0.011531 -44.854620 0.006783 -0.010259 0.999924 0.333279
0.973874 0.227048 -0.004285 290.360343 -0.226987 0.973829 0.011557 -44.854620 0.006797 -0.010283 0.999924 0.333279
0.973865 0.227089 -0.004285 290.360343 -0.227027 0.973820 0.011536 -44.854620 0.006793 -0.010262 0.999924 0.333279
0.973853 0.227139 -0.004314 290.360289 -0.227078 0.973809 0.011503 -44.854648 0.006813 -0.010222 0.999925 0.333280
0.973852 0.227143 -0.004348 290.360289 -0.227082 0.973808 0.011522 -44.854648 0.006852 -0.010234 0.999924 0.333280
0.973862 0.227099 -0.004334 290.360289 -0.227038 0.973818 0.011543 -44.854648 0.006842 -0.010258 0.999924 0.333280
0.973860 0.227107 -0.004315 290.360346 -0.227045 0.973816 0.011575 -44.854756 0.006831 -0.010292 0.999924 0.333282
0.973862 0.227101 -0.004346 290.360346 -0.227039 0.973817 0.011587 -44.854756 0.006864 -0.010297 0.999923 0.333282
0.973862 0.227101 -0.004327 290.360346 -0.227039 0.973817 0.011591 -44.854756 0.006846 -0.010305 0.999923 0.333282
0.973865 0.227085 -0.004357 290.360292 -0.227023 0.973820 0.011635 -44.854785 0.006885 -0.010341 0.999923 0.333283
0.973866 0.227082 -0.004377 290.360292 -0.227019 0.973821 0.011654 -44.854785 0.006909 -0.010356 0.999923 0.333283
0.973865 0.227087 -0.004363 290.360292 -0.227024 0.973819 0.011663 -44.854785 0.006898 -0.010368 0.999922 0.333283
0.973866 0.227082 -0.004413 290.360292 -0.227019 0.973821 0.011660 -44.854785 0.006945 -0.010353 0.999922 0.333283
0.973867 0.227077 -0.004441 290.360292 -0.227014 0.973822 0.011618 -44.854785 0.006963 -0.010306 0.999923 0.333283
0.973855 0.227130 -0.004412 290.360292 -0.227066 0.973810 0.011644 -44.854785 0.006941 -0.010337 0.999922 0.333283
0.973854 0.227131 -0.004379 290.360292 -0.227068 0.973809 0.011637 -44.854785 0.006907 -0.010339 0.999923 0.333283
0.973860 0.227109 -0.004374 290.360238 -0.227046 0.973814 0.011664 -44.854813 0.006908 -0.010366 0.999922 0.333284
0.973865 0.227083 -0.004444 290.360294 -0.227019 0.973820 0.011751 -44.854921 0.006996 -0.010435 0.999921 0.333286
0.973860 0.227106 -0.004462 290.360294 -0.227042 0.973814 0.011763 -44.854921 0.007016 -0.010442 0.999921 0.333286
0.973862 0.227095 -0.004492 290.360294 -0.227030 0.973817 0.011766 -44.854921 0.007046 -0.010439 0.999921 0.333286
0.973863 0.227091 -0.004506 290.360294 -0.227026 0.973817 0.011816 -44.854921 0.007071 -0.010485 0.999920 0.333286
0.973866 0.227077 -0.004515 290.360294 -0.227011 0.973820 0.011854 -44.854921 0.007089 -0.010519 0.999920 0.333286
0.973870 0.227061 -0.004519 290.360240 -0.226995 0.973823 0.011927 -44.854949 0.007109 -0.010589 0.999919 0.333287
0.973871 0.227058 -0.004546 290.360240 -0.226991 0.973823 0.011954 -44.854949 0.007142 -0.010610 0.999918 0.333287
0.973866 0.227077 -0.004577 290.360240 -0.227010 0.973819 0.011975 -44.854949 0.007177 -0.010623 0.999918 0.333287
0.973868 0.227067 -0.004625 290.360240 -0.227000 0.973821 0.011979 -44.854949 0.007224 -0.010616 0.999918 0.333287
0.973867 0.227071 -0.004671 290.360240 -0.227002 0.973821 0.011959 -44.854949 0.007264 -0.010586 0.999918 0.333287
0.973862 0.227092 -0.004652 290.360240 -0.227024 0.973816 0.011956 -44.854949 0.007245 -0.010587 0.999918 0.333287
0.973862 0.227092 -0.004625 290.360240 -0.227024 0.973816 0.011956 -44.854949 0.007219 -0.010594 0.999918 0.333287
0.973872 0.227050 -0.004633 290.360240 -0.226982 0.973825 0.011969 -44.854949 0.007230 -0.010604 0.999918 0.333287
0.973876 0.227035 -0.004602 290.360240 -0.226967 0.973829 0.011960 -44.854949 0.007197 -0.010603 0.999918 0.333287
0.973869 0.227063 -0.004592 290.360240 -0.226996 0.973822 0.011956 -44.854949 0.007187 -0.010601 0.999918 0.333287
0.973861 0.227098 -0.004614 290.360243 -0.227030 0.973814 0.011986 -44.855086 0.007215 -0.010625 0.999918 0.333290
0.973860 0.227102 -0.004576 290.360243 -0.227035 0.973813 0.011988 -44.855086 0.007178 -0.010636 0.999918 0.333290
0.973861 0.227100 -0.004571 290.360243 -0.227033 0.973813 0.012009 -44.855086 0.007179 -0.010658 0.999917 0.333290
0.973865 0.227081 -0.004580 290.360243 -0.227013 0.973818 0.012027 -44.855086 0.007192 -0.010673 0.999917 0.333290
0.973864 0.227084 -0.004584 290.360243 -0.227016 0.973817 0.012006 -44.855086 0.007191 -0.010651 0.999917 0.333290
0.973866 0.227076 -0.004618 290.360243 -0.227008 0.973819 0.011985 -44.855086 0.007219 -0.010623 0.999918 0.333290
0.973853 0.227132 -0.004635 290.360243 -0.227064 0.973807 0.011939 -44.855086 0.007226 -0.010575 0.999918 0.333290
0.973845 0.227164 -0.004627 290.360243 -0.227096 0.973799 0.011953 -44.855086 0.007222 -0.010590 0.999918 0.333290
0.973842 0.227179 -0.004662 290.360243 -0.227111 0.973795 0.012008 -44.855086 0.007268 -0.010635 0.999917 0.333290
0.973845 0.227167 -0.004664 290.360243 -0.227099 0.973798 0.011972 -44.855086 0.007261 -0.010600 0.999917 0.333290
0.973848 0.227154 -0.004652 290.360243 -0.227086 0.973801 0.011985 -44.855086 0.007253 -0.010615 0.999917 0.333290
0.973852 0.227137 -0.004668 290.360243 -0.227069 0.973806 0.011932 -44.855086 0.007256 -0.010560 0.999918 0.333290
0.973846 0.227163 -0.004677 290.360189 -0.227095 0.973800 0.011913 -44.855114 0.007261 -0.010539 0.999918 0.333290
0.973846 0.227158 -0.004710 290.360189 -0.227090 0.973801 0.011925 -44.855114 0.007295 -0.010543 0.999918 0.333290
0.973857 0.227111 -0.004726 290.360189 -0.227043 0.973812 0.011946 -44.855114 0.007315 -0.010560 0.999917 0.333290
0.973860 0.227101 -0.004697 290.360189 -0.227033 0.973814 0.011946 -44.855114 0.007287 -0.010567 0.999918 0.333290
0.973864 0.227082 -0.004661 290.360189 -0.227014 0.973818 0.011980 -44.855114 0.007259 -0.010608 0.999917 0.333290
0.973867 0.227071 -0.004656 290.360189 -0.227003 0.973820 0.012012 -44.855114 0.007262 -0.010641 0.999917 0.333290
0.973869 0.227064 -0.004673 290.360189 -0.226995 0.973822 0.012019 -44.855114 0.007280 -0.010644 0.999917 0.333290
0.973860 0.227102 -0.004664 290.360189 -0.227034 0.973813 0.011993 -44.855114 0.007266 -0.010621 0.999917 0.333290
0.973857 0.227116 -0.004667 290.360189 -0.227047 0.973810 0.012008 -44.855114 0.007271 -0.010634 0.999917 0.333290
0.973862 0.227092 -0.004676 290.360189 -0.227024 0.973815 0.012006 -44.855114 0.007280 -0.010631 0.999917 0.333290
0.973861 0.227095 -0.004665 290.360245 -0.227027 0.973814 0.012024 -44.855222 0.007273 -0.010651 0.999917 0.333293
0.973859 0.227106 -0.004675 290.360245 -0.227037 0.973812 0.012004 -44.855222 0.007279 -0.010629 0.999917 0.333293
0.973857 0.227114 -0.004663 290.360245 -0.227046 0.973810 0.011974 -44.855222 0.007261 -0.010602 0.999917 0.333293
0.973860 0.227101 -0.004654 290.360245 -0.227033 0.973813 0.012018 -44.855222 0.007261 -0.010647 0.999917 0.333293
0.973857 0.227115 -0.004667 290.360245 -0.227046 0.973810 0.012005 -44.855222 0.007272 -0.010631 0.999917 0.333293
0.973858 0.227109 -0.004691 290.360245 -0.227040 0.973811 0.012014 -44.855222 0.007297 -0.010635 0.999917 0.333293
0.973856 0.227117 -0.004664 290.360191 -0.227048 0.973809 0.012032 -44.855251 0.007275 -0.010659 0.999917 0.333293
0.973858 0.227109 -0.004657 290.360191 -0.227040 0.973811 0.012017 -44.855251 0.007264 -0.010645 0.999917 0.333293
0.973855 0.227122 -0.004657 290.360191 -0.227054 0.973808 0.012034 -44.855251 0.007269 -0.010662 0.999917 0.333293
0.973848 0.227155 -0.004639 290.360191 -0.227086 0.973800 0.012027 -44.855251 0.007249 -0.010659 0.999917 0.333293
0.973849 0.227150 -0.004629 290.360191 -0.227082 0.973801 0.012035 -44.855251 0.007242 -0.010670 0.999917 0.333293
0.973856 0.227120 -0.004622 290.360191 -0.227052 0.973808 0.012031 -44.855251 0.007234 -0.010667 0.999917 0.333293
0.973857 0.227116 -0.004620 290.360191 -0.227049 0.973810 0.011964 -44.855251 0.007217 -0.010602 0.999918 0.333293
0.973848 0.227151 -0.004621 290.360191 -0.227084 0.973802 0.011894 -44.855251 0.007202 -0.010534 0.999919 0.333293
0.973839 0.227195 -0.004590 290.360191 -0.227128 0.973792 0.011879 -44.855251 0.007168 -0.010526 0.999919 0.333293
0.973839 0.227190 -0.004639 290.360191 -0.227123 0.973794 0.011873 -44.855251 0.007215 -0.010509 0.999919 0.333293
0.973845 0.227166 -0.004663 290.360191 -0.227099 0.973800 0.011839 -44.855251 0.007231 -0.010470 0.999919 0.333293
0.973850 0.227144 -0.004637 290.360191 -0.227077 0.973805 0.011843 -44.855251 0.007205 -0.010480 0.999919 0.333293
0.973848 0.227153 -0.004615 290.360191 -0.227086 0.973803 0.011840 -44.855251 0.007184 -0.010482 0.999919 0.333293
