1.000000 0.000702 0.000000 0.822854 -0.000702 1.000000 0.000000 -0.021855 0.000000 0.000000 1.000000 0.000000
1.000000 0.000726 0.000000 1.407067 -0.000726 1.000000 0.000000 -0.033740 0.000000 0.000000 1.000000 0.000000
0.999999 0.001115 0.000000 2.028873 -0.001115 0.999999 0.000000 -0.046087 0.000000 0.000000 1.000000 0.000000
0.999996 -0.002836 0.000000 2.953311 0.002836 0.999996 0.000000 -0.078064 0.000000 0.000000 1.000000 0.000000
0.999986 -0.005210 0.000000 3.571783 0.005210 0.999986 0.000000 -0.096015 0.000000 0.000000 1.000000 0.000000
0.999977 -0.006776 0.000000 4.207315 0.006776 0.999977 0.000000 -0.108077 0.000000 0.000000 1.000000 0.000000
0.999974 -0.007173 0.000000 4.837988 0.007173 0.999974 0.000000 -0.120305 0.000000 0.000000 1.000000 0.000000
0.999994 -0.003465 0.000000 6.096879 0.003465 0.999994 0.000000 -0.153221 0.000000 0.000000 1.000000 0.000000
0.999979 -0.006458 0.000000 6.712513 0.006458 0.999979 0.000000 -0.165074 0.000000 0.000000 1.000000 0.000000
0.999952 -0.009822 0.000000 7.344419 0.009822 0.999952 0.000000 -0.175684 0.000000 0.000000 1.000000 0.000000
0.999949 -0.010098 0.000000 7.972172 0.010098 0.999949 0.000000 -0.186155 0.000000 0.000000 1.000000 0.000000
0.999938 -0.011160 0.000000 8.639437 0.011160 0.999938 0.000000 -0.202512 0.000000 0.000000 1.000000 0.000000
0.999942 -0.010764 0.000000 9.263631 0.010764 0.999942 0.000000 -0.220844 0.000000 0.000000 1.000000 0.000000
0.999944 -0.010625 0.000000 9.889688 0.010625 0.999944 0.000000 -0.228929 0.000000 0.000000 1.000000 0.000000
0.999934 -0.011449 0.000000 10.516902 0.011449 0.999934 0.000000 -0.232525 0.000000 0.000000 1.000000 0.000000
0.999910 -0.013417 0.000000 11.142036 0.013417 0.999910 0.000000 -0.241316 0.000000 0.000000 1.000000 0.000000
0.999902 -0.013986 0.000000 11.764182 0.013986 0.999902 0.000000 -0.244405 0.000000 0.000000 1.000000 0.000000
0.999905 -0.013779 0.000000 12.386834 0.013779 0.999905 0.000000 -0.251950 0.000000 0.000000 1.000000 0.000000
0.999901 -0.014082 0.000000 13.000449 0.014082 0.999901 0.000000 -0.261668 0.000000 0.000000 1.000000 0.000000
0.999903 -0.013893 0.000000 13.650107 0.013893 0.999903 0.000000 -0.270416 0.000000 0.000000 1.000000 0.000000
0.999895 -0.014483 0.000000 14.233741 0.014483 0.999895 0.000000 -0.275339 0.000000 0.000000 1.000000 0.000000
0.999897 -0.014350 0.000000 14.852582 0.014350 0.999897 0.000000 -0.284523 0.000000 0.000000 1.000000 0.000000
0.999879 -0.015576 0.000000 15.471130 0.015576 0.999879 0.000000 -0.295971 0.000000 0.000000 1.000000 0.000000
0.999822 -0.018893 0.000000 16.118536 0.018893 0.999822 0.000000 -0.303320 0.000000 0.000000 1.000000 0.000000
0.999762 -0.021800 0.000000 16.744962 0.021800 0.999762 0.000000 -0.306997 0.000000 0.000000 1.000000 0.000000
0.999673 -0.025557 0.000000 17.370341 0.025557 0.999673 0.000000 -0.309345 0.000000 0.000000 1.000000 0.000000
0.999716 -0.023836 0.000000 17.990048 0.023836 0.999716 0.000000 -0.304691 0.000000 0.000000 1.000000 0.000000
0.999745 -0.022576 0.000000 18.615831 0.022576 0.999745 0.000000 -0.304696 0.000000 0.000000 1.000000 0.000000
0.999722 -0.023587 0.000000 19.235617 0.023587 0.999722 0.000000 -0.299603 0.000000 0.000000 1.000000 0.000000
0.999724 -0.023480 0.000000 19.838005 0.023480 0.999724 0.000000 -0.302032 0.000000 0.000000 1.000000 0.000000
0.999713 -0.023940 0.000000 20.461708 0.023940 0.999713 0.000000 -0.298261 0.000000 0.000000 1.000000 0.000000
0.999724 -0.023503 0.000000 21.089788 0.023503 0.999724 0.000000 -0.298038 0.000000 0.000000 1.000000 0.000000
0.999718 -0.023764 0.000000 21.672521 0.023764 0.999718 0.000000 -0.299459 0.000000 0.000000 1.000000 0.000000
0.999654 -0.026294 0.000000 22.299468 0.026294 0.999654 0.000000 -0.304874 0.000000 0.000000 1.000000 0.000000
0.999595 -0.028459 0.000000 22.909672 0.028459 0.999595 0.000000 -0.306219 0.000000 0.000000 1.000000 0.000000
0.999564 -0.029540 0.000000 23.504927 0.029540 0.999564 0.000000 -0.309294 0.000000 0.000000 1.000000 0.000000
0.999567 -0.029426 0.000000 24.128920 0.029426 0.999567 0.000000 -0.314913 0.000000 0.000000 1.000000 0.000000
0.999587 -0.028734 0.000000 24.759386 0.028734 0.999587 0.000000 -0.316589 0.000000 0.000000 1.000000 0.000000
0.999622 -0.027495 0.000000 25.379475 0.027495 0.999622 0.000000 -0.314918 0.000000 0.000000 1.000000 0.000000
0.999695 -0.024694 0.000000 25.970816 0.024694 0.999695 0.000000 -0.306076 0.000000 0.000000 1.000000 0.000000
0.999767 -0.021604 0.000000 26.607658 0.021604 0.999767 0.000000 -0.303395 0.000000 0.000000 1.000000 0.000000
0.999789 -0.020519 0.000000 27.197949 0.020519 0.999789 0.000000 -0.301626 0.000000 0.000000 1.000000 0.000000
0.999782 -0.020869 0.000000 27.819983 0.020869 0.999782 0.000000 -0.304144 0.000000 0.000000 1.000000 0.000000
0.999757 -0.022064 0.000000 28.458621 0.022064 0.999757 0.000000 -0.309561 0.000000 0.000000 1.000000 0.000000
0.999766 -0.021655 0.000000 29.280763 0.021655 0.999766 0.000000 -0.316777 0.000000 0.000000 1.000000 0.000000
0.999799 -0.020068 0.000000 29.917484 0.020068 0.999799 0.000000 -0.310740 0.000000 0.000000 1.000000 0.000000
0.999822 -0.018857 0.000000 30.560529 0.018857 0.999822 0.000000 -0.305027 0.000000 0.000000 1.000000 0.000000
0.999852 -0.017227 0.000000 31.195083 0.017227 0.999852 0.000000 -0.303317 0.000000 0.000000 1.000000 0.000000
0.999863 -0.016541 0.000000 31.821762 0.016541 0.999863 0.000000 -0.308997 0.000000 0.000000 1.000000 0.000000
0.999872 -0.016025 0.000000 32.463728 0.016025 0.999872 0.000000 -0.306626 0.000000 0.000000 1.000000 0.000000
0.999913 -0.013165 0.000000 33.099127 0.013165 0.999913 0.000000 -0.307913 0.000000 0.000000 1.000000 0.000000
0.999944 -0.010606 0.000000 33.738551 0.010606 0.999944 0.000000 -0.311185 0.000000 0.000000 1.000000 0.000000
0.999960 -0.008918 0.000000 34.374405 0.008918 0.999960 0.000000 -0.318387 0.000000 0.000000 1.000000 0.000000
0.999966 -0.008285 0.000000 35.013684 0.008285 0.999966 0.000000 -0.332545 0.000000 0.000000 1.000000 0.000000
0.999979 -0.006465 0.000000 35.657937 0.006465 0.999979 0.000000 -0.339289 0.000000 0.000000 1.000000 0.000000
0.999978 -0.006636 0.000000 36.281733 0.006636 0.999978 0.000000 -0.351227 0.000000 0.000000 1.000000 0.000000
0.999987 -0.005143 0.000000 36.916580 0.005143 0.999987 0.000000 -0.361378 0.000000 0.000000 1.000000 0.000000
0.999989 -0.004735 0.000000 37.551075 0.004735 0.999989 0.000000 -0.372225 0.000000 0.000000 1.000000 0.000000
0.999989 -0.004589 0.000000 38.148221 0.004589 0.999989 0.000000 -0.386171 0.000000 0.000000 1.000000 0.000000
0.999998 -0.001816 0.000000 38.790058 0.001816 0.999998 0.000000 -0.398438 0.000000 0.000000 1.000000 0.000000
1.000000 0.000436 0.000000 39.416694 -0.000436 1.000000 0.000000 -0.406068 0.000000 0.000000 1.000000 0.000000
1.000000 0.000130 0.000000 40.065180 -0.000130 1.000000 0.000000 -0.419754 0.000000 0.000000 1.000000 0.000000
1.000000 0.000236 0.000000 40.697427 -0.000236 1.000000 0.000000 -0.434006 0.000000 0.000000 1.000000 0.000000
0.999999 0.001010 0.000000 41.327239 -0.001010 0.999999 0.000000 -0.449528 0.000000 0.000000 1.000000 0.000000
0.999999 0.001209 0.000000 41.969058 -0.001209 0.999999 0.000000 -0.468471 0.000000 0.000000 1.000000 0.000000
0.999999 0.001546 0.000000 42.621519 -0.001546 0.999999 0.000000 -0.484566 0.000000 0.000000 1.000000 0.000000
0.999995 0.003218 0.000000 43.264495 -0.003218 0.999995 0.000000 -0.494127 0.000000 0.000000 1.000000 0.000000
0.999987 0.005093 0.000000 43.901031 -0.005093 0.999987 0.000000 -0.504328 0.000000 0.000000 1.000000 0.000000
0.999987 0.005007 0.000000 44.555525 -0.005007 0.999987 0.000000 -0.520303 0.000000 0.000000 1.000000 0.000000
0.999989 0.004653 0.000000 45.167514 -0.004653 0.999989 0.000000 -0.537811 0.000000 0.000000 1.000000 0.000000
0.999991 0.004264 0.000000 45.816235 -0.004264 0.999991 0.000000 -0.543017 0.000000 0.000000 1.000000 0.000000
0.999996 0.002942 0.000000 46.468110 -0.002942 0.999996 0.000000 -0.551257 0.000000 0.000000 1.000000 0.000000
0.999992 0.003926 0.000000 47.126349 -0.003926 0.999992 0.000000 -0.566260 0.000000 0.000000 1.000000 0.000000
0.999999 0.001140 0.000000 47.784587 -0.001140 0.999999 0.000000 -0.582282 0.000000 0.000000 1.000000 0.000000
1.000000 0.000103 0.000000 48.427379 -0.000103 1.000000 0.000000 -0.593882 0.000000 0.000000 1.000000 0.000000
1.000000 0.000780 0.000000 49.035460 -0.000780 1.000000 0.000000 -0.600545 0.000000 0.000000 1.000000 0.000000
0.999997 0.002540 0.000000 49.687288 -0.002540 0.999997 0.000000 -0.606113 0.000000 0.000000 1.000000 0.000000
0.999989 0.004789 0.000000 50.340105 -0.004789 0.999989 0.000000 -0.615746 0.000000 0.000000 1.000000 0.000000
0.999984 0.005727 0.000000 50.999376 -0.005727 0.999984 0.000000 -0.629844 0.000000 0.000000 1.000000 0.000000
0.999990 0.004364 0.000000 51.668730 -0.004364 0.999990 0.000000 -0.641005 0.000000 0.000000 1.000000 0.000000
0.999999 0.001221 0.000000 52.326942 -0.001221 0.999999 0.000000 -0.651669 0.000000 0.000000 1.000000 0.000000
0.999997 0.002372 0.000000 53.361117 -0.002372 0.999997 0.000000 -0.682805 0.000000 0.000000 1.000000 0.000000
0.999999 0.001179 0.000000 54.063413 -0.001179 0.999999 0.000000 -0.700322 0.000000 0.000000 1.000000 0.000000
1.000000 0.000478 0.000000 54.704534 -0.000478 1.000000 0.000000 -0.716313 0.000000 0.000000 1.000000 0.000000
1.000000 0.000476 0.000000 55.366161 -0.000476 1.000000 0.000000 -0.736211 0.000000 0.000000 1.000000 0.000000
1.000000 0.000929 0.000000 56.021738 -0.000929 1.000000 0.000000 -0.756268 0.000000 0.000000 1.000000 0.000000
1.000000 0.000565 0.000000 56.679455 -0.000565 1.000000 0.000000 -0.774667 0.000000 0.000000 1.000000 0.000000
1.000000 -0.000652 0.000000 57.334540 0.000652 1.000000 0.000000 -0.794501 0.000000 0.000000 1.000000 0.000000
0.999999 -0.001062 0.000000 57.981176 0.001062 0.999999 0.000000 -0.812658 0.000000 0.000000 1.000000 0.000000
0.999996 -0.002977 0.000000 59.319599 0.002977 0.999996 0.000000 -0.839337 0.000000 0.000000 1.000000 0.000000
0.999988 -0.004923 0.000000 59.967581 0.004923 0.999988 0.000000 -0.848623 0.000000 0.000000 1.000000 0.000000
0.999977 -0.006805 0.000000 60.610973 0.006805 0.999977 0.000000 -0.854503 0.000000 0.000000 1.000000 0.000000
0.999980 -0.006283 0.000000 61.251741 0.006283 0.999980 0.000000 -0.863398 0.000000 0.000000 1.000000 0.000000
0.999990 -0.004560 0.000000 61.886818 0.004560 0.999990 0.000000 -0.873482 0.000000 0.000000 1.000000 0.000000
0.999991 -0.004228 0.000000 62.558851 0.004228 0.999991 0.000000 -0.885679 0.000000 0.000000 1.000000 0.000000
0.999991 -0.004135 0.000000 63.192402 0.004135 0.999991 0.000000 -0.897885 0.000000 0.000000 1.000000 0.000000
0.999996 -0.002930 0.000000 63.793130 0.002930 0.999996 0.000000 -0.911133 0.000000 0.000000 1.000000 0.000000
0.999997 -0.002322 0.000000 64.420901 0.002322 0.999997 0.000000 -0.927773 0.000000 0.000000 1.000000 0.000000
0.999998 -0.001804 0.000000 65.009484 0.001804 0.999998 0.000000 -0.950105 0.000000 0.000000 1.000000 0.000000
0.999999 -0.001290 0.000000 65.636836 0.001290 0.999999 0.000000 -0.971754 0.000000 0.000000 1.000000 0.000000
0.999999 -0.001613 0.000000 66.260157 0.001613 0.999999 0.000000 -0.993974 0.000000 0.000000 1.000000 0.000000
0.999998 -0.001913 0.000000 66.841888 0.001913 0.999998 0.000000 -1.013995 0.000000 0.000000 1.000000 0.000000
0.999997 -0.002625 0.000000 67.462249 0.002625 0.999997 0.000000 -1.035525 0.000000 0.000000 1.000000 0.000000
0.999995 -0.003280 0.000000 68.070418 0.003280 0.999995 0.000000 -1.057090 0.000000 0.000000 1.000000 0.000000
0.999995 -0.003228 0.000000 68.631835 0.003228 0.999995 0.000000 -1.076229 0.000000 0.000000 1.000000 0.000000
0.999994 -0.003496 0.000000 69.235441 0.003496 0.999994 0.000000 -1.094061 0.000000 0.000000 1.000000 0.000000
0.999998 -0.001872 0.000000 69.807432 0.001872 0.999998 0.000000 -1.105969 0.000000 0.000000 1.000000 0.000000
1.000000 0.000612 0.000000 70.414081 -0.000612 1.000000 0.000000 -1.121172 0.000000 0.000000 1.000000 0.000000
1.000000 0.000866 0.000000 71.018531 -0.000866 1.000000 0.000000 -1.139495 0.000000 0.000000 1.000000 0.000000
0.999999 0.001437 0.000000 71.862736 -0.001437 0.999999 0.000000 -1.167831 0.000000 0.000000 1.000000 0.000000
0.999997 0.002265 0.000000 72.464807 -0.002265 0.999997 0.000000 -1.191896 0.000000 0.000000 1.000000 0.000000
0.999999 0.001718 0.000000 73.063283 -0.001718 0.999999 0.000000 -1.214555 0.000000 0.000000 1.000000 0.000000
1.000000 -0.000652 0.000000 73.661109 0.000652 1.000000 0.000000 -1.229525 0.000000 0.000000 1.000000 0.000000
0.999999 -0.001398 0.000000 74.255119 0.001398 0.999999 0.000000 -1.241036 0.000000 0.000000 1.000000 0.000000
0.999993 -0.003629 0.000000 74.847143 0.003629 0.999993 0.000000 -1.253581 0.000000 0.000000 1.000000 0.000000
0.999993 -0.003857 0.000000 75.478889 0.003857 0.999993 0.000000 -1.262793 0.000000 0.000000 1.000000 0.000000
0.999994 -0.003584 0.000000 76.075735 0.003584 0.999994 0.000000 -1.276253 0.000000 0.000000 1.000000 0.000000
0.999995 -0.003163 0.000000 76.669942 0.003163 0.999995 0.000000 -1.289195 0.000000 0.000000 1.000000 0.000000
0.999998 -0.001895 0.000000 77.856503 0.001895 0.999998 0.000000 -1.322762 0.000000 0.000000 1.000000 0.000000
0.999998 -0.002195 0.000000 78.445842 0.002195 0.999998 0.000000 -1.342078 0.000000 0.000000 1.000000 0.000000
1.000000 -0.000627 0.000000 79.034338 0.000627 1.000000 0.000000 -1.366202 0.000000 0.000000 1.000000 0.000000
1.000000 0.000198 0.000000 79.613265 -0.000198 1.000000 0.000000 -1.392313 0.000000 0.000000 1.000000 0.000000
1.000000 0.000764 0.000000 80.195455 -0.000764 1.000000 0.000000 -1.414999 0.000000 0.000000 1.000000 0.000000
0.999999 0.001691 0.000000 80.769906 -0.001691 0.999999 0.000000 -1.439116 0.000000 0.000000 1.000000 0.000000
1.000000 0.000293 0.000000 81.338424 -0.000293 1.000000 0.000000 -1.461819 0.000000 0.000000 1.000000 0.000000
0.999999 -0.001041 0.000000 81.899998 0.001041 0.999999 0.000000 -1.478696 0.000000 0.000000 1.000000 0.000000
1.000000 -0.000734 0.000000 82.464966 0.000734 1.000000 0.000000 -1.492659 0.000000 0.000000 1.000000 0.000000
1.000000 -0.000012 0.000000 83.016924 0.000012 1.000000 0.000000 -1.508786 0.000000 0.000000 1.000000 0.000000
1.000000 0.000138 0.000000 83.568945 -0.000138 1.000000 0.000000 -1.520930 0.000000 0.000000 1.000000 0.000000
1.000000 0.000336 0.000000 84.110698 -0.000336 1.000000 0.000000 -1.538910 0.000000 0.000000 1.000000 0.000000
0.999999 0.001187 0.000000 84.647776 -0.001187 0.999999 0.000000 -1.554796 0.000000 0.000000 1.000000 0.000000
0.999996 0.002827 0.000000 85.163561 -0.002827 0.999996 0.000000 -1.573189 0.000000 0.000000 1.000000 0.000000
0.999989 0.004747 0.000000 85.709380 -0.004747 0.999989 0.000000 -1.588465 0.000000 0.000000 1.000000 0.000000
0.999973 0.007333 0.000000 86.236085 -0.007333 0.999973 0.000000 -1.605848 0.000000 0.000000 1.000000 0.000000
0.999965 0.008425 0.000000 86.745184 -0.008425 0.999965 0.000000 -1.624075 0.000000 0.000000 1.000000 0.000000
0.999971 0.007678 0.000000 87.279735 -0.007678 0.999971 0.000000 -1.651786 0.000000 0.000000 1.000000 0.000000
0.999973 0.007405 0.000000 87.800177 -0.007405 0.999973 0.000000 -1.673368 0.000000 0.000000 1.000000 0.000000
0.999969 0.007900 0.000000 88.283265 -0.007900 0.999969 0.000000 -1.696988 0.000000 0.000000 1.000000 0.000000
0.999955 0.009456 0.000000 88.809526 -0.009456 0.999955 0.000000 -1.725381 0.000000 0.000000 1.000000 0.000000
0.999943 0.010677 0.000000 89.327518 -0.010677 0.999943 0.000000 -1.750605 0.000000 0.000000 1.000000 0.000000
0.999944 0.010610 0.000000 89.812505 -0.010610 0.999944 0.000000 -1.771232 0.000000 0.000000 1.000000 0.000000
0.999933 0.011609 0.000000 90.338613 -0.011609 0.999933 0.000000 -1.789601 0.000000 0.000000 1.000000 0.000000
0.999913 0.013199 0.000000 90.856138 -0.013199 0.999913 0.000000 -1.805537 0.000000 0.000000 1.000000 0.000000
0.999892 0.014688 0.000000 91.339282 -0.014688 0.999892 0.000000 -1.827517 0.000000 0.000000 1.000000 0.000000
0.999886 0.015098 0.000000 91.846160 -0.015098 0.999886 0.000000 -1.852234 0.000000 0.000000 1.000000 0.000000
0.999872 0.015998 0.000000 92.325710 -0.015998 0.999872 0.000000 -1.877094 0.000000 0.000000 1.000000 0.000000
0.999852 0.017195 0.000000 92.839483 -0.017195 0.999852 0.000000 -1.904822 0.000000 0.000000 1.000000 0.000000
0.999854 0.017065 0.000000 93.501920 -0.017065 0.999854 0.000000 -1.934363 0.000000 0.000000 1.000000 0.000000
0.999853 0.017154 0.000000 94.000473 -0.017154 0.999853 0.000000 -1.953896 0.000000 0.000000 1.000000 0.000000
0.999840 0.017895 0.000000 94.496241 -0.017895 0.999840 0.000000 -1.971792 0.000000 0.000000 1.000000 0.000000
0.999831 0.018410 0.000000 94.989329 -0.018410 0.999831 0.000000 -1.988745 0.000000 0.000000 1.000000 0.000000
0.999843 0.017704 0.000000 95.470411 -0.017704 0.999843 0.000000 -2.013479 0.000000 0.000000 1.000000 0.000000
0.999856 0.016956 0.000000 95.945059 -0.016956 0.999856 0.000000 -2.041885 0.000000 0.000000 1.000000 0.000000
0.999838 0.017992 0.000000 96.419993 -0.017992 0.999838 0.000000 -2.064487 0.000000 0.000000 1.000000 0.000000
0.999726 0.023389 0.000000 97.373427 -0.023389 0.999726 0.000000 -2.117295 0.000000 0.000000 1.000000 0.000000
0.999667 0.025815 0.000000 97.842622 -0.025815 0.999667 0.000000 -2.148149 0.000000 0.000000 1.000000 0.000000
0.999596 0.028427 0.000000 98.317560 -0.028427 0.999596 0.000000 -2.177498 0.000000 0.000000 1.000000 0.000000
0.999519 0.031020 0.000000 98.786018 -0.031020 0.999519 0.000000 -2.211851 0.000000 0.000000 1.000000 0.000000
0.999461 0.032841 0.000000 99.264487 -0.032841 0.999461 0.000000 -2.244640 0.000000 0.000000 1.000000 0.000000
0.999381 0.035170 0.000000 99.729401 -0.035170 0.999381 0.000000 -2.275170 0.000000 0.000000 1.000000 0.000000
0.999295 0.037545 0.000000 100.197716 -0.037545 0.999295 0.000000 -2.311913 0.000000 0.000000 1.000000 0.000000
0.999129 0.041724 0.000000 100.657951 -0.041724 0.999129 0.000000 -2.341151 0.000000 0.000000 1.000000 0.000000
0.998932 0.046208 0.000000 101.116001 -0.046208 0.998932 0.000000 -2.378504 0.000000 0.000000 1.000000 0.000000
0.998820 0.048564 0.000000 101.571852 -0.048564 0.998820 0.000000 -2.415633 0.000000 0.000000 1.000000 0.000000
0.998722 0.050541 0.000000 101.996226 -0.050541 0.998722 0.000000 -2.455271 0.000000 0.000000 1.000000 0.000000
0.998658 0.051798 0.000000 102.443791 -0.051798 0.998658 0.000000 -2.494236 0.000000 0.000000 1.000000 0.000000
0.998613 0.052645 0.000000 102.885714 -0.052645 0.998613 0.000000 -2.539712 0.000000 0.000000 1.000000 0.000000
0.998517 0.054433 0.000000 103.317770 -0.054433 0.998517 0.000000 -2.583827 0.000000 0.000000 1.000000 0.000000
0.998344 0.057523 0.000000 103.738854 -0.057523 0.998344 0.000000 -2.622476 0.000000 0.000000 1.000000 0.000000
0.998110 0.061448 0.000000 104.157607 -0.061448 0.998110 0.000000 -2.658348 0.000000 0.000000 1.000000 0.000000
0.997722 0.067462 0.000000 104.575601 -0.067462 0.997722 0.000000 -2.693049 0.000000 0.000000 1.000000 0.000000
0.997496 0.070720 0.000000 104.985189 -0.070720 0.997496 0.000000 -2.732871 0.000000 0.000000 1.000000 0.000000
0.997523 0.070346 0.000000 105.394800 -0.070346 0.997523 0.000000 -2.777291 0.000000 0.000000 1.000000 0.000000
0.997465 0.071165 0.000000 105.804225 -0.071165 0.997465 0.000000 -2.820894 0.000000 0.000000 1.000000 0.000000
0.997318 0.073193 0.000000 106.200626 -0.073193 0.997318 0.000000 -2.871825 0.000000 0.000000 1.000000 0.000000
0.997145 0.075505 0.000000 106.597749 -0.075505 0.997145 0.000000 -2.916205 0.000000 0.000000 1.000000 0.000000
0.996706 0.081094 0.000000 106.984405 -0.081094 0.996706 0.000000 -2.947464 0.000000 0.000000 1.000000 0.000000
0.996456 0.084113 0.000000 107.389466 -0.084113 0.996456 0.000000 -2.990393 0.000000 0.000000 1.000000 0.000000
0.996431 0.084407 0.000000 107.778778 -0.084407 0.996431 0.000000 -3.030863 0.000000 0.000000 1.000000 0.000000
0.996159 0.087564 0.000000 108.155795 -0.087564 0.996159 0.000000 -3.065712 0.000000 0.000000 1.000000 0.000000
0.995830 0.091234 0.000000 108.570264 -0.091234 0.995830 0.000000 -3.110441 0.000000 0.000000 1.000000 0.000000
0.995453 0.095257 0.000000 108.970050 -0.095257 0.995453 0.000000 -3.157113 0.000000 0.000000 1.000000 0.000000
0.995082 0.099054 0.000000 109.542180 -0.099054 0.995082 0.000000 -3.232426 0.000000 0.000000 1.000000 0.000000
0.994903 0.100838 0.000000 109.958679 -0.100838 0.994903 0.000000 -3.289579 0.000000 0.000000 1.000000 0.000000
0.994708 0.102740 0.000000 110.371176 -0.102740 0.994708 0.000000 -3.349137 0.000000 0.000000 1.000000 0.000000
0.994490 0.104831 0.000000 110.789615 -0.104831 0.994490 0.000000 -3.404154 0.000000 0.000000 1.000000 0.000000
0.994297 0.106643 0.000000 111.210391 -0.106643 0.994297 0.000000 -3.460139 0.000000 0.000000 1.000000 0.000000
0.994210 0.107450 0.000000 111.632490 -0.107450 0.994210 0.000000 -3.516227 0.000000 0.000000 1.000000 0.000000
0.994117 0.108310 0.000000 112.050046 -0.108310 0.994117 0.000000 -3.576587 0.000000 0.000000 1.000000 0.000000
0.993707 0.112013 0.000000 112.472667 -0.112013 0.993707 0.000000 -3.632152 0.000000 0.000000 1.000000 0.000000
0.993097 0.117299 0.000000 113.204859 -0.117299 0.993097 0.000000 -3.745927 0.000000 0.000000 1.000000 0.000000
0.993207 0.116358 0.000000 113.629912 -0.116358 0.993207 0.000000 -3.814639 0.000000 0.000000 1.000000 0.000000
0.993248 0.116006 0.000000 114.066772 -0.116006 0.993248 0.000000 -3.879360 0.000000 0.000000 1.000000 0.000000
0.993243 0.116053 0.000000 114.495636 -0.116053 0.993243 0.000000 -3.939200 0.000000 0.000000 1.000000 0.000000
0.993188 0.116521 0.000000 114.932506 -0.116521 0.993188 0.000000 -3.993031 0.000000 0.000000 1.000000 0.000000
0.992884 0.119083 0.000000 115.370668 -0.119083 0.992884 0.000000 -4.047863 0.000000 0.000000 1.000000 0.000000
0.992889 0.119042 0.000000 115.813767 -0.119042 0.992889 0.000000 -4.109438 0.000000 0.000000 1.000000 0.000000
0.992927 0.118729 0.000000 116.258260 -0.118729 0.992927 0.000000 -4.172273 0.000000 0.000000 1.000000 0.000000
0.992898 0.118969 0.000000 116.705144 -0.118969 0.992898 0.000000 -4.238037 0.000000 0.000000 1.000000 0.000000
0.992696 0.120644 0.000000 117.153310 -0.120644 0.992696 0.000000 -4.309222 0.000000 0.000000 1.000000 0.000000
0.992360 0.123378 0.000000 117.597694 -0.123378 0.992360 0.000000 -4.378327 0.000000 0.000000 1.000000 0.000000
0.992358 0.123388 0.000000 118.421953 -0.123388 0.992358 0.000000 -4.509062 0.000000 0.000000 1.000000 0.000000
0.992236 0.124365 0.000000 118.877798 -0.124365 0.992236 0.000000 -4.578663 0.000000 0.000000 1.000000 0.000000
0.992009 0.126168 0.000000 119.335178 -0.126168 0.992009 0.000000 -4.650421 0.000000 0.000000 1.000000 0.000000
0.991874 0.127222 0.000000 119.794824 -0.127222 0.991874 0.000000 -4.729896 0.000000 0.000000 1.000000 0.000000
0.991642 0.129024 0.000000 120.254556 -0.129024 0.991642 0.000000 -4.809431 0.000000 0.000000 1.000000 0.000000
0.991503 0.130086 0.000000 120.716506 -0.130086 0.991503 0.000000 -4.887341 0.000000 0.000000 1.000000 0.000000
0.991223 0.132201 0.000000 121.185412 -0.132201 0.991223 0.000000 -4.964372 0.000000 0.000000 1.000000 0.000000
0.990656 0.136386 0.000000 121.655165 -0.136386 0.990656 0.000000 -5.038864 0.000000 0.000000 1.000000 0.000000
0.990056 0.140674 0.000000 122.158375 -0.140674 0.990056 0.000000 -5.122368 0.000000 0.000000 1.000000 0.000000
0.989797 0.142484 0.000000 122.600843 -0.142484 0.989797 0.000000 -5.199506 0.000000 0.000000 1.000000 0.000000
0.989718 0.143032 0.000000 123.108252 -0.143032 0.989718 0.000000 -5.294437 0.000000 0.000000 1.000000 0.000000
0.989561 0.144116 0.000000 123.582258 -0.144116 0.989561 0.000000 -5.371978 0.000000 0.000000 1.000000 0.000000
0.989699 0.143161 0.000000 124.049856 -0.143161 0.989699 0.000000 -5.453411 0.000000 0.000000 1.000000 0.000000
0.989822 0.142311 0.000000 124.518752 -0.142311 0.989822 0.000000 -5.541077 0.000000 0.000000 1.000000 0.000000
0.989491 0.144596 0.000000 124.992762 -0.144596 0.989491 0.000000 -5.623984 0.000000 0.000000 1.000000 0.000000
0.989112 0.147162 0.000000 125.467055 -0.147162 0.989112 0.000000 -5.707402 0.000000 0.000000 1.000000 0.000000
0.988302 0.152509 0.000000 125.940002 -0.152509 0.988302 0.000000 -5.791601 0.000000 0.000000 1.000000 0.000000
0.987505 0.157587 0.000000 126.414193 -0.157587 0.987505 0.000000 -5.878967 0.000000 0.000000 1.000000 0.000000
0.987245 0.159210 0.000000 126.864389 -0.159210 0.987245 0.000000 -5.964349 0.000000 0.000000 1.000000 0.000000
0.986971 0.160898 0.000000 127.354292 -0.160898 0.986971 0.000000 -6.052040 0.000000 0.000000 1.000000 0.000000
0.986638 0.162926 0.000000 127.840565 -0.162926 0.986638 0.000000 -6.144894 0.000000 0.000000 1.000000 0.000000
0.986511 0.163698 0.000000 128.630602 -0.163698 0.986511 0.000000 -6.294139 0.000000 0.000000 1.000000 0.000000
0.986824 0.161796 0.000000 129.121771 -0.161796 0.986824 0.000000 -6.393725 0.000000 0.000000 1.000000 0.000000
0.988352 0.152186 0.000000 130.107323 -0.152186 0.988352 0.000000 -6.598535 0.000000 0.000000 1.000000 0.000000
0.988897 0.148606 0.000000 130.598600 -0.148606 0.988897 0.000000 -6.698595 0.000000 0.000000 1.000000 0.000000
0.989111 0.147173 0.000000 131.093962 -0.147173 0.989111 0.000000 -6.791223 0.000000 0.000000 1.000000 0.000000
0.989252 0.146218 0.000000 131.591818 -0.146218 0.989252 0.000000 -6.880485 0.000000 0.000000 1.000000 0.000000
0.989232 0.146355 0.000000 132.094355 -0.146355 0.989232 0.000000 -6.963643 0.000000 0.000000 1.000000 0.000000
0.988075 0.153974 0.000000 132.596228 -0.153974 0.988075 0.000000 -7.048019 0.000000 0.000000 1.000000 0.000000
0.988547 0.150914 0.000000 133.135978 -0.150914 0.988547 0.000000 -7.138548 0.000000 0.000000 1.000000 0.000000
0.988155 0.153461 0.000000 133.623597 -0.153461 0.988155 0.000000 -7.218430 0.000000 0.000000 1.000000 0.000000
0.987924 0.154939 0.000000 134.138514 -0.154939 0.987924 0.000000 -7.304754 0.000000 0.000000 1.000000 0.000000
0.987861 0.155338 0.000000 134.659282 -0.155338 0.987861 0.000000 -7.395684 0.000000 0.000000 1.000000 0.000000
0.987866 0.155306 0.000000 135.145613 -0.155306 0.987866 0.000000 -7.481512 0.000000 0.000000 1.000000 0.000000
0.987938 0.154851 0.000000 135.659803 -0.154851 0.987938 0.000000 -7.575208 0.000000 0.000000 1.000000 0.000000
0.987841 0.155465 0.000000 136.185383 -0.155465 0.987841 0.000000 -7.663676 0.000000 0.000000 1.000000 0.000000
0.987767 0.155938 0.000000 136.670480 -0.155938 0.987767 0.000000 -7.744839 0.000000 0.000000 1.000000 0.000000
0.988030 0.154261 0.000000 137.195552 -0.154261 0.988030 0.000000 -7.825264 0.000000 0.000000 1.000000 0.000000
0.987600 0.156991 0.000000 137.732020 -0.156991 0.987600 0.000000 -7.921313 0.000000 0.000000 1.000000 0.000000
0.987128 0.159934 0.000000 138.355272 -0.159934 0.987128 0.000000 -8.023819 0.000000 0.000000 1.000000 0.000000
0.986585 0.163248 0.000000 138.922755 -0.163248 0.986585 0.000000 -8.120861 0.000000 0.000000 1.000000 0.000000
0.985647 0.168819 0.000000 139.412106 -0.168819 0.985647 0.000000 -8.223544 0.000000 0.000000 1.000000 0.000000
0.985378 0.170382 0.000000 139.941207 -0.170382 0.985378 0.000000 -8.326081 0.000000 0.000000 1.000000 0.000000
0.984635 0.174623 0.000000 140.472722 -0.174623 0.984635 0.000000 -8.441144 0.000000 0.000000 1.000000 0.000000
0.984396 0.175969 0.000000 141.008218 -0.175969 0.984396 0.000000 -8.553049 0.000000 0.000000 1.000000 0.000000
0.983590 0.180419 0.000000 144.849338 -0.180419 0.983590 0.000000 -9.342979 0.000000 0.000000 1.000000 0.000000
0.983913 0.178651 0.000000 145.364185 -0.178651 0.983913 0.000000 -9.445690 0.000000 0.000000 1.000000 0.000000
0.984849 0.173414 0.000000 146.530350 -0.173414 0.984849 0.000000 -9.685014 0.000000 0.000000 1.000000 0.000000
0.983992 0.178214 0.000000 147.649679 -0.178214 0.983992 0.000000 -9.923877 0.000000 0.000000 1.000000 0.000000
0.983715 0.179738 0.000000 148.209771 -0.179738 0.983715 0.000000 -10.044041 0.000000 0.000000 1.000000 0.000000
0.983564 0.180559 0.000000 148.771423 -0.180559 0.983564 0.000000 -10.165892 0.000000 0.000000 1.000000 0.000000
0.983622 0.180245 0.000000 149.336380 -0.180245 0.983622 0.000000 -10.294670 0.000000 0.000000 1.000000 0.000000
0.984035 0.177975 0.000000 149.905155 -0.177975 0.984035 0.000000 -10.429325 0.000000 0.000000 1.000000 0.000000
0.984200 0.177061 0.000000 150.481311 -0.177061 0.984200 0.000000 -10.551126 0.000000 0.000000 1.000000 0.000000
0.983721 0.179700 0.000000 151.055059 -0.179700 0.983721 0.000000 -10.674242 0.000000 0.000000 1.000000 0.000000
0.983710 0.179761 0.000000 151.638961 -0.179761 0.983710 0.000000 -10.801320 0.000000 0.000000 1.000000 0.000000
0.983850 0.178997 0.000000 152.213318 -0.178997 0.983850 0.000000 -10.932257 0.000000 0.000000 1.000000 0.000000
0.983193 0.182569 0.000000 153.126762 -0.182569 0.983193 0.000000 -11.130318 0.000000 0.000000 1.000000 0.000000
0.982829 0.184519 0.000000 153.707090 -0.184519 0.982829 0.000000 -11.265813 0.000000 0.000000 1.000000 0.000000
0.982767 0.184851 0.000000 154.277497 -0.184851 0.982767 0.000000 -11.398953 0.000000 0.000000 1.000000 0.000000
0.982124 0.188233 0.000000 154.853984 -0.188233 0.982124 0.000000 -11.524703 0.000000 0.000000 1.000000 0.000000
0.981415 0.191895 0.000000 155.463395 -0.191895 0.981415 0.000000 -11.659847 0.000000 0.000000 1.000000 0.000000
0.981060 0.193703 0.000000 155.995889 -0.193703 0.981060 0.000000 -11.783136 0.000000 0.000000 1.000000 0.000000
0.980961 0.194204 0.000000 156.607987 -0.194204 0.980961 0.000000 -11.931854 0.000000 0.000000 1.000000 0.000000
0.980953 0.194247 0.000000 157.176444 -0.194247 0.980953 0.000000 -12.068547 0.000000 0.000000 1.000000 0.000000
0.980798 0.195024 0.000000 157.754849 -0.195024 0.980798 0.000000 -12.194894 0.000000 0.000000 1.000000 0.000000
0.980489 0.196574 0.000000 158.327039 -0.196574 0.980489 0.000000 -12.312112 0.000000 0.000000 1.000000 0.000000
0.980453 0.196754 0.000000 158.897699 -0.196754 0.980453 0.000000 -12.439389 0.000000 0.000000 1.000000 0.000000
0.980635 0.195847 0.000000 159.468206 -0.195847 0.980635 0.000000 -12.564223 0.000000 0.000000 1.000000 0.000000
0.980536 0.196337 0.000000 160.041084 -0.196337 0.980536 0.000000 -12.681431 0.000000 0.000000 1.000000 0.000000
0.980520 0.196419 0.000000 160.607861 -0.196419 0.980520 0.000000 -12.800985 0.000000 0.000000 1.000000 0.000000
0.980429 0.196874 0.000000 161.183402 -0.196874 0.980429 0.000000 -12.927668 0.000000 0.000000 1.000000 0.000000
0.979935 0.199319 0.000000 161.759512 -0.199319 0.979935 0.000000 -13.048622 0.000000 0.000000 1.000000 0.000000
0.979424 0.201811 0.000000 162.894725 -0.201811 0.979424 0.000000 -13.304031 0.000000 0.000000 1.000000 0.000000
0.979550 0.201203 0.000000 163.464725 -0.201203 0.979550 0.000000 -13.435518 0.000000 0.000000 1.000000 0.000000
0.979531 0.201296 0.000000 163.998414 -0.201296 0.979531 0.000000 -13.559525 0.000000 0.000000 1.000000 0.000000
0.978719 0.205203 0.000000 164.582301 -0.205203 0.978719 0.000000 -13.686840 0.000000 0.000000 1.000000 0.000000
0.978635 0.205607 0.000000 165.147434 -0.205607 0.978635 0.000000 -13.813929 0.000000 0.000000 1.000000 0.000000
0.978881 0.204433 0.000000 166.255597 -0.204433 0.978881 0.000000 -14.072051 0.000000 0.000000 1.000000 0.000000
0.978936 0.204166 0.000000 166.824608 -0.204166 0.978936 0.000000 -14.201376 0.000000 0.000000 1.000000 0.000000
0.978806 0.204792 0.000000 167.363407 -0.204792 0.978806 0.000000 -14.326573 0.000000 0.000000 1.000000 0.000000
0.978767 0.204978 0.000000 167.929748 -0.204978 0.978767 0.000000 -14.455054 0.000000 0.000000 1.000000 0.000000
0.978661 0.205484 0.000000 168.502278 -0.205484 0.978661 0.000000 -14.582070 0.000000 0.000000 1.000000 0.000000
0.978043 0.208405 0.000000 169.044208 -0.208405 0.978043 0.000000 -14.691781 0.000000 0.000000 1.000000 0.000000
0.977218 0.212238 0.000000 169.802432 -0.212238 0.977218 0.000000 -14.856712 0.000000 0.000000 1.000000 0.000000
0.976807 0.214121 0.000000 170.370307 -0.214121 0.976807 0.000000 -14.980922 0.000000 0.000000 1.000000 0.000000
0.976056 0.217522 0.000000 170.938360 -0.217522 0.976056 0.000000 -15.105669 0.000000 0.000000 1.000000 0.000000
0.975422 0.220345 0.000000 171.544139 -0.220345 0.975422 0.000000 -15.244497 0.000000 0.000000 1.000000 0.000000
0.975748 0.218896 0.000000 172.079357 -0.218896 0.975748 0.000000 -15.379374 0.000000 0.000000 1.000000 0.000000
0.975788 0.218720 0.000000 172.688139 -0.218720 0.975788 0.000000 -15.532200 0.000000 0.000000 1.000000 0.000000
0.975415 0.220377 0.000000 173.260047 -0.220377 0.975415 0.000000 -15.664863 0.000000 0.000000 1.000000 0.000000
0.975283 0.220960 0.000000 173.837270 -0.220960 0.975283 0.000000 -15.796904 0.000000 0.000000 1.000000 0.000000
0.974751 0.223296 0.000000 174.419104 -0.223296 0.974751 0.000000 -15.937951 0.000000 0.000000 1.000000 0.000000
0.975441 0.220262 0.000000 174.985301 -0.220262 0.975441 0.000000 -16.083853 0.000000 0.000000 1.000000 0.000000
0.975564 0.219714 0.000000 175.560433 -0.219714 0.975564 0.000000 -16.226929 0.000000 0.000000 1.000000 0.000000
0.975769 0.218802 0.000000 176.128897 -0.218802 0.975769 0.000000 -16.374553 0.000000 0.000000 1.000000 0.000000
0.976682 0.214690 0.000000 176.706220 -0.214690 0.976682 0.000000 -16.525926 0.000000 0.000000 1.000000 0.000000
0.977539 0.210757 0.000000 177.270675 -0.210757 0.977539 0.000000 -16.671510 0.000000 0.000000 1.000000 0.000000
0.977615 0.210402 0.000000 177.843891 -0.210402 0.977615 0.000000 -16.804954 0.000000 0.000000 1.000000 0.000000
0.977552 0.210694 0.000000 178.415763 -0.210694 0.977552 0.000000 -16.944814 0.000000 0.000000 1.000000 0.000000
0.977522 0.210833 0.000000 178.984058 -0.210833 0.977522 0.000000 -17.080909 0.000000 0.000000 1.000000 0.000000
0.977091 0.212823 0.000000 179.521071 -0.212823 0.977091 0.000000 -17.208014 0.000000 0.000000 1.000000 0.000000
0.977088 0.212837 0.000000 180.135087 -0.212837 0.977088 0.000000 -17.353571 0.000000 0.000000 1.000000 0.000000
0.977184 0.212394 0.000000 180.671210 -0.212394 0.977184 0.000000 -17.477174 0.000000 0.000000 1.000000 0.000000
0.977023 0.213134 0.000000 181.249009 -0.213134 0.977023 0.000000 -17.612410 0.000000 0.000000 1.000000 0.000000
0.976541 0.215330 0.000000 181.831524 -0.215330 0.976541 0.000000 -17.744762 0.000000 0.000000 1.000000 0.000000
0.975558 0.219742 0.000000 182.416969 -0.219742 0.975558 0.000000 -17.881094 0.000000 0.000000 1.000000 0.000000
0.974563 0.224115 0.000000 182.998466 -0.224115 0.974563 0.000000 -18.024936 0.000000 0.000000 1.000000 0.000000
0.974612 0.223900 0.000000 183.576660 -0.223900 0.974612 0.000000 -18.158478 0.000000 0.000000 1.000000 0.000000
0.974676 0.223622 0.000000 184.153027 -0.223622 0.974676 0.000000 -18.299784 0.000000 0.000000 1.000000 0.000000
0.974553 0.224158 0.000000 184.735030 -0.224158 0.974553 0.000000 -18.441699 0.000000 0.000000 1.000000 0.000000
0.974127 0.225999 0.000000 185.320811 -0.225999 0.974127 0.000000 -18.583194 0.000000 0.000000 1.000000 0.000000
0.973980 0.226634 0.000000 185.901526 -0.226634 0.973980 0.000000 -18.732977 0.000000 0.000000 1.000000 0.000000
0.974264 0.225408 0.000000 186.475146 -0.225408 0.974264 0.000000 -18.878747 0.000000 0.000000 1.000000 0.000000
0.974173 0.225804 0.000000 187.060469 -0.225804 0.974173 0.000000 -19.022223 0.000000 0.000000 1.000000 0.000000
0.973643 0.228077 0.000000 187.639832 -0.228077 0.973643 0.000000 -19.159362 0.000000 0.000000 1.000000 0.000000
0.973487 0.228744 0.000000 188.181693 -0.228744 0.973487 0.000000 -19.292582 0.000000 0.000000 1.000000 0.000000
0.973157 0.230140 0.000000 188.754083 -0.230140 0.973157 0.000000 -19.436712 0.000000 0.000000 1.000000 0.000000
0.972519 0.232825 0.000000 189.331177 -0.232825 0.972519 0.000000 -19.584922 0.000000 0.000000 1.000000 0.000000
0.972778 0.231741 0.000000 189.881854 -0.231741 0.972778 0.000000 -19.730323 0.000000 0.000000 1.000000 0.000000
0.972966 0.230949 0.000000 190.450056 -0.230949 0.972966 0.000000 -19.874685 0.000000 0.000000 1.000000 0.000000
0.972764 0.231799 0.000000 191.029182 -0.231799 0.972764 0.000000 -20.029074 0.000000 0.000000 1.000000 0.000000
0.973216 0.229893 0.000000 191.571166 -0.229893 0.973216 0.000000 -20.162371 0.000000 0.000000 1.000000 0.000000
0.972781 0.231725 0.000000 192.136325 -0.231725 0.972781 0.000000 -20.310590 0.000000 0.000000 1.000000 0.000000
0.972210 0.234109 0.000000 192.704552 -0.234109 0.972210 0.000000 -20.454094 0.000000 0.000000 1.000000 0.000000
0.972048 0.234783 0.000000 193.243943 -0.234783 0.972048 0.000000 -20.586321 0.000000 0.000000 1.000000 0.000000
0.971680 0.236300 0.000000 193.817872 -0.236300 0.971680 0.000000 -20.732345 0.000000 0.000000 1.000000 0.000000
0.971297 0.237870 0.000000 194.382735 -0.237870 0.971297 0.000000 -20.878395 0.000000 0.000000 1.000000 0.000000
0.970587 0.240749 0.000000 195.200842 -0.240749 0.970587 0.000000 -21.102714 0.000000 0.000000 1.000000 0.000000
0.970059 0.242871 0.000000 195.762673 -0.242871 0.970059 0.000000 -21.248576 0.000000 0.000000 1.000000 0.000000
0.969866 0.243641 0.000000 196.327099 -0.243641 0.969866 0.000000 -21.393742 0.000000 0.000000 1.000000 0.000000
0.969948 0.243312 0.000000 196.884525 -0.243312 0.969948 0.000000 -21.545810 0.000000 0.000000 1.000000 0.000000
0.969998 0.243112 0.000000 197.446570 -0.243112 0.969998 0.000000 -21.702511 0.000000 0.000000 1.000000 0.000000
0.970593 0.240726 0.000000 198.010535 -0.240726 0.970593 0.000000 -21.851291 0.000000 0.000000 1.000000 0.000000
0.970958 0.239248 0.000000 198.569999 -0.239248 0.970958 0.000000 -21.997813 0.000000 0.000000 1.000000 0.000000
0.970853 0.239677 0.000000 199.144638 -0.239677 0.970853 0.000000 -22.154527 0.000000 0.000000 1.000000 0.000000
0.970755 0.240073 0.000000 199.642407 -0.240073 0.970755 0.000000 -22.289778 0.000000 0.000000 1.000000 0.000000
0.970485 0.241162 0.000000 200.627465 -0.241162 0.970485 0.000000 -22.554738 0.000000 0.000000 1.000000 0.000000
0.970332 0.241776 0.000000 201.198020 -0.241776 0.970332 0.000000 -22.707842 0.000000 0.000000 1.000000 0.000000
0.970021 0.243020 0.000000 201.906427 -0.243020 0.970021 0.000000 -22.903986 0.000000 0.000000 1.000000 0.000000
0.969616 0.244633 0.000000 202.619118 -0.244633 0.969616 0.000000 -23.096387 0.000000 0.000000 1.000000 0.000000
0.969286 0.245935 0.000000 203.573513 -0.245935 0.969286 0.000000 -23.363776 0.000000 0.000000 1.000000 0.000000
0.969460 0.245250 0.000000 204.125805 -0.245250 0.969460 0.000000 -23.516410 0.000000 0.000000 1.000000 0.000000
0.969560 0.244853 0.000000 204.697655 -0.244853 0.969560 0.000000 -23.676236 0.000000 0.000000 1.000000 0.000000
0.969391 0.245524 0.000000 205.251351 -0.245524 0.969391 0.000000 -23.831276 0.000000 0.000000 1.000000 0.000000
0.969591 0.244731 0.000000 205.775327 -0.244731 0.969591 0.000000 -23.980389 0.000000 0.000000 1.000000 0.000000
0.969924 0.243409 0.000000 206.342976 -0.243409 0.969924 0.000000 -24.136670 0.000000 0.000000 1.000000 0.000000
0.969489 0.245134 0.000000 206.895211 -0.245134 0.969489 0.000000 -24.294488 0.000000 0.000000 1.000000 0.000000
0.969624 0.244602 0.000000 207.688836 -0.244602 0.969624 0.000000 -24.522873 0.000000 0.000000 1.000000 0.000000
0.969899 0.243509 0.000000 208.250004 -0.243509 0.969899 0.000000 -24.676481 0.000000 0.000000 1.000000 0.000000
0.969911 0.243459 0.000000 208.811753 -0.243459 0.969911 0.000000 -24.828807 0.000000 0.000000 1.000000 0.000000
0.970210 0.242267 0.000000 209.363510 -0.242267 0.970210 0.000000 -24.990229 0.000000 0.000000 1.000000 0.000000
0.970818 0.239816 0.000000 209.954206 -0.239816 0.970818 0.000000 -25.150588 0.000000 0.000000 1.000000 0.000000
0.970763 0.240039 0.000000 210.478095 -0.240039 0.970763 0.000000 -25.293789 0.000000 0.000000 1.000000 0.000000
0.970933 0.239352 0.000000 211.071920 -0.239352 0.970933 0.000000 -25.455685 0.000000 0.000000 1.000000 0.000000
0.971226 0.238159 0.000000 211.593279 -0.238159 0.971226 0.000000 -25.599726 0.000000 0.000000 1.000000 0.000000
0.971402 0.237441 0.000000 212.179818 -0.237441 0.971402 0.000000 -25.764955 0.000000 0.000000 1.000000 0.000000
0.971511 0.236993 0.000000 212.725257 -0.236993 0.971511 0.000000 -25.914911 0.000000 0.000000 1.000000 0.000000
0.971518 0.236966 0.000000 213.275428 -0.236966 0.971518 0.000000 -26.062268 0.000000 0.000000 1.000000 0.000000
0.971674 0.236324 0.000000 213.833730 -0.236324 0.971674 0.000000 -26.214077 0.000000 0.000000 1.000000 0.000000
0.971569 0.236758 0.000000 214.373787 -0.236758 0.971569 0.000000 -26.363454 0.000000 0.000000 1.000000 0.000000
0.971785 0.235866 0.000000 214.923117 -0.235866 0.971785 0.000000 -26.510463 0.000000 0.000000 1.000000 0.000000
0.972276 0.233836 0.000000 215.476292 -0.233836 0.972276 0.000000 -26.659930 0.000000 0.000000 1.000000 0.000000
0.972141 0.234395 0.000000 216.028629 -0.234395 0.972141 0.000000 -26.802060 0.000000 0.000000 1.000000 0.000000
0.971332 0.237728 0.000000 216.568475 -0.237728 0.971332 0.000000 -26.954979 0.000000 0.000000 1.000000 0.000000
0.971978 0.235073 0.000000 217.110843 -0.235073 0.971978 0.000000 -27.098572 0.000000 0.000000 1.000000 0.000000
0.972618 0.232410 0.000000 217.694569 -0.232410 0.972618 0.000000 -27.254398 0.000000 0.000000 1.000000 0.000000
0.973183 0.230033 0.000000 218.242826 -0.230033 0.973183 0.000000 -27.396076 0.000000 0.000000 1.000000 0.000000
0.973680 0.227921 0.000000 218.796233 -0.227921 0.973680 0.000000 -27.535109 0.000000 0.000000 1.000000 0.000000
0.973598 0.228270 0.000000 219.309753 -0.228270 0.973598 0.000000 -27.667287 0.000000 0.000000 1.000000 0.000000
0.973235 0.229812 0.000000 219.857482 -0.229812 0.973235 0.000000 -27.805184 0.000000 0.000000 1.000000 0.000000
0.973187 0.230015 0.000000 220.442261 -0.230015 0.973187 0.000000 -27.955387 0.000000 0.000000 1.000000 0.000000
0.973881 0.227059 0.000000 220.988962 -0.227059 0.973881 0.000000 -28.095678 0.000000 0.000000 1.000000 0.000000
0.974277 0.225352 0.000000 221.537782 -0.225352 0.974277 0.000000 -28.232650 0.000000 0.000000 1.000000 0.000000
0.974430 0.224690 0.000000 222.059196 -0.224690 0.974430 0.000000 -28.367440 0.000000 0.000000 1.000000 0.000000
0.975347 0.220675 0.000000 223.124454 -0.220675 0.975347 0.000000 -28.648744 0.000000 0.000000 1.000000 0.000000
0.975943 0.218025 0.000000 223.656794 -0.218025 0.975943 0.000000 -28.786857 0.000000 0.000000 1.000000 0.000000
0.976394 0.215996 0.000000 224.186915 -0.215996 0.976394 0.000000 -28.920436 0.000000 0.000000 1.000000 0.000000
0.976645 0.214860 0.000000 224.689791 -0.214860 0.976645 0.000000 -29.045134 0.000000 0.000000 1.000000 0.000000
0.976791 0.214195 0.000000 225.230903 -0.214195 0.976791 0.000000 -29.180900 0.000000 0.000000 1.000000 0.000000
0.977198 0.212332 0.000000 225.764304 -0.212332 0.977198 0.000000 -29.310273 0.000000 0.000000 1.000000 0.000000
0.977487 0.210997 0.000000 226.303105 -0.210997 0.977487 0.000000 -29.439404 0.000000 0.000000 1.000000 0.000000
0.977744 0.209801 0.000000 226.802479 -0.209801 0.977744 0.000000 -29.561121 0.000000 0.000000 1.000000 0.000000
0.977930 0.208935 0.000000 227.338235 -0.208935 0.977930 0.000000 -29.686013 0.000000 0.000000 1.000000 0.000000
0.977785 0.209612 0.000000 227.834523 -0.209612 0.977785 0.000000 -29.803085 0.000000 0.000000 1.000000 0.000000
0.977846 0.209327 0.000000 228.354545 -0.209327 0.977846 0.000000 -29.925254 0.000000 0.000000 1.000000 0.000000
0.978059 0.208328 0.000000 228.880018 -0.208328 0.978059 0.000000 -30.050374 0.000000 0.000000 1.000000 0.000000
0.978440 0.206530 0.000000 229.407762 -0.206530 0.978440 0.000000 -30.180186 0.000000 0.000000 1.000000 0.000000
0.978780 0.204913 0.000000 229.896959 -0.204913 0.978780 0.000000 -30.299523 0.000000 0.000000 1.000000 0.000000
0.979074 0.203503 0.000000 230.425872 -0.203503 0.979074 0.000000 -30.423286 0.000000 0.000000 1.000000 0.000000
0.979500 0.201446 0.000000 231.090128 -0.201446 0.979500 0.000000 -30.582327 0.000000 0.000000 1.000000 0.000000
0.979555 0.201176 0.000000 231.722197 -0.201176 0.979555 0.000000 -30.729941 0.000000 0.000000 1.000000 0.000000
0.979649 0.200717 0.000000 232.249162 -0.200717 0.979649 0.000000 -30.846394 0.000000 0.000000 1.000000 0.000000
0.979947 0.199256 0.000000 232.774753 -0.199256 0.979947 0.000000 -30.963503 0.000000 0.000000 1.000000 0.000000
0.980447 0.196785 0.000000 233.299435 -0.196785 0.980447 0.000000 -31.080899 0.000000 0.000000 1.000000 0.000000
0.980825 0.194891 0.000000 233.825779 -0.194891 0.980825 0.000000 -31.195542 0.000000 0.000000 1.000000 0.000000
0.981264 0.192670 0.000000 234.351513 -0.192670 0.981264 0.000000 -31.314434 0.000000 0.000000 1.000000 0.000000
0.981695 0.190462 0.000000 235.250095 -0.190462 0.981695 0.000000 -31.517908 0.000000 0.000000 1.000000 0.000000
0.981425 0.191849 0.000000 235.776835 -0.191849 0.981425 0.000000 -31.635017 0.000000 0.000000 1.000000 0.000000
0.981168 0.193154 0.000000 236.267096 -0.193154 0.981168 0.000000 -31.746932 0.000000 0.000000 1.000000 0.000000
0.980691 0.195563 0.000000 236.787117 -0.195563 0.980691 0.000000 -31.866308 0.000000 0.000000 1.000000 0.000000
0.980356 0.197237 0.000000 237.308816 -0.197237 0.980356 0.000000 -31.983303 0.000000 0.000000 1.000000 0.000000
0.980389 0.197071 0.000000 237.825506 -0.197071 0.980389 0.000000 -32.103330 0.000000 0.000000 1.000000 0.000000
0.980771 0.195164 0.000000 238.347653 -0.195164 0.980771 0.000000 -32.230984 0.000000 0.000000 1.000000 0.000000
0.980597 0.196033 0.000000 238.866942 -0.196033 0.980597 0.000000 -32.350815 0.000000 0.000000 1.000000 0.000000
0.980193 0.198044 0.000000 239.387314 -0.198044 0.980193 0.000000 -32.467738 0.000000 0.000000 1.000000 0.000000
0.980001 0.198992 0.000000 239.913359 -0.198992 0.980001 0.000000 -32.591025 0.000000 0.000000 1.000000 0.000000
0.979793 0.200016 0.000000 240.429727 -0.200016 0.979793 0.000000 -32.715517 0.000000 0.000000 1.000000 0.000000
0.979612 0.200901 0.000000 240.952259 -0.200901 0.979612 0.000000 -32.839863 0.000000 0.000000 1.000000 0.000000
0.979661 0.200662 0.000000 241.468953 -0.200662 0.979661 0.000000 -32.961693 0.000000 0.000000 1.000000 0.000000
0.979463 0.201626 0.000000 241.982969 -0.201626 0.979463 0.000000 -33.084054 0.000000 0.000000 1.000000 0.000000
0.979424 0.201812 0.000000 242.500813 -0.201812 0.979424 0.000000 -33.211582 0.000000 0.000000 1.000000 0.000000
0.979349 0.202179 0.000000 243.017103 -0.202179 0.979349 0.000000 -33.335671 0.000000 0.000000 1.000000 0.000000
0.979392 0.201968 0.000000 243.573440 -0.201968 0.979392 0.000000 -33.468173 0.000000 0.000000 1.000000 0.000000
0.979233 0.202740 0.000000 244.056269 -0.202740 0.979233 0.000000 -33.585505 0.000000 0.000000 1.000000 0.000000
0.978777 0.204926 0.000000 244.568292 -0.204926 0.978777 0.000000 -33.712418 0.000000 0.000000 1.000000 0.000000
0.978144 0.207930 0.000000 245.088307 -0.207930 0.978144 0.000000 -33.845134 0.000000 0.000000 1.000000 0.000000
0.978139 0.207952 0.000000 245.605605 -0.207952 0.978139 0.000000 -33.978837 0.000000 0.000000 1.000000 0.000000
0.978404 0.206702 0.000000 246.118029 -0.206702 0.978404 0.000000 -34.110985 0.000000 0.000000 1.000000 0.000000
0.978328 0.207060 0.000000 246.630136 -0.207060 0.978328 0.000000 -34.235251 0.000000 0.000000 1.000000 0.000000
0.978061 0.208319 0.000000 247.145424 -0.208319 0.978061 0.000000 -34.358932 0.000000 0.000000 1.000000 0.000000
0.977931 0.208929 0.000000 247.660982 -0.208929 0.977931 0.000000 -34.487955 0.000000 0.000000 1.000000 0.000000
0.977645 0.210262 0.000000 248.179682 -0.210262 0.977645 0.000000 -34.603664 0.000000 0.000000 1.000000 0.000000
0.976803 0.214141 0.000000 248.729965 -0.214141 0.976803 0.000000 -34.731039 0.000000 0.000000 1.000000 0.000000
0.976337 0.216254 0.000000 249.233786 -0.216254 0.976337 0.000000 -34.863084 0.000000 0.000000 1.000000 0.000000
0.975900 0.218220 0.000000 249.706333 -0.218220 0.975900 0.000000 -34.987103 0.000000 0.000000 1.000000 0.000000
0.975454 0.220204 0.000000 250.217625 -0.220204 0.975454 0.000000 -35.113782 0.000000 0.000000 1.000000 0.000000
0.974126 0.226006 0.000000 251.237170 -0.226006 0.974126 0.000000 -35.361573 0.000000 0.000000 1.000000 0.000000
0.973451 0.228895 0.000000 251.751285 -0.228895 0.973451 0.000000 -35.487605 0.000000 0.000000 1.000000 0.000000
0.972921 0.231139 0.000000 252.463425 -0.231139 0.972921 0.000000 -35.675065 0.000000 0.000000 1.000000 0.000000
0.973410 0.229070 0.000000 253.441037 -0.229070 0.973410 0.000000 -35.924625 0.000000 0.000000 1.000000 0.000000
0.973091 0.230420 0.000000 253.946969 -0.230420 0.973091 0.000000 -36.054016 0.000000 0.000000 1.000000 0.000000
0.972570 0.232612 0.000000 254.452305 -0.232612 0.972570 0.000000 -36.187491 0.000000 0.000000 1.000000 0.000000
0.972257 0.233915 0.000000 254.950032 -0.233915 0.972257 0.000000 -36.323281 0.000000 0.000000 1.000000 0.000000
0.971922 0.235304 0.000000 255.458720 -0.235304 0.971922 0.000000 -36.457016 0.000000 0.000000 1.000000 0.000000
0.971641 0.236462 0.000000 255.959846 -0.236462 0.971641 0.000000 -36.594611 0.000000 0.000000 1.000000 0.000000
0.971484 0.237103 0.000000 256.461955 -0.237103 0.971484 0.000000 -36.731317 0.000000 0.000000 1.000000 0.000000
0.971517 0.236971 0.000000 256.958551 -0.236971 0.971517 0.000000 -36.861159 0.000000 0.000000 1.000000 0.000000
0.972016 0.234914 0.000000 257.454257 -0.234914 0.972016 0.000000 -36.993876 0.000000 0.000000 1.000000 0.000000
0.972941 0.231052 0.000000 257.944393 -0.231052 0.972941 0.000000 -37.119933 0.000000 0.000000 1.000000 0.000000
0.973208 0.229927 0.000000 258.404538 -0.229927 0.973208 0.000000 -37.228917 0.000000 0.000000 1.000000 0.000000
0.973080 0.230470 0.000000 258.905358 -0.230470 0.973080 0.000000 -37.338868 0.000000 0.000000 1.000000 0.000000
0.973023 0.230709 0.000000 259.391781 -0.230709 0.973023 0.000000 -37.450813 0.000000 0.000000 1.000000 0.000000
0.973222 0.229868 0.000000 259.880073 -0.229868 0.973222 0.000000 -37.568574 0.000000 0.000000 1.000000 0.000000
0.973502 0.228678 0.000000 260.379524 -0.228678 0.973502 0.000000 -37.690548 0.000000 0.000000 1.000000 0.000000
0.973660 0.228005 0.000000 260.865604 -0.228005 0.973660 0.000000 -37.806337 0.000000 0.000000 1.000000 0.000000
0.973380 0.229198 0.000000 261.356921 -0.229198 0.973380 0.000000 -37.931520 0.000000 0.000000 1.000000 0.000000
0.972945 0.231038 0.000000 261.835019 -0.231038 0.972945 0.000000 -38.054058 0.000000 0.000000 1.000000 0.000000
0.972283 0.233806 0.000000 262.313381 -0.233806 0.972283 0.000000 -38.172966 0.000000 0.000000 1.000000 0.000000
0.971780 0.235890 0.000000 262.779876 -0.235890 0.971780 0.000000 -38.296885 0.000000 0.000000 1.000000 0.000000
0.972218 0.234077 0.000000 263.252313 -0.234077 0.972218 0.000000 -38.427366 0.000000 0.000000 1.000000 0.000000
0.972598 0.232492 0.000000 263.712826 -0.232492 0.972598 0.000000 -38.549101 0.000000 0.000000 1.000000 0.000000
0.972284 0.233804 0.000000 264.136963 -0.233804 0.972284 0.000000 -38.658191 0.000000 0.000000 1.000000 0.000000
0.972011 0.234935 0.000000 264.586667 -0.234935 0.972011 0.000000 -38.780864 0.000000 0.000000 1.000000 0.000000
0.971929 0.235272 0.000000 265.042163 -0.235272 0.971929 0.000000 -38.901680 0.000000 0.000000 1.000000 0.000000
0.971937 0.235239 0.000000 265.480686 -0.235239 0.971937 0.000000 -39.015204 0.000000 0.000000 1.000000 0.000000
0.972022 0.234891 0.000000 265.933033 -0.234891 0.972022 0.000000 -39.128495 0.000000 0.000000 1.000000 0.000000
0.972036 0.234832 0.000000 266.363209 -0.234832 0.972036 0.000000 -39.239081 0.000000 0.000000 1.000000 0.000000
0.972054 0.234758 0.000000 266.790985 -0.234758 0.972054 0.000000 -39.356625 0.000000 0.000000 1.000000 0.000000
0.972510 0.232861 0.000000 267.220292 -0.232861 0.972510 0.000000 -39.467353 0.000000 0.000000 1.000000 0.000000
0.972971 0.230928 0.000000 267.661853 -0.230928 0.972971 0.000000 -39.580860 0.000000 0.000000 1.000000 0.000000
0.973372 0.229232 0.000000 268.224968 -0.229232 0.973372 0.000000 -39.719145 0.000000 0.000000 1.000000 0.000000
0.973059 0.230557 0.000000 268.640657 -0.230557 0.973059 0.000000 -39.811007 0.000000 0.000000 1.000000 0.000000
0.972906 0.231199 0.000000 269.057641 -0.231199 0.972906 0.000000 -39.913038 0.000000 0.000000 1.000000 0.000000
0.973118 0.230305 0.000000 269.461429 -0.230305 0.973118 0.000000 -40.008620 0.000000 0.000000 1.000000 0.000000
0.973134 0.230237 0.000000 269.875850 -0.230237 0.973134 0.000000 -40.113632 0.000000 0.000000 1.000000 0.000000
0.973404 0.229093 0.000000 270.270551 -0.229093 0.973404 0.000000 -40.204544 0.000000 0.000000 1.000000 0.000000
0.973087 0.230440 0.000000 270.673671 -0.230440 0.973087 0.000000 -40.300656 0.000000 0.000000 1.000000 0.000000
0.972686 0.232125 0.000000 271.091603 -0.232125 0.972686 0.000000 -40.404392 0.000000 0.000000 1.000000 0.000000
0.972311 0.233690 0.000000 271.476168 -0.233690 0.972311 0.000000 -40.501219 0.000000 0.000000 1.000000 0.000000
0.972043 0.234803 0.000000 271.859458 -0.234803 0.972043 0.000000 -40.594563 0.000000 0.000000 1.000000 0.000000
0.972358 0.233495 0.000000 272.234833 -0.233495 0.972358 0.000000 -40.694485 0.000000 0.000000 1.000000 0.000000
0.972389 0.233367 0.000000 272.603935 -0.233367 0.972389 0.000000 -40.788339 0.000000 0.000000 1.000000 0.000000
0.972016 0.234914 0.000000 272.972480 -0.234914 0.972016 0.000000 -40.884385 0.000000 0.000000 1.000000 0.000000
0.971916 0.235328 0.000000 273.333649 -0.235328 0.971916 0.000000 -40.983826 0.000000 0.000000 1.000000 0.000000
0.972120 0.234482 0.000000 273.689417 -0.234482 0.972120 0.000000 -41.081992 0.000000 0.000000 1.000000 0.000000
0.972384 0.233388 0.000000 274.046927 -0.233388 0.972384 0.000000 -41.172167 0.000000 0.000000 1.000000 0.000000
0.972440 0.233155 0.000000 274.400073 -0.233155 0.972440 0.000000 -41.256953 0.000000 0.000000 1.000000 0.000000
0.972232 0.234017 0.000000 274.749611 -0.234017 0.972232 0.000000 -41.337361 0.000000 0.000000 1.000000 0.000000
0.972403 0.233308 0.000000 275.099182 -0.233308 0.972403 0.000000 -41.429666 0.000000 0.000000 1.000000 0.000000
0.972867 0.231363 0.000000 275.434946 -0.231363 0.972867 0.000000 -41.519777 0.000000 0.000000 1.000000 0.000000
0.972760 0.231815 0.000000 276.101101 -0.231815 0.972760 0.000000 -41.691994 0.000000 0.000000 1.000000 0.000000
0.972654 0.232260 0.000000 276.427681 -0.232260 0.972654 0.000000 -41.771130 0.000000 0.000000 1.000000 0.000000
0.972724 0.231964 0.000000 276.751978 -0.231964 0.972724 0.000000 -41.856586 0.000000 0.000000 1.000000 0.000000
0.972688 0.232117 0.000000 277.068439 -0.232117 0.972688 0.000000 -41.935731 0.000000 0.000000 1.000000 0.000000
0.972288 0.233786 0.000000 277.386961 -0.233786 0.972288 0.000000 -42.014147 0.000000 0.000000 1.000000 0.000000
0.971496 0.237057 0.000000 277.984644 -0.237057 0.971496 0.000000 -42.170787 0.000000 0.000000 1.000000 0.000000
0.971711 0.236173 0.000000 278.282883 -0.236173 0.971711 0.000000 -42.249184 0.000000 0.000000 1.000000 0.000000
0.972161 0.234314 0.000000 278.564992 -0.234314 0.972161 0.000000 -42.325543 0.000000 0.000000 1.000000 0.000000
0.972631 0.232357 0.000000 278.850560 -0.232357 0.972631 0.000000 -42.408881 0.000000 0.000000 1.000000 0.000000
0.972834 0.231505 0.000000 279.107312 -0.231505 0.972834 0.000000 -42.475349 0.000000 0.000000 1.000000 0.000000
0.974312 0.225204 0.000000 281.717902 -0.225204 0.974312 0.000000 -43.102643 0.000000 0.000000 1.000000 0.000000
0.973576 0.228363 0.000000 281.953084 -0.228363 0.973576 0.000000 -43.160803 0.000000 0.000000 1.000000 0.000000
0.973487 0.228740 0.000000 282.192476 -0.228740 0.973487 0.000000 -43.218059 0.000000 0.000000 1.000000 0.000000
0.974175 0.225793 0.000000 282.492135 -0.225793 0.974175 0.000000 -43.298931 0.000000 0.000000 1.000000 0.000000
0.974677 0.223616 0.000000 282.832391 -0.223616 0.974677 0.000000 -43.385711 0.000000 0.000000 1.000000 0.000000
0.974523 0.224287 0.000000 283.123634 -0.224287 0.974523 0.000000 -43.463261 0.000000 0.000000 1.000000 0.000000
0.974416 0.224750 0.000000 283.346587 -0.224750 0.974416 0.000000 -43.527628 0.000000 0.000000 1.000000 0.000000
0.974684 0.223587 0.000000 283.568854 -0.223587 0.974684 0.000000 -43.586928 0.000000 0.000000 1.000000 0.000000
0.974880 0.222731 0.000000 283.785362 -0.222731 0.974880 0.000000 -43.643989 0.000000 0.000000 1.000000 0.000000
0.974743 0.223328 0.000000 284.002031 -0.223328 0.974743 0.000000 -43.699143 0.000000 0.000000 1.000000 0.000000
0.974298 0.225263 0.000000 284.212262 -0.225263 0.974298 0.000000 -43.752409 0.000000 0.000000 1.000000 0.000000
0.974277 0.225354 0.000000 284.421059 -0.225354 0.974277 0.000000 -43.811184 0.000000 0.000000 1.000000 0.000000
0.974710 0.223475 0.000000 284.626041 -0.223475 0.974710 0.000000 -43.858329 0.000000 0.000000 1.000000 0.000000
0.974398 0.224830 0.000000 284.825315 -0.224830 0.974398 0.000000 -43.908114 0.000000 0.000000 1.000000 0.000000
0.974042 0.226366 0.000000 285.022251 -0.226366 0.974042 0.000000 -43.954227 0.000000 0.000000 1.000000 0.000000
0.974009 0.226511 0.000000 285.227319 -0.226511 0.974009 0.000000 -44.002450 0.000000 0.000000 1.000000 0.000000
0.974271 0.225380 0.000000 285.403989 -0.225380 0.974271 0.000000 -44.048922 0.000000 0.000000 1.000000 0.000000
0.974526 0.224275 0.000000 285.600717 -0.224275 0.974526 0.000000 -44.104779 0.000000 0.000000 1.000000 0.000000
0.974528 0.224267 0.000000 285.767774 -0.224267 0.974528 0.000000 -44.146423 0.000000 0.000000 1.000000 0.000000
0.974149 0.225906 0.000000 285.947525 -0.225906 0.974149 0.000000 -44.187425 0.000000 0.000000 1.000000 0.000000
0.973851 0.227187 0.000000 286.131406 -0.227187 0.973851 0.000000 -44.236722 0.000000 0.000000 1.000000 0.000000
0.973952 0.226755 0.000000 286.309831 -0.226755 0.973952 0.000000 -44.275599 0.000000 0.000000 1.000000 0.000000
0.973378 0.229206 0.000000 286.475222 -0.229206 0.973378 0.000000 -44.312202 0.000000 0.000000 1.000000 0.000000
0.972927 0.231111 0.000000 286.642906 -0.231111 0.972927 0.000000 -44.351271 0.000000 0.000000 1.000000 0.000000
0.973056 0.230568 0.000000 286.791869 -0.230568 0.973056 0.000000 -44.389458 0.000000 0.000000 1.000000 0.000000
0.973419 0.229033 0.000000 287.036500 -0.229033 0.973419 0.000000 -44.450017 0.000000 0.000000 1.000000 0.000000
0.972928 0.231110 0.000000 287.186402 -0.231110 0.972928 0.000000 -44.480600 0.000000 0.000000 1.000000 0.000000
0.972643 0.232305 0.000000 287.335326 -0.232305 0.972643 0.000000 -44.515881 0.000000 0.000000 1.000000 0.000000
0.972705 0.232047 0.000000 287.470873 -0.232047 0.972705 0.000000 -44.548755 0.000000 0.000000 1.000000 0.000000
0.971664 0.236367 0.000000 287.717701 -0.236367 0.971664 0.000000 -44.609278 0.000000 0.000000 1.000000 0.000000
0.972556 0.232669 0.000000 287.835396 -0.232669 0.972556 0.000000 -44.637238 0.000000 0.000000 1.000000 0.000000
0.971943 0.235218 0.000000 287.957171 -0.235218 0.971943 0.000000 -44.661836 0.000000 0.000000 1.000000 0.000000
0.971876 0.235494 0.000000 288.062313 -0.235494 0.971876 0.000000 -44.683887 0.000000 0.000000 1.000000 0.000000
0.971584 0.236696 0.000000 288.147909 -0.236696 0.971584 0.000000 -44.714944 0.000000 0.000000 1.000000 0.000000
0.972133 0.234430 0.000000 288.266110 -0.234430 0.972133 0.000000 -44.751346 0.000000 0.000000 1.000000 0.000000
0.971981 0.235059 0.000000 288.326661 -0.235059 0.971981 0.000000 -44.764166 0.000000 0.000000 1.000000 0.000000
0.971582 0.236702 0.000000 288.392327 -0.236702 0.971582 0.000000 -44.779080 0.000000 0.000000 1.000000 0.000000
0.971433 0.237315 0.000000 288.434543 -0.237315 0.971433 0.000000 -44.791439 0.000000 0.000000 1.000000 0.000000
0.971405 0.237427 0.000000 288.459309 -0.237427 0.971405 0.000000 -44.797514 0.000000 0.000000 1.000000 0.000000
0.971590 0.236671 0.000000 288.478208 -0.236671 0.971590 0.000000 -44.797758 0.000000 0.000000 1.000000 0.000000
0.971510 0.236997 0.000000 288.492419 -0.236997 0.971510 0.000000 -44.800122 0.000000 0.000000 1.000000 0.000000
0.971604 0.236612 0.000000 288.503686 -0.236612 0.971604 0.000000 -44.803633 0.000000 0.000000 1.000000 0.000000
0.971774 0.235915 0.000000 288.509664 -0.235915 0.971774 0.000000 -44.807089 0.000000 0.000000 1.000000 0.000000
0.971867 0.235529 0.000000 288.506749 -0.235529 0.971867 0.000000 -44.806403 0.000000 0.000000 1.000000 0.000000
0.971897 0.235406 0.000000 288.504850 -0.235406 0.971897 0.000000 -44.805948 0.000000 0.000000 1.000000 0.000000
0.972000 0.234981 0.000000 288.504361 -0.234981 0.972000 0.000000 -44.805051 0.000000 0.000000 1.000000 0.000000
0.972038 0.234824 0.000000 288.503442 -0.234824 0.972038 0.000000 -44.804070 0.000000 0.000000 1.000000 0.000000
0.972041 0.234813 0.000000 288.503598 -0.234813 0.972041 0.000000 -44.803684 0.000000 0.000000 1.000000 0.000000
0.972034 0.234839 0.000000 288.503564 -0.234839 0.972034 0.000000 -44.802843 0.000000 0.000000 1.000000 0.000000
0.972008 0.234949 0.000000 288.503418 -0.234949 0.972008 0.000000 -44.802306 0.000000 0.000000 1.000000 0.000000
0.971997 0.234993 0.000000 288.503136 -0.234993 0.971997 0.000000 -44.801679 0.000000 0.000000 1.000000 0.000000
0.972004 0.234963 0.000000 288.503084 -0.234963 0.972004 0.000000 -44.801540 0.000000 0.000000 1.000000 0.000000
0.972018 0.234905 0.000000 288.503056 -0.234905 0.972018 0.000000 -44.800869 0.000000 0.000000 1.000000 0.000000
0.972025 0.234877 0.000000 288.503112 -0.234877 0.972025 0.000000 -44.800305 0.000000 0.000000 1.000000 0.000000
0.972023 0.234884 0.000000 288.502969 -0.234884 0.972023 0.000000 -44.800131 0.000000 0.000000 1.000000 0.000000
0.972018 0.234908 0.000000 288.503345 -0.234908 0.972018 0.000000 -44.799756 0.000000 0.000000 1.000000 0.000000
0.972031 0.234854 0.000000 288.503713 -0.234854 0.972031 0.000000 -44.799748 0.000000 0.000000 1.000000 0.000000
0.972027 0.234870 0.000000 288.503786 -0.234870 0.972027 0.000000 -44.799762 0.000000 0.000000 1.000000 0.000000
0.972030 0.234857 0.000000 288.503507 -0.234857 0.972030 0.000000 -44.799651 0.000000 0.000000 1.000000 0.000000
0.972059 0.234738 0.000000 288.503458 -0.234738 0.972059 0.000000 -44.799876 0.000000 0.000000 1.000000 0.000000
0.972035 0.234837 0.000000 288.503561 -0.234837 0.972035 0.000000 -44.799629 0.000000 0.000000 1.000000 0.000000
0.972039 0.234817 0.000000 288.503605 -0.234817 0.972039 0.000000 -44.799654 0.000000 0.000000 1.000000 0.000000
0.972014 0.234921 0.000000 288.503699 -0.234921 0.972014 0.000000 -44.799614 0.000000 0.000000 1.000000 0.000000
0.972015 0.234919 0.000000 288.503677 -0.234919 0.972015 0.000000 -44.799823 0.000000 0.000000 1.000000 0.000000
0.972046 0.234789 0.000000 288.503723 -0.234789 0.972046 0.000000 -44.800058 0.000000 0.000000 1.000000 0.000000
0.972050 0.234772 0.000000 288.503835 -0.234772 0.972050 0.000000 -44.800329 0.000000 0.000000 1.000000 0.000000
0.972030 0.234857 0.000000 288.504005 -0.234857 0.972030 0.000000 -44.800130 0.000000 0.000000 1.000000 0.000000
0.972076 0.234665 0.000000 288.504043 -0.234665 0.972076 0.000000 -44.800433 0.000000 0.000000 1.000000 0.000000
0.972096 0.234585 0.000000 288.503910 -0.234585 0.972096 0.000000 -44.800775 0.000000 0.000000 1.000000 0.000000
0.972085 0.234630 0.000000 288.503988 -0.234630 0.972085 0.000000 -44.800743 0.000000 0.000000 1.000000 0.000000
0.972084 0.234631 0.000000 288.503992 -0.234631 0.972084 0.000000 -44.800738 0.000000 0.000000 1.000000 0.000000
0.972077 0.234662 0.000000 288.504057 -0.234662 0.972077 0.000000 -44.800733 0.000000 0.000000 1.000000 0.000000
0.972073 0.234677 0.000000 288.504180 -0.234677 0.972073 0.000000 -44.800739 0.000000 0.000000 1.000000 0.000000
0.972060 0.234734 0.000000 288.504081 -0.234734 0.972060 0.000000 -44.800785 0.000000 0.000000 1.000000 0.000000
0.972044 0.234799 0.000000 288.504101 -0.234799 0.972044 0.000000 -44.800913 0.000000 0.000000 1.000000 0.000000
0.972044 0.234800 0.000000 288.504103 -0.234800 0.972044 0.000000 -44.800914 0.000000 0.000000 1.000000 0.000000
0.972031 0.234854 0.000000 288.504218 -0.234854 0.972031 0.000000 -44.800934 0.000000 0.000000 1.000000 0.000000
0.972031 0.234854 0.000000 288.504222 -0.234854 0.972031 0.000000 -44.800932 0.000000 0.000000 1.000000 0.000000
0.972025 0.234876 0.000000 288.504164 -0.234876 0.972025 0.000000 -44.800923 0.000000 0.000000 1.000000 0.000000
0.972021 0.234892 0.000000 288.504211 -0.234892 0.972021 0.000000 -44.800971 0.000000 0.000000 1.000000 0.000000
0.972044 0.234801 0.000000 288.504357 -0.234801 0.972044 0.000000 -44.801080 0.000000 0.000000 1.000000 0.000000
0.972032 0.234849 0.000000 288.504440 -0.234849 0.972032 0.000000 -44.801025 0.000000 0.000000 1.000000 0.000000
0.972002 0.234971 0.000000 288.504909 -0.234971 0.972002 0.000000 -44.800524 0.000000 0.000000 1.000000 0.000000
0.972007 0.234953 0.000000 288.505001 -0.234953 0.972007 0.000000 -44.800485 0.000000 0.000000 1.000000 0.000000
0.971985 0.235043 0.000000 288.505019 -0.235043 0.971985 0.000000 -44.800554 0.000000 0.000000 1.000000 0.000000
0.971897 0.235406 0.000000 288.505089 -0.235406 0.971897 0.000000 -44.799972 0.000000 0.000000 1.000000 0.000000
0.971857 0.235571 0.000000 288.505281 -0.235571 0.971857 0.000000 -44.799909 0.000000 0.000000 1.000000 0.000000
0.971814 0.235748 0.000000 288.505319 -0.235748 0.971814 0.000000 -44.799671 0.000000 0.000000 1.000000 0.000000
0.971771 0.235925 0.000000 288.505185 -0.235925 0.971771 0.000000 -44.799664 0.000000 0.000000 1.000000 0.000000
0.971757 0.235983 0.000000 288.504151 -0.235983 0.971757 0.000000 -44.800080 0.000000 0.000000 1.000000 0.000000
0.971822 0.235716 0.000000 288.503382 -0.235716 0.971822 0.000000 -44.800768 0.000000 0.000000 1.000000 0.000000
0.971896 0.235412 0.000000 288.502658 -0.235412 0.971896 0.000000 -44.801023 0.000000 0.000000 1.000000 0.000000
0.971968 0.235112 0.000000 288.501850 -0.235112 0.971968 0.000000 -44.801757 0.000000 0.000000 1.000000 0.000000
0.972053 0.234762 0.000000 288.500981 -0.234762 0.972053 0.000000 -44.803239 0.000000 0.000000 1.000000 0.000000
0.972168 0.234285 0.000000 288.500022 -0.234285 0.972168 0.000000 -44.805657 0.000000 0.000000 1.000000 0.000000
0.972283 0.233807 0.000000 288.498526 -0.233807 0.972283 0.000000 -44.808954 0.000000 0.000000 1.000000 0.000000
0.972359 0.233493 0.000000 288.497485 -0.233493 0.972359 0.000000 -44.812735 0.000000 0.000000 1.000000 0.000000
0.972436 0.233168 0.000000 288.496467 -0.233168 0.972436 0.000000 -44.815285 0.000000 0.000000 1.000000 0.000000
0.972498 0.232909 0.000000 288.495725 -0.232909 0.972498 0.000000 -44.817363 0.000000 0.000000 1.000000 0.000000
0.972580 0.232570 0.000000 288.494543 -0.232570 0.972580 0.000000 -44.819929 0.000000 0.000000 1.000000 0.000000
0.972694 0.232092 0.000000 288.493660 -0.232092 0.972694 0.000000 -44.822252 0.000000 0.000000 1.000000 0.000000
0.972819 0.231567 0.000000 288.492459 -0.231567 0.972819 0.000000 -44.824929 0.000000 0.000000 1.000000 0.000000
0.972815 0.231582 0.000000 288.492840 -0.231582 0.972815 0.000000 -44.825245 0.000000 0.000000 1.000000 0.000000
0.972806 0.231621 0.000000 288.493983 -0.231621 0.972806 0.000000 -44.825277 0.000000 0.000000 1.000000 0.000000
0.972811 0.231600 0.000000 288.494542 -0.231600 0.972811 0.000000 -44.825003 0.000000 0.000000 1.000000 0.000000
0.972834 0.231505 0.000000 288.494605 -0.231505 0.972834 0.000000 -44.825032 0.000000 0.000000 1.000000 0.000000
0.972852 0.231427 0.000000 288.494601 -0.231427 0.972852 0.000000 -44.825221 0.000000 0.000000 1.000000 0.000000
0.972843 0.231466 0.000000 288.494759 -0.231466 0.972843 0.000000 -44.825171 0.000000 0.000000 1.000000 0.000000
0.972844 0.231462 0.000000 288.494918 -0.231462 0.972844 0.000000 -44.825265 0.000000 0.000000 1.000000 0.000000
0.972857 0.231406 0.000000 288.494819 -0.231406 0.972857 0.000000 -44.825287 0.000000 0.000000 1.000000 0.000000
0.972864 0.231378 0.000000 288.494896 -0.231378 0.972864 0.000000 -44.825398 0.000000 0.000000 1.000000 0.000000
0.972844 0.231460 0.000000 288.494916 -0.231460 0.972844 0.000000 -44.825372 0.000000 0.000000 1.000000 0.000000
0.972846 0.231453 0.000000 288.495004 -0.231453 0.972846 0.000000 -44.825311 0.000000 0.000000 1.000000 0.000000
0.972846 0.231453 0.000000 288.495001 -0.231453 0.972846 0.000000 -44.825313 0.000000 0.000000 1.000000 0.000000
0.972820 0.231562 0.000000 288.495248 -0.231562 0.972820 0.000000 -44.825692 0.000000 0.000000 1.000000 0.000000
0.972834 0.231502 0.000000 288.495307 -0.231502 0.972834 0.000000 -44.826038 0.000000 0.000000 1.000000 0.000000
0.972832 0.231512 0.000000 288.495538 -0.231512 0.972832 0.000000 -44.826035 0.000000 0.000000 1.000000 0.000000
0.972785 0.231711 0.000000 288.496071 -0.231711 0.972785 0.000000 -44.825828 0.000000 0.000000 1.000000 0.000000
0.972776 0.231747 0.000000 288.496486 -0.231747 0.972776 0.000000 -44.825872 0.000000 0.000000 1.000000 0.000000
0.972742 0.231889 0.000000 288.496866 -0.231889 0.972742 0.000000 -44.825852 0.000000 0.000000 1.000000 0.000000
0.972714 0.232006 0.000000 288.497249 -0.232006 0.972714 0.000000 -44.825879 0.000000 0.000000 1.000000 0.000000
0.972700 0.232064 0.000000 288.497536 -0.232064 0.972700 0.000000 -44.825928 0.000000 0.000000 1.000000 0.000000
0.972707 0.232036 0.000000 288.497628 -0.232036 0.972707 0.000000 -44.826018 0.000000 0.000000 1.000000 0.000000
0.972725 0.231963 0.000000 288.497713 -0.231963 0.972725 0.000000 -44.826096 0.000000 0.000000 1.000000 0.000000
0.972725 0.231961 0.000000 288.497712 -0.231961 0.972725 0.000000 -44.826097 0.000000 0.000000 1.000000 0.000000
0.972735 0.231921 0.000000 288.497645 -0.231921 0.972735 0.000000 -44.826127 0.000000 0.000000 1.000000 0.000000
0.972720 0.231982 0.000000 288.497727 -0.231982 0.972720 0.000000 -44.826032 0.000000 0.000000 1.000000 0.000000
0.972720 0.231982 0.000000 288.497729 -0.231982 0.972720 0.000000 -44.826029 0.000000 0.000000 1.000000 0.000000
0.972736 0.231917 0.000000 288.497746 -0.231917 0.972736 0.000000 -44.826175 0.000000 0.000000 1.000000 0.000000
0.972734 0.231922 0.000000 288.497747 -0.231922 0.972734 0.000000 -44.826180 0.000000 0.000000 1.000000 0.000000
0.972728 0.231949 0.000000 288.497744 -0.231949 0.972728 0.000000 -44.826189 0.000000 0.000000 1.000000 0.000000
0.972728 0.231949 0.000000 288.497674 -0.231949 0.972728 0.000000 -44.826248 0.000000 0.000000 1.000000 0.000000
0.972740 0.231897 0.000000 288.497647 -0.231897 0.972740 0.000000 -44.826340 0.000000 0.000000 1.000000 0.000000
0.972722 0.231974 0.000000 288.497770 -0.231974 0.972722 0.000000 -44.826263 0.000000 0.000000 1.000000 0.000000
0.972686 0.232125 0.000000 288.497884 -0.232125 0.972686 0.000000 -44.826194 0.000000 0.000000 1.000000 0.000000
0.972642 0.232311 0.000000 288.497901 -0.232311 0.972642 0.000000 -44.826020 0.000000 0.000000 1.000000 0.000000
0.972631 0.232353 0.000000 288.498149 -0.232353 0.972631 0.000000 -44.825991 0.000000 0.000000 1.000000 0.000000
0.972654 0.232257 0.000000 288.498293 -0.232257 0.972654 0.000000 -44.826031 0.000000 0.000000 1.000000 0.000000
0.972637 0.232328 0.000000 288.498382 -0.232328 0.972637 0.000000 -44.825928 0.000000 0.000000 1.000000 0.000000
0.972591 0.232522 0.000000 288.498605 -0.232522 0.972591 0.000000 -44.825556 0.000000 0.000000 1.000000 0.000000
0.972596 0.232501 0.000000 288.498662 -0.232501 0.972596 0.000000 -44.825557 0.000000 0.000000 1.000000 0.000000
0.972583 0.232555 0.000000 288.498907 -0.232555 0.972583 0.000000 -44.825466 0.000000 0.000000 1.000000 0.000000
0.972587 0.232539 0.000000 288.499074 -0.232539 0.972587 0.000000 -44.825504 0.000000 0.000000 1.000000 0.000000
0.972568 0.232620 0.000000 288.499143 -0.232620 0.972568 0.000000 -44.825252 0.000000 0.000000 1.000000 0.000000
0.972567 0.232622 0.000000 288.499222 -0.232622 0.972567 0.000000 -44.825187 0.000000 0.000000 1.000000 0.000000
0.972567 0.232622 0.000000 288.499222 -0.232622 0.972567 0.000000 -44.825186 0.000000 0.000000 1.000000 0.000000
0.972569 0.232615 0.000000 288.499163 -0.232615 0.972569 0.000000 -44.825182 0.000000 0.000000 1.000000 0.000000
0.972568 0.232619 0.000000 288.498888 -0.232619 0.972568 0.000000 -44.825149 0.000000 0.000000 1.000000 0.000000
0.972609 0.232447 0.000000 288.498662 -0.232447 0.972609 0.000000 -44.825450 0.000000 0.000000 1.000000 0.000000
0.972616 0.232419 0.000000 288.498458 -0.232419 0.972616 0.000000 -44.825571 0.000000 0.000000 1.000000 0.000000
0.972592 0.232517 0.000000 288.498249 -0.232517 0.972592 0.000000 -44.825387 0.000000 0.000000 1.000000 0.000000
0.972605 0.232463 0.000000 288.498017 -0.232463 0.972605 0.000000 -44.825380 0.000000 0.000000 1.000000 0.000000
0.972613 0.232431 0.000000 288.497813 -0.232431 0.972613 0.000000 -44.825506 0.000000 0.000000 1.000000 0.000000
0.972581 0.232564 0.000000 288.497742 -0.232564 0.972581 0.000000 -44.825411 0.000000 0.000000 1.000000 0.000000
0.972564 0.232637 0.000000 288.497372 -0.232637 0.972564 0.000000 -44.825275 0.000000 0.000000 1.000000 0.000000
0.972573 0.232597 0.000000 288.497415 -0.232597 0.972573 0.000000 -44.825333 0.000000 0.000000 1.000000 0.000000
0.972581 0.232566 0.000000 288.497359 -0.232566 0.972581 0.000000 -44.825332 0.000000 0.000000 1.000000 0.000000
0.972581 0.232565 0.000000 288.497360 -0.232565 0.972581 0.000000 -44.825330 0.000000 0.000000 1.000000 0.000000
0.972574 0.232592 0.000000 288.497316 -0.232592 0.972574 0.000000 -44.825303 0.000000 0.000000 1.000000 0.000000
0.972579 0.232572 0.000000 288.497264 -0.232572 0.972579 0.000000 -44.825268 0.000000 0.000000 1.000000 0.000000
0.972583 0.232557 0.000000 288.497014 -0.232557 0.972583 0.000000 -44.825231 0.000000 0.000000 1.000000 0.000000
0.972583 0.232556 0.000000 288.497008 -0.232556 0.972583 0.000000 -44.825232 0.000000 0.000000 1.000000 0.000000
0.972592 0.232520 0.000000 288.496946 -0.232520 0.972592 0.000000 -44.825253 0.000000 0.000000 1.000000 0.000000
0.972591 0.232521 0.000000 288.496947 -0.232521 0.972591 0.000000 -44.825247 0.000000 0.000000 1.000000 0.000000
0.972591 0.232521 0.000000 288.496947 -0.232521 0.972591 0.000000 -44.825247 0.000000 0.000000 1.000000 0.000000
0.972591 0.232521 0.000000 288.496948 -0.232521 0.972591 0.000000 -44.825248 0.000000 0.000000 1.000000 0.000000
0.972596 0.232502 0.000000 288.496905 -0.232502 0.972596 0.000000 -44.825212 0.000000 0.000000 1.000000 0.000000
0.972596 0.232502 0.000000 288.496907 -0.232502 0.972596 0.000000 -44.825211 0.000000 0.000000 1.000000 0.000000
0.972599 0.232489 0.000000 288.497005 -0.232489 0.972599 0.000000 -44.825299 0.000000 0.000000 1.000000 0.000000
0.972582 0.232562 0.000000 288.497003 -0.232562 0.972582 0.000000 -44.825122 0.000000 0.000000 1.000000 0.000000
0.972581 0.232563 0.000000 288.497003 -0.232563 0.972581 0.000000 -44.825122 0.000000 0.000000 1.000000 0.000000
0.972581 0.232563 0.000000 288.497004 -0.232563 0.972581 0.000000 -44.825123 0.000000 0.000000 1.000000 0.000000
0.972571 0.232605 0.000000 288.497074 -0.232605 0.972571 0.000000 -44.825097 0.000000 0.000000 1.000000 0.000000
0.972555 0.232675 0.000000 288.497067 -0.232675 0.972555 0.000000 -44.824939 0.000000 0.000000 1.000000 0.000000
0.972551 0.232691 0.000000 288.497086 -0.232691 0.972551 0.000000 -44.824885 0.000000 0.000000 1.000000 0.000000
0.972536 0.232751 0.000000 288.497072 -0.232751 0.972536 0.000000 -44.824899 0.000000 0.000000 1.000000 0.000000
0.972507 0.232872 0.000000 288.497137 -0.232872 0.972507 0.000000 -44.824684 0.000000 0.000000 1.000000 0.000000
0.972507 0.232873 0.000000 288.497139 -0.232873 0.972507 0.000000 -44.824682 0.000000 0.000000 1.000000 0.000000
0.972486 0.232960 0.000000 288.497272 -0.232960 0.972486 0.000000 -44.824615 0.000000 0.000000 1.000000 0.000000
0.972485 0.232964 0.000000 288.497225 -0.232964 0.972485 0.000000 -44.824410 0.000000 0.000000 1.000000 0.000000
0.972507 0.232872 0.000000 288.497130 -0.232872 0.972507 0.000000 -44.824348 0.000000 0.000000 1.000000 0.000000
0.972487 0.232958 0.000000 288.497170 -0.232958 0.972487 0.000000 -44.824209 0.000000 0.000000 1.000000 0.000000
0.972473 0.233014 0.000000 288.497114 -0.233014 0.972473 0.000000 -44.824116 0.000000 0.000000 1.000000 0.000000
0.972420 0.233239 0.000000 288.496983 -0.233239 0.972420 0.000000 -44.824079 0.000000 0.000000 1.000000 0.000000
0.972415 0.233256 0.000000 288.496959 -0.233256 0.972415 0.000000 -44.824054 0.000000 0.000000 1.000000 0.000000
0.972421 0.233234 0.000000 288.496662 -0.233234 0.972421 0.000000 -44.824525 0.000000 0.000000 1.000000 0.000000
0.972435 0.233173 0.000000 288.496685 -0.233173 0.972435 0.000000 -44.824332 0.000000 0.000000 1.000000 0.000000
0.972435 0.233172 0.000000 288.496681 -0.233172 0.972435 0.000000 -44.824332 0.000000 0.000000 1.000000 0.000000
0.972384 0.233387 0.000000 288.496658 -0.233387 0.972384 0.000000 -44.824141 0.000000 0.000000 1.000000 0.000000
0.972383 0.233389 0.000000 288.496656 -0.233389 0.972383 0.000000 -44.824139 0.000000 0.000000 1.000000 0.000000
0.972360 0.233489 0.000000 288.496661 -0.233489 0.972360 0.000000 -44.824074 0.000000 0.000000 1.000000 0.000000
0.972307 0.233705 0.000000 288.496610 -0.233705 0.972307 0.000000 -44.823768 0.000000 0.000000 1.000000 0.000000
0.972300 0.233736 0.000000 288.496619 -0.233736 0.972300 0.000000 -44.823504 0.000000 0.000000 1.000000 0.000000
0.972260 0.233904 0.000000 288.496560 -0.233904 0.972260 0.000000 -44.823374 0.000000 0.000000 1.000000 0.000000
0.972270 0.233863 0.000000 288.496615 -0.233863 0.972270 0.000000 -44.823350 0.000000 0.000000 1.000000 0.000000
0.972320 0.233652 0.000000 288.496434 -0.233652 0.972320 0.000000 -44.823556 0.000000 0.000000 1.000000 0.000000
0.972362 0.233480 0.000000 288.496422 -0.233480 0.972362 0.000000 -44.823766 0.000000 0.000000 1.000000 0.000000
0.972399 0.233324 0.000000 288.496185 -0.233324 0.972399 0.000000 -44.824107 0.000000 0.000000 1.000000 0.000000
0.972432 0.233188 0.000000 288.495833 -0.233188 0.972432 0.000000 -44.824463 0.000000 0.000000 1.000000 0.000000
0.972431 0.233190 0.000000 288.495322 -0.233190 0.972431 0.000000 -44.825143 0.000000 0.000000 1.000000 0.000000
0.972433 0.233181 0.000000 288.495357 -0.233181 0.972433 0.000000 -44.825230 0.000000 0.000000 1.000000 0.000000
0.972431 0.233192 0.000000 288.495388 -0.233192 0.972431 0.000000 -44.825592 0.000000 0.000000 1.000000 0.000000
0.972421 0.233234 0.000000 288.495460 -0.233234 0.972421 0.000000 -44.825560 0.000000 0.000000 1.000000 0.000000
0.972410 0.233277 0.000000 288.495368 -0.233277 0.972410 0.000000 -44.825525 0.000000 0.000000 1.000000 0.000000
0.972387 0.233376 0.000000 288.495389 -0.233376 0.972387 0.000000 -44.825271 0.000000 0.000000 1.000000 0.000000
0.972386 0.233376 0.000000 288.495388 -0.233376 0.972386 0.000000 -44.825272 0.000000 0.000000 1.000000 0.000000
0.972417 0.233250 0.000000 288.495177 -0.233250 0.972417 0.000000 -44.825673 0.000000 0.000000 1.000000 0.000000
0.972420 0.233235 0.000000 288.494694 -0.233235 0.972420 0.000000 -44.826152 0.000000 0.000000 1.000000 0.000000
0.972366 0.233460 0.000000 288.494509 -0.233460 0.972366 0.000000 -44.826471 0.000000 0.000000 1.000000 0.000000
0.972338 0.233577 0.000000 288.493416 -0.233577 0.972338 0.000000 -44.826449 0.000000 0.000000 1.000000 0.000000
0.972332 0.233603 0.000000 288.493019 -0.233603 0.972332 0.000000 -44.826462 0.000000 0.000000 1.000000 0.000000
0.972334 0.233595 0.000000 288.492182 -0.233595 0.972334 0.000000 -44.825565 0.000000 0.000000 1.000000 0.000000
0.972323 0.233641 0.000000 288.491516 -0.233641 0.972323 0.000000 -44.824050 0.000000 0.000000 1.000000 0.000000
0.972321 0.233648 0.000000 288.491406 -0.233648 0.972321 0.000000 -44.823167 0.000000 0.000000 1.000000 0.000000
0.972303 0.233725 0.000000 288.491403 -0.233725 0.972303 0.000000 -44.822976 0.000000 0.000000 1.000000 0.000000
0.972313 0.233681 0.000000 288.491330 -0.233681 0.972313 0.000000 -44.823013 0.000000 0.000000 1.000000 0.000000
0.972300 0.233734 0.000000 288.491663 -0.233734 0.972300 0.000000 -44.822694 0.000000 0.000000 1.000000 0.000000
0.972302 0.233726 0.000000 288.491802 -0.233726 0.972302 0.000000 -44.822502 0.000000 0.000000 1.000000 0.000000
0.972291 0.233773 0.000000 288.491991 -0.233773 0.972291 0.000000 -44.822323 0.000000 0.000000 1.000000 0.000000
0.972291 0.233773 0.000000 288.492162 -0.233773 0.972291 0.000000 -44.822214 0.000000 0.000000 1.000000 0.000000
0.972299 0.233740 0.000000 288.492322 -0.233740 0.972299 0.000000 -44.822191 0.000000 0.000000 1.000000 0.000000
0.972314 0.233677 0.000000 288.492305 -0.233677 0.972314 0.000000 -44.822211 0.000000 0.000000 1.000000 0.000000
0.972344 0.233553 0.000000 288.492218 -0.233553 0.972344 0.000000 -44.822366 0.000000 0.000000 1.000000 0.000000
0.972353 0.233515 0.000000 288.491880 -0.233515 0.972353 0.000000 -44.822561 0.000000 0.000000 1.000000 0.000000
0.972345 0.233550 0.000000 288.491662 -0.233550 0.972345 0.000000 -44.822601 0.000000 0.000000 1.000000 0.000000
0.972347 0.233541 0.000000 288.491557 -0.233541 0.972347 0.000000 -44.822532 0.000000 0.000000 1.000000 0.000000
0.972364 0.233470 0.000000 288.491395 -0.233470 0.972364 0.000000 -44.822465 0.000000 0.000000 1.000000 0.000000
0.972379 0.233406 0.000000 288.491325 -0.233406 0.972379 0.000000 -44.822464 0.000000 0.000000 1.000000 0.000000
0.972402 0.233310 0.000000 288.491192 -0.233310 0.972402 0.000000 -44.822536 0.000000 0.000000 1.000000 0.000000
0.972413 0.233266 0.000000 288.491053 -0.233266 0.972413 0.000000 -44.822625 0.000000 0.000000 1.000000 0.000000
0.972427 0.233208 0.000000 288.490795 -0.233208 0.972427 0.000000 -44.822819 0.000000 0.000000 1.000000 0.000000
0.972453 0.233101 0.000000 288.490745 -0.233101 0.972453 0.000000 -44.822698 0.000000 0.000000 1.000000 0.000000
0.972504 0.232887 0.000000 288.490727 -0.232887 0.972504 0.000000 -44.822878 0.000000 0.000000 1.000000 0.000000
0.972517 0.232832 0.000000 288.490584 -0.232832 0.972517 0.000000 -44.822985 0.000000 0.000000 1.000000 0.000000
0.972496 0.232920 0.000000 288.490431 -0.232920 0.972496 0.000000 -44.822596 0.000000 0.000000 1.000000 0.000000
0.972481 0.232982 0.000000 288.490091 -0.232982 0.972481 0.000000 -44.822459 0.000000 0.000000 1.000000 0.000000
0.972461 0.233067 0.000000 288.490238 -0.233067 0.972461 0.000000 -44.822392 0.000000 0.000000 1.000000 0.000000
0.972449 0.233118 0.000000 288.490247 -0.233118 0.972449 0.000000 -44.822403 0.000000 0.000000 1.000000 0.000000
0.972467 0.233041 0.000000 288.490428 -0.233041 0.972467 0.000000 -44.822364 0.000000 0.000000 1.000000 0.000000
