1.000000 -0.000223 0.000000 0.625140 0.000223 1.000000 0.000000 -0.012268 0.000000 0.000000 1.000000 0.000000
0.999999 -0.001006 0.000000 1.292130 0.001006 0.999999 0.000000 -0.033839 0.000000 0.000000 1.000000 0.000000
1.000000 -0.000906 0.000000 1.914208 0.000906 1.000000 0.000000 -0.049911 0.000000 0.000000 1.000000 0.000000
1.000000 -0.000893 0.000000 2.537335 0.000893 1.000000 0.000000 -0.058227 0.000000 0.000000 1.000000 0.000000
0.999999 -0.001668 0.000000 3.162899 0.001668 0.999999 0.000000 -0.067433 0.000000 0.000000 1.000000 0.000000
0.999993 -0.003611 0.000000 3.793017 0.003611 0.999993 0.000000 -0.079076 0.000000 0.000000 1.000000 0.000000
0.999992 -0.004068 0.000000 4.418968 0.004068 0.999992 0.000000 -0.087339 0.000000 0.000000 1.000000 0.000000
0.999993 -0.003866 0.000000 5.046955 0.003866 0.999993 0.000000 -0.097408 0.000000 0.000000 1.000000 0.000000
0.999992 -0.003972 0.000000 5.667161 0.003972 0.999992 0.000000 -0.109276 0.000000 0.000000 1.000000 0.000000
0.999993 -0.003810 0.000000 6.326204 0.003810 0.999993 0.000000 -0.117649 0.000000 0.000000 1.000000 0.000000
0.999991 -0.004305 0.000000 6.914007 0.004305 0.999991 0.000000 -0.125340 0.000000 0.000000 1.000000 0.000000
0.999992 -0.003950 0.000000 7.537476 0.003950 0.999992 0.000000 -0.134565 0.000000 0.000000 1.000000 0.000000
0.999986 -0.005280 0.000000 8.160573 0.005280 0.999986 0.000000 -0.151044 0.000000 0.000000 1.000000 0.000000
0.999965 -0.008371 0.000000 8.811023 0.008371 0.999965 0.000000 -0.165026 0.000000 0.000000 1.000000 0.000000
0.999928 -0.012040 0.000000 9.439025 0.012040 0.999928 0.000000 -0.174155 0.000000 0.000000 1.000000 0.000000
0.999872 -0.016026 0.000000 10.057245 0.016026 0.999872 0.000000 -0.182436 0.000000 0.000000 1.000000 0.000000
0.999893 -0.014645 0.000000 10.674308 0.014645 0.999893 0.000000 -0.184667 0.000000 0.000000 1.000000 0.000000
0.999903 -0.013910 0.000000 11.301401 0.013910 0.999903 0.000000 -0.187507 0.000000 0.000000 1.000000 0.000000
0.999890 -0.014863 0.000000 11.917907 0.014863 0.999890 0.000000 -0.189124 0.000000 0.000000 1.000000 0.000000
0.999892 -0.014707 0.000000 12.515384 0.014707 0.999892 0.000000 -0.193686 0.000000 0.000000 1.000000 0.000000
0.999892 -0.014730 0.000000 13.140996 0.014730 0.999892 0.000000 -0.196632 0.000000 0.000000 1.000000 0.000000
0.999904 -0.013870 0.000000 13.767841 0.013870 0.999904 0.000000 -0.198799 0.000000 0.000000 1.000000 0.000000
0.999898 -0.014249 0.000000 14.354169 0.014249 0.999898 0.000000 -0.199093 0.000000 0.000000 1.000000 0.000000
0.999863 -0.016548 0.000000 14.982333 0.016548 0.999863 0.000000 -0.202842 0.000000 0.000000 1.000000 0.000000
0.999828 -0.018530 0.000000 15.593342 0.018530 0.999828 0.000000 -0.202240 0.000000 0.000000 1.000000 0.000000
0.999809 -0.019560 0.000000 16.189299 0.019560 0.999809 0.000000 -0.204993 0.000000 0.000000 1.000000 0.000000
0.999811 -0.019457 0.000000 16.813432 0.019457 0.999811 0.000000 -0.208785 0.000000 0.000000 1.000000 0.000000
0.999823 -0.018829 0.000000 17.444875 0.018829 0.999823 0.000000 -0.211549 0.000000 0.000000 1.000000 0.000000
0.999849 -0.017353 0.000000 18.069760 0.017353 0.999849 0.000000 -0.212216 0.000000 0.000000 1.000000 0.000000
0.999901 -0.014077 0.000000 18.661492 0.014077 0.999901 0.000000 -0.211456 0.000000 0.000000 1.000000 0.000000
0.999946 -0.010418 0.000000 19.298432 0.010418 0.999946 0.000000 -0.214041 0.000000 0.000000 1.000000 0.000000
0.999963 -0.008571 0.000000 19.888453 0.008571 0.999963 0.000000 -0.218238 0.000000 0.000000 1.000000 0.000000
0.999967 -0.008127 0.000000 20.518428 0.008127 0.999967 0.000000 -0.224251 0.000000 0.000000 1.000000 0.000000
0.999961 -0.008814 0.000000 21.162196 0.008814 0.999961 0.000000 -0.232790 0.000000 0.000000 1.000000 0.000000
0.999971 -0.007637 0.000000 21.983133 0.007637 0.999971 0.000000 -0.247501 0.000000 0.000000 1.000000 0.000000
0.999984 -0.005683 0.000000 22.619286 0.005683 0.999984 0.000000 -0.252315 0.000000 0.000000 1.000000 0.000000
0.999991 -0.004200 0.000000 23.257283 0.004200 0.999991 0.000000 -0.254538 0.000000 0.000000 1.000000 0.000000
0.999997 -0.002297 0.000000 23.894977 0.002297 0.999997 0.000000 -0.260913 0.000000 0.000000 1.000000 0.000000
0.999999 -0.001548 0.000000 24.525444 0.001548 0.999999 0.000000 -0.271308 0.000000 0.000000 1.000000 0.000000
1.000000 -0.000500 0.000000 25.164516 0.000500 1.000000 0.000000 -0.285388 0.000000 0.000000 1.000000 0.000000
0.999997 0.002272 0.000000 25.801562 -0.002272 0.999997 0.000000 -0.292641 0.000000 0.000000 1.000000 0.000000
0.999987 0.005030 0.000000 26.442533 -0.005030 0.999987 0.000000 -0.302557 0.000000 0.000000 1.000000 0.000000
0.999979 0.006498 0.000000 27.075416 -0.006498 0.999979 0.000000 -0.317784 0.000000 0.000000 1.000000 0.000000
0.999972 0.007478 0.000000 27.715547 -0.007478 0.999972 0.000000 -0.337294 0.000000 0.000000 1.000000 0.000000
0.999961 0.008885 0.000000 28.355442 -0.008885 0.999961 0.000000 -0.350799 0.000000 0.000000 1.000000 0.000000
0.999962 0.008675 0.000000 28.990536 -0.008675 0.999962 0.000000 -0.371249 0.000000 0.000000 1.000000 0.000000
0.999950 0.010013 0.000000 29.630631 -0.010013 0.999950 0.000000 -0.389803 0.000000 0.000000 1.000000 0.000000
0.999949 0.010086 0.000000 30.268910 -0.010086 0.999949 0.000000 -0.411051 0.000000 0.000000 1.000000 0.000000
0.999949 0.010095 0.000000 30.864948 -0.010095 0.999949 0.000000 -0.435710 0.000000 0.000000 1.000000 0.000000
0.999918 0.012784 0.000000 31.509373 -0.012784 0.999918 0.000000 -0.459140 0.000000 0.000000 1.000000 0.000000
0.999889 0.014927 0.000000 32.137692 -0.014927 0.999889 0.000000 -0.480395 0.000000 0.000000 1.000000 0.000000
0.999895 0.014512 0.000000 32.786611 -0.014512 0.999895 0.000000 -0.507582 0.000000 0.000000 1.000000 0.000000
0.999895 0.014481 0.000000 33.426439 -0.014481 0.999895 0.000000 -0.532126 0.000000 0.000000 1.000000 0.000000
0.999885 0.015194 0.000000 34.058018 -0.015194 0.999885 0.000000 -0.555931 0.000000 0.000000 1.000000 0.000000
0.999884 0.015216 0.000000 34.702165 -0.015216 0.999884 0.000000 -0.579710 0.000000 0.000000 1.000000 0.000000
0.999885 0.015144 0.000000 35.350293 -0.015144 0.999885 0.000000 -0.597905 0.000000 0.000000 1.000000 0.000000
0.999863 0.016573 0.000000 35.999207 -0.016573 0.999863 0.000000 -0.620587 0.000000 0.000000 1.000000 0.000000
0.999833 0.018250 0.000000 36.638162 -0.018250 0.999833 0.000000 -0.643926 0.000000 0.000000 1.000000 0.000000
0.999839 0.017959 0.000000 37.293676 -0.017959 0.999839 0.000000 -0.673406 0.000000 0.000000 1.000000 0.000000
0.999844 0.017659 0.000000 37.905426 -0.017659 0.999844 0.000000 -0.700889 0.000000 0.000000 1.000000 0.000000
0.999855 0.017022 0.000000 38.558110 -0.017022 0.999855 0.000000 -0.726254 0.000000 0.000000 1.000000 0.000000
0.999869 0.016205 0.000000 39.208836 -0.016205 0.999869 0.000000 -0.753818 0.000000 0.000000 1.000000 0.000000
0.999865 0.016424 0.000000 39.867643 -0.016424 0.999865 0.000000 -0.779710 0.000000 0.000000 1.000000 0.000000
0.999910 0.013445 0.000000 40.519911 -0.013445 0.999910 0.000000 -0.809530 0.000000 0.000000 1.000000 0.000000
0.999923 0.012378 0.000000 41.163965 -0.012378 0.999923 0.000000 -0.834562 0.000000 0.000000 1.000000 0.000000
0.999914 0.013098 0.000000 41.779029 -0.013098 0.999914 0.000000 -0.853495 0.000000 0.000000 1.000000 0.000000
0.999887 0.015052 0.000000 42.435149 -0.015052 0.999887 0.000000 -0.871704 0.000000 0.000000 1.000000 0.000000
0.999849 0.017380 0.000000 43.087844 -0.017380 0.999849 0.000000 -0.896614 0.000000 0.000000 1.000000 0.000000
0.999824 0.018757 0.000000 43.746245 -0.018757 0.999824 0.000000 -0.922417 0.000000 0.000000 1.000000 0.000000
0.999846 0.017545 0.000000 44.404856 -0.017545 0.999846 0.000000 -0.948330 0.000000 0.000000 1.000000 0.000000
0.999881 0.015415 0.000000 45.061148 -0.015415 0.999881 0.000000 -0.970562 0.000000 0.000000 1.000000 0.000000
0.999859 0.016807 0.000000 46.078591 -0.016807 0.999859 0.000000 -1.017809 0.000000 0.000000 1.000000 0.000000
0.999876 0.015758 0.000000 46.763252 -0.015758 0.999876 0.000000 -1.044611 0.000000 0.000000 1.000000 0.000000
0.999885 0.015135 0.000000 47.393531 -0.015135 0.999885 0.000000 -1.068385 0.000000 0.000000 1.000000 0.000000
0.999885 0.015160 0.000000 48.047813 -0.015160 0.999885 0.000000 -1.096422 0.000000 0.000000 1.000000 0.000000
0.999878 0.015621 0.000000 48.700351 -0.015621 0.999878 0.000000 -1.125741 0.000000 0.000000 1.000000 0.000000
0.999889 0.014889 0.000000 49.355054 -0.014889 0.999889 0.000000 -1.151200 0.000000 0.000000 1.000000 0.000000
0.999907 0.013627 0.000000 50.005394 -0.013627 0.999907 0.000000 -1.177371 0.000000 0.000000 1.000000 0.000000
0.999913 0.013217 0.000000 50.651302 -0.013217 0.999913 0.000000 -1.202880 0.000000 0.000000 1.000000 0.000000
0.999938 0.011155 0.000000 51.978968 -0.011155 0.999938 0.000000 -1.246687 0.000000 0.000000 1.000000 0.000000
0.999964 0.008501 0.000000 52.625675 -0.008501 0.999964 0.000000 -1.265051 0.000000 0.000000 1.000000 0.000000
0.999982 0.005937 0.000000 53.257013 -0.005937 0.999982 0.000000 -1.282978 0.000000 0.000000 1.000000 0.000000
0.999982 0.006032 0.000000 53.893829 -0.006032 0.999982 0.000000 -1.304413 0.000000 0.000000 1.000000 0.000000
0.999974 0.007176 0.000000 54.529023 -0.007176 0.999974 0.000000 -1.327382 0.000000 0.000000 1.000000 0.000000
0.999974 0.007151 0.000000 55.202581 -0.007151 0.999974 0.000000 -1.352052 0.000000 0.000000 1.000000 0.000000
0.999974 0.007160 0.000000 55.834834 -0.007160 0.999974 0.000000 -1.370041 0.000000 0.000000 1.000000 0.000000
0.999963 0.008605 0.000000 56.436198 -0.008605 0.999963 0.000000 -1.386944 0.000000 0.000000 1.000000 0.000000
0.999953 0.009646 0.000000 57.063298 -0.009646 0.999953 0.000000 -1.409063 0.000000 0.000000 1.000000 0.000000
0.999944 0.010567 0.000000 57.651001 -0.010567 0.999944 0.000000 -1.433151 0.000000 0.000000 1.000000 0.000000
0.999935 0.011403 0.000000 58.282738 -0.011403 0.999935 0.000000 -1.460956 0.000000 0.000000 1.000000 0.000000
0.999934 0.011525 0.000000 58.908758 -0.011525 0.999934 0.000000 -1.489961 0.000000 0.000000 1.000000 0.000000
0.999934 0.011453 0.000000 59.488043 -0.011453 0.999934 0.000000 -1.517469 0.000000 0.000000 1.000000 0.000000
0.999940 0.010918 0.000000 60.110003 -0.010918 0.999940 0.000000 -1.546658 0.000000 0.000000 1.000000 0.000000
0.999945 0.010453 0.000000 60.724165 -0.010453 0.999945 0.000000 -1.577038 0.000000 0.000000 1.000000 0.000000
0.999944 0.010577 0.000000 61.295156 -0.010577 0.999944 0.000000 -1.605687 0.000000 0.000000 1.000000 0.000000
0.999945 0.010469 0.000000 61.906520 -0.010469 0.999945 0.000000 -1.636114 0.000000 0.000000 1.000000 0.000000
0.999923 0.012391 0.000000 62.477801 -0.012391 0.999923 0.000000 -1.657586 0.000000 0.000000 1.000000 0.000000
0.999889 0.014918 0.000000 63.083555 -0.014918 0.999889 0.000000 -1.681548 0.000000 0.000000 1.000000 0.000000
0.999881 0.015401 0.000000 63.686725 -0.015401 0.999881 0.000000 -1.709652 0.000000 0.000000 1.000000 0.000000
0.999866 0.016359 0.000000 64.523542 -0.016359 0.999866 0.000000 -1.750312 0.000000 0.000000 1.000000 0.000000
0.999846 0.017522 0.000000 65.118427 -0.017522 0.999846 0.000000 -1.780713 0.000000 0.000000 1.000000 0.000000
0.999855 0.017016 0.000000 65.713649 -0.017016 0.999855 0.000000 -1.810603 0.000000 0.000000 1.000000 0.000000
0.999888 0.014953 0.000000 66.310324 -0.014953 0.999888 0.000000 -1.835778 0.000000 0.000000 1.000000 0.000000
0.999903 0.013902 0.000000 66.901610 -0.013902 0.999903 0.000000 -1.857270 0.000000 0.000000 1.000000 0.000000
0.999935 0.011376 0.000000 67.489619 -0.011376 0.999935 0.000000 -1.878633 0.000000 0.000000 1.000000 0.000000
0.999942 0.010732 0.000000 68.112461 -0.010732 0.999942 0.000000 -1.899543 0.000000 0.000000 1.000000 0.000000
0.999945 0.010473 0.000000 68.703603 -0.010473 0.999945 0.000000 -1.918652 0.000000 0.000000 1.000000 0.000000
0.999942 0.010743 0.000000 69.290214 -0.010743 0.999942 0.000000 -1.941573 0.000000 0.000000 1.000000 0.000000
0.999934 0.011491 0.000000 70.460405 -0.011491 0.999934 0.000000 -1.987145 0.000000 0.000000 1.000000 0.000000
0.999936 0.011316 0.000000 71.043367 -0.011316 0.999936 0.000000 -2.008756 0.000000 0.000000 1.000000 0.000000
0.999916 0.012964 0.000000 71.622040 -0.012964 0.999916 0.000000 -2.034789 0.000000 0.000000 1.000000 0.000000
0.999903 0.013918 0.000000 72.196555 -0.013918 0.999903 0.000000 -2.066171 0.000000 0.000000 1.000000 0.000000
0.999890 0.014850 0.000000 72.775414 -0.014850 0.999890 0.000000 -2.094861 0.000000 0.000000 1.000000 0.000000
0.999874 0.015896 0.000000 73.348225 -0.015896 0.999874 0.000000 -2.124179 0.000000 0.000000 1.000000 0.000000
0.999893 0.014619 0.000000 73.912807 -0.014619 0.999893 0.000000 -2.154135 0.000000 0.000000 1.000000 0.000000
0.999911 0.013321 0.000000 74.476716 -0.013321 0.999911 0.000000 -2.182348 0.000000 0.000000 1.000000 0.000000
0.999908 0.013540 0.000000 75.040278 -0.013540 0.999908 0.000000 -2.212214 0.000000 0.000000 1.000000 0.000000
0.999899 0.014227 0.000000 75.595869 -0.014227 0.999899 0.000000 -2.241567 0.000000 0.000000 1.000000 0.000000
0.999898 0.014271 0.000000 76.147511 -0.014271 0.999898 0.000000 -2.270843 0.000000 0.000000 1.000000 0.000000
0.999898 0.014262 0.000000 76.694481 -0.014262 0.999898 0.000000 -2.299679 0.000000 0.000000 1.000000 0.000000
0.999883 0.015310 0.000000 77.240438 -0.015310 0.999883 0.000000 -2.330789 0.000000 0.000000 1.000000 0.000000
0.999854 0.017099 0.000000 77.754792 -0.017099 0.999854 0.000000 -2.356386 0.000000 0.000000 1.000000 0.000000
0.999816 0.019184 0.000000 78.298460 -0.019184 0.999816 0.000000 -2.380941 0.000000 0.000000 1.000000 0.000000
0.999759 0.021967 0.000000 78.818778 -0.021967 0.999759 0.000000 -2.402475 0.000000 0.000000 1.000000 0.000000
0.999729 0.023263 0.000000 79.326846 -0.023263 0.999729 0.000000 -2.423576 0.000000 0.000000 1.000000 0.000000
0.999740 0.022823 0.000000 79.862104 -0.022823 0.999740 0.000000 -2.456304 0.000000 0.000000 1.000000 0.000000
0.999742 0.022710 0.000000 80.390406 -0.022710 0.999742 0.000000 -2.485072 0.000000 0.000000 1.000000 0.000000
0.999732 0.023142 0.000000 80.876525 -0.023142 0.999732 0.000000 -2.512732 0.000000 0.000000 1.000000 0.000000
0.999696 0.024654 0.000000 81.403459 -0.024654 0.999696 0.000000 -2.544442 0.000000 0.000000 1.000000 0.000000
0.999675 0.025509 0.000000 81.916621 -0.025509 0.999675 0.000000 -2.573789 0.000000 0.000000 1.000000 0.000000
0.999683 0.025195 0.000000 82.401166 -0.025195 0.999683 0.000000 -2.601505 0.000000 0.000000 1.000000 0.000000
0.999660 0.026068 0.000000 82.922574 -0.026068 0.999660 0.000000 -2.628961 0.000000 0.000000 1.000000 0.000000
0.999618 0.027641 0.000000 83.433510 -0.027641 0.999618 0.000000 -2.656223 0.000000 0.000000 1.000000 0.000000
0.999582 0.028902 0.000000 83.909333 -0.028902 0.999582 0.000000 -2.687154 0.000000 0.000000 1.000000 0.000000
0.999575 0.029167 0.000000 84.417122 -0.029167 0.999575 0.000000 -2.722140 0.000000 0.000000 1.000000 0.000000
0.999548 0.030052 0.000000 84.891708 -0.030052 0.999548 0.000000 -2.755559 0.000000 0.000000 1.000000 0.000000
0.999512 0.031249 0.000000 85.392954 -0.031249 0.999512 0.000000 -2.789894 0.000000 0.000000 1.000000 0.000000
0.999523 0.030884 0.000000 86.049309 -0.030884 0.999523 0.000000 -2.833380 0.000000 0.000000 1.000000 0.000000
0.999528 0.030711 0.000000 86.541803 -0.030711 0.999528 0.000000 -2.863886 0.000000 0.000000 1.000000 0.000000
0.999511 0.031277 0.000000 87.036963 -0.031277 0.999511 0.000000 -2.889476 0.000000 0.000000 1.000000 0.000000
0.999505 0.031456 0.000000 87.524958 -0.031456 0.999505 0.000000 -2.914677 0.000000 0.000000 1.000000 0.000000
0.999542 0.030269 0.000000 88.007813 -0.030269 0.999542 0.000000 -2.946102 0.000000 0.000000 1.000000 0.000000
0.999573 0.029215 0.000000 88.489208 -0.029215 0.999573 0.000000 -2.979984 0.000000 0.000000 1.000000 0.000000
0.999536 0.030459 0.000000 88.959540 -0.030459 0.999536 0.000000 -3.011506 0.000000 0.000000 1.000000 0.000000
0.999355 0.035905 0.000000 89.909475 -0.035905 0.999355 0.000000 -3.077091 0.000000 0.000000 1.000000 0.000000
0.999269 0.038223 0.000000 90.377727 -0.038223 0.999269 0.000000 -3.112805 0.000000 0.000000 1.000000 0.000000
0.999157 0.041045 0.000000 90.847037 -0.041045 0.999157 0.000000 -3.150517 0.000000 0.000000 1.000000 0.000000
0.999049 0.043608 0.000000 91.311036 -0.043608 0.999049 0.000000 -3.191637 0.000000 0.000000 1.000000 0.000000
0.998955 0.045703 0.000000 91.785305 -0.045703 0.998955 0.000000 -3.234183 0.000000 0.000000 1.000000 0.000000
0.998854 0.047868 0.000000 92.247700 -0.047868 0.998854 0.000000 -3.277638 0.000000 0.000000 1.000000 0.000000
0.998743 0.050134 0.000000 92.712755 -0.050134 0.998743 0.000000 -3.321418 0.000000 0.000000 1.000000 0.000000
0.998517 0.054441 0.000000 93.168089 -0.054441 0.998517 0.000000 -3.359489 0.000000 0.000000 1.000000 0.000000
0.998271 0.058777 0.000000 93.622477 -0.058777 0.998271 0.000000 -3.399637 0.000000 0.000000 1.000000 0.000000
0.998116 0.061356 0.000000 94.071891 -0.061356 0.998116 0.000000 -3.442966 0.000000 0.000000 1.000000 0.000000
0.997983 0.063478 0.000000 94.492031 -0.063478 0.997983 0.000000 -3.486595 0.000000 0.000000 1.000000 0.000000
0.997880 0.065077 0.000000 94.932054 -0.065077 0.997880 0.000000 -3.532911 0.000000 0.000000 1.000000 0.000000
0.997833 0.065798 0.000000 95.369758 -0.065798 0.997833 0.000000 -3.581200 0.000000 0.000000 1.000000 0.000000
0.997729 0.067353 0.000000 95.803348 -0.067353 0.997729 0.000000 -3.631590 0.000000 0.000000 1.000000 0.000000
0.997564 0.069754 0.000000 96.231333 -0.069754 0.997564 0.000000 -3.674783 0.000000 0.000000 1.000000 0.000000
0.997285 0.073635 0.000000 96.652010 -0.073635 0.997285 0.000000 -3.718184 0.000000 0.000000 1.000000 0.000000
0.996840 0.079433 0.000000 97.068128 -0.079433 0.996840 0.000000 -3.760974 0.000000 0.000000 1.000000 0.000000
0.996625 0.082095 0.000000 97.473683 -0.082095 0.996625 0.000000 -3.804768 0.000000 0.000000 1.000000 0.000000
0.996696 0.081222 0.000000 97.879212 -0.081222 0.996696 0.000000 -3.853921 0.000000 0.000000 1.000000 0.000000
0.996675 0.081477 0.000000 98.283813 -0.081477 0.996675 0.000000 -3.905071 0.000000 0.000000 1.000000 0.000000
0.996599 0.082408 0.000000 98.673650 -0.082408 0.996599 0.000000 -3.957311 0.000000 0.000000 1.000000 0.000000
0.996416 0.084593 0.000000 99.071494 -0.084593 0.996416 0.000000 -4.013900 0.000000 0.000000 1.000000 0.000000
0.995926 0.090178 0.000000 99.453341 -0.090178 0.995926 0.000000 -4.057991 0.000000 0.000000 1.000000 0.000000
0.995711 0.092517 0.000000 99.851041 -0.092517 0.995711 0.000000 -4.108153 0.000000 0.000000 1.000000 0.000000
0.995631 0.093379 0.000000 100.242510 -0.093379 0.995631 0.000000 -4.162934 0.000000 0.000000 1.000000 0.000000
0.995320 0.096632 0.000000 100.615948 -0.096632 0.995320 0.000000 -4.209412 0.000000 0.000000 1.000000 0.000000
0.994908 0.100788 0.000000 101.020947 -0.100788 0.994908 0.000000 -4.260532 0.000000 0.000000 1.000000 0.000000
0.994485 0.104879 0.000000 101.418271 -0.104879 0.994485 0.000000 -4.311734 0.000000 0.000000 1.000000 0.000000
0.994074 0.108709 0.000000 101.982667 -0.108709 0.994074 0.000000 -4.393597 0.000000 0.000000 1.000000 0.000000
0.993848 0.110753 0.000000 102.393096 -0.110753 0.993848 0.000000 -4.458015 0.000000 0.000000 1.000000 0.000000
0.993622 0.112760 0.000000 102.805549 -0.112760 0.993622 0.000000 -4.519710 0.000000 0.000000 1.000000 0.000000
0.993367 0.114985 0.000000 103.223073 -0.114985 0.993367 0.000000 -4.581344 0.000000 0.000000 1.000000 0.000000
0.993140 0.116935 0.000000 103.639171 -0.116935 0.993140 0.000000 -4.642000 0.000000 0.000000 1.000000 0.000000
0.993042 0.117764 0.000000 104.054135 -0.117764 0.993042 0.000000 -4.703948 0.000000 0.000000 1.000000 0.000000
0.992902 0.118939 0.000000 104.472453 -0.118939 0.992902 0.000000 -4.768907 0.000000 0.000000 1.000000 0.000000
0.992401 0.123045 0.000000 104.889045 -0.123045 0.992401 0.000000 -4.832588 0.000000 0.000000 1.000000 0.000000
0.991725 0.128382 0.000000 105.620303 -0.128382 0.991725 0.000000 -4.954538 0.000000 0.000000 1.000000 0.000000
0.991811 0.127713 0.000000 106.044717 -0.127713 0.991811 0.000000 -5.028113 0.000000 0.000000 1.000000 0.000000
0.991820 0.127643 0.000000 106.478945 -0.127643 0.991820 0.000000 -5.097812 0.000000 0.000000 1.000000 0.000000
0.991804 0.127766 0.000000 106.911665 -0.127766 0.991804 0.000000 -5.165759 0.000000 0.000000 1.000000 0.000000
0.991687 0.128671 0.000000 107.344844 -0.128671 0.991687 0.000000 -5.227461 0.000000 0.000000 1.000000 0.000000
0.991412 0.130774 0.000000 107.778480 -0.130774 0.991412 0.000000 -5.285082 0.000000 0.000000 1.000000 0.000000
0.991445 0.130527 0.000000 108.218173 -0.130527 0.991445 0.000000 -5.350751 0.000000 0.000000 1.000000 0.000000
0.991496 0.130140 0.000000 108.656729 -0.130140 0.991496 0.000000 -5.416565 0.000000 0.000000 1.000000 0.000000
0.991487 0.130203 0.000000 109.103658 -0.130203 0.991487 0.000000 -5.488366 0.000000 0.000000 1.000000 0.000000
0.991264 0.131895 0.000000 109.552829 -0.131895 0.991264 0.000000 -5.562356 0.000000 0.000000 1.000000 0.000000
0.990986 0.133962 0.000000 109.997230 -0.133962 0.990986 0.000000 -5.636519 0.000000 0.000000 1.000000 0.000000
0.991037 0.133585 0.000000 110.817164 -0.133585 0.991037 0.000000 -5.774034 0.000000 0.000000 1.000000 0.000000
0.990908 0.134539 0.000000 111.272186 -0.134539 0.990908 0.000000 -5.846255 0.000000 0.000000 1.000000 0.000000
0.990689 0.136146 0.000000 111.729593 -0.136146 0.990689 0.000000 -5.921968 0.000000 0.000000 1.000000 0.000000
0.990545 0.137189 0.000000 112.189279 -0.137189 0.990545 0.000000 -6.008825 0.000000 0.000000 1.000000 0.000000
0.990295 0.138982 0.000000 112.646512 -0.138982 0.990295 0.000000 -6.094126 0.000000 0.000000 1.000000 0.000000
0.990133 0.140129 0.000000 113.106036 -0.140129 0.990133 0.000000 -6.179820 0.000000 0.000000 1.000000 0.000000
0.989786 0.142562 0.000000 113.569662 -0.142562 0.989786 0.000000 -6.264935 0.000000 0.000000 1.000000 0.000000
0.989155 0.146878 0.000000 114.038577 -0.146878 0.989155 0.000000 -6.348838 0.000000 0.000000 1.000000 0.000000
0.988454 0.151519 0.000000 114.539179 -0.151519 0.988454 0.000000 -6.439313 0.000000 0.000000 1.000000 0.000000
0.988118 0.153694 0.000000 114.976688 -0.153694 0.988118 0.000000 -6.519618 0.000000 0.000000 1.000000 0.000000
0.987956 0.154736 0.000000 115.477513 -0.154736 0.987956 0.000000 -6.614309 0.000000 0.000000 1.000000 0.000000
0.987737 0.156126 0.000000 115.946493 -0.156126 0.987737 0.000000 -6.700855 0.000000 0.000000 1.000000 0.000000
0.987924 0.154938 0.000000 116.414666 -0.154938 0.987924 0.000000 -6.787342 0.000000 0.000000 1.000000 0.000000
0.988034 0.154237 0.000000 116.878559 -0.154237 0.988034 0.000000 -6.879501 0.000000 0.000000 1.000000 0.000000
0.987711 0.156288 0.000000 117.348319 -0.156288 0.987711 0.000000 -6.966650 0.000000 0.000000 1.000000 0.000000
0.987287 0.158949 0.000000 117.818007 -0.158949 0.987287 0.000000 -7.055924 0.000000 0.000000 1.000000 0.000000
0.986404 0.164336 0.000000 118.290792 -0.164336 0.986404 0.000000 -7.142412 0.000000 0.000000 1.000000 0.000000
0.985513 0.169602 0.000000 118.764414 -0.169602 0.985513 0.000000 -7.229031 0.000000 0.000000 1.000000 0.000000
0.985156 0.171664 0.000000 119.217708 -0.171664 0.985156 0.000000 -7.315961 0.000000 0.000000 1.000000 0.000000
0.984783 0.173789 0.000000 119.703145 -0.173789 0.984783 0.000000 -7.408256 0.000000 0.000000 1.000000 0.000000
0.984401 0.175941 0.000000 120.184801 -0.175941 0.984401 0.000000 -7.504471 0.000000 0.000000 1.000000 0.000000
0.984224 0.176926 0.000000 120.976372 -0.176926 0.984224 0.000000 -7.669153 0.000000 0.000000 1.000000 0.000000
0.984676 0.174395 0.000000 121.457534 -0.174395 0.984676 0.000000 -7.773087 0.000000 0.000000 1.000000 0.000000
0.986456 0.164028 0.000000 122.436254 -0.164028 0.986456 0.000000 -7.987512 0.000000 0.000000 1.000000 0.000000
0.987173 0.159656 0.000000 122.928108 -0.159656 0.987173 0.000000 -8.092789 0.000000 0.000000 1.000000 0.000000
0.987580 0.157117 0.000000 123.422371 -0.157117 0.987580 0.000000 -8.190269 0.000000 0.000000 1.000000 0.000000
0.987899 0.155100 0.000000 123.918070 -0.155100 0.987899 0.000000 -8.282525 0.000000 0.000000 1.000000 0.000000
0.987878 0.155230 0.000000 124.423699 -0.155230 0.987878 0.000000 -8.373246 0.000000 0.000000 1.000000 0.000000
0.987966 0.154671 0.000000 124.925844 -0.154671 0.987966 0.000000 -8.455440 0.000000 0.000000 1.000000 0.000000
0.988359 0.152137 0.000000 125.466316 -0.152137 0.988359 0.000000 -8.552116 0.000000 0.000000 1.000000 0.000000
0.988006 0.154414 0.000000 125.953331 -0.154414 0.988006 0.000000 -8.634884 0.000000 0.000000 1.000000 0.000000
0.987796 0.155754 0.000000 126.463856 -0.155754 0.987796 0.000000 -8.720608 0.000000 0.000000 1.000000 0.000000
0.987726 0.156196 0.000000 126.984135 -0.156196 0.987726 0.000000 -8.808160 0.000000 0.000000 1.000000 0.000000
0.987737 0.156129 0.000000 127.467755 -0.156129 0.987737 0.000000 -8.895415 0.000000 0.000000 1.000000 0.000000
0.987783 0.155837 0.000000 127.981930 -0.155837 0.987783 0.000000 -8.990950 0.000000 0.000000 1.000000 0.000000
0.987639 0.156747 0.000000 128.507610 -0.156747 0.987639 0.000000 -9.084997 0.000000 0.000000 1.000000 0.000000
0.987673 0.156531 0.000000 128.997164 -0.156531 0.987673 0.000000 -9.166014 0.000000 0.000000 1.000000 0.000000
0.987834 0.155510 0.000000 129.522732 -0.155510 0.987834 0.000000 -9.256207 0.000000 0.000000 1.000000 0.000000
0.987378 0.158379 0.000000 130.056117 -0.158379 0.987378 0.000000 -9.353279 0.000000 0.000000 1.000000 0.000000
0.986894 0.161371 0.000000 130.682638 -0.161371 0.986894 0.000000 -9.460731 0.000000 0.000000 1.000000 0.000000
0.986113 0.166075 0.000000 131.251025 -0.166075 0.986113 0.000000 -9.555139 0.000000 0.000000 1.000000 0.000000
0.985177 0.171539 0.000000 131.751112 -0.171539 0.985177 0.000000 -9.650775 0.000000 0.000000 1.000000 0.000000
0.984711 0.174199 0.000000 132.284248 -0.174199 0.984711 0.000000 -9.755202 0.000000 0.000000 1.000000 0.000000
0.983926 0.178575 0.000000 132.820008 -0.178575 0.983926 0.000000 -9.859691 0.000000 0.000000 1.000000 0.000000
0.983678 0.179938 0.000000 133.358896 -0.179938 0.983678 0.000000 -9.968704 0.000000 0.000000 1.000000 0.000000
0.982926 0.184000 0.000000 137.189780 -0.184000 0.982926 0.000000 -10.773605 0.000000 0.000000 1.000000 0.000000
0.983464 0.181105 0.000000 137.696335 -0.181105 0.983464 0.000000 -10.878652 0.000000 0.000000 1.000000 0.000000
0.984492 0.175430 0.000000 138.842879 -0.175430 0.984492 0.000000 -11.135159 0.000000 0.000000 1.000000 0.000000
0.983837 0.179069 0.000000 139.963720 -0.179069 0.983837 0.000000 -11.379502 0.000000 0.000000 1.000000 0.000000
0.983672 0.179973 0.000000 140.528072 -0.179973 0.983672 0.000000 -11.501621 0.000000 0.000000 1.000000 0.000000
0.983599 0.180370 0.000000 141.089122 -0.180370 0.983599 0.000000 -11.626096 0.000000 0.000000 1.000000 0.000000
0.983692 0.179861 0.000000 141.653976 -0.179861 0.983692 0.000000 -11.753441 0.000000 0.000000 1.000000 0.000000
0.984043 0.177932 0.000000 142.217045 -0.177932 0.984043 0.000000 -11.886973 0.000000 0.000000 1.000000 0.000000
0.984083 0.177711 0.000000 142.787413 -0.177711 0.984083 0.000000 -12.009193 0.000000 0.000000 1.000000 0.000000
0.983598 0.180377 0.000000 143.360146 -0.180377 0.983598 0.000000 -12.130686 0.000000 0.000000 1.000000 0.000000
0.983577 0.180489 0.000000 143.940018 -0.180489 0.983577 0.000000 -12.254955 0.000000 0.000000 1.000000 0.000000
0.983651 0.180085 0.000000 144.511119 -0.180085 0.983651 0.000000 -12.386068 0.000000 0.000000 1.000000 0.000000
0.982783 0.184764 0.000000 145.424702 -0.184764 0.982783 0.000000 -12.583317 0.000000 0.000000 1.000000 0.000000
0.982260 0.187526 0.000000 146.003567 -0.187526 0.982260 0.000000 -12.715675 0.000000 0.000000 1.000000 0.000000
0.981917 0.189311 0.000000 146.579217 -0.189311 0.981917 0.000000 -12.849825 0.000000 0.000000 1.000000 0.000000
0.981053 0.193738 0.000000 147.158246 -0.193738 0.981053 0.000000 -12.973628 0.000000 0.000000 1.000000 0.000000
0.980105 0.198482 0.000000 147.774512 -0.198482 0.980105 0.000000 -13.109198 0.000000 0.000000 1.000000 0.000000
0.979615 0.200886 0.000000 148.310358 -0.200886 0.979615 0.000000 -13.233278 0.000000 0.000000 1.000000 0.000000
0.979400 0.201927 0.000000 148.921106 -0.201927 0.979400 0.000000 -13.380930 0.000000 0.000000 1.000000 0.000000
0.979281 0.202507 0.000000 149.492699 -0.202507 0.979281 0.000000 -13.518605 0.000000 0.000000 1.000000 0.000000
0.979003 0.203846 0.000000 150.069671 -0.203846 0.979003 0.000000 -13.647275 0.000000 0.000000 1.000000 0.000000
0.978582 0.205858 0.000000 150.645718 -0.205858 0.978582 0.000000 -13.772606 0.000000 0.000000 1.000000 0.000000
0.978538 0.206069 0.000000 151.219436 -0.206069 0.978538 0.000000 -13.905451 0.000000 0.000000 1.000000 0.000000
0.978675 0.205416 0.000000 151.789957 -0.205416 0.978675 0.000000 -14.037341 0.000000 0.000000 1.000000 0.000000
0.978520 0.206152 0.000000 152.354179 -0.206152 0.978520 0.000000 -14.163616 0.000000 0.000000 1.000000 0.000000
0.978481 0.206337 0.000000 152.914489 -0.206337 0.978481 0.000000 -14.293235 0.000000 0.000000 1.000000 0.000000
0.978245 0.207454 0.000000 153.487498 -0.207454 0.978245 0.000000 -14.422601 0.000000 0.000000 1.000000 0.000000
0.977729 0.209871 0.000000 154.059033 -0.209871 0.977729 0.000000 -14.551671 0.000000 0.000000 1.000000 0.000000
0.977056 0.212982 0.000000 155.191035 -0.212982 0.977056 0.000000 -14.817413 0.000000 0.000000 1.000000 0.000000
0.977183 0.212400 0.000000 155.756318 -0.212400 0.977183 0.000000 -14.957969 0.000000 0.000000 1.000000 0.000000
0.976858 0.213890 0.000000 156.290513 -0.213890 0.976858 0.000000 -15.081660 0.000000 0.000000 1.000000 0.000000
0.975922 0.218120 0.000000 156.873482 -0.218120 0.975922 0.000000 -15.209703 0.000000 0.000000 1.000000 0.000000
0.975769 0.218803 0.000000 157.425153 -0.218803 0.975769 0.000000 -15.336317 0.000000 0.000000 1.000000 0.000000
0.975994 0.217795 0.000000 158.530300 -0.217795 0.975994 0.000000 -15.607637 0.000000 0.000000 1.000000 0.000000
0.976019 0.217684 0.000000 159.098177 -0.217684 0.976019 0.000000 -15.741515 0.000000 0.000000 1.000000 0.000000
0.975843 0.218473 0.000000 159.634862 -0.218473 0.975843 0.000000 -15.870141 0.000000 0.000000 1.000000 0.000000
0.975860 0.218397 0.000000 160.200545 -0.218397 0.975860 0.000000 -16.003325 0.000000 0.000000 1.000000 0.000000
0.975705 0.219088 0.000000 160.771165 -0.219088 0.975705 0.000000 -16.137972 0.000000 0.000000 1.000000 0.000000
0.975044 0.222013 0.000000 161.310976 -0.222013 0.975044 0.000000 -16.257428 0.000000 0.000000 1.000000 0.000000
0.974142 0.225938 0.000000 162.072473 -0.225938 0.974142 0.000000 -16.430606 0.000000 0.000000 1.000000 0.000000
0.973634 0.228117 0.000000 162.641395 -0.228117 0.973634 0.000000 -16.560696 0.000000 0.000000 1.000000 0.000000
0.972717 0.231997 0.000000 163.211574 -0.231997 0.972717 0.000000 -16.694992 0.000000 0.000000 1.000000 0.000000
0.972023 0.234884 0.000000 163.822804 -0.234884 0.972023 0.000000 -16.841693 0.000000 0.000000 1.000000 0.000000
0.972318 0.233663 0.000000 164.356369 -0.233663 0.972318 0.000000 -16.981752 0.000000 0.000000 1.000000 0.000000
0.972148 0.234368 0.000000 164.966823 -0.234368 0.972148 0.000000 -17.138942 0.000000 0.000000 1.000000 0.000000
0.971789 0.235850 0.000000 165.541325 -0.235850 0.971789 0.000000 -17.281287 0.000000 0.000000 1.000000 0.000000
0.971341 0.237692 0.000000 166.115981 -0.237692 0.971341 0.000000 -17.420562 0.000000 0.000000 1.000000 0.000000
0.971022 0.238991 0.000000 166.695604 -0.238991 0.971022 0.000000 -17.573686 0.000000 0.000000 1.000000 0.000000
0.971705 0.236199 0.000000 167.260721 -0.236199 0.971705 0.000000 -17.731007 0.000000 0.000000 1.000000 0.000000
0.971805 0.235785 0.000000 167.832837 -0.235785 0.971805 0.000000 -17.881959 0.000000 0.000000 1.000000 0.000000
0.972138 0.234407 0.000000 168.398754 -0.234407 0.972138 0.000000 -18.035494 0.000000 0.000000 1.000000 0.000000
0.973273 0.229652 0.000000 168.967099 -0.229652 0.973273 0.000000 -18.197545 0.000000 0.000000 1.000000 0.000000
0.974391 0.224862 0.000000 169.536804 -0.224862 0.974391 0.000000 -18.354839 0.000000 0.000000 1.000000 0.000000
0.974641 0.223772 0.000000 170.113082 -0.223772 0.974641 0.000000 -18.501054 0.000000 0.000000 1.000000 0.000000
0.974777 0.223180 0.000000 170.682164 -0.223180 0.974777 0.000000 -18.651965 0.000000 0.000000 1.000000 0.000000
0.974779 0.223172 0.000000 171.255519 -0.223172 0.974779 0.000000 -18.793186 0.000000 0.000000 1.000000 0.000000
0.974428 0.224700 0.000000 171.792464 -0.224700 0.974428 0.000000 -18.927907 0.000000 0.000000 1.000000 0.000000
0.974411 0.224774 0.000000 172.407691 -0.224774 0.974411 0.000000 -19.079037 0.000000 0.000000 1.000000 0.000000
0.974436 0.224664 0.000000 172.945655 -0.224664 0.974436 0.000000 -19.210270 0.000000 0.000000 1.000000 0.000000
0.974172 0.225805 0.000000 173.522546 -0.225805 0.974172 0.000000 -19.349130 0.000000 0.000000 1.000000 0.000000
0.973523 0.228590 0.000000 174.104566 -0.228590 0.973523 0.000000 -19.490081 0.000000 0.000000 1.000000 0.000000
0.972209 0.234115 0.000000 174.685169 -0.234115 0.972209 0.000000 -19.629528 0.000000 0.000000 1.000000 0.000000
0.970947 0.239295 0.000000 175.263622 -0.239295 0.970947 0.000000 -19.775950 0.000000 0.000000 1.000000 0.000000
0.970739 0.240136 0.000000 175.836207 -0.240136 0.970739 0.000000 -19.918753 0.000000 0.000000 1.000000 0.000000
0.970667 0.240429 0.000000 176.411106 -0.240429 0.970667 0.000000 -20.067277 0.000000 0.000000 1.000000 0.000000
0.970415 0.241444 0.000000 176.986262 -0.241444 0.970415 0.000000 -20.214195 0.000000 0.000000 1.000000 0.000000
0.969882 0.243577 0.000000 177.567407 -0.243577 0.969882 0.000000 -20.362538 0.000000 0.000000 1.000000 0.000000
0.969766 0.244038 0.000000 178.148885 -0.244038 0.969766 0.000000 -20.513347 0.000000 0.000000 1.000000 0.000000
0.970082 0.242779 0.000000 178.715008 -0.242779 0.970082 0.000000 -20.665859 0.000000 0.000000 1.000000 0.000000
0.969889 0.243547 0.000000 179.294641 -0.243547 0.969889 0.000000 -20.820415 0.000000 0.000000 1.000000 0.000000
0.969344 0.245708 0.000000 179.869506 -0.245708 0.969344 0.000000 -20.969436 0.000000 0.000000 1.000000 0.000000
0.969222 0.246190 0.000000 180.413988 -0.246190 0.969222 0.000000 -21.111627 0.000000 0.000000 1.000000 0.000000
0.968686 0.248290 0.000000 180.987711 -0.248290 0.968686 0.000000 -21.267518 0.000000 0.000000 1.000000 0.000000
0.967975 0.251048 0.000000 181.567980 -0.251048 0.967975 0.000000 -21.424810 0.000000 0.000000 1.000000 0.000000
0.968223 0.250090 0.000000 182.122950 -0.250090 0.968223 0.000000 -21.573864 0.000000 0.000000 1.000000 0.000000
0.968176 0.250269 0.000000 182.691488 -0.250269 0.968176 0.000000 -21.728389 0.000000 0.000000 1.000000 0.000000
0.968113 0.250515 0.000000 183.263126 -0.250515 0.968113 0.000000 -21.885115 0.000000 0.000000 1.000000 0.000000
0.968538 0.248864 0.000000 183.803073 -0.248864 0.968538 0.000000 -22.031859 0.000000 0.000000 1.000000 0.000000
0.968041 0.250792 0.000000 184.372976 -0.250792 0.968041 0.000000 -22.184934 0.000000 0.000000 1.000000 0.000000
0.967469 0.252989 0.000000 184.945029 -0.252989 0.967469 0.000000 -22.338774 0.000000 0.000000 1.000000 0.000000
0.967242 0.253857 0.000000 185.484511 -0.253857 0.967242 0.000000 -22.481553 0.000000 0.000000 1.000000 0.000000
0.966815 0.255478 0.000000 186.055537 -0.255478 0.966815 0.000000 -22.635744 0.000000 0.000000 1.000000 0.000000
0.966338 0.257277 0.000000 186.622441 -0.257277 0.966338 0.000000 -22.792737 0.000000 0.000000 1.000000 0.000000
0.965474 0.260501 0.000000 187.439579 -0.260501 0.965474 0.000000 -23.026205 0.000000 0.000000 1.000000 0.000000
0.964808 0.262954 0.000000 188.006440 -0.262954 0.964808 0.000000 -23.183202 0.000000 0.000000 1.000000 0.000000
0.964550 0.263901 0.000000 188.576557 -0.263901 0.964550 0.000000 -23.337473 0.000000 0.000000 1.000000 0.000000
0.964540 0.263937 0.000000 189.139497 -0.263937 0.964540 0.000000 -23.493110 0.000000 0.000000 1.000000 0.000000
0.964657 0.263507 0.000000 189.704822 -0.263507 0.964657 0.000000 -23.649435 0.000000 0.000000 1.000000 0.000000
0.965369 0.260889 0.000000 190.270812 -0.260889 0.965369 0.000000 -23.809167 0.000000 0.000000 1.000000 0.000000
0.965850 0.259102 0.000000 190.832134 -0.259102 0.965850 0.000000 -23.965782 0.000000 0.000000 1.000000 0.000000
0.965901 0.258913 0.000000 191.412706 -0.258913 0.965901 0.000000 -24.130510 0.000000 0.000000 1.000000 0.000000
0.965920 0.258841 0.000000 191.910799 -0.258841 0.965920 0.000000 -24.273962 0.000000 0.000000 1.000000 0.000000
0.965671 0.259769 0.000000 192.880570 -0.259769 0.965671 0.000000 -24.550922 0.000000 0.000000 1.000000 0.000000
0.965522 0.260321 0.000000 193.441479 -0.260321 0.965522 0.000000 -24.710979 0.000000 0.000000 1.000000 0.000000
0.965154 0.261683 0.000000 194.145039 -0.261683 0.965154 0.000000 -24.918374 0.000000 0.000000 1.000000 0.000000
0.964704 0.263338 0.000000 194.856109 -0.263338 0.964704 0.000000 -25.126981 0.000000 0.000000 1.000000 0.000000
0.964335 0.264683 0.000000 195.807631 -0.264683 0.964335 0.000000 -25.409650 0.000000 0.000000 1.000000 0.000000
0.964518 0.264019 0.000000 196.357375 -0.264019 0.964518 0.000000 -25.571207 0.000000 0.000000 1.000000 0.000000
0.964600 0.263716 0.000000 196.915770 -0.263716 0.964600 0.000000 -25.729734 0.000000 0.000000 1.000000 0.000000
0.964416 0.264389 0.000000 197.469107 -0.264389 0.964416 0.000000 -25.885055 0.000000 0.000000 1.000000 0.000000
0.964737 0.263216 0.000000 197.988342 -0.263216 0.964737 0.000000 -26.036799 0.000000 0.000000 1.000000 0.000000
0.965034 0.262125 0.000000 198.557605 -0.262125 0.965034 0.000000 -26.202498 0.000000 0.000000 1.000000 0.000000
0.964685 0.263406 0.000000 199.108960 -0.263406 0.964685 0.000000 -26.370034 0.000000 0.000000 1.000000 0.000000
0.964919 0.262549 0.000000 199.893939 -0.262549 0.964919 0.000000 -26.608537 0.000000 0.000000 1.000000 0.000000
0.965278 0.261224 0.000000 200.453738 -0.261224 0.965278 0.000000 -26.770992 0.000000 0.000000 1.000000 0.000000
0.965366 0.260898 0.000000 201.016272 -0.260898 0.965366 0.000000 -26.930984 0.000000 0.000000 1.000000 0.000000
0.965870 0.259029 0.000000 201.569385 -0.259029 0.965870 0.000000 -27.093772 0.000000 0.000000 1.000000 0.000000
0.966623 0.256204 0.000000 202.161750 -0.256204 0.966623 0.000000 -27.265095 0.000000 0.000000 1.000000 0.000000
0.966691 0.255947 0.000000 202.684745 -0.255947 0.966691 0.000000 -27.417915 0.000000 0.000000 1.000000 0.000000
0.966983 0.254841 0.000000 203.275993 -0.254841 0.966983 0.000000 -27.591211 0.000000 0.000000 1.000000 0.000000
0.967343 0.253469 0.000000 203.801960 -0.253469 0.967343 0.000000 -27.745236 0.000000 0.000000 1.000000 0.000000
0.967586 0.252543 0.000000 204.395830 -0.252543 0.967586 0.000000 -27.918931 0.000000 0.000000 1.000000 0.000000
0.967678 0.252190 0.000000 204.948825 -0.252190 0.967678 0.000000 -28.075105 0.000000 0.000000 1.000000 0.000000
0.967723 0.252015 0.000000 205.504184 -0.252015 0.967723 0.000000 -28.229029 0.000000 0.000000 1.000000 0.000000
0.967883 0.251400 0.000000 206.059464 -0.251400 0.967883 0.000000 -28.384115 0.000000 0.000000 1.000000 0.000000
0.967776 0.251811 0.000000 206.599473 -0.251811 0.967776 0.000000 -28.536023 0.000000 0.000000 1.000000 0.000000
0.968043 0.250784 0.000000 207.148205 -0.250784 0.968043 0.000000 -28.695562 0.000000 0.000000 1.000000 0.000000
0.968555 0.248798 0.000000 207.703984 -0.248798 0.968555 0.000000 -28.858412 0.000000 0.000000 1.000000 0.000000
0.968171 0.250289 0.000000 208.252143 -0.250289 0.968171 0.000000 -29.013231 0.000000 0.000000 1.000000 0.000000
0.967460 0.253023 0.000000 208.791386 -0.253023 0.967460 0.000000 -29.172784 0.000000 0.000000 1.000000 0.000000
0.968067 0.250692 0.000000 209.330989 -0.250692 0.968067 0.000000 -29.328763 0.000000 0.000000 1.000000 0.000000
0.968685 0.248293 0.000000 209.912246 -0.248293 0.968685 0.000000 -29.494819 0.000000 0.000000 1.000000 0.000000
0.969270 0.246001 0.000000 210.458328 -0.246001 0.969270 0.000000 -29.649354 0.000000 0.000000 1.000000 0.000000
0.969728 0.244188 0.000000 211.008055 -0.244188 0.969728 0.000000 -29.800712 0.000000 0.000000 1.000000 0.000000
0.969678 0.244385 0.000000 211.512677 -0.244385 0.969678 0.000000 -29.941885 0.000000 0.000000 1.000000 0.000000
0.969292 0.245912 0.000000 212.056267 -0.245912 0.969292 0.000000 -30.091802 0.000000 0.000000 1.000000 0.000000
0.969210 0.246237 0.000000 212.632447 -0.246237 0.969210 0.000000 -30.258424 0.000000 0.000000 1.000000 0.000000
0.969894 0.243526 0.000000 213.175197 -0.243526 0.969894 0.000000 -30.409538 0.000000 0.000000 1.000000 0.000000
0.970244 0.242129 0.000000 213.716846 -0.242129 0.970244 0.000000 -30.557430 0.000000 0.000000 1.000000 0.000000
0.970362 0.241655 0.000000 214.232961 -0.241655 0.970362 0.000000 -30.698600 0.000000 0.000000 1.000000 0.000000
0.971341 0.237689 0.000000 215.295366 -0.237689 0.971341 0.000000 -30.995290 0.000000 0.000000 1.000000 0.000000
0.972026 0.234873 0.000000 215.818699 -0.234873 0.972026 0.000000 -31.139128 0.000000 0.000000 1.000000 0.000000
0.972593 0.232514 0.000000 216.341245 -0.232514 0.972593 0.000000 -31.275936 0.000000 0.000000 1.000000 0.000000
0.972894 0.231250 0.000000 216.843805 -0.231250 0.972894 0.000000 -31.406416 0.000000 0.000000 1.000000 0.000000
0.973098 0.230392 0.000000 217.383911 -0.230392 0.973098 0.000000 -31.549766 0.000000 0.000000 1.000000 0.000000
0.973579 0.228351 0.000000 217.914627 -0.228351 0.973579 0.000000 -31.685669 0.000000 0.000000 1.000000 0.000000
0.973913 0.226923 0.000000 218.454492 -0.226923 0.973913 0.000000 -31.818264 0.000000 0.000000 1.000000 0.000000
0.974194 0.225713 0.000000 218.954721 -0.225713 0.974194 0.000000 -31.945279 0.000000 0.000000 1.000000 0.000000
0.974327 0.225139 0.000000 219.486306 -0.225139 0.974327 0.000000 -32.081729 0.000000 0.000000 1.000000 0.000000
0.974186 0.225745 0.000000 219.979703 -0.225745 0.974186 0.000000 -32.205710 0.000000 0.000000 1.000000 0.000000
0.974185 0.225752 0.000000 220.502016 -0.225752 0.974185 0.000000 -32.334997 0.000000 0.000000 1.000000 0.000000
0.974329 0.225129 0.000000 221.028617 -0.225129 0.974329 0.000000 -32.465349 0.000000 0.000000 1.000000 0.000000
0.974686 0.223577 0.000000 221.548800 -0.223577 0.974686 0.000000 -32.600141 0.000000 0.000000 1.000000 0.000000
0.974983 0.222279 0.000000 222.039086 -0.222279 0.974983 0.000000 -32.725053 0.000000 0.000000 1.000000 0.000000
0.975298 0.220895 0.000000 222.561507 -0.220895 0.975298 0.000000 -32.852202 0.000000 0.000000 1.000000 0.000000
0.975752 0.218879 0.000000 223.214898 -0.218879 0.975752 0.000000 -33.011405 0.000000 0.000000 1.000000 0.000000
0.975821 0.218572 0.000000 223.840954 -0.218572 0.975821 0.000000 -33.168117 0.000000 0.000000 1.000000 0.000000
0.975917 0.218144 0.000000 224.361492 -0.218144 0.975917 0.000000 -33.295996 0.000000 0.000000 1.000000 0.000000
0.976301 0.216418 0.000000 224.883608 -0.216418 0.976301 0.000000 -33.423862 0.000000 0.000000 1.000000 0.000000
0.976864 0.213860 0.000000 225.402177 -0.213860 0.976864 0.000000 -33.550515 0.000000 0.000000 1.000000 0.000000
0.977312 0.211805 0.000000 225.924096 -0.211805 0.977312 0.000000 -33.673054 0.000000 0.000000 1.000000 0.000000
0.977863 0.209247 0.000000 226.444857 -0.209247 0.977863 0.000000 -33.799610 0.000000 0.000000 1.000000 0.000000
0.978342 0.206995 0.000000 227.342671 -0.206995 0.978342 0.000000 -34.015129 0.000000 0.000000 1.000000 0.000000
0.978117 0.208053 0.000000 227.868099 -0.208053 0.978117 0.000000 -34.141049 0.000000 0.000000 1.000000 0.000000
0.977793 0.209573 0.000000 228.354110 -0.209573 0.977793 0.000000 -34.256155 0.000000 0.000000 1.000000 0.000000
0.977191 0.212363 0.000000 228.873561 -0.212363 0.977191 0.000000 -34.384269 0.000000 0.000000 1.000000 0.000000
0.976704 0.214592 0.000000 229.392200 -0.214592 0.976704 0.000000 -34.508080 0.000000 0.000000 1.000000 0.000000
0.976609 0.215022 0.000000 229.906727 -0.215022 0.976609 0.000000 -34.633810 0.000000 0.000000 1.000000 0.000000
0.976872 0.213824 0.000000 230.422679 -0.213824 0.976872 0.000000 -34.769485 0.000000 0.000000 1.000000 0.000000
0.976548 0.215300 0.000000 230.936794 -0.215300 0.976548 0.000000 -34.895185 0.000000 0.000000 1.000000 0.000000
0.975988 0.217824 0.000000 231.450873 -0.217824 0.975988 0.000000 -35.018456 0.000000 0.000000 1.000000 0.000000
0.975681 0.219193 0.000000 231.972668 -0.219193 0.975681 0.000000 -35.149007 0.000000 0.000000 1.000000 0.000000
0.975342 0.220700 0.000000 232.487900 -0.220700 0.975342 0.000000 -35.278954 0.000000 0.000000 1.000000 0.000000
0.975101 0.221762 0.000000 233.010462 -0.221762 0.975101 0.000000 -35.410553 0.000000 0.000000 1.000000 0.000000
0.975031 0.222068 0.000000 233.529268 -0.222068 0.975031 0.000000 -35.545738 0.000000 0.000000 1.000000 0.000000
0.974832 0.222941 0.000000 234.038467 -0.222941 0.974832 0.000000 -35.676127 0.000000 0.000000 1.000000 0.000000
0.974747 0.223311 0.000000 234.554770 -0.223311 0.974747 0.000000 -35.812178 0.000000 0.000000 1.000000 0.000000
0.974687 0.223575 0.000000 235.073108 -0.223575 0.974687 0.000000 -35.947974 0.000000 0.000000 1.000000 0.000000
0.974658 0.223699 0.000000 235.624824 -0.223699 0.974658 0.000000 -36.095160 0.000000 0.000000 1.000000 0.000000
0.974422 0.224725 0.000000 236.106198 -0.224725 0.974422 0.000000 -36.219742 0.000000 0.000000 1.000000 0.000000
0.973805 0.227384 0.000000 236.617329 -0.227384 0.973805 0.000000 -36.355899 0.000000 0.000000 1.000000 0.000000
0.973063 0.230538 0.000000 237.136653 -0.230538 0.973063 0.000000 -36.497817 0.000000 0.000000 1.000000 0.000000
0.973083 0.230454 0.000000 237.646878 -0.230454 0.973083 0.000000 -36.643862 0.000000 0.000000 1.000000 0.000000
0.973388 0.229164 0.000000 238.156477 -0.229164 0.973388 0.000000 -36.790168 0.000000 0.000000 1.000000 0.000000
0.973321 0.229448 0.000000 238.663758 -0.229448 0.973321 0.000000 -36.925998 0.000000 0.000000 1.000000 0.000000
0.973038 0.230645 0.000000 239.173088 -0.230645 0.973038 0.000000 -37.063791 0.000000 0.000000 1.000000 0.000000
0.972954 0.231000 0.000000 239.682900 -0.231000 0.972954 0.000000 -37.206350 0.000000 0.000000 1.000000 0.000000
0.972546 0.232710 0.000000 240.195671 -0.232710 0.972546 0.000000 -37.344719 0.000000 0.000000 1.000000 0.000000
0.971617 0.236559 0.000000 240.744689 -0.236559 0.971617 0.000000 -37.488061 0.000000 0.000000 1.000000 0.000000
0.971045 0.238897 0.000000 241.252223 -0.238897 0.971045 0.000000 -37.631074 0.000000 0.000000 1.000000 0.000000
0.970566 0.240835 0.000000 241.728301 -0.240835 0.970566 0.000000 -37.764944 0.000000 0.000000 1.000000 0.000000
0.970014 0.243050 0.000000 242.237402 -0.243050 0.970014 0.000000 -37.900900 0.000000 0.000000 1.000000 0.000000
0.968412 0.249357 0.000000 243.251916 -0.249357 0.968412 0.000000 -38.172076 0.000000 0.000000 1.000000 0.000000
0.967579 0.252570 0.000000 243.764929 -0.252570 0.967579 0.000000 -38.309546 0.000000 0.000000 1.000000 0.000000
0.967121 0.254317 0.000000 244.483582 -0.254317 0.967121 0.000000 -38.502937 0.000000 0.000000 1.000000 0.000000
0.967577 0.252576 0.000000 245.459146 -0.252576 0.967577 0.000000 -38.775107 0.000000 0.000000 1.000000 0.000000
0.967186 0.254071 0.000000 245.964084 -0.254071 0.967186 0.000000 -38.914607 0.000000 0.000000 1.000000 0.000000
0.966654 0.256087 0.000000 246.466141 -0.256087 0.966654 0.000000 -39.055039 0.000000 0.000000 1.000000 0.000000
0.966374 0.257139 0.000000 246.959901 -0.257139 0.966374 0.000000 -39.198166 0.000000 0.000000 1.000000 0.000000
0.966126 0.258071 0.000000 247.463331 -0.258071 0.966126 0.000000 -39.347415 0.000000 0.000000 1.000000 0.000000
0.965836 0.259152 0.000000 247.961042 -0.259152 0.965836 0.000000 -39.499419 0.000000 0.000000 1.000000 0.000000
0.965685 0.259718 0.000000 248.458974 -0.259718 0.965685 0.000000 -39.650455 0.000000 0.000000 1.000000 0.000000
0.965812 0.259244 0.000000 248.954612 -0.259244 0.965812 0.000000 -39.795578 0.000000 0.000000 1.000000 0.000000
0.966645 0.256119 0.000000 249.445138 -0.256119 0.966645 0.000000 -39.945584 0.000000 0.000000 1.000000 0.000000
0.967834 0.251589 0.000000 249.936542 -0.251589 0.967834 0.000000 -40.088318 0.000000 0.000000 1.000000 0.000000
0.968362 0.249551 0.000000 250.394608 -0.249551 0.968362 0.000000 -40.212755 0.000000 0.000000 1.000000 0.000000
0.968417 0.249336 0.000000 250.890872 -0.249336 0.968417 0.000000 -40.341522 0.000000 0.000000 1.000000 0.000000
0.968442 0.249241 0.000000 251.380001 -0.249241 0.968442 0.000000 -40.470591 0.000000 0.000000 1.000000 0.000000
0.968682 0.248303 0.000000 251.866096 -0.248303 0.968682 0.000000 -40.596965 0.000000 0.000000 1.000000 0.000000
0.968979 0.247142 0.000000 252.355597 -0.247142 0.968979 0.000000 -40.722027 0.000000 0.000000 1.000000 0.000000
0.969113 0.246619 0.000000 252.839165 -0.246619 0.969113 0.000000 -40.843831 0.000000 0.000000 1.000000 0.000000
0.968772 0.247952 0.000000 253.330190 -0.247952 0.968772 0.000000 -40.970416 0.000000 0.000000 1.000000 0.000000
0.968276 0.249884 0.000000 253.806176 -0.249884 0.968276 0.000000 -41.091677 0.000000 0.000000 1.000000 0.000000
0.967516 0.252809 0.000000 254.287626 -0.252809 0.967516 0.000000 -41.212489 0.000000 0.000000 1.000000 0.000000
0.967031 0.254657 0.000000 254.755962 -0.254657 0.967031 0.000000 -41.337531 0.000000 0.000000 1.000000 0.000000
0.967497 0.252884 0.000000 255.224080 -0.252884 0.967497 0.000000 -41.465709 0.000000 0.000000 1.000000 0.000000
0.967767 0.251848 0.000000 255.692935 -0.251848 0.967767 0.000000 -41.589938 0.000000 0.000000 1.000000 0.000000
0.967417 0.253188 0.000000 256.115653 -0.253188 0.967417 0.000000 -41.703044 0.000000 0.000000 1.000000 0.000000
0.967110 0.254359 0.000000 256.565756 -0.254359 0.967110 0.000000 -41.827791 0.000000 0.000000 1.000000 0.000000
0.967050 0.254586 0.000000 257.015807 -0.254586 0.967050 0.000000 -41.953762 0.000000 0.000000 1.000000 0.000000
0.967057 0.254562 0.000000 257.451849 -0.254562 0.967057 0.000000 -42.075890 0.000000 0.000000 1.000000 0.000000
0.967148 0.254214 0.000000 257.899886 -0.254214 0.967148 0.000000 -42.198636 0.000000 0.000000 1.000000 0.000000
0.967154 0.254189 0.000000 258.331733 -0.254189 0.967154 0.000000 -42.319991 0.000000 0.000000 1.000000 0.000000
0.967241 0.253860 0.000000 258.755014 -0.253860 0.967241 0.000000 -42.445508 0.000000 0.000000 1.000000 0.000000
0.967747 0.251925 0.000000 259.181994 -0.251925 0.967747 0.000000 -42.562255 0.000000 0.000000 1.000000 0.000000
0.968300 0.249789 0.000000 259.613202 -0.249789 0.968300 0.000000 -42.681283 0.000000 0.000000 1.000000 0.000000
0.968719 0.248159 0.000000 260.168420 -0.248159 0.968719 0.000000 -42.826841 0.000000 0.000000 1.000000 0.000000
0.968358 0.249564 0.000000 260.581899 -0.249564 0.968358 0.000000 -42.931881 0.000000 0.000000 1.000000 0.000000
0.968318 0.249721 0.000000 260.991593 -0.249721 0.968318 0.000000 -43.043611 0.000000 0.000000 1.000000 0.000000
0.968471 0.249126 0.000000 261.393983 -0.249126 0.968471 0.000000 -43.152658 0.000000 0.000000 1.000000 0.000000
0.968569 0.248746 0.000000 261.800179 -0.248746 0.968569 0.000000 -43.262567 0.000000 0.000000 1.000000 0.000000
0.968714 0.248181 0.000000 262.187796 -0.248181 0.968714 0.000000 -43.361417 0.000000 0.000000 1.000000 0.000000
0.968302 0.249784 0.000000 262.586485 -0.249784 0.968302 0.000000 -43.464269 0.000000 0.000000 1.000000 0.000000
0.967816 0.251657 0.000000 263.007148 -0.251657 0.967816 0.000000 -43.574475 0.000000 0.000000 1.000000 0.000000
0.967290 0.253674 0.000000 263.394618 -0.253674 0.967290 0.000000 -43.675631 0.000000 0.000000 1.000000 0.000000
0.966965 0.254908 0.000000 263.775195 -0.254908 0.966965 0.000000 -43.776390 0.000000 0.000000 1.000000 0.000000
0.967184 0.254075 0.000000 264.150673 -0.254075 0.967184 0.000000 -43.884067 0.000000 0.000000 1.000000 0.000000
0.967043 0.254614 0.000000 264.520698 -0.254614 0.967043 0.000000 -43.985338 0.000000 0.000000 1.000000 0.000000
0.966546 0.256494 0.000000 264.887116 -0.256494 0.966546 0.000000 -44.087406 0.000000 0.000000 1.000000 0.000000
0.966351 0.257228 0.000000 265.246426 -0.257228 0.966351 0.000000 -44.192907 0.000000 0.000000 1.000000 0.000000
0.966526 0.256567 0.000000 265.601310 -0.256567 0.966526 0.000000 -44.293800 0.000000 0.000000 1.000000 0.000000
0.966829 0.255424 0.000000 265.957411 -0.255424 0.966829 0.000000 -44.389326 0.000000 0.000000 1.000000 0.000000
0.966890 0.255193 0.000000 266.307273 -0.255193 0.966890 0.000000 -44.483910 0.000000 0.000000 1.000000 0.000000
0.966681 0.255983 0.000000 266.651847 -0.255983 0.966681 0.000000 -44.577705 0.000000 0.000000 1.000000 0.000000
0.966984 0.254839 0.000000 266.990032 -0.254839 0.966984 0.000000 -44.679042 0.000000 0.000000 1.000000 0.000000
0.967560 0.252643 0.000000 267.325408 -0.252643 0.967560 0.000000 -44.776253 0.000000 0.000000 1.000000 0.000000
0.967549 0.252685 0.000000 267.987949 -0.252685 0.967549 0.000000 -44.963311 0.000000 0.000000 1.000000 0.000000
0.967543 0.252708 0.000000 268.306252 -0.252708 0.967543 0.000000 -45.049810 0.000000 0.000000 1.000000 0.000000
0.967719 0.252032 0.000000 268.624322 -0.252032 0.967719 0.000000 -45.140347 0.000000 0.000000 1.000000 0.000000
0.967741 0.251947 0.000000 268.939637 -0.251947 0.967741 0.000000 -45.224925 0.000000 0.000000 1.000000 0.000000
0.967258 0.253796 0.000000 269.254625 -0.253796 0.967258 0.000000 -45.304982 0.000000 0.000000 1.000000 0.000000
0.966327 0.257317 0.000000 269.843925 -0.257317 0.966327 0.000000 -45.462623 0.000000 0.000000 1.000000 0.000000
0.966483 0.256730 0.000000 270.140444 -0.256730 0.966483 0.000000 -45.541882 0.000000 0.000000 1.000000 0.000000
0.966887 0.255205 0.000000 270.417890 -0.255205 0.966887 0.000000 -45.621737 0.000000 0.000000 1.000000 0.000000
0.967323 0.253548 0.000000 270.699764 -0.253548 0.967323 0.000000 -45.705981 0.000000 0.000000 1.000000 0.000000
0.967533 0.252745 0.000000 270.961492 -0.252745 0.967533 0.000000 -45.777502 0.000000 0.000000 1.000000 0.000000
0.966646 0.256117 0.000000 273.544713 -0.256117 0.966646 0.000000 -46.453407 0.000000 0.000000 1.000000 0.000000
0.965907 0.258888 0.000000 273.787697 -0.258888 0.965907 0.000000 -46.516934 0.000000 0.000000 1.000000 0.000000
0.965882 0.258984 0.000000 274.026931 -0.258984 0.965882 0.000000 -46.582807 0.000000 0.000000 1.000000 0.000000
0.966696 0.255927 0.000000 274.321380 -0.255927 0.966696 0.000000 -46.669594 0.000000 0.000000 1.000000 0.000000
0.967288 0.253679 0.000000 274.659466 -0.253679 0.967288 0.000000 -46.764885 0.000000 0.000000 1.000000 0.000000
0.967137 0.254255 0.000000 274.942780 -0.254255 0.967137 0.000000 -46.840981 0.000000 0.000000 1.000000 0.000000
0.967106 0.254373 0.000000 275.162274 -0.254373 0.967106 0.000000 -46.903297 0.000000 0.000000 1.000000 0.000000
0.967451 0.253059 0.000000 275.378231 -0.253059 0.967451 0.000000 -46.965681 0.000000 0.000000 1.000000 0.000000
0.967671 0.252217 0.000000 275.587771 -0.252217 0.967671 0.000000 -47.028088 0.000000 0.000000 1.000000 0.000000
0.967395 0.253273 0.000000 275.795495 -0.253273 0.967395 0.000000 -47.086571 0.000000 0.000000 1.000000 0.000000
0.966805 0.255516 0.000000 276.005403 -0.255516 0.966805 0.000000 -47.142667 0.000000 0.000000 1.000000 0.000000
0.966898 0.255163 0.000000 276.211946 -0.255163 0.966898 0.000000 -47.203869 0.000000 0.000000 1.000000 0.000000
0.967240 0.253864 0.000000 276.414322 -0.253864 0.967240 0.000000 -47.259998 0.000000 0.000000 1.000000 0.000000
0.966769 0.255650 0.000000 276.613688 -0.255650 0.966769 0.000000 -47.317687 0.000000 0.000000 1.000000 0.000000
0.966279 0.257498 0.000000 276.809233 -0.257498 0.966279 0.000000 -47.374378 0.000000 0.000000 1.000000 0.000000
0.966240 0.257643 0.000000 277.014724 -0.257643 0.966240 0.000000 -47.438078 0.000000 0.000000 1.000000 0.000000
0.966532 0.256546 0.000000 277.190688 -0.256546 0.966532 0.000000 -47.492051 0.000000 0.000000 1.000000 0.000000
0.966754 0.255709 0.000000 277.388666 -0.255709 0.966754 0.000000 -47.552657 0.000000 0.000000 1.000000 0.000000
0.966738 0.255768 0.000000 277.560065 -0.255768 0.966738 0.000000 -47.600096 0.000000 0.000000 1.000000 0.000000
0.966307 0.257392 0.000000 277.741054 -0.257392 0.966307 0.000000 -47.646060 0.000000 0.000000 1.000000 0.000000
0.966061 0.258315 0.000000 277.913301 -0.258315 0.966061 0.000000 -47.700377 0.000000 0.000000 1.000000 0.000000
0.966003 0.258532 0.000000 278.077052 -0.258532 0.966003 0.000000 -47.748664 0.000000 0.000000 1.000000 0.000000
0.965234 0.261386 0.000000 278.231837 -0.261386 0.965234 0.000000 -47.791935 0.000000 0.000000 1.000000 0.000000
0.964655 0.263517 0.000000 278.390523 -0.263517 0.964655 0.000000 -47.837408 0.000000 0.000000 1.000000 0.000000
0.964813 0.262938 0.000000 278.534311 -0.262938 0.964813 0.000000 -47.880225 0.000000 0.000000 1.000000 0.000000
0.964949 0.262439 0.000000 278.770621 -0.262439 0.964949 0.000000 -47.945253 0.000000 0.000000 1.000000 0.000000
0.964296 0.264827 0.000000 278.917262 -0.264827 0.964296 0.000000 -47.982163 0.000000 0.000000 1.000000 0.000000
0.964091 0.265574 0.000000 279.061109 -0.265574 0.964091 0.000000 -48.018222 0.000000 0.000000 1.000000 0.000000
0.964093 0.265564 0.000000 279.194456 -0.265564 0.964093 0.000000 -48.053790 0.000000 0.000000 1.000000 0.000000
0.964547 0.263913 0.000000 279.434436 -0.263913 0.964547 0.000000 -48.124036 0.000000 0.000000 1.000000 0.000000
0.964755 0.263151 0.000000 279.549245 -0.263151 0.964755 0.000000 -48.151422 0.000000 0.000000 1.000000 0.000000
0.964264 0.264943 0.000000 279.660322 -0.264943 0.964264 0.000000 -48.179765 0.000000 0.000000 1.000000 0.000000
0.964055 0.265702 0.000000 279.758571 -0.265702 0.964055 0.000000 -48.206393 0.000000 0.000000 1.000000 0.000000
0.963996 0.265917 0.000000 279.838944 -0.265917 0.963996 0.000000 -48.235873 0.000000 0.000000 1.000000 0.000000
0.964605 0.263698 0.000000 279.956077 -0.263698 0.964605 0.000000 -48.278768 0.000000 0.000000 1.000000 0.000000
0.964370 0.264557 0.000000 280.019070 -0.264557 0.964370 0.000000 -48.299318 0.000000 0.000000 1.000000 0.000000
0.963987 0.265949 0.000000 280.084775 -0.265949 0.963987 0.000000 -48.318108 0.000000 0.000000 1.000000 0.000000
0.963853 0.266436 0.000000 280.130427 -0.266436 0.963853 0.000000 -48.336059 0.000000 0.000000 1.000000 0.000000
0.963909 0.266232 0.000000 280.163930 -0.266232 0.963909 0.000000 -48.348372 0.000000 0.000000 1.000000 0.000000
0.964028 0.265800 0.000000 280.192228 -0.265800 0.964028 0.000000 -48.359277 0.000000 0.000000 1.000000 0.000000
0.963984 0.265959 0.000000 280.210905 -0.265959 0.963984 0.000000 -48.365527 0.000000 0.000000 1.000000 0.000000
0.964149 0.265361 0.000000 280.224573 -0.265361 0.964149 0.000000 -48.370107 0.000000 0.000000 1.000000 0.000000
0.964402 0.264440 0.000000 280.231051 -0.264440 0.964402 0.000000 -48.376022 0.000000 0.000000 1.000000 0.000000
0.964551 0.263897 0.000000 280.231260 -0.263897 0.964551 0.000000 -48.378780 0.000000 0.000000 1.000000 0.000000
0.964637 0.263582 0.000000 280.230125 -0.263582 0.964637 0.000000 -48.381472 0.000000 0.000000 1.000000 0.000000
0.964811 0.262944 0.000000 280.229703 -0.262944 0.964811 0.000000 -48.380705 0.000000 0.000000 1.000000 0.000000
0.964891 0.262650 0.000000 280.229490 -0.262650 0.964891 0.000000 -48.379690 0.000000 0.000000 1.000000 0.000000
0.964897 0.262630 0.000000 280.228393 -0.262630 0.964897 0.000000 -48.377373 0.000000 0.000000 1.000000 0.000000
0.964876 0.262707 0.000000 280.227278 -0.262707 0.964876 0.000000 -48.375311 0.000000 0.000000 1.000000 0.000000
0.964848 0.262810 0.000000 280.225126 -0.262810 0.964848 0.000000 -48.372628 0.000000 0.000000 1.000000 0.000000
0.964834 0.262860 0.000000 280.224535 -0.262860 0.964834 0.000000 -48.369599 0.000000 0.000000 1.000000 0.000000
0.964845 0.262818 0.000000 280.222989 -0.262818 0.964845 0.000000 -48.366691 0.000000 0.000000 1.000000 0.000000
0.964854 0.262786 0.000000 280.221808 -0.262786 0.964854 0.000000 -48.363086 0.000000 0.000000 1.000000 0.000000
0.964865 0.262745 0.000000 280.221414 -0.262745 0.964865 0.000000 -48.360333 0.000000 0.000000 1.000000 0.000000
0.964872 0.262719 0.000000 280.220982 -0.262719 0.964872 0.000000 -48.357396 0.000000 0.000000 1.000000 0.000000
0.964859 0.262768 0.000000 280.221856 -0.262768 0.964859 0.000000 -48.355214 0.000000 0.000000 1.000000 0.000000
0.964872 0.262721 0.000000 280.221982 -0.262721 0.964872 0.000000 -48.353494 0.000000 0.000000 1.000000 0.000000
0.964858 0.262773 0.000000 280.221991 -0.262773 0.964858 0.000000 -48.353334 0.000000 0.000000 1.000000 0.000000
0.964851 0.262799 0.000000 280.222684 -0.262799 0.964851 0.000000 -48.352679 0.000000 0.000000 1.000000 0.000000
0.964883 0.262680 0.000000 280.222627 -0.262680 0.964883 0.000000 -48.352902 0.000000 0.000000 1.000000 0.000000
0.964866 0.262741 0.000000 280.222751 -0.262741 0.964866 0.000000 -48.352769 0.000000 0.000000 1.000000 0.000000
0.964863 0.262752 0.000000 280.222866 -0.262752 0.964863 0.000000 -48.353074 0.000000 0.000000 1.000000 0.000000
0.964863 0.262752 0.000000 280.222937 -0.262752 0.964863 0.000000 -48.354048 0.000000 0.000000 1.000000 0.000000
0.964864 0.262751 0.000000 280.222882 -0.262751 0.964864 0.000000 -48.354326 0.000000 0.000000 1.000000 0.000000
0.964889 0.262657 0.000000 280.222882 -0.262657 0.964889 0.000000 -48.355029 0.000000 0.000000 1.000000 0.000000
0.964901 0.262612 0.000000 280.222890 -0.262612 0.964901 0.000000 -48.355851 0.000000 0.000000 1.000000 0.000000
0.964884 0.262676 0.000000 280.222911 -0.262676 0.964884 0.000000 -48.356502 0.000000 0.000000 1.000000 0.000000
0.964898 0.262623 0.000000 280.222826 -0.262623 0.964898 0.000000 -48.357331 0.000000 0.000000 1.000000 0.000000
0.964923 0.262533 0.000000 280.222698 -0.262533 0.964923 0.000000 -48.358181 0.000000 0.000000 1.000000 0.000000
0.964917 0.262555 0.000000 280.222734 -0.262555 0.964917 0.000000 -48.358799 0.000000 0.000000 1.000000 0.000000
0.964913 0.262568 0.000000 280.222712 -0.262568 0.964913 0.000000 -48.359020 0.000000 0.000000 1.000000 0.000000
0.964906 0.262594 0.000000 280.222602 -0.262594 0.964906 0.000000 -48.359388 0.000000 0.000000 1.000000 0.000000
0.964898 0.262623 0.000000 280.222211 -0.262623 0.964898 0.000000 -48.360047 0.000000 0.000000 1.000000 0.000000
0.964889 0.262657 0.000000 280.221635 -0.262657 0.964889 0.000000 -48.361043 0.000000 0.000000 1.000000 0.000000
0.964874 0.262712 0.000000 280.221286 -0.262712 0.964874 0.000000 -48.361593 0.000000 0.000000 1.000000 0.000000
0.964871 0.262722 0.000000 280.221278 -0.262722 0.964871 0.000000 -48.361711 0.000000 0.000000 1.000000 0.000000
0.964857 0.262777 0.000000 280.221387 -0.262777 0.964857 0.000000 -48.361742 0.000000 0.000000 1.000000 0.000000
0.964856 0.262780 0.000000 280.221385 -0.262780 0.964856 0.000000 -48.361822 0.000000 0.000000 1.000000 0.000000
0.964850 0.262803 0.000000 280.221326 -0.262803 0.964850 0.000000 -48.361816 0.000000 0.000000 1.000000 0.000000
0.964845 0.262818 0.000000 280.221370 -0.262818 0.964845 0.000000 -48.361873 0.000000 0.000000 1.000000 0.000000
0.964868 0.262737 0.000000 280.221452 -0.262737 0.964868 0.000000 -48.362075 0.000000 0.000000 1.000000 0.000000
0.964855 0.262784 0.000000 280.221534 -0.262784 0.964855 0.000000 -48.362027 0.000000 0.000000 1.000000 0.000000
0.964821 0.262907 0.000000 280.221188 -0.262907 0.964821 0.000000 -48.361961 0.000000 0.000000 1.000000 0.000000
0.964830 0.262874 0.000000 280.221230 -0.262874 0.964830 0.000000 -48.362014 0.000000 0.000000 1.000000 0.000000
0.964792 0.263015 0.000000 280.221129 -0.263015 0.964792 0.000000 -48.362299 0.000000 0.000000 1.000000 0.000000
0.964711 0.263310 0.000000 280.221385 -0.263310 0.964711 0.000000 -48.362417 0.000000 0.000000 1.000000 0.000000
0.964667 0.263473 0.000000 280.221582 -0.263473 0.964667 0.000000 -48.362368 0.000000 0.000000 1.000000 0.000000
0.964628 0.263616 0.000000 280.221976 -0.263616 0.964628 0.000000 -48.362472 0.000000 0.000000 1.000000 0.000000
0.964572 0.263820 0.000000 280.221861 -0.263820 0.964572 0.000000 -48.362645 0.000000 0.000000 1.000000 0.000000
0.964554 0.263884 0.000000 280.220921 -0.263884 0.964554 0.000000 -48.364537 0.000000 0.000000 1.000000 0.000000
0.964625 0.263627 0.000000 280.219776 -0.263627 0.964625 0.000000 -48.365848 0.000000 0.000000 1.000000 0.000000
0.964743 0.263193 0.000000 280.218579 -0.263193 0.964743 0.000000 -48.367494 0.000000 0.000000 1.000000 0.000000
0.964831 0.262872 0.000000 280.217615 -0.262872 0.964831 0.000000 -48.368664 0.000000 0.000000 1.000000 0.000000
0.964958 0.262403 0.000000 280.216422 -0.262403 0.964958 0.000000 -48.370197 0.000000 0.000000 1.000000 0.000000
0.965128 0.261778 0.000000 280.215021 -0.261778 0.965128 0.000000 -48.372329 0.000000 0.000000 1.000000 0.000000
0.965279 0.261219 0.000000 280.213806 -0.261219 0.965279 0.000000 -48.374314 0.000000 0.000000 1.000000 0.000000
0.965414 0.260722 0.000000 280.212394 -0.260722 0.965414 0.000000 -48.376829 0.000000 0.000000 1.000000 0.000000
0.965534 0.260277 0.000000 280.210892 -0.260277 0.965534 0.000000 -48.379625 0.000000 0.000000 1.000000 0.000000
0.965616 0.259974 0.000000 280.209592 -0.259974 0.965616 0.000000 -48.382221 0.000000 0.000000 1.000000 0.000000
0.965711 0.259619 0.000000 280.208198 -0.259619 0.965711 0.000000 -48.385454 0.000000 0.000000 1.000000 0.000000
0.965834 0.259161 0.000000 280.206924 -0.259161 0.965834 0.000000 -48.389289 0.000000 0.000000 1.000000 0.000000
0.965993 0.258568 0.000000 280.205459 -0.258568 0.965993 0.000000 -48.393899 0.000000 0.000000 1.000000 0.000000
0.965972 0.258647 0.000000 280.205719 -0.258647 0.965972 0.000000 -48.395802 0.000000 0.000000 1.000000 0.000000
0.965965 0.258671 0.000000 280.205963 -0.258671 0.965965 0.000000 -48.397823 0.000000 0.000000 1.000000 0.000000
0.965966 0.258670 0.000000 280.206292 -0.258670 0.965966 0.000000 -48.398638 0.000000 0.000000 1.000000 0.000000
0.965998 0.258550 0.000000 280.206306 -0.258550 0.965998 0.000000 -48.398758 0.000000 0.000000 1.000000 0.000000
0.966018 0.258475 0.000000 280.206349 -0.258475 0.966018 0.000000 -48.398925 0.000000 0.000000 1.000000 0.000000
0.966007 0.258515 0.000000 280.206513 -0.258515 0.966007 0.000000 -48.398872 0.000000 0.000000 1.000000 0.000000
0.965997 0.258552 0.000000 280.206771 -0.258552 0.965997 0.000000 -48.398440 0.000000 0.000000 1.000000 0.000000
0.966006 0.258519 0.000000 280.206831 -0.258519 0.966006 0.000000 -48.398178 0.000000 0.000000 1.000000 0.000000
0.966014 0.258488 0.000000 280.206949 -0.258488 0.966014 0.000000 -48.397980 0.000000 0.000000 1.000000 0.000000
0.966006 0.258521 0.000000 280.207288 -0.258521 0.966006 0.000000 -48.397679 0.000000 0.000000 1.000000 0.000000
0.966008 0.258514 0.000000 280.207379 -0.258514 0.966008 0.000000 -48.397615 0.000000 0.000000 1.000000 0.000000
0.966008 0.258513 0.000000 280.207380 -0.258513 0.966008 0.000000 -48.397615 0.000000 0.000000 1.000000 0.000000
0.965979 0.258622 0.000000 280.207621 -0.258622 0.965979 0.000000 -48.397997 0.000000 0.000000 1.000000 0.000000
0.965994 0.258563 0.000000 280.207666 -0.258563 0.965994 0.000000 -48.398346 0.000000 0.000000 1.000000 0.000000
0.965992 0.258570 0.000000 280.207851 -0.258570 0.965992 0.000000 -48.398366 0.000000 0.000000 1.000000 0.000000
0.965942 0.258757 0.000000 280.208351 -0.258757 0.965942 0.000000 -48.398195 0.000000 0.000000 1.000000 0.000000
0.965933 0.258793 0.000000 280.208762 -0.258793 0.965933 0.000000 -48.398258 0.000000 0.000000 1.000000 0.000000
0.965895 0.258934 0.000000 280.209143 -0.258934 0.965895 0.000000 -48.398249 0.000000 0.000000 1.000000 0.000000
0.965864 0.259051 0.000000 280.209524 -0.259051 0.965864 0.000000 -48.398294 0.000000 0.000000 1.000000 0.000000
0.965848 0.259110 0.000000 280.209812 -0.259110 0.965848 0.000000 -48.398355 0.000000 0.000000 1.000000 0.000000
0.965855 0.259082 0.000000 280.209904 -0.259082 0.965855 0.000000 -48.398449 0.000000 0.000000 1.000000 0.000000
0.965875 0.259010 0.000000 280.209988 -0.259010 0.965875 0.000000 -48.398534 0.000000 0.000000 1.000000 0.000000
0.965880 0.258991 0.000000 280.209832 -0.258991 0.965880 0.000000 -48.398679 0.000000 0.000000 1.000000 0.000000
0.965889 0.258956 0.000000 280.209661 -0.258956 0.965889 0.000000 -48.398770 0.000000 0.000000 1.000000 0.000000
0.965886 0.258966 0.000000 280.209257 -0.258966 0.965886 0.000000 -48.399041 0.000000 0.000000 1.000000 0.000000
0.965882 0.258982 0.000000 280.209016 -0.258982 0.965882 0.000000 -48.399245 0.000000 0.000000 1.000000 0.000000
0.965896 0.258932 0.000000 280.208694 -0.258932 0.965896 0.000000 -48.399537 0.000000 0.000000 1.000000 0.000000
0.965902 0.258909 0.000000 280.208480 -0.258909 0.965902 0.000000 -48.399671 0.000000 0.000000 1.000000 0.000000
0.965899 0.258918 0.000000 280.208113 -0.258918 0.965899 0.000000 -48.399896 0.000000 0.000000 1.000000 0.000000
0.965900 0.258917 0.000000 280.207757 -0.258917 0.965900 0.000000 -48.399976 0.000000 0.000000 1.000000 0.000000
0.965913 0.258865 0.000000 280.207719 -0.258865 0.965913 0.000000 -48.400065 0.000000 0.000000 1.000000 0.000000
0.965906 0.258892 0.000000 280.207614 -0.258892 0.965906 0.000000 -48.400027 0.000000 0.000000 1.000000 0.000000
0.965866 0.259041 0.000000 280.207729 -0.259041 0.965866 0.000000 -48.399959 0.000000 0.000000 1.000000 0.000000
0.965817 0.259226 0.000000 280.207752 -0.259226 0.965817 0.000000 -48.399780 0.000000 0.000000 1.000000 0.000000
0.965805 0.259269 0.000000 280.208000 -0.259269 0.965805 0.000000 -48.399758 0.000000 0.000000 1.000000 0.000000
0.965831 0.259173 0.000000 280.208140 -0.259173 0.965831 0.000000 -48.399805 0.000000 0.000000 1.000000 0.000000
0.965813 0.259239 0.000000 280.208225 -0.259239 0.965813 0.000000 -48.399722 0.000000 0.000000 1.000000 0.000000
0.965763 0.259427 0.000000 280.208428 -0.259427 0.965763 0.000000 -48.399425 0.000000 0.000000 1.000000 0.000000
0.965769 0.259405 0.000000 280.208483 -0.259405 0.965769 0.000000 -48.399433 0.000000 0.000000 1.000000 0.000000
0.965754 0.259459 0.000000 280.208734 -0.259459 0.965754 0.000000 -48.399348 0.000000 0.000000 1.000000 0.000000
0.965757 0.259447 0.000000 280.208972 -0.259447 0.965757 0.000000 -48.399340 0.000000 0.000000 1.000000 0.000000
0.965741 0.259507 0.000000 280.209165 -0.259507 0.965741 0.000000 -48.399109 0.000000 0.000000 1.000000 0.000000
0.965741 0.259509 0.000000 280.209351 -0.259509 0.965741 0.000000 -48.399006 0.000000 0.000000 1.000000 0.000000
0.965741 0.259509 0.000000 280.209355 -0.259509 0.965741 0.000000 -48.399004 0.000000 0.000000 1.000000 0.000000
0.965744 0.259498 0.000000 280.209388 -0.259498 0.965744 0.000000 -48.398949 0.000000 0.000000 1.000000 0.000000
0.965744 0.259498 0.000000 280.209154 -0.259498 0.965744 0.000000 -48.398892 0.000000 0.000000 1.000000 0.000000
0.965786 0.259339 0.000000 280.209012 -0.259339 0.965786 0.000000 -48.399101 0.000000 0.000000 1.000000 0.000000
0.965794 0.259311 0.000000 280.208810 -0.259311 0.965794 0.000000 -48.399217 0.000000 0.000000 1.000000 0.000000
0.965768 0.259408 0.000000 280.208610 -0.259408 0.965768 0.000000 -48.399024 0.000000 0.000000 1.000000 0.000000
0.965782 0.259354 0.000000 280.208378 -0.259354 0.965782 0.000000 -48.399010 0.000000 0.000000 1.000000 0.000000
0.965791 0.259322 0.000000 280.208169 -0.259322 0.965791 0.000000 -48.399133 0.000000 0.000000 1.000000 0.000000
0.965746 0.259489 0.000000 280.207984 -0.259489 0.965746 0.000000 -48.399036 0.000000 0.000000 1.000000 0.000000
0.965713 0.259612 0.000000 280.207628 -0.259612 0.965713 0.000000 -48.398843 0.000000 0.000000 1.000000 0.000000
0.965724 0.259572 0.000000 280.207669 -0.259572 0.965724 0.000000 -48.398904 0.000000 0.000000 1.000000 0.000000
0.965732 0.259542 0.000000 280.207618 -0.259542 0.965732 0.000000 -48.398898 0.000000 0.000000 1.000000 0.000000
0.965732 0.259541 0.000000 280.207620 -0.259541 0.965732 0.000000 -48.398897 0.000000 0.000000 1.000000 0.000000
0.965725 0.259568 0.000000 280.207575 -0.259568 0.965725 0.000000 -48.398866 0.000000 0.000000 1.000000 0.000000
0.965730 0.259548 0.000000 280.207526 -0.259548 0.965730 0.000000 -48.398828 0.000000 0.000000 1.000000 0.000000
0.965734 0.259532 0.000000 280.207278 -0.259532 0.965734 0.000000 -48.398782 0.000000 0.000000 1.000000 0.000000
0.965735 0.259532 0.000000 280.207275 -0.259532 0.965735 0.000000 -48.398781 0.000000 0.000000 1.000000 0.000000
0.965744 0.259495 0.000000 280.207211 -0.259495 0.965744 0.000000 -48.398798 0.000000 0.000000 1.000000 0.000000
0.965744 0.259496 0.000000 280.207212 -0.259496 0.965744 0.000000 -48.398792 0.000000 0.000000 1.000000 0.000000
0.965744 0.259496 0.000000 280.207211 -0.259496 0.965744 0.000000 -48.398791 0.000000 0.000000 1.000000 0.000000
0.965744 0.259495 0.000000 280.207213 -0.259495 0.965744 0.000000 -48.398789 0.000000 0.000000 1.000000 0.000000
0.965750 0.259476 0.000000 280.207170 -0.259476 0.965750 0.000000 -48.398752 0.000000 0.000000 1.000000 0.000000
0.965750 0.259475 0.000000 280.207173 -0.259475 0.965750 0.000000 -48.398749 0.000000 0.000000 1.000000 0.000000
0.965753 0.259462 0.000000 280.207269 -0.259462 0.965753 0.000000 -48.398839 0.000000 0.000000 1.000000 0.000000
0.965734 0.259535 0.000000 280.207273 -0.259535 0.965734 0.000000 -48.398661 0.000000 0.000000 1.000000 0.000000
0.965734 0.259535 0.000000 280.207274 -0.259535 0.965734 0.000000 -48.398659 0.000000 0.000000 1.000000 0.000000
0.965734 0.259535 0.000000 280.207276 -0.259535 0.965734 0.000000 -48.398659 0.000000 0.000000 1.000000 0.000000
0.965723 0.259577 0.000000 280.207346 -0.259577 0.965723 0.000000 -48.398635 0.000000 0.000000 1.000000 0.000000
0.965704 0.259647 0.000000 280.207346 -0.259647 0.965704 0.000000 -48.398475 0.000000 0.000000 1.000000 0.000000
0.965699 0.259663 0.000000 280.207368 -0.259663 0.965699 0.000000 -48.398421 0.000000 0.000000 1.000000 0.000000
0.965683 0.259723 0.000000 280.207357 -0.259723 0.965683 0.000000 -48.398433 0.000000 0.000000 1.000000 0.000000
0.965651 0.259843 0.000000 280.207430 -0.259843 0.965651 0.000000 -48.398218 0.000000 0.000000 1.000000 0.000000
0.965650 0.259846 0.000000 280.207443 -0.259846 0.965650 0.000000 -48.398205 0.000000 0.000000 1.000000 0.000000
0.965627 0.259933 0.000000 280.207580 -0.259933 0.965627 0.000000 -48.398140 0.000000 0.000000 1.000000 0.000000
0.965625 0.259938 0.000000 280.207541 -0.259938 0.965625 0.000000 -48.397932 0.000000 0.000000 1.000000 0.000000
0.965650 0.259846 0.000000 280.207449 -0.259846 0.965650 0.000000 -48.397867 0.000000 0.000000 1.000000 0.000000
0.965628 0.259928 0.000000 280.207484 -0.259928 0.965628 0.000000 -48.397731 0.000000 0.000000 1.000000 0.000000
0.965613 0.259984 0.000000 280.207430 -0.259984 0.965613 0.000000 -48.397636 0.000000 0.000000 1.000000 0.000000
0.965551 0.260215 0.000000 280.207293 -0.260215 0.965551 0.000000 -48.397410 0.000000 0.000000 1.000000 0.000000
0.965538 0.260262 0.000000 280.207253 -0.260262 0.965538 0.000000 -48.397310 0.000000 0.000000 1.000000 0.000000
0.965537 0.260265 0.000000 280.207181 -0.260265 0.965537 0.000000 -48.397359 0.000000 0.000000 1.000000 0.000000
0.965553 0.260206 0.000000 280.207195 -0.260206 0.965553 0.000000 -48.397187 0.000000 0.000000 1.000000 0.000000
0.965553 0.260205 0.000000 280.207192 -0.260205 0.965553 0.000000 -48.397185 0.000000 0.000000 1.000000 0.000000
0.965517 0.260340 0.000000 280.207016 -0.260340 0.965517 0.000000 -48.397145 0.000000 0.000000 1.000000 0.000000
0.965514 0.260352 0.000000 280.206970 -0.260352 0.965514 0.000000 -48.397134 0.000000 0.000000 1.000000 0.000000
0.965480 0.260476 0.000000 280.206976 -0.260476 0.965480 0.000000 -48.396951 0.000000 0.000000 1.000000 0.000000
0.965422 0.260691 0.000000 280.206930 -0.260691 0.965422 0.000000 -48.396639 0.000000 0.000000 1.000000 0.000000
0.965409 0.260739 0.000000 280.206903 -0.260739 0.965409 0.000000 -48.396302 0.000000 0.000000 1.000000 0.000000
0.965384 0.260833 0.000000 280.206677 -0.260833 0.965384 0.000000 -48.395909 0.000000 0.000000 1.000000 0.000000
0.965378 0.260854 0.000000 280.206404 -0.260854 0.965378 0.000000 -48.395597 0.000000 0.000000 1.000000 0.000000
0.965435 0.260645 0.000000 280.206210 -0.260645 0.965435 0.000000 -48.395795 0.000000 0.000000 1.000000 0.000000
0.965492 0.260433 0.000000 280.205829 -0.260433 0.965492 0.000000 -48.395608 0.000000 0.000000 1.000000 0.000000
0.965535 0.260275 0.000000 280.205546 -0.260275 0.965535 0.000000 -48.395901 0.000000 0.000000 1.000000 0.000000
0.965573 0.260131 0.000000 280.204930 -0.260131 0.965573 0.000000 -48.395839 0.000000 0.000000 1.000000 0.000000
0.965576 0.260122 0.000000 280.204471 -0.260122 0.965576 0.000000 -48.395476 0.000000 0.000000 1.000000 0.000000
0.965564 0.260166 0.000000 280.204117 -0.260166 0.965564 0.000000 -48.394570 0.000000 0.000000 1.000000 0.000000
0.965564 0.260166 0.000000 280.203777 -0.260166 0.965564 0.000000 -48.394265 0.000000 0.000000 1.000000 0.000000
0.965553 0.260208 0.000000 280.203842 -0.260208 0.965553 0.000000 -48.394227 0.000000 0.000000 1.000000 0.000000
0.965541 0.260250 0.000000 280.203750 -0.260250 0.965541 0.000000 -48.394186 0.000000 0.000000 1.000000 0.000000
0.965515 0.260349 0.000000 280.203775 -0.260349 0.965515 0.000000 -48.393928 0.000000 0.000000 1.000000 0.000000
0.965514 0.260350 0.000000 280.203773 -0.260350 0.965514 0.000000 -48.393925 0.000000 0.000000 1.000000 0.000000
0.965548 0.260224 0.000000 280.203549 -0.260224 0.965548 0.000000 -48.394318 0.000000 0.000000 1.000000 0.000000
0.965540 0.260254 0.000000 280.203219 -0.260254 0.965540 0.000000 -48.394691 0.000000 0.000000 1.000000 0.000000
0.965476 0.260493 0.000000 280.203386 -0.260493 0.965476 0.000000 -48.394754 0.000000 0.000000 1.000000 0.000000
0.965446 0.260604 0.000000 280.203290 -0.260604 0.965446 0.000000 -48.394913 0.000000 0.000000 1.000000 0.000000
0.965436 0.260640 0.000000 280.203174 -0.260640 0.965436 0.000000 -48.395237 0.000000 0.000000 1.000000 0.000000
0.965420 0.260698 0.000000 280.203103 -0.260698 0.965420 0.000000 -48.395253 0.000000 0.000000 1.000000 0.000000
0.965401 0.260768 0.000000 280.202510 -0.260768 0.965401 0.000000 -48.395318 0.000000 0.000000 1.000000 0.000000
0.965386 0.260827 0.000000 280.202335 -0.260827 0.965386 0.000000 -48.394892 0.000000 0.000000 1.000000 0.000000
0.965368 0.260890 0.000000 280.201485 -0.260890 0.965368 0.000000 -48.393747 0.000000 0.000000 1.000000 0.000000
0.965369 0.260890 0.000000 280.200771 -0.260890 0.965369 0.000000 -48.392745 0.000000 0.000000 1.000000 0.000000
0.965363 0.260912 0.000000 280.199835 -0.260912 0.965363 0.000000 -48.392172 0.000000 0.000000 1.000000 0.000000
0.965348 0.260965 0.000000 280.199299 -0.260965 0.965348 0.000000 -48.391712 0.000000 0.000000 1.000000 0.000000
0.965358 0.260928 0.000000 280.199001 -0.260928 0.965358 0.000000 -48.390824 0.000000 0.000000 1.000000 0.000000
0.965358 0.260929 0.000000 280.198519 -0.260929 0.965358 0.000000 -48.390272 0.000000 0.000000 1.000000 0.000000
0.965367 0.260897 0.000000 280.198675 -0.260897 0.965367 0.000000 -48.390251 0.000000 0.000000 1.000000 0.000000
0.965384 0.260834 0.000000 280.198658 -0.260834 0.965384 0.000000 -48.390267 0.000000 0.000000 1.000000 0.000000
0.965419 0.260703 0.000000 280.198611 -0.260703 0.965419 0.000000 -48.390364 0.000000 0.000000 1.000000 0.000000
0.965433 0.260651 0.000000 280.198192 -0.260651 0.965433 0.000000 -48.390484 0.000000 0.000000 1.000000 0.000000
0.965424 0.260686 0.000000 280.197968 -0.260686 0.965424 0.000000 -48.390519 0.000000 0.000000 1.000000 0.000000
0.965424 0.260683 0.000000 280.197749 -0.260683 0.965424 0.000000 -48.390499 0.000000 0.000000 1.000000 0.000000
0.965443 0.260613 0.000000 280.197579 -0.260613 0.965443 0.000000 -48.390430 0.000000 0.000000 1.000000 0.000000
0.965461 0.260549 0.000000 280.197480 -0.260549 0.965461 0.000000 -48.390404 0.000000 0.000000 1.000000 0.000000
0.965486 0.260454 0.000000 280.197336 -0.260454 0.965486 0.000000 -48.390471 0.000000 0.000000 1.000000 0.000000
0.965498 0.260409 0.000000 280.197062 -0.260409 0.965498 0.000000 -48.390496 0.000000 0.000000 1.000000 0.000000
0.965514 0.260351 0.000000 280.196795 -0.260351 0.965514 0.000000 -48.390681 0.000000 0.000000 1.000000 0.000000
0.965543 0.260245 0.000000 280.196749 -0.260245 0.965543 0.000000 -48.390556 0.000000 0.000000 1.000000 0.000000
0.965604 0.260018 0.000000 280.196731 -0.260018 0.965604 0.000000 -48.390815 0.000000 0.000000 1.000000 0.000000
0.965618 0.259963 0.000000 280.196586 -0.259963 0.965618 0.000000 -48.390920 0.000000 0.000000 1.000000 0.000000
0.965602 0.260025 0.000000 280.196677 -0.260025 0.965602 0.000000 -48.390670 0.000000 0.000000 1.000000 0.000000
0.965584 0.260090 0.000000 280.196375 -0.260090 0.965584 0.000000 -48.390511 0.000000 0.000000 1.000000 0.000000
0.965562 0.260174 0.000000 280.196529 -0.260174 0.965562 0.000000 -48.390449 0.000000 0.000000 1.000000 0.000000
0.965547 0.260228 0.000000 280.196597 -0.260228 0.965547 0.000000 -48.390437 0.000000 0.000000 1.000000 0.000000
0.965557 0.260191 0.000000 280.197074 -0.260191 0.965557 0.000000 -48.390364 0.000000 0.000000 1.000000 0.000000
