0.999999 -0.001705 0.000000 0.625530 0.001705 0.999999 0.000000 -0.021427 0.000000 0.000000 1.000000 0.000000
0.999998 -0.002121 0.000000 1.250807 0.002121 0.999998 0.000000 -0.036678 0.000000 0.000000 1.000000 0.000000
1.000000 0.000919 0.000000 2.504935 -0.000919 1.000000 0.000000 -0.072109 0.000000 0.000000 1.000000 0.000000
0.999997 -0.002339 0.000000 3.128391 0.002339 0.999997 0.000000 -0.085706 0.000000 0.000000 1.000000 0.000000
0.999986 -0.005303 0.000000 3.755242 0.005303 0.999986 0.000000 -0.093671 0.000000 0.000000 1.000000 0.000000
0.999985 -0.005501 0.000000 4.382070 0.005501 0.999985 0.000000 -0.100868 0.000000 0.000000 1.000000 0.000000
0.999980 -0.006255 0.000000 5.054112 0.006255 0.999980 0.000000 -0.121366 0.000000 0.000000 1.000000 0.000000
0.999982 -0.005968 0.000000 5.682980 0.005968 0.999982 0.000000 -0.136811 0.000000 0.000000 1.000000 0.000000
0.999983 -0.005863 0.000000 6.308454 0.005863 0.999983 0.000000 -0.145173 0.000000 0.000000 1.000000 0.000000
0.999978 -0.006596 0.000000 6.934466 0.006596 0.999978 0.000000 -0.151323 0.000000 0.000000 1.000000 0.000000
0.999963 -0.008596 0.000000 7.562376 0.008596 0.999963 0.000000 -0.161576 0.000000 0.000000 1.000000 0.000000
0.999957 -0.009236 0.000000 8.185538 0.009236 0.999957 0.000000 -0.167136 0.000000 0.000000 1.000000 0.000000
0.999960 -0.008925 0.000000 8.811587 0.008925 0.999960 0.000000 -0.175625 0.000000 0.000000 1.000000 0.000000
0.999959 -0.009024 0.000000 9.430233 0.009024 0.999959 0.000000 -0.186934 0.000000 0.000000 1.000000 0.000000
0.999961 -0.008875 0.000000 10.086721 0.008875 0.999961 0.000000 -0.194442 0.000000 0.000000 1.000000 0.000000
0.999956 -0.009396 0.000000 10.672212 0.009396 0.999956 0.000000 -0.200958 0.000000 0.000000 1.000000 0.000000
0.999959 -0.009065 0.000000 11.292376 0.009065 0.999959 0.000000 -0.208622 0.000000 0.000000 1.000000 0.000000
0.999946 -0.010394 0.000000 11.916175 0.010394 0.999946 0.000000 -0.222857 0.000000 0.000000 1.000000 0.000000
0.999908 -0.013580 0.000000 12.564339 0.013580 0.999908 0.000000 -0.235486 0.000000 0.000000 1.000000 0.000000
0.999856 -0.016947 0.000000 13.190353 0.016947 0.999856 0.000000 -0.244396 0.000000 0.000000 1.000000 0.000000
0.999780 -0.020966 0.000000 13.814060 0.020966 0.999780 0.000000 -0.251901 0.000000 0.000000 1.000000 0.000000
0.999808 -0.019597 0.000000 14.434405 0.019597 0.999808 0.000000 -0.253560 0.000000 0.000000 1.000000 0.000000
0.999825 -0.018724 0.000000 15.064689 0.018724 0.999825 0.000000 -0.254919 0.000000 0.000000 1.000000 0.000000
0.999805 -0.019728 0.000000 15.684244 0.019728 0.999805 0.000000 -0.253576 0.000000 0.000000 1.000000 0.000000
0.999809 -0.019546 0.000000 16.287539 0.019546 0.999809 0.000000 -0.253998 0.000000 0.000000 1.000000 0.000000
0.999808 -0.019596 0.000000 16.911277 0.019596 0.999808 0.000000 -0.251211 0.000000 0.000000 1.000000 0.000000
0.999825 -0.018733 0.000000 17.538350 0.018733 0.999825 0.000000 -0.248954 0.000000 0.000000 1.000000 0.000000
0.999821 -0.018942 0.000000 18.124347 0.018942 0.999821 0.000000 -0.249683 0.000000 0.000000 1.000000 0.000000
0.999776 -0.021185 0.000000 18.752043 0.021185 0.999776 0.000000 -0.255118 0.000000 0.000000 1.000000 0.000000
0.999731 -0.023188 0.000000 19.362062 0.023188 0.999731 0.000000 -0.255826 0.000000 0.000000 1.000000 0.000000
0.999701 -0.024441 0.000000 19.960738 0.024441 0.999701 0.000000 -0.257057 0.000000 0.000000 1.000000 0.000000
0.999698 -0.024565 0.000000 20.584923 0.024565 0.999698 0.000000 -0.261691 0.000000 0.000000 1.000000 0.000000
0.999712 -0.024016 0.000000 21.217295 0.024016 0.999712 0.000000 -0.265531 0.000000 0.000000 1.000000 0.000000
0.999741 -0.022745 0.000000 21.841012 0.022745 0.999741 0.000000 -0.267774 0.000000 0.000000 1.000000 0.000000
0.999806 -0.019680 0.000000 22.434337 0.019680 0.999806 0.000000 -0.267298 0.000000 0.000000 1.000000 0.000000
0.999871 -0.016069 0.000000 23.070726 0.016069 0.999871 0.000000 -0.270188 0.000000 0.000000 1.000000 0.000000
0.999898 -0.014248 0.000000 23.660571 0.014248 0.999898 0.000000 -0.273260 0.000000 0.000000 1.000000 0.000000
0.999904 -0.013868 0.000000 24.292224 0.013868 0.999904 0.000000 -0.277935 0.000000 0.000000 1.000000 0.000000
0.999892 -0.014676 0.000000 24.933650 0.014676 0.999892 0.000000 -0.284353 0.000000 0.000000 1.000000 0.000000
0.999906 -0.013738 0.000000 25.756241 0.013738 0.999906 0.000000 -0.293237 0.000000 0.000000 1.000000 0.000000
0.999927 -0.012090 0.000000 26.390803 0.012090 0.999927 0.000000 -0.293441 0.000000 0.000000 1.000000 0.000000
0.999940 -0.010960 0.000000 27.027947 0.010960 0.999940 0.000000 -0.291259 0.000000 0.000000 1.000000 0.000000
0.999956 -0.009414 0.000000 27.668043 0.009414 0.999956 0.000000 -0.292834 0.000000 0.000000 1.000000 0.000000
0.999960 -0.008920 0.000000 28.299176 0.008920 0.999960 0.000000 -0.301487 0.000000 0.000000 1.000000 0.000000
0.999966 -0.008269 0.000000 28.941950 0.008269 0.999966 0.000000 -0.309027 0.000000 0.000000 1.000000 0.000000
0.999985 -0.005548 0.000000 29.578324 0.005548 0.999985 0.000000 -0.313660 0.000000 0.000000 1.000000 0.000000
0.999996 -0.002869 0.000000 30.219546 0.002869 0.999996 0.000000 -0.322794 0.000000 0.000000 1.000000 0.000000
0.999999 -0.001231 0.000000 30.854124 0.001231 0.999999 0.000000 -0.334583 0.000000 0.000000 1.000000 0.000000
1.000000 -0.000412 0.000000 31.495211 0.000412 1.000000 0.000000 -0.351902 0.000000 0.000000 1.000000 0.000000
0.999999 0.001236 0.000000 32.138302 -0.001236 0.999999 0.000000 -0.362248 0.000000 0.000000 1.000000 0.000000
0.999999 0.001126 0.000000 32.772842 -0.001126 0.999999 0.000000 -0.381156 0.000000 0.000000 1.000000 0.000000
0.999997 0.002540 0.000000 33.413157 -0.002540 0.999997 0.000000 -0.395532 0.000000 0.000000 1.000000 0.000000
0.999996 0.002796 0.000000 34.051142 -0.002796 0.999996 0.000000 -0.413886 0.000000 0.000000 1.000000 0.000000
0.999996 0.002934 0.000000 34.647142 -0.002934 0.999996 0.000000 -0.437094 0.000000 0.000000 1.000000 0.000000
0.999984 0.005578 0.000000 35.293360 -0.005578 0.999984 0.000000 -0.457360 0.000000 0.000000 1.000000 0.000000
0.999969 0.007833 0.000000 35.922713 -0.007833 0.999969 0.000000 -0.470134 0.000000 0.000000 1.000000 0.000000
0.999972 0.007474 0.000000 36.571301 -0.007474 0.999972 0.000000 -0.491695 0.000000 0.000000 1.000000 0.000000
0.999972 0.007429 0.000000 37.211676 -0.007429 0.999972 0.000000 -0.510580 0.000000 0.000000 1.000000 0.000000
0.999966 0.008215 0.000000 37.842198 -0.008215 0.999966 0.000000 -0.528691 0.000000 0.000000 1.000000 0.000000
0.999965 0.008380 0.000000 38.484605 -0.008380 0.999965 0.000000 -0.547784 0.000000 0.000000 1.000000 0.000000
0.999965 0.008366 0.000000 39.132668 -0.008366 0.999965 0.000000 -0.562683 0.000000 0.000000 1.000000 0.000000
0.999951 0.009875 0.000000 39.782512 -0.009875 0.999951 0.000000 -0.579043 0.000000 0.000000 1.000000 0.000000
0.999931 0.011718 0.000000 40.416493 -0.011718 0.999931 0.000000 -0.597386 0.000000 0.000000 1.000000 0.000000
0.999934 0.011501 0.000000 41.070378 -0.011501 0.999934 0.000000 -0.622637 0.000000 0.000000 1.000000 0.000000
0.999938 0.011169 0.000000 41.683324 -0.011169 0.999938 0.000000 -0.645589 0.000000 0.000000 1.000000 0.000000
0.999942 0.010783 0.000000 42.335723 -0.010783 0.999942 0.000000 -0.664239 0.000000 0.000000 1.000000 0.000000
0.999950 0.009974 0.000000 42.983968 -0.009974 0.999950 0.000000 -0.682840 0.000000 0.000000 1.000000 0.000000
0.999946 0.010366 0.000000 43.639052 -0.010366 0.999946 0.000000 -0.701922 0.000000 0.000000 1.000000 0.000000
0.999972 0.007460 0.000000 44.291859 -0.007460 0.999972 0.000000 -0.723263 0.000000 0.000000 1.000000 0.000000
0.999979 0.006434 0.000000 44.936557 -0.006434 0.999979 0.000000 -0.740450 0.000000 0.000000 1.000000 0.000000
0.999975 0.007098 0.000000 45.549522 -0.007098 0.999975 0.000000 -0.750407 0.000000 0.000000 1.000000 0.000000
0.999960 0.008922 0.000000 46.202062 -0.008922 0.999960 0.000000 -0.760580 0.000000 0.000000 1.000000 0.000000
0.999937 0.011254 0.000000 46.852259 -0.011254 0.999937 0.000000 -0.778374 0.000000 0.000000 1.000000 0.000000
0.999920 0.012638 0.000000 47.505756 -0.012638 0.999920 0.000000 -0.798944 0.000000 0.000000 1.000000 0.000000
0.999933 0.011552 0.000000 48.163094 -0.011552 0.999933 0.000000 -0.818297 0.000000 0.000000 1.000000 0.000000
0.999957 0.009220 0.000000 48.820861 -0.009220 0.999957 0.000000 -0.838556 0.000000 0.000000 1.000000 0.000000
0.999944 0.010613 0.000000 49.839219 -0.010613 0.999944 0.000000 -0.879802 0.000000 0.000000 1.000000 0.000000
0.999955 0.009499 0.000000 50.526520 -0.009499 0.999955 0.000000 -0.900881 0.000000 0.000000 1.000000 0.000000
0.999963 0.008647 0.000000 51.157248 -0.008647 0.999963 0.000000 -0.919209 0.000000 0.000000 1.000000 0.000000
0.999964 0.008472 0.000000 51.814435 -0.008472 0.999964 0.000000 -0.941287 0.000000 0.000000 1.000000 0.000000
0.999962 0.008773 0.000000 52.471330 -0.008773 0.999962 0.000000 -0.966248 0.000000 0.000000 1.000000 0.000000
0.999968 0.008003 0.000000 53.128785 -0.008003 0.999968 0.000000 -0.988091 0.000000 0.000000 1.000000 0.000000
0.999978 0.006687 0.000000 53.784426 -0.006687 0.999978 0.000000 -1.012009 0.000000 0.000000 1.000000 0.000000
0.999980 0.006372 0.000000 54.433568 -0.006372 0.999980 0.000000 -1.035004 0.000000 0.000000 1.000000 0.000000
0.999990 0.004456 0.000000 55.766638 -0.004456 0.999990 0.000000 -1.072282 0.000000 0.000000 1.000000 0.000000
0.999998 0.001976 0.000000 56.416644 -0.001976 0.999998 0.000000 -1.086093 0.000000 0.000000 1.000000 0.000000
1.000000 -0.000342 0.000000 57.053684 0.000342 1.000000 0.000000 -1.101554 0.000000 0.000000 1.000000 0.000000
1.000000 -0.000093 0.000000 57.694570 0.000093 1.000000 0.000000 -1.121453 0.000000 0.000000 1.000000 0.000000
0.999999 0.001174 0.000000 58.333490 -0.001174 0.999999 0.000000 -1.142003 0.000000 0.000000 1.000000 0.000000
0.999999 0.001223 0.000000 59.006670 -0.001223 0.999999 0.000000 -1.162705 0.000000 0.000000 1.000000 0.000000
0.999999 0.001506 0.000000 59.639367 -0.001506 0.999999 0.000000 -1.177665 0.000000 0.000000 1.000000 0.000000
0.999995 0.003062 0.000000 60.241223 -0.003062 0.999995 0.000000 -1.191339 0.000000 0.000000 1.000000 0.000000
0.999991 0.004173 0.000000 60.864818 -0.004173 0.999991 0.000000 -1.209929 0.000000 0.000000 1.000000 0.000000
0.999987 0.005174 0.000000 61.450231 -0.005174 0.999987 0.000000 -1.232417 0.000000 0.000000 1.000000 0.000000
0.999982 0.006015 0.000000 62.078647 -0.006015 0.999982 0.000000 -1.257452 0.000000 0.000000 1.000000 0.000000
0.999982 0.006042 0.000000 62.704714 -0.006042 0.999982 0.000000 -1.285129 0.000000 0.000000 1.000000 0.000000
0.999983 0.005761 0.000000 63.286586 -0.005761 0.999983 0.000000 -1.311448 0.000000 0.000000 1.000000 0.000000
0.999987 0.005034 0.000000 63.908886 -0.005034 0.999987 0.000000 -1.338542 0.000000 0.000000 1.000000 0.000000
0.999991 0.004317 0.000000 64.520899 -0.004317 0.999991 0.000000 -1.366896 0.000000 0.000000 1.000000 0.000000
0.999991 0.004302 0.000000 65.092218 -0.004302 0.999991 0.000000 -1.393462 0.000000 0.000000 1.000000 0.000000
0.999992 0.003961 0.000000 65.701476 -0.003961 0.999992 0.000000 -1.417920 0.000000 0.000000 1.000000 0.000000
0.999983 0.005765 0.000000 66.270689 -0.005765 0.999983 0.000000 -1.434428 0.000000 0.000000 1.000000 0.000000
0.999966 0.008269 0.000000 66.876188 -0.008269 0.999966 0.000000 -1.453922 0.000000 0.000000 1.000000 0.000000
0.999962 0.008735 0.000000 67.479236 -0.008735 0.999962 0.000000 -1.477437 0.000000 0.000000 1.000000 0.000000
0.999954 0.009622 0.000000 68.315131 -0.009622 0.999954 0.000000 -1.511853 0.000000 0.000000 1.000000 0.000000
0.999942 0.010774 0.000000 68.904611 -0.010774 0.999942 0.000000 -1.539009 0.000000 0.000000 1.000000 0.000000
0.999948 0.010194 0.000000 69.502283 -0.010194 0.999948 0.000000 -1.565582 0.000000 0.000000 1.000000 0.000000
0.999968 0.008036 0.000000 70.099917 -0.008036 0.999968 0.000000 -1.585763 0.000000 0.000000 1.000000 0.000000
0.999976 0.006994 0.000000 70.694506 -0.006994 0.999976 0.000000 -1.604338 0.000000 0.000000 1.000000 0.000000
0.999990 0.004447 0.000000 71.288067 -0.004447 0.999990 0.000000 -1.622893 0.000000 0.000000 1.000000 0.000000
0.999993 0.003784 0.000000 71.918297 -0.003784 0.999993 0.000000 -1.639406 0.000000 0.000000 1.000000 0.000000
0.999994 0.003548 0.000000 72.511518 -0.003548 0.999994 0.000000 -1.654349 0.000000 0.000000 1.000000 0.000000
0.999992 0.003880 0.000000 73.100058 -0.003880 0.999992 0.000000 -1.673063 0.000000 0.000000 1.000000 0.000000
0.999988 0.004876 0.000000 74.277202 -0.004876 0.999988 0.000000 -1.712290 0.000000 0.000000 1.000000 0.000000
0.999988 0.004900 0.000000 74.864526 -0.004900 0.999988 0.000000 -1.734577 0.000000 0.000000 1.000000 0.000000
0.999977 0.006799 0.000000 75.448570 -0.006799 0.999977 0.000000 -1.760383 0.000000 0.000000 1.000000 0.000000
0.999968 0.008044 0.000000 76.029708 -0.008044 0.999968 0.000000 -1.793392 0.000000 0.000000 1.000000 0.000000
0.999959 0.009064 0.000000 76.612553 -0.009064 0.999959 0.000000 -1.821115 0.000000 0.000000 1.000000 0.000000
0.999948 0.010188 0.000000 77.188454 -0.010188 0.999948 0.000000 -1.850667 0.000000 0.000000 1.000000 0.000000
0.999961 0.008804 0.000000 77.758799 -0.008804 0.999961 0.000000 -1.878930 0.000000 0.000000 1.000000 0.000000
0.999973 0.007353 0.000000 78.322949 -0.007353 0.999973 0.000000 -1.903787 0.000000 0.000000 1.000000 0.000000
0.999972 0.007427 0.000000 78.885055 -0.007427 0.999972 0.000000 -1.927556 0.000000 0.000000 1.000000 0.000000
0.999968 0.007998 0.000000 79.439604 -0.007998 0.999968 0.000000 -1.952816 0.000000 0.000000 1.000000 0.000000
0.999968 0.007993 0.000000 79.989072 -0.007993 0.999968 0.000000 -1.976975 0.000000 0.000000 1.000000 0.000000
0.999968 0.008036 0.000000 80.532643 -0.008036 0.999968 0.000000 -2.003790 0.000000 0.000000 1.000000 0.000000
0.999959 0.009090 0.000000 81.070152 -0.009090 0.999959 0.000000 -2.030843 0.000000 0.000000 1.000000 0.000000
0.999940 0.010931 0.000000 81.581972 -0.010931 0.999940 0.000000 -2.051923 0.000000 0.000000 1.000000 0.000000
0.999915 0.013038 0.000000 82.122827 -0.013038 0.999915 0.000000 -2.071571 0.000000 0.000000 1.000000 0.000000
0.999875 0.015829 0.000000 82.643538 -0.015829 0.999875 0.000000 -2.090988 0.000000 0.000000 1.000000 0.000000
0.999853 0.017172 0.000000 83.150028 -0.017172 0.999853 0.000000 -2.110346 0.000000 0.000000 1.000000 0.000000
0.999860 0.016719 0.000000 83.685199 -0.016719 0.999860 0.000000 -2.141193 0.000000 0.000000 1.000000 0.000000
0.999865 0.016440 0.000000 84.214556 -0.016440 0.999865 0.000000 -2.168097 0.000000 0.000000 1.000000 0.000000
0.999859 0.016803 0.000000 84.702344 -0.016803 0.999859 0.000000 -2.195900 0.000000 0.000000 1.000000 0.000000
0.999835 0.018178 0.000000 85.228170 -0.018178 0.999835 0.000000 -2.227487 0.000000 0.000000 1.000000 0.000000
0.999820 0.018981 0.000000 85.741233 -0.018981 0.999820 0.000000 -2.257079 0.000000 0.000000 1.000000 0.000000
0.999827 0.018614 0.000000 86.223834 -0.018614 0.999827 0.000000 -2.282469 0.000000 0.000000 1.000000 0.000000
0.999809 0.019534 0.000000 86.742581 -0.019534 0.999809 0.000000 -2.307116 0.000000 0.000000 1.000000 0.000000
0.999776 0.021151 0.000000 87.251647 -0.021151 0.999776 0.000000 -2.331777 0.000000 0.000000 1.000000 0.000000
0.999747 0.022498 0.000000 87.727959 -0.022498 0.999747 0.000000 -2.359453 0.000000 0.000000 1.000000 0.000000
0.999737 0.022939 0.000000 88.237262 -0.022939 0.999737 0.000000 -2.390512 0.000000 0.000000 1.000000 0.000000
0.999712 0.023996 0.000000 88.715722 -0.023996 0.999712 0.000000 -2.421250 0.000000 0.000000 1.000000 0.000000
0.999679 0.025329 0.000000 89.224151 -0.025329 0.999679 0.000000 -2.454059 0.000000 0.000000 1.000000 0.000000
0.999686 0.025068 0.000000 89.889582 -0.025068 0.999686 0.000000 -2.492772 0.000000 0.000000 1.000000 0.000000
0.999687 0.025033 0.000000 90.386858 -0.025033 0.999687 0.000000 -2.520567 0.000000 0.000000 1.000000 0.000000
0.999671 0.025668 0.000000 90.879482 -0.025668 0.999671 0.000000 -2.544254 0.000000 0.000000 1.000000 0.000000
0.999664 0.025915 0.000000 91.369655 -0.025915 0.999664 0.000000 -2.568312 0.000000 0.000000 1.000000 0.000000
0.999692 0.024810 0.000000 91.853793 -0.024810 0.999692 0.000000 -2.596760 0.000000 0.000000 1.000000 0.000000
0.999713 0.023960 0.000000 92.333402 -0.023960 0.999713 0.000000 -2.629822 0.000000 0.000000 1.000000 0.000000
0.999681 0.025257 0.000000 92.806347 -0.025257 0.999681 0.000000 -2.657828 0.000000 0.000000 1.000000 0.000000
0.999526 0.030776 0.000000 93.757357 -0.030776 0.999526 0.000000 -2.718262 0.000000 0.000000 1.000000 0.000000
0.999451 0.033141 0.000000 94.226888 -0.033141 0.999451 0.000000 -2.751554 0.000000 0.000000 1.000000 0.000000
0.999356 0.035873 0.000000 94.693133 -0.035873 0.999356 0.000000 -2.785482 0.000000 0.000000 1.000000 0.000000
0.999258 0.038511 0.000000 95.158876 -0.038511 0.999258 0.000000 -2.825316 0.000000 0.000000 1.000000 0.000000
0.999178 0.040550 0.000000 95.630965 -0.040550 0.999178 0.000000 -2.864796 0.000000 0.000000 1.000000 0.000000
0.999085 0.042777 0.000000 96.094108 -0.042777 0.999085 0.000000 -2.901761 0.000000 0.000000 1.000000 0.000000
0.998987 0.045004 0.000000 96.561766 -0.045004 0.998987 0.000000 -2.942868 0.000000 0.000000 1.000000 0.000000
0.998787 0.049230 0.000000 97.022229 -0.049230 0.998787 0.000000 -2.977331 0.000000 0.000000 1.000000 0.000000
0.998566 0.053543 0.000000 97.482503 -0.053543 0.998566 0.000000 -3.014542 0.000000 0.000000 1.000000 0.000000
0.998430 0.056010 0.000000 97.937838 -0.056010 0.998430 0.000000 -3.056090 0.000000 0.000000 1.000000 0.000000
0.998310 0.058106 0.000000 98.359924 -0.058106 0.998310 0.000000 -3.098757 0.000000 0.000000 1.000000 0.000000
0.998221 0.059627 0.000000 98.801346 -0.059627 0.998221 0.000000 -3.143489 0.000000 0.000000 1.000000 0.000000
0.998174 0.060403 0.000000 99.238915 -0.060403 0.998174 0.000000 -3.191927 0.000000 0.000000 1.000000 0.000000
0.998077 0.061992 0.000000 99.673302 -0.061992 0.998077 0.000000 -3.240822 0.000000 0.000000 1.000000 0.000000
0.997913 0.064578 0.000000 100.100920 -0.064578 0.997913 0.000000 -3.285587 0.000000 0.000000 1.000000 0.000000
0.997661 0.068349 0.000000 100.523045 -0.068349 0.997661 0.000000 -3.326101 0.000000 0.000000 1.000000 0.000000
0.997249 0.074124 0.000000 100.940347 -0.074124 0.997249 0.000000 -3.367019 0.000000 0.000000 1.000000 0.000000
0.997039 0.076898 0.000000 101.347480 -0.076898 0.997039 0.000000 -3.409773 0.000000 0.000000 1.000000 0.000000
0.997094 0.076182 0.000000 101.754013 -0.076182 0.997094 0.000000 -3.456148 0.000000 0.000000 1.000000 0.000000
0.997056 0.076676 0.000000 102.160748 -0.076676 0.997056 0.000000 -3.503886 0.000000 0.000000 1.000000 0.000000
0.996950 0.078047 0.000000 102.549789 -0.078047 0.996950 0.000000 -3.557072 0.000000 0.000000 1.000000 0.000000
0.996754 0.080507 0.000000 102.951896 -0.080507 0.996754 0.000000 -3.611701 0.000000 0.000000 1.000000 0.000000
0.996275 0.086229 0.000000 103.334752 -0.086229 0.996275 0.000000 -3.654418 0.000000 0.000000 1.000000 0.000000
0.996058 0.088706 0.000000 103.734211 -0.088706 0.996058 0.000000 -3.699568 0.000000 0.000000 1.000000 0.000000
0.996005 0.089298 0.000000 104.125894 -0.089298 0.996005 0.000000 -3.744335 0.000000 0.000000 1.000000 0.000000
0.995718 0.092441 0.000000 104.503524 -0.092441 0.995718 0.000000 -3.784313 0.000000 0.000000 1.000000 0.000000
0.995335 0.096478 0.000000 104.911605 -0.096478 0.995335 0.000000 -3.831378 0.000000 0.000000 1.000000 0.000000
0.994925 0.100614 0.000000 105.310640 -0.100614 0.994925 0.000000 -3.877816 0.000000 0.000000 1.000000 0.000000
0.994519 0.104555 0.000000 105.875692 -0.104555 0.994519 0.000000 -3.957608 0.000000 0.000000 1.000000 0.000000
0.994298 0.106639 0.000000 106.287663 -0.106639 0.994298 0.000000 -4.016643 0.000000 0.000000 1.000000 0.000000
0.994073 0.108717 0.000000 106.698938 -0.108717 0.994073 0.000000 -4.075491 0.000000 0.000000 1.000000 0.000000
0.993839 0.110835 0.000000 107.117183 -0.110835 0.993839 0.000000 -4.135467 0.000000 0.000000 1.000000 0.000000
0.993620 0.112781 0.000000 107.534915 -0.112781 0.993620 0.000000 -4.196942 0.000000 0.000000 1.000000 0.000000
0.993526 0.113604 0.000000 107.954768 -0.113604 0.993526 0.000000 -4.258681 0.000000 0.000000 1.000000 0.000000
0.993416 0.114566 0.000000 108.377588 -0.114566 0.993416 0.000000 -4.321666 0.000000 0.000000 1.000000 0.000000
0.992958 0.118470 0.000000 108.796983 -0.118470 0.992958 0.000000 -4.383372 0.000000 0.000000 1.000000 0.000000
0.992306 0.123809 0.000000 109.528531 -0.123809 0.992306 0.000000 -4.499526 0.000000 0.000000 1.000000 0.000000
0.992404 0.123025 0.000000 109.952350 -0.123025 0.992404 0.000000 -4.570832 0.000000 0.000000 1.000000 0.000000
0.992432 0.122794 0.000000 110.385966 -0.122794 0.992432 0.000000 -4.636161 0.000000 0.000000 1.000000 0.000000
0.992420 0.122893 0.000000 110.815073 -0.122893 0.992420 0.000000 -4.701635 0.000000 0.000000 1.000000 0.000000
0.992325 0.123659 0.000000 111.250909 -0.123659 0.992325 0.000000 -4.756850 0.000000 0.000000 1.000000 0.000000
0.992056 0.125801 0.000000 111.681793 -0.125801 0.992056 0.000000 -4.815698 0.000000 0.000000 1.000000 0.000000
0.992085 0.125565 0.000000 112.118972 -0.125565 0.992085 0.000000 -4.880012 0.000000 0.000000 1.000000 0.000000
0.992139 0.125139 0.000000 112.559790 -0.125139 0.992139 0.000000 -4.946675 0.000000 0.000000 1.000000 0.000000
0.992130 0.125211 0.000000 113.005480 -0.125211 0.992130 0.000000 -5.015901 0.000000 0.000000 1.000000 0.000000
0.991923 0.126844 0.000000 113.453876 -0.126844 0.991923 0.000000 -5.088551 0.000000 0.000000 1.000000 0.000000
0.991617 0.129214 0.000000 113.897840 -0.129214 0.991617 0.000000 -5.161840 0.000000 0.000000 1.000000 0.000000
0.991637 0.129059 0.000000 114.723767 -0.129059 0.991637 0.000000 -5.295460 0.000000 0.000000 1.000000 0.000000
0.991493 0.130159 0.000000 115.178750 -0.130159 0.991493 0.000000 -5.366091 0.000000 0.000000 1.000000 0.000000
0.991255 0.131957 0.000000 115.638995 -0.131957 0.991255 0.000000 -5.440728 0.000000 0.000000 1.000000 0.000000
0.991098 0.133135 0.000000 116.098331 -0.133135 0.991098 0.000000 -5.526452 0.000000 0.000000 1.000000 0.000000
0.990847 0.134991 0.000000 116.556020 -0.134991 0.990847 0.000000 -5.608592 0.000000 0.000000 1.000000 0.000000
0.990684 0.136181 0.000000 117.018852 -0.136181 0.990684 0.000000 -5.691751 0.000000 0.000000 1.000000 0.000000
0.990361 0.138512 0.000000 117.482823 -0.138512 0.990361 0.000000 -5.772116 0.000000 0.000000 1.000000 0.000000
0.989759 0.142746 0.000000 117.948671 -0.142746 0.989759 0.000000 -5.849868 0.000000 0.000000 1.000000 0.000000
0.989091 0.147307 0.000000 118.447878 -0.147307 0.989091 0.000000 -5.936254 0.000000 0.000000 1.000000 0.000000
0.988770 0.149442 0.000000 118.886734 -0.149442 0.988770 0.000000 -6.016752 0.000000 0.000000 1.000000 0.000000
0.988643 0.150282 0.000000 119.386012 -0.150282 0.988643 0.000000 -6.110358 0.000000 0.000000 1.000000 0.000000
0.988442 0.151599 0.000000 119.858392 -0.151599 0.988442 0.000000 -6.195035 0.000000 0.000000 1.000000 0.000000
0.988612 0.150488 0.000000 120.328546 -0.150488 0.988612 0.000000 -6.279725 0.000000 0.000000 1.000000 0.000000
0.988745 0.149612 0.000000 120.794436 -0.149612 0.988745 0.000000 -6.370961 0.000000 0.000000 1.000000 0.000000
0.988446 0.151571 0.000000 121.265732 -0.151571 0.988446 0.000000 -6.455516 0.000000 0.000000 1.000000 0.000000
0.988073 0.153988 0.000000 121.740635 -0.153988 0.988073 0.000000 -6.544469 0.000000 0.000000 1.000000 0.000000
0.987252 0.159163 0.000000 122.215672 -0.159163 0.987252 0.000000 -6.633008 0.000000 0.000000 1.000000 0.000000
0.986400 0.164360 0.000000 122.689663 -0.164360 0.986400 0.000000 -6.721974 0.000000 0.000000 1.000000 0.000000
0.986054 0.166424 0.000000 123.141780 -0.166424 0.986054 0.000000 -6.809720 0.000000 0.000000 1.000000 0.000000
0.985694 0.168544 0.000000 123.627938 -0.168544 0.985694 0.000000 -6.902220 0.000000 0.000000 1.000000 0.000000
0.985295 0.170862 0.000000 124.113912 -0.170862 0.985295 0.000000 -6.997749 0.000000 0.000000 1.000000 0.000000
0.985090 0.172040 0.000000 124.904882 -0.172040 0.985090 0.000000 -7.159714 0.000000 0.000000 1.000000 0.000000
0.985525 0.169530 0.000000 125.389714 -0.169530 0.985525 0.000000 -7.263188 0.000000 0.000000 1.000000 0.000000
0.987258 0.159128 0.000000 126.369835 -0.159128 0.987258 0.000000 -7.468870 0.000000 0.000000 1.000000 0.000000
0.987947 0.154795 0.000000 126.863531 -0.154795 0.987947 0.000000 -7.570076 0.000000 0.000000 1.000000 0.000000
0.988323 0.152376 0.000000 127.358664 -0.152376 0.988323 0.000000 -7.665633 0.000000 0.000000 1.000000 0.000000
0.988595 0.150599 0.000000 127.855767 -0.150599 0.988595 0.000000 -7.755283 0.000000 0.000000 1.000000 0.000000
0.988553 0.150874 0.000000 128.363512 -0.150874 0.988553 0.000000 -7.846674 0.000000 0.000000 1.000000 0.000000
0.988457 0.151503 0.000000 128.865647 -0.151503 0.988457 0.000000 -7.929575 0.000000 0.000000 1.000000 0.000000
0.988846 0.148939 0.000000 129.402186 -0.148939 0.988846 0.000000 -8.024892 0.000000 0.000000 1.000000 0.000000
0.988471 0.151409 0.000000 129.888155 -0.151409 0.988471 0.000000 -8.107958 0.000000 0.000000 1.000000 0.000000
0.988236 0.152939 0.000000 130.398573 -0.152939 0.988236 0.000000 -8.193350 0.000000 0.000000 1.000000 0.000000
0.988134 0.153594 0.000000 130.918236 -0.153594 0.988134 0.000000 -8.281036 0.000000 0.000000 1.000000 0.000000
0.988121 0.153676 0.000000 131.402792 -0.153676 0.988121 0.000000 -8.366537 0.000000 0.000000 1.000000 0.000000
0.988136 0.153584 0.000000 131.920219 -0.153584 0.988136 0.000000 -8.460070 0.000000 0.000000 1.000000 0.000000
0.988007 0.154408 0.000000 132.449868 -0.154408 0.988007 0.000000 -8.551153 0.000000 0.000000 1.000000 0.000000
0.988003 0.154435 0.000000 132.940689 -0.154435 0.988003 0.000000 -8.630309 0.000000 0.000000 1.000000 0.000000
0.988216 0.153068 0.000000 133.467058 -0.153068 0.988216 0.000000 -8.720458 0.000000 0.000000 1.000000 0.000000
0.987787 0.155812 0.000000 134.001604 -0.155812 0.987787 0.000000 -8.815510 0.000000 0.000000 1.000000 0.000000
0.987347 0.158575 0.000000 134.626561 -0.158575 0.987347 0.000000 -8.922622 0.000000 0.000000 1.000000 0.000000
0.986676 0.162697 0.000000 135.189570 -0.162697 0.986676 0.000000 -9.015502 0.000000 0.000000 1.000000 0.000000
0.985745 0.168244 0.000000 135.682584 -0.168244 0.985745 0.000000 -9.114252 0.000000 0.000000 1.000000 0.000000
0.985342 0.170593 0.000000 136.212893 -0.170593 0.985342 0.000000 -9.214577 0.000000 0.000000 1.000000 0.000000
0.984584 0.174913 0.000000 136.746067 -0.174913 0.984584 0.000000 -9.325068 0.000000 0.000000 1.000000 0.000000
0.984330 0.176337 0.000000 137.283838 -0.176337 0.984330 0.000000 -9.433291 0.000000 0.000000 1.000000 0.000000
0.983575 0.180499 0.000000 141.121925 -0.180499 0.983575 0.000000 -10.223549 0.000000 0.000000 1.000000 0.000000
0.984046 0.177916 0.000000 141.633476 -0.177916 0.984046 0.000000 -10.329875 0.000000 0.000000 1.000000 0.000000
0.985113 0.171909 0.000000 142.787151 -0.171909 0.985113 0.000000 -10.579643 0.000000 0.000000 1.000000 0.000000
0.984448 0.175674 0.000000 143.906184 -0.175674 0.984448 0.000000 -10.821263 0.000000 0.000000 1.000000 0.000000
0.984270 0.176671 0.000000 144.467783 -0.176671 0.984270 0.000000 -10.941298 0.000000 0.000000 1.000000 0.000000
0.984173 0.177211 0.000000 145.031249 -0.177211 0.984173 0.000000 -11.064440 0.000000 0.000000 1.000000 0.000000
0.984236 0.176861 0.000000 145.593198 -0.176861 0.984236 0.000000 -11.191406 0.000000 0.000000 1.000000 0.000000
0.984540 0.175159 0.000000 146.160555 -0.175159 0.984540 0.000000 -11.321776 0.000000 0.000000 1.000000 0.000000
0.984548 0.175116 0.000000 146.732151 -0.175116 0.984548 0.000000 -11.440066 0.000000 0.000000 1.000000 0.000000
0.984022 0.178045 0.000000 147.309294 -0.178045 0.984022 0.000000 -11.562241 0.000000 0.000000 1.000000 0.000000
0.983970 0.178335 0.000000 147.892679 -0.178335 0.983970 0.000000 -11.686625 0.000000 0.000000 1.000000 0.000000
0.984050 0.177894 0.000000 148.464620 -0.177894 0.984050 0.000000 -11.816018 0.000000 0.000000 1.000000 0.000000
0.983311 0.181934 0.000000 149.378493 -0.181934 0.983311 0.000000 -12.011641 0.000000 0.000000 1.000000 0.000000
0.982855 0.184382 0.000000 149.960132 -0.184382 0.982855 0.000000 -12.145695 0.000000 0.000000 1.000000 0.000000
0.982617 0.185645 0.000000 150.531884 -0.185645 0.982617 0.000000 -12.277035 0.000000 0.000000 1.000000 0.000000
0.981852 0.189646 0.000000 151.111014 -0.189646 0.981852 0.000000 -12.399829 0.000000 0.000000 1.000000 0.000000
0.980995 0.194034 0.000000 151.726772 -0.194034 0.980995 0.000000 -12.534356 0.000000 0.000000 1.000000 0.000000
0.980546 0.196288 0.000000 152.261223 -0.196288 0.980546 0.000000 -12.658337 0.000000 0.000000 1.000000 0.000000
0.980410 0.196969 0.000000 152.872793 -0.196969 0.980410 0.000000 -12.806122 0.000000 0.000000 1.000000 0.000000
0.980356 0.197235 0.000000 153.442387 -0.197235 0.980356 0.000000 -12.944046 0.000000 0.000000 1.000000 0.000000
0.980127 0.198372 0.000000 154.017988 -0.198372 0.980127 0.000000 -13.071225 0.000000 0.000000 1.000000 0.000000
0.979754 0.200206 0.000000 154.589744 -0.200206 0.979754 0.000000 -13.194564 0.000000 0.000000 1.000000 0.000000
0.979693 0.200505 0.000000 155.160154 -0.200505 0.979693 0.000000 -13.325243 0.000000 0.000000 1.000000 0.000000
0.979845 0.199759 0.000000 155.726941 -0.199759 0.979845 0.000000 -13.452575 0.000000 0.000000 1.000000 0.000000
0.979739 0.200278 0.000000 156.295877 -0.200278 0.979739 0.000000 -13.574424 0.000000 0.000000 1.000000 0.000000
0.979734 0.200304 0.000000 156.858497 -0.200304 0.979734 0.000000 -13.698774 0.000000 0.000000 1.000000 0.000000
0.979604 0.200935 0.000000 157.431646 -0.200935 0.979604 0.000000 -13.822739 0.000000 0.000000 1.000000 0.000000
0.979140 0.203188 0.000000 158.003443 -0.203188 0.979140 0.000000 -13.945579 0.000000 0.000000 1.000000 0.000000
0.978550 0.206011 0.000000 159.135225 -0.206011 0.978550 0.000000 -14.203682 0.000000 0.000000 1.000000 0.000000
0.978669 0.205445 0.000000 159.698062 -0.205445 0.978669 0.000000 -14.337932 0.000000 0.000000 1.000000 0.000000
0.978483 0.206326 0.000000 160.231973 -0.206326 0.978483 0.000000 -14.460253 0.000000 0.000000 1.000000 0.000000
0.977587 0.210532 0.000000 160.814900 -0.210532 0.977587 0.000000 -14.585008 0.000000 0.000000 1.000000 0.000000
0.977431 0.211254 0.000000 161.373375 -0.211254 0.977431 0.000000 -14.711768 0.000000 0.000000 1.000000 0.000000
0.977687 0.210065 0.000000 162.480234 -0.210065 0.977687 0.000000 -14.974574 0.000000 0.000000 1.000000 0.000000
0.977736 0.209838 0.000000 163.051201 -0.209838 0.977736 0.000000 -15.106069 0.000000 0.000000 1.000000 0.000000
0.977594 0.210500 0.000000 163.592777 -0.210500 0.977594 0.000000 -15.234038 0.000000 0.000000 1.000000 0.000000
0.977630 0.210330 0.000000 164.164259 -0.210330 0.977630 0.000000 -15.367673 0.000000 0.000000 1.000000 0.000000
0.977566 0.210628 0.000000 164.737686 -0.210628 0.977566 0.000000 -15.499082 0.000000 0.000000 1.000000 0.000000
0.976963 0.213408 0.000000 165.280771 -0.213408 0.976963 0.000000 -15.614870 0.000000 0.000000 1.000000 0.000000
0.976095 0.217343 0.000000 166.042060 -0.217343 0.976095 0.000000 -15.779604 0.000000 0.000000 1.000000 0.000000
0.975638 0.219386 0.000000 166.611472 -0.219386 0.975638 0.000000 -15.905949 0.000000 0.000000 1.000000 0.000000
0.974781 0.223163 0.000000 167.180014 -0.223163 0.974781 0.000000 -16.032074 0.000000 0.000000 1.000000 0.000000
0.974060 0.226291 0.000000 167.783246 -0.226291 0.974060 0.000000 -16.178006 0.000000 0.000000 1.000000 0.000000
0.974346 0.225054 0.000000 168.315607 -0.225054 0.974346 0.000000 -16.316427 0.000000 0.000000 1.000000 0.000000
0.974232 0.225550 0.000000 168.927102 -0.225550 0.974232 0.000000 -16.473660 0.000000 0.000000 1.000000 0.000000
0.973850 0.227193 0.000000 169.499316 -0.227193 0.973850 0.000000 -16.611068 0.000000 0.000000 1.000000 0.000000
0.973471 0.228811 0.000000 170.072386 -0.228811 0.973471 0.000000 -16.748561 0.000000 0.000000 1.000000 0.000000
0.973124 0.230280 0.000000 170.655252 -0.230280 0.973124 0.000000 -16.893301 0.000000 0.000000 1.000000 0.000000
0.973837 0.227247 0.000000 171.220021 -0.227247 0.973837 0.000000 -17.045041 0.000000 0.000000 1.000000 0.000000
0.973985 0.226611 0.000000 171.792307 -0.226611 0.973985 0.000000 -17.191755 0.000000 0.000000 1.000000 0.000000
0.974298 0.225264 0.000000 172.358596 -0.225264 0.974298 0.000000 -17.341590 0.000000 0.000000 1.000000 0.000000
0.975368 0.220583 0.000000 172.929393 -0.220583 0.975368 0.000000 -17.499728 0.000000 0.000000 1.000000 0.000000
0.976433 0.215821 0.000000 173.501453 -0.215821 0.976433 0.000000 -17.651210 0.000000 0.000000 1.000000 0.000000
0.976652 0.214828 0.000000 174.076139 -0.214828 0.976652 0.000000 -17.790970 0.000000 0.000000 1.000000 0.000000
0.976714 0.214545 0.000000 174.647535 -0.214545 0.976714 0.000000 -17.934479 0.000000 0.000000 1.000000 0.000000
0.976669 0.214751 0.000000 175.222574 -0.214751 0.976669 0.000000 -18.070379 0.000000 0.000000 1.000000 0.000000
0.976266 0.216577 0.000000 175.763414 -0.216577 0.976266 0.000000 -18.197058 0.000000 0.000000 1.000000 0.000000
0.976180 0.216960 0.000000 176.377550 -0.216960 0.976180 0.000000 -18.342126 0.000000 0.000000 1.000000 0.000000
0.976159 0.217055 0.000000 176.917305 -0.217055 0.976159 0.000000 -18.468495 0.000000 0.000000 1.000000 0.000000
0.975882 0.218300 0.000000 177.496096 -0.218300 0.975882 0.000000 -18.604118 0.000000 0.000000 1.000000 0.000000
0.975249 0.221111 0.000000 178.076149 -0.221111 0.975249 0.000000 -18.741551 0.000000 0.000000 1.000000 0.000000
0.974030 0.226420 0.000000 178.658996 -0.226420 0.974030 0.000000 -18.880769 0.000000 0.000000 1.000000 0.000000
0.972885 0.231290 0.000000 179.239041 -0.231290 0.972885 0.000000 -19.026807 0.000000 0.000000 1.000000 0.000000
0.972809 0.231610 0.000000 179.814802 -0.231610 0.972809 0.000000 -19.167709 0.000000 0.000000 1.000000 0.000000
0.972854 0.231420 0.000000 180.394231 -0.231420 0.972854 0.000000 -19.311903 0.000000 0.000000 1.000000 0.000000
0.972724 0.231967 0.000000 180.974777 -0.231967 0.972724 0.000000 -19.454656 0.000000 0.000000 1.000000 0.000000
0.972285 0.233797 0.000000 181.563828 -0.233797 0.972285 0.000000 -19.595953 0.000000 0.000000 1.000000 0.000000
0.972179 0.234239 0.000000 182.148077 -0.234239 0.972179 0.000000 -19.740604 0.000000 0.000000 1.000000 0.000000
0.972471 0.233024 0.000000 182.719940 -0.233024 0.972471 0.000000 -19.889981 0.000000 0.000000 1.000000 0.000000
0.972304 0.233721 0.000000 183.303399 -0.233721 0.972304 0.000000 -20.038498 0.000000 0.000000 1.000000 0.000000
0.971766 0.235947 0.000000 183.880101 -0.235947 0.971766 0.000000 -20.184379 0.000000 0.000000 1.000000 0.000000
0.971646 0.236441 0.000000 184.423271 -0.236441 0.971646 0.000000 -20.323180 0.000000 0.000000 1.000000 0.000000
0.971247 0.238076 0.000000 184.997561 -0.238076 0.971247 0.000000 -20.470338 0.000000 0.000000 1.000000 0.000000
0.970556 0.240876 0.000000 185.578688 -0.240876 0.970556 0.000000 -20.623432 0.000000 0.000000 1.000000 0.000000
0.970778 0.239979 0.000000 186.131666 -0.239979 0.970778 0.000000 -20.767247 0.000000 0.000000 1.000000 0.000000
0.970800 0.239889 0.000000 186.700689 -0.239889 0.970800 0.000000 -20.910771 0.000000 0.000000 1.000000 0.000000
0.970662 0.240448 0.000000 187.273667 -0.240448 0.970662 0.000000 -21.062668 0.000000 0.000000 1.000000 0.000000
0.971075 0.238776 0.000000 187.812118 -0.238776 0.971075 0.000000 -21.205143 0.000000 0.000000 1.000000 0.000000
0.970634 0.240559 0.000000 188.380679 -0.240559 0.970634 0.000000 -21.351874 0.000000 0.000000 1.000000 0.000000
0.970102 0.242699 0.000000 188.953002 -0.242699 0.970102 0.000000 -21.499990 0.000000 0.000000 1.000000 0.000000
0.969932 0.243375 0.000000 189.497499 -0.243375 0.969932 0.000000 -21.637486 0.000000 0.000000 1.000000 0.000000
0.969551 0.244889 0.000000 190.070822 -0.244889 0.969551 0.000000 -21.788056 0.000000 0.000000 1.000000 0.000000
0.969127 0.246563 0.000000 190.637067 -0.246563 0.969127 0.000000 -21.936657 0.000000 0.000000 1.000000 0.000000
0.968298 0.249800 0.000000 191.457412 -0.249800 0.968298 0.000000 -22.162886 0.000000 0.000000 1.000000 0.000000
0.967679 0.252184 0.000000 192.024173 -0.252184 0.967679 0.000000 -22.314956 0.000000 0.000000 1.000000 0.000000
0.967449 0.253065 0.000000 192.595268 -0.253065 0.967449 0.000000 -22.464466 0.000000 0.000000 1.000000 0.000000
0.967462 0.253017 0.000000 193.156180 -0.253017 0.967462 0.000000 -22.614553 0.000000 0.000000 1.000000 0.000000
0.967552 0.252674 0.000000 193.718503 -0.252674 0.967552 0.000000 -22.769021 0.000000 0.000000 1.000000 0.000000
0.968240 0.250021 0.000000 194.280369 -0.250021 0.968240 0.000000 -22.924563 0.000000 0.000000 1.000000 0.000000
0.968707 0.248209 0.000000 194.840016 -0.248209 0.968707 0.000000 -23.075995 0.000000 0.000000 1.000000 0.000000
0.968756 0.248014 0.000000 195.419057 -0.248014 0.968756 0.000000 -23.239587 0.000000 0.000000 1.000000 0.000000
0.968786 0.247897 0.000000 195.913487 -0.247897 0.968786 0.000000 -23.377002 0.000000 0.000000 1.000000 0.000000
0.968560 0.248782 0.000000 196.886120 -0.248782 0.968560 0.000000 -23.644471 0.000000 0.000000 1.000000 0.000000
0.968427 0.249296 0.000000 197.444018 -0.249296 0.968427 0.000000 -23.795545 0.000000 0.000000 1.000000 0.000000
0.968046 0.250772 0.000000 198.150178 -0.250772 0.968046 0.000000 -23.994732 0.000000 0.000000 1.000000 0.000000
0.967556 0.252656 0.000000 198.859355 -0.252656 0.967556 0.000000 -24.196552 0.000000 0.000000 1.000000 0.000000
0.967145 0.254226 0.000000 199.812275 -0.254226 0.967145 0.000000 -24.471981 0.000000 0.000000 1.000000 0.000000
0.967293 0.253661 0.000000 200.366186 -0.253661 0.967293 0.000000 -24.629495 0.000000 0.000000 1.000000 0.000000
0.967356 0.253423 0.000000 200.929425 -0.253423 0.967356 0.000000 -24.786646 0.000000 0.000000 1.000000 0.000000
0.967205 0.253997 0.000000 201.483713 -0.253997 0.967205 0.000000 -24.937621 0.000000 0.000000 1.000000 0.000000
0.967513 0.252823 0.000000 202.008237 -0.252823 0.967513 0.000000 -25.085084 0.000000 0.000000 1.000000 0.000000
0.967880 0.251413 0.000000 202.575480 -0.251413 0.967880 0.000000 -25.240868 0.000000 0.000000 1.000000 0.000000
0.967525 0.252775 0.000000 203.127615 -0.252775 0.967525 0.000000 -25.402794 0.000000 0.000000 1.000000 0.000000
0.967732 0.251983 0.000000 203.915458 -0.251983 0.967732 0.000000 -25.638208 0.000000 0.000000 1.000000 0.000000
0.968058 0.250726 0.000000 204.477833 -0.250726 0.968058 0.000000 -25.798582 0.000000 0.000000 1.000000 0.000000
0.968123 0.250475 0.000000 205.042150 -0.250475 0.968123 0.000000 -25.955726 0.000000 0.000000 1.000000 0.000000
0.968498 0.249020 0.000000 205.597284 -0.249020 0.968498 0.000000 -26.118776 0.000000 0.000000 1.000000 0.000000
0.969170 0.246394 0.000000 206.189578 -0.246394 0.969170 0.000000 -26.285513 0.000000 0.000000 1.000000 0.000000
0.969185 0.246332 0.000000 206.711938 -0.246332 0.969185 0.000000 -26.431639 0.000000 0.000000 1.000000 0.000000
0.969415 0.245429 0.000000 207.304967 -0.245429 0.969415 0.000000 -26.597962 0.000000 0.000000 1.000000 0.000000
0.969727 0.244190 0.000000 207.826529 -0.244190 0.969727 0.000000 -26.747170 0.000000 0.000000 1.000000 0.000000
0.969957 0.243278 0.000000 208.417412 -0.243278 0.969957 0.000000 -26.915014 0.000000 0.000000 1.000000 0.000000
0.970029 0.242990 0.000000 208.967349 -0.242990 0.970029 0.000000 -27.068328 0.000000 0.000000 1.000000 0.000000
0.970042 0.242935 0.000000 209.522068 -0.242935 0.970042 0.000000 -27.217227 0.000000 0.000000 1.000000 0.000000
0.970165 0.242446 0.000000 210.080927 -0.242446 0.970165 0.000000 -27.371708 0.000000 0.000000 1.000000 0.000000
0.970044 0.242929 0.000000 210.621078 -0.242929 0.970044 0.000000 -27.520490 0.000000 0.000000 1.000000 0.000000
0.970271 0.242019 0.000000 211.167403 -0.242019 0.970271 0.000000 -27.673244 0.000000 0.000000 1.000000 0.000000
0.970779 0.239977 0.000000 211.722848 -0.239977 0.970779 0.000000 -27.830857 0.000000 0.000000 1.000000 0.000000
0.970499 0.241103 0.000000 212.273101 -0.241103 0.970499 0.000000 -27.980047 0.000000 0.000000 1.000000 0.000000
0.969734 0.244164 0.000000 212.806965 -0.244164 0.969734 0.000000 -28.134385 0.000000 0.000000 1.000000 0.000000
0.970350 0.241705 0.000000 213.348886 -0.241705 0.970350 0.000000 -28.285522 0.000000 0.000000 1.000000 0.000000
0.970972 0.239193 0.000000 213.929269 -0.239193 0.970972 0.000000 -28.447958 0.000000 0.000000 1.000000 0.000000
0.971541 0.236870 0.000000 214.476456 -0.236870 0.971541 0.000000 -28.596426 0.000000 0.000000 1.000000 0.000000
0.971993 0.235008 0.000000 215.028421 -0.235008 0.971993 0.000000 -28.742646 0.000000 0.000000 1.000000 0.000000
0.971966 0.235123 0.000000 215.540931 -0.235123 0.971966 0.000000 -28.878590 0.000000 0.000000 1.000000 0.000000
0.971620 0.236547 0.000000 216.086749 -0.236547 0.971620 0.000000 -29.019155 0.000000 0.000000 1.000000 0.000000
0.971546 0.236851 0.000000 216.666271 -0.236851 0.971546 0.000000 -29.176534 0.000000 0.000000 1.000000 0.000000
0.972229 0.234033 0.000000 217.209919 -0.234033 0.972229 0.000000 -29.317917 0.000000 0.000000 1.000000 0.000000
0.972616 0.232416 0.000000 217.756263 -0.232416 0.972616 0.000000 -29.458016 0.000000 0.000000 1.000000 0.000000
0.972717 0.231994 0.000000 218.274596 -0.231994 0.972717 0.000000 -29.592652 0.000000 0.000000 1.000000 0.000000
0.973626 0.228149 0.000000 219.336615 -0.228149 0.973626 0.000000 -29.878554 0.000000 0.000000 1.000000 0.000000
0.974298 0.225263 0.000000 219.861877 -0.225263 0.974298 0.000000 -30.017064 0.000000 0.000000 1.000000 0.000000
0.974817 0.223004 0.000000 220.386221 -0.223004 0.974817 0.000000 -30.150390 0.000000 0.000000 1.000000 0.000000
0.975100 0.221766 0.000000 220.887995 -0.221766 0.975100 0.000000 -30.278947 0.000000 0.000000 1.000000 0.000000
0.975319 0.220800 0.000000 221.428671 -0.220800 0.975319 0.000000 -30.419852 0.000000 0.000000 1.000000 0.000000
0.975802 0.218655 0.000000 221.960998 -0.218655 0.975802 0.000000 -30.552235 0.000000 0.000000 1.000000 0.000000
0.976098 0.217331 0.000000 222.503832 -0.217331 0.976098 0.000000 -30.683037 0.000000 0.000000 1.000000 0.000000
0.976348 0.216203 0.000000 223.007947 -0.216203 0.976348 0.000000 -30.806866 0.000000 0.000000 1.000000 0.000000
0.976465 0.215676 0.000000 223.539427 -0.215676 0.976465 0.000000 -30.936577 0.000000 0.000000 1.000000 0.000000
0.976308 0.216387 0.000000 224.032125 -0.216387 0.976308 0.000000 -31.055518 0.000000 0.000000 1.000000 0.000000
0.976280 0.216511 0.000000 224.555057 -0.216511 0.976280 0.000000 -31.181290 0.000000 0.000000 1.000000 0.000000
0.976429 0.215837 0.000000 225.076790 -0.215837 0.976429 0.000000 -31.304491 0.000000 0.000000 1.000000 0.000000
0.976788 0.214210 0.000000 225.596880 -0.214210 0.976788 0.000000 -31.433358 0.000000 0.000000 1.000000 0.000000
0.977110 0.212733 0.000000 226.087937 -0.212733 0.977110 0.000000 -31.551670 0.000000 0.000000 1.000000 0.000000
0.977416 0.211322 0.000000 226.611302 -0.211322 0.977416 0.000000 -31.674903 0.000000 0.000000 1.000000 0.000000
0.977904 0.209055 0.000000 227.262920 -0.209055 0.977904 0.000000 -31.829070 0.000000 0.000000 1.000000 0.000000
0.978019 0.208517 0.000000 227.890559 -0.208517 0.978019 0.000000 -31.981015 0.000000 0.000000 1.000000 0.000000
0.978138 0.207956 0.000000 228.416612 -0.207956 0.978138 0.000000 -32.102850 0.000000 0.000000 1.000000 0.000000
0.978509 0.206202 0.000000 228.939397 -0.206202 0.978509 0.000000 -32.226991 0.000000 0.000000 1.000000 0.000000
0.979044 0.203647 0.000000 229.460365 -0.203647 0.979044 0.000000 -32.348812 0.000000 0.000000 1.000000 0.000000
0.979418 0.201841 0.000000 229.983953 -0.201841 0.979418 0.000000 -32.467942 0.000000 0.000000 1.000000 0.000000
0.979898 0.199501 0.000000 230.506884 -0.199501 0.979898 0.000000 -32.588871 0.000000 0.000000 1.000000 0.000000
0.980334 0.197348 0.000000 231.404463 -0.197348 0.980334 0.000000 -32.796228 0.000000 0.000000 1.000000 0.000000
0.980081 0.198597 0.000000 231.929664 -0.198597 0.980081 0.000000 -32.916268 0.000000 0.000000 1.000000 0.000000
0.979772 0.200119 0.000000 232.416802 -0.200119 0.979772 0.000000 -33.027275 0.000000 0.000000 1.000000 0.000000
0.979232 0.202743 0.000000 232.937608 -0.202743 0.979232 0.000000 -33.149334 0.000000 0.000000 1.000000 0.000000
0.978785 0.204889 0.000000 233.457215 -0.204889 0.978785 0.000000 -33.269291 0.000000 0.000000 1.000000 0.000000
0.978700 0.205295 0.000000 233.972251 -0.205295 0.978700 0.000000 -33.390813 0.000000 0.000000 1.000000 0.000000
0.978976 0.203975 0.000000 234.491229 -0.203975 0.978976 0.000000 -33.521869 0.000000 0.000000 1.000000 0.000000
0.978708 0.205257 0.000000 235.010046 -0.205257 0.978708 0.000000 -33.645212 0.000000 0.000000 1.000000 0.000000
0.978224 0.207552 0.000000 235.526627 -0.207552 0.978224 0.000000 -33.765743 0.000000 0.000000 1.000000 0.000000
0.977998 0.208613 0.000000 236.049986 -0.208613 0.977998 0.000000 -33.892494 0.000000 0.000000 1.000000 0.000000
0.977738 0.209831 0.000000 236.564718 -0.209831 0.977738 0.000000 -34.019972 0.000000 0.000000 1.000000 0.000000
0.977556 0.210675 0.000000 237.088711 -0.210675 0.977556 0.000000 -34.151170 0.000000 0.000000 1.000000 0.000000
0.977551 0.210699 0.000000 237.606797 -0.210699 0.977551 0.000000 -34.281020 0.000000 0.000000 1.000000 0.000000
0.977368 0.211547 0.000000 238.119499 -0.211547 0.977368 0.000000 -34.406399 0.000000 0.000000 1.000000 0.000000
0.977314 0.211795 0.000000 238.637963 -0.211795 0.977314 0.000000 -34.537541 0.000000 0.000000 1.000000 0.000000
0.977248 0.212098 0.000000 239.154505 -0.212098 0.977248 0.000000 -34.667729 0.000000 0.000000 1.000000 0.000000
0.977259 0.212048 0.000000 239.703147 -0.212048 0.977259 0.000000 -34.807599 0.000000 0.000000 1.000000 0.000000
0.977049 0.213013 0.000000 240.181904 -0.213013 0.977049 0.000000 -34.926969 0.000000 0.000000 1.000000 0.000000
0.976510 0.215471 0.000000 240.692663 -0.215471 0.976510 0.000000 -35.058510 0.000000 0.000000 1.000000 0.000000
0.975799 0.218672 0.000000 241.210093 -0.218672 0.975799 0.000000 -35.195714 0.000000 0.000000 1.000000 0.000000
0.975803 0.218653 0.000000 241.719311 -0.218653 0.975803 0.000000 -35.338867 0.000000 0.000000 1.000000 0.000000
0.976114 0.217259 0.000000 242.236598 -0.217259 0.976114 0.000000 -35.476937 0.000000 0.000000 1.000000 0.000000
0.976065 0.217477 0.000000 242.750507 -0.217477 0.976065 0.000000 -35.608052 0.000000 0.000000 1.000000 0.000000
0.975796 0.218682 0.000000 243.263506 -0.218682 0.975796 0.000000 -35.739598 0.000000 0.000000 1.000000 0.000000
0.975718 0.219032 0.000000 243.775619 -0.219032 0.975718 0.000000 -35.874224 0.000000 0.000000 1.000000 0.000000
0.975384 0.220513 0.000000 244.291916 -0.220513 0.975384 0.000000 -36.003803 0.000000 0.000000 1.000000 0.000000
0.974502 0.224380 0.000000 244.841908 -0.224380 0.974502 0.000000 -36.140130 0.000000 0.000000 1.000000 0.000000
0.973973 0.226663 0.000000 245.349141 -0.226663 0.973973 0.000000 -36.273589 0.000000 0.000000 1.000000 0.000000
0.973528 0.228566 0.000000 245.829517 -0.228566 0.973528 0.000000 -36.400934 0.000000 0.000000 1.000000 0.000000
0.973008 0.230772 0.000000 246.340753 -0.230772 0.973008 0.000000 -36.530087 0.000000 0.000000 1.000000 0.000000
0.971483 0.237107 0.000000 247.360126 -0.237107 0.971483 0.000000 -36.789070 0.000000 0.000000 1.000000 0.000000
0.970728 0.240182 0.000000 247.874434 -0.240182 0.970728 0.000000 -36.916275 0.000000 0.000000 1.000000 0.000000
0.970277 0.241996 0.000000 248.587589 -0.241996 0.970277 0.000000 -37.105724 0.000000 0.000000 1.000000 0.000000
0.970712 0.240246 0.000000 249.563036 -0.240246 0.970712 0.000000 -37.367380 0.000000 0.000000 1.000000 0.000000
0.970350 0.241703 0.000000 250.068175 -0.241703 0.970350 0.000000 -37.502809 0.000000 0.000000 1.000000 0.000000
0.969873 0.243611 0.000000 250.568939 -0.243611 0.969873 0.000000 -37.640083 0.000000 0.000000 1.000000 0.000000
0.969597 0.244708 0.000000 251.060654 -0.244708 0.969597 0.000000 -37.780152 0.000000 0.000000 1.000000 0.000000
0.969344 0.245707 0.000000 251.567056 -0.245707 0.969344 0.000000 -37.927501 0.000000 0.000000 1.000000 0.000000
0.969072 0.246780 0.000000 252.067146 -0.246780 0.969072 0.000000 -38.075556 0.000000 0.000000 1.000000 0.000000
0.968938 0.247305 0.000000 252.563110 -0.247305 0.968938 0.000000 -38.218257 0.000000 0.000000 1.000000 0.000000
0.969042 0.246896 0.000000 253.064022 -0.246896 0.969042 0.000000 -38.356348 0.000000 0.000000 1.000000 0.000000
0.969716 0.244235 0.000000 253.556958 -0.244235 0.969716 0.000000 -38.497471 0.000000 0.000000 1.000000 0.000000
0.970751 0.240087 0.000000 254.049519 -0.240087 0.970751 0.000000 -38.629840 0.000000 0.000000 1.000000 0.000000
0.971167 0.238402 0.000000 254.508906 -0.238402 0.971167 0.000000 -38.746718 0.000000 0.000000 1.000000 0.000000
0.971115 0.238612 0.000000 255.007530 -0.238612 0.971115 0.000000 -38.870175 0.000000 0.000000 1.000000 0.000000
0.971061 0.238831 0.000000 255.497275 -0.238831 0.971061 0.000000 -38.992654 0.000000 0.000000 1.000000 0.000000
0.971268 0.237987 0.000000 255.981765 -0.237987 0.971268 0.000000 -39.112250 0.000000 0.000000 1.000000 0.000000
0.971562 0.236785 0.000000 256.473292 -0.236785 0.971562 0.000000 -39.233564 0.000000 0.000000 1.000000 0.000000
0.971690 0.236261 0.000000 256.959717 -0.236261 0.971690 0.000000 -39.345330 0.000000 0.000000 1.000000 0.000000
0.971369 0.237577 0.000000 257.456915 -0.237577 0.971369 0.000000 -39.463749 0.000000 0.000000 1.000000 0.000000
0.970890 0.239524 0.000000 257.935474 -0.239524 0.970890 0.000000 -39.578532 0.000000 0.000000 1.000000 0.000000
0.970152 0.242496 0.000000 258.416952 -0.242496 0.970152 0.000000 -39.695990 0.000000 0.000000 1.000000 0.000000
0.969622 0.244608 0.000000 258.884633 -0.244608 0.969622 0.000000 -39.821445 0.000000 0.000000 1.000000 0.000000
0.970024 0.243007 0.000000 259.351715 -0.243007 0.970024 0.000000 -39.954068 0.000000 0.000000 1.000000 0.000000
0.970319 0.241828 0.000000 259.811758 -0.241828 0.970319 0.000000 -40.083186 0.000000 0.000000 1.000000 0.000000
0.969975 0.243204 0.000000 260.232784 -0.243204 0.969975 0.000000 -40.196824 0.000000 0.000000 1.000000 0.000000
0.969683 0.244365 0.000000 260.680821 -0.244365 0.969683 0.000000 -40.323169 0.000000 0.000000 1.000000 0.000000
0.969633 0.244564 0.000000 261.131387 -0.244564 0.969633 0.000000 -40.449413 0.000000 0.000000 1.000000 0.000000
0.969660 0.244458 0.000000 261.574235 -0.244458 0.969660 0.000000 -40.568817 0.000000 0.000000 1.000000 0.000000
0.969756 0.244076 0.000000 262.026599 -0.244076 0.969756 0.000000 -40.686103 0.000000 0.000000 1.000000 0.000000
0.969773 0.244007 0.000000 262.460967 -0.244007 0.969773 0.000000 -40.801344 0.000000 0.000000 1.000000 0.000000
0.969851 0.243700 0.000000 262.886957 -0.243700 0.969851 0.000000 -40.921732 0.000000 0.000000 1.000000 0.000000
0.970311 0.241860 0.000000 263.314021 -0.241860 0.970311 0.000000 -41.034563 0.000000 0.000000 1.000000 0.000000
0.970820 0.239808 0.000000 263.745302 -0.239808 0.970820 0.000000 -41.150029 0.000000 0.000000 1.000000 0.000000
0.971232 0.238135 0.000000 264.305692 -0.238135 0.971232 0.000000 -41.293014 0.000000 0.000000 1.000000 0.000000
0.970895 0.239505 0.000000 264.720671 -0.239505 0.970895 0.000000 -41.394608 0.000000 0.000000 1.000000 0.000000
0.970797 0.239901 0.000000 265.135607 -0.239901 0.970797 0.000000 -41.504433 0.000000 0.000000 1.000000 0.000000
0.970978 0.239168 0.000000 265.542955 -0.239168 0.970978 0.000000 -41.609186 0.000000 0.000000 1.000000 0.000000
0.971054 0.238859 0.000000 265.953101 -0.238859 0.971054 0.000000 -41.717792 0.000000 0.000000 1.000000 0.000000
0.971234 0.238127 0.000000 266.342737 -0.238127 0.971234 0.000000 -41.813624 0.000000 0.000000 1.000000 0.000000
0.970856 0.239663 0.000000 266.741067 -0.239663 0.970856 0.000000 -41.909205 0.000000 0.000000 1.000000 0.000000
0.970397 0.241515 0.000000 267.161962 -0.241515 0.970397 0.000000 -42.010257 0.000000 0.000000 1.000000 0.000000
0.969905 0.243485 0.000000 267.551471 -0.243485 0.969905 0.000000 -42.106899 0.000000 0.000000 1.000000 0.000000
0.969558 0.244863 0.000000 267.933249 -0.244863 0.969558 0.000000 -42.204174 0.000000 0.000000 1.000000 0.000000
0.969816 0.243840 0.000000 268.310395 -0.243840 0.969816 0.000000 -42.307281 0.000000 0.000000 1.000000 0.000000
0.969732 0.244174 0.000000 268.681835 -0.244174 0.969732 0.000000 -42.408073 0.000000 0.000000 1.000000 0.000000
0.969287 0.245931 0.000000 269.048158 -0.245931 0.969287 0.000000 -42.509712 0.000000 0.000000 1.000000 0.000000
0.969162 0.246424 0.000000 269.407370 -0.246424 0.969162 0.000000 -42.613215 0.000000 0.000000 1.000000 0.000000
0.969379 0.245571 0.000000 269.761393 -0.245571 0.969379 0.000000 -42.710092 0.000000 0.000000 1.000000 0.000000
0.969702 0.244290 0.000000 270.115053 -0.244290 0.969702 0.000000 -42.802813 0.000000 0.000000 1.000000 0.000000
0.969805 0.243883 0.000000 270.463375 -0.243883 0.969805 0.000000 -42.891406 0.000000 0.000000 1.000000 0.000000
0.969639 0.244541 0.000000 270.809435 -0.244541 0.969639 0.000000 -42.980944 0.000000 0.000000 1.000000 0.000000
0.969922 0.243416 0.000000 271.152447 -0.243416 0.969922 0.000000 -43.079109 0.000000 0.000000 1.000000 0.000000
0.970456 0.241276 0.000000 271.490788 -0.241276 0.970456 0.000000 -43.173933 0.000000 0.000000 1.000000 0.000000
0.970406 0.241478 0.000000 272.156857 -0.241478 0.970406 0.000000 -43.350842 0.000000 0.000000 1.000000 0.000000
0.970354 0.241687 0.000000 272.479104 -0.241687 0.970354 0.000000 -43.431891 0.000000 0.000000 1.000000 0.000000
0.970476 0.241199 0.000000 272.798488 -0.241199 0.970476 0.000000 -43.515902 0.000000 0.000000 1.000000 0.000000
0.970459 0.241267 0.000000 273.115219 -0.241267 0.970459 0.000000 -43.594514 0.000000 0.000000 1.000000 0.000000
0.969989 0.243149 0.000000 273.432414 -0.243149 0.969989 0.000000 -43.668208 0.000000 0.000000 1.000000 0.000000
0.969061 0.246822 0.000000 274.022848 -0.246822 0.969061 0.000000 -43.821831 0.000000 0.000000 1.000000 0.000000
0.969202 0.246268 0.000000 274.318554 -0.246268 0.969202 0.000000 -43.899529 0.000000 0.000000 1.000000 0.000000
0.969569 0.244819 0.000000 274.599970 -0.244819 0.969569 0.000000 -43.981303 0.000000 0.000000 1.000000 0.000000
0.969979 0.243191 0.000000 274.882117 -0.243191 0.969979 0.000000 -44.065869 0.000000 0.000000 1.000000 0.000000
0.970200 0.242306 0.000000 275.142482 -0.242306 0.970200 0.000000 -44.136985 0.000000 0.000000 1.000000 0.000000
0.987844 0.155449 0.000000 286.263802 -0.155449 0.987844 0.000000 -46.401005 0.000000 0.000000 1.000000 0.000000
0.987408 0.158197 0.000000 286.509437 -0.158197 0.987408 0.000000 -46.434327 0.000000 0.000000 1.000000 0.000000
0.987413 0.158162 0.000000 286.752286 -0.158162 0.987413 0.000000 -46.471334 0.000000 0.000000 1.000000 0.000000
0.987931 0.154896 0.000000 287.055754 -0.154896 0.987931 0.000000 -46.527804 0.000000 0.000000 1.000000 0.000000
0.988284 0.152626 0.000000 287.399373 -0.152626 0.988284 0.000000 -46.583278 0.000000 0.000000 1.000000 0.000000
0.988153 0.153471 0.000000 287.693772 -0.153471 0.988153 0.000000 -46.629162 0.000000 0.000000 1.000000 0.000000
0.988089 0.153886 0.000000 287.923900 -0.153886 0.988089 0.000000 -46.672714 0.000000 0.000000 1.000000 0.000000
0.988261 0.152774 0.000000 288.150125 -0.152774 0.988261 0.000000 -46.716179 0.000000 0.000000 1.000000 0.000000
0.988369 0.152073 0.000000 288.369692 -0.152073 0.988369 0.000000 -46.756893 0.000000 0.000000 1.000000 0.000000
0.988217 0.153061 0.000000 288.585503 -0.153061 0.988217 0.000000 -46.795484 0.000000 0.000000 1.000000 0.000000
0.987890 0.155159 0.000000 288.801402 -0.155159 0.987890 0.000000 -46.834248 0.000000 0.000000 1.000000 0.000000
0.987948 0.154783 0.000000 289.009859 -0.154783 0.987948 0.000000 -46.877986 0.000000 0.000000 1.000000 0.000000
0.988192 0.153224 0.000000 289.216355 -0.153224 0.988192 0.000000 -46.913028 0.000000 0.000000 1.000000 0.000000
0.987930 0.154900 0.000000 289.420764 -0.154900 0.987930 0.000000 -46.950277 0.000000 0.000000 1.000000 0.000000
0.987650 0.156677 0.000000 289.623543 -0.156677 0.987650 0.000000 -46.984606 0.000000 0.000000 1.000000 0.000000
0.987624 0.156841 0.000000 289.833070 -0.156841 0.987624 0.000000 -47.023766 0.000000 0.000000 1.000000 0.000000
0.987808 0.155676 0.000000 290.014972 -0.155676 0.987808 0.000000 -47.057515 0.000000 0.000000 1.000000 0.000000
0.987965 0.154676 0.000000 290.218811 -0.154676 0.987965 0.000000 -47.096164 0.000000 0.000000 1.000000 0.000000
0.987982 0.154567 0.000000 290.396618 -0.154567 0.987982 0.000000 -47.125580 0.000000 0.000000 1.000000 0.000000
0.987742 0.156093 0.000000 290.581739 -0.156093 0.987742 0.000000 -47.152378 0.000000 0.000000 1.000000 0.000000
0.987585 0.157085 0.000000 290.759532 -0.157085 0.987585 0.000000 -47.186613 0.000000 0.000000 1.000000 0.000000
0.987578 0.157127 0.000000 290.927108 -0.157127 0.987578 0.000000 -47.216340 0.000000 0.000000 1.000000 0.000000
0.987136 0.159883 0.000000 291.085673 -0.159883 0.987136 0.000000 -47.242825 0.000000 0.000000 1.000000 0.000000
0.986786 0.162030 0.000000 291.247056 -0.162030 0.986786 0.000000 -47.269709 0.000000 0.000000 1.000000 0.000000
0.986883 0.161435 0.000000 291.393846 -0.161435 0.986883 0.000000 -47.296593 0.000000 0.000000 1.000000 0.000000
0.987028 0.160548 0.000000 291.640808 -0.160548 0.987028 0.000000 -47.335140 0.000000 0.000000 1.000000 0.000000
0.986657 0.162810 0.000000 291.794586 -0.162810 0.986657 0.000000 -47.353748 0.000000 0.000000 1.000000 0.000000
0.986525 0.163613 0.000000 291.944157 -0.163613 0.986525 0.000000 -47.374340 0.000000 0.000000 1.000000 0.000000
0.986563 0.163381 0.000000 292.085595 -0.163381 0.986563 0.000000 -47.397446 0.000000 0.000000 1.000000 0.000000
0.986750 0.162245 0.000000 292.330052 -0.162245 0.986750 0.000000 -47.443964 0.000000 0.000000 1.000000 0.000000
0.986990 0.160781 0.000000 292.450804 -0.160781 0.986990 0.000000 -47.458707 0.000000 0.000000 1.000000 0.000000
0.986660 0.162794 0.000000 292.562935 -0.162794 0.986660 0.000000 -47.474964 0.000000 0.000000 1.000000 0.000000
0.986569 0.163346 0.000000 292.664846 -0.163346 0.986569 0.000000 -47.494408 0.000000 0.000000 1.000000 0.000000
0.986472 0.163928 0.000000 292.751934 -0.163928 0.986472 0.000000 -47.517611 0.000000 0.000000 1.000000 0.000000
0.986863 0.161559 0.000000 292.878023 -0.161559 0.986863 0.000000 -47.548490 0.000000 0.000000 1.000000 0.000000
0.986725 0.162400 0.000000 292.944780 -0.162400 0.986725 0.000000 -47.559704 0.000000 0.000000 1.000000 0.000000
0.986463 0.163984 0.000000 293.013016 -0.163984 0.986463 0.000000 -47.569160 0.000000 0.000000 1.000000 0.000000
0.986377 0.164502 0.000000 293.059692 -0.164502 0.986377 0.000000 -47.580871 0.000000 0.000000 1.000000 0.000000
0.986396 0.164385 0.000000 293.092649 -0.164385 0.986396 0.000000 -47.588410 0.000000 0.000000 1.000000 0.000000
0.986481 0.163874 0.000000 293.121557 -0.163874 0.986481 0.000000 -47.593231 0.000000 0.000000 1.000000 0.000000
0.986452 0.164049 0.000000 293.139968 -0.164049 0.986452 0.000000 -47.596013 0.000000 0.000000 1.000000 0.000000
0.986540 0.163523 0.000000 293.154865 -0.163523 0.986540 0.000000 -47.598614 0.000000 0.000000 1.000000 0.000000
0.986671 0.162725 0.000000 293.160128 -0.162725 0.986671 0.000000 -47.601320 0.000000 0.000000 1.000000 0.000000
0.986747 0.162269 0.000000 293.159524 -0.162269 0.986747 0.000000 -47.602806 0.000000 0.000000 1.000000 0.000000
0.986790 0.162007 0.000000 293.158248 -0.162007 0.986790 0.000000 -47.604429 0.000000 0.000000 1.000000 0.000000
0.986884 0.161430 0.000000 293.156260 -0.161430 0.986884 0.000000 -47.603583 0.000000 0.000000 1.000000 0.000000
0.986925 0.161179 0.000000 293.153535 -0.161179 0.986925 0.000000 -47.602171 0.000000 0.000000 1.000000 0.000000
0.986928 0.161163 0.000000 293.151391 -0.161163 0.986928 0.000000 -47.598839 0.000000 0.000000 1.000000 0.000000
0.986912 0.161261 0.000000 293.150597 -0.161261 0.986912 0.000000 -47.595828 0.000000 0.000000 1.000000 0.000000
0.986886 0.161420 0.000000 293.149225 -0.161420 0.986886 0.000000 -47.593519 0.000000 0.000000 1.000000 0.000000
0.986861 0.161571 0.000000 293.149243 -0.161571 0.986861 0.000000 -47.590201 0.000000 0.000000 1.000000 0.000000
0.986859 0.161586 0.000000 293.148960 -0.161586 0.986859 0.000000 -47.587775 0.000000 0.000000 1.000000 0.000000
0.986863 0.161560 0.000000 293.148904 -0.161560 0.986863 0.000000 -47.586021 0.000000 0.000000 1.000000 0.000000
0.986872 0.161502 0.000000 293.148661 -0.161502 0.986872 0.000000 -47.585612 0.000000 0.000000 1.000000 0.000000
0.986871 0.161509 0.000000 293.148500 -0.161509 0.986871 0.000000 -47.585442 0.000000 0.000000 1.000000 0.000000
0.986870 0.161517 0.000000 293.148732 -0.161517 0.986870 0.000000 -47.585141 0.000000 0.000000 1.000000 0.000000
0.986885 0.161423 0.000000 293.148821 -0.161423 0.986885 0.000000 -47.584972 0.000000 0.000000 1.000000 0.000000
0.986881 0.161451 0.000000 293.148872 -0.161451 0.986881 0.000000 -47.584793 0.000000 0.000000 1.000000 0.000000
0.986870 0.161516 0.000000 293.149106 -0.161516 0.986870 0.000000 -47.583733 0.000000 0.000000 1.000000 0.000000
0.986890 0.161395 0.000000 293.149071 -0.161395 0.986890 0.000000 -47.583964 0.000000 0.000000 1.000000 0.000000
0.986872 0.161504 0.000000 293.149131 -0.161504 0.986872 0.000000 -47.583722 0.000000 0.000000 1.000000 0.000000
0.986868 0.161530 0.000000 293.149154 -0.161530 0.986868 0.000000 -47.584091 0.000000 0.000000 1.000000 0.000000
0.986855 0.161607 0.000000 293.149173 -0.161607 0.986855 0.000000 -47.584455 0.000000 0.000000 1.000000 0.000000
0.986851 0.161635 0.000000 293.149104 -0.161635 0.986851 0.000000 -47.585039 0.000000 0.000000 1.000000 0.000000
0.986865 0.161549 0.000000 293.149042 -0.161549 0.986865 0.000000 -47.585740 0.000000 0.000000 1.000000 0.000000
0.986871 0.161508 0.000000 293.149011 -0.161508 0.986871 0.000000 -47.586520 0.000000 0.000000 1.000000 0.000000
0.986859 0.161582 0.000000 293.149108 -0.161582 0.986859 0.000000 -47.586764 0.000000 0.000000 1.000000 0.000000
0.986877 0.161472 0.000000 293.149117 -0.161472 0.986877 0.000000 -47.587291 0.000000 0.000000 1.000000 0.000000
0.986894 0.161372 0.000000 293.148914 -0.161372 0.986894 0.000000 -47.588125 0.000000 0.000000 1.000000 0.000000
0.986887 0.161411 0.000000 293.148973 -0.161411 0.986887 0.000000 -47.588181 0.000000 0.000000 1.000000 0.000000
0.986887 0.161412 0.000000 293.148973 -0.161412 0.986887 0.000000 -47.588188 0.000000 0.000000 1.000000 0.000000
0.986882 0.161443 0.000000 293.149035 -0.161443 0.986882 0.000000 -47.588185 0.000000 0.000000 1.000000 0.000000
0.986880 0.161458 0.000000 293.149158 -0.161458 0.986880 0.000000 -47.588184 0.000000 0.000000 1.000000 0.000000
0.986870 0.161517 0.000000 293.149061 -0.161517 0.986870 0.000000 -47.588238 0.000000 0.000000 1.000000 0.000000
0.986858 0.161589 0.000000 293.149062 -0.161589 0.986858 0.000000 -47.588401 0.000000 0.000000 1.000000 0.000000
0.986858 0.161590 0.000000 293.149065 -0.161590 0.986858 0.000000 -47.588398 0.000000 0.000000 1.000000 0.000000
0.986849 0.161645 0.000000 293.149181 -0.161645 0.986849 0.000000 -47.588408 0.000000 0.000000 1.000000 0.000000
0.986849 0.161646 0.000000 293.149183 -0.161646 0.986849 0.000000 -47.588407 0.000000 0.000000 1.000000 0.000000
0.986845 0.161668 0.000000 293.149124 -0.161668 0.986845 0.000000 -47.588401 0.000000 0.000000 1.000000 0.000000
0.986843 0.161684 0.000000 293.149174 -0.161684 0.986843 0.000000 -47.588450 0.000000 0.000000 1.000000 0.000000
0.986855 0.161610 0.000000 293.149201 -0.161610 0.986855 0.000000 -47.588872 0.000000 0.000000 1.000000 0.000000
0.986860 0.161579 0.000000 293.149264 -0.161579 0.986860 0.000000 -47.589339 0.000000 0.000000 1.000000 0.000000
0.986842 0.161689 0.000000 293.149213 -0.161689 0.986842 0.000000 -47.589278 0.000000 0.000000 1.000000 0.000000
0.986847 0.161654 0.000000 293.149266 -0.161654 0.986847 0.000000 -47.589328 0.000000 0.000000 1.000000 0.000000
0.986828 0.161772 0.000000 293.149258 -0.161772 0.986828 0.000000 -47.589613 0.000000 0.000000 1.000000 0.000000
0.986775 0.162094 0.000000 293.149387 -0.162094 0.986775 0.000000 -47.589490 0.000000 0.000000 1.000000 0.000000
0.986748 0.162262 0.000000 293.149578 -0.162262 0.986748 0.000000 -47.589413 0.000000 0.000000 1.000000 0.000000
0.986718 0.162443 0.000000 293.149661 -0.162443 0.986718 0.000000 -47.589131 0.000000 0.000000 1.000000 0.000000
0.986685 0.162646 0.000000 293.149597 -0.162646 0.986685 0.000000 -47.589216 0.000000 0.000000 1.000000 0.000000
0.986669 0.162739 0.000000 293.148571 -0.162739 0.986669 0.000000 -47.590434 0.000000 0.000000 1.000000 0.000000
0.986709 0.162495 0.000000 293.147611 -0.162495 0.986709 0.000000 -47.591447 0.000000 0.000000 1.000000 0.000000
0.986776 0.162092 0.000000 293.146649 -0.162092 0.986776 0.000000 -47.593013 0.000000 0.000000 1.000000 0.000000
0.986830 0.161760 0.000000 293.145705 -0.161760 0.986830 0.000000 -47.594388 0.000000 0.000000 1.000000 0.000000
0.986915 0.161244 0.000000 293.144605 -0.161244 0.986915 0.000000 -47.595989 0.000000 0.000000 1.000000 0.000000
0.987019 0.160603 0.000000 293.143473 -0.160603 0.987019 0.000000 -47.598179 0.000000 0.000000 1.000000 0.000000
0.987109 0.160050 0.000000 293.142101 -0.160050 0.987109 0.000000 -47.600898 0.000000 0.000000 1.000000 0.000000
0.987175 0.159640 0.000000 293.140879 -0.159640 0.987175 0.000000 -47.604162 0.000000 0.000000 1.000000 0.000000
0.987241 0.159236 0.000000 293.139780 -0.159236 0.987241 0.000000 -47.607483 0.000000 0.000000 1.000000 0.000000
0.987279 0.158995 0.000000 293.138901 -0.158995 0.987279 0.000000 -47.610831 0.000000 0.000000 1.000000 0.000000
0.987333 0.158660 0.000000 293.138305 -0.158660 0.987333 0.000000 -47.614348 0.000000 0.000000 1.000000 0.000000
0.987408 0.158193 0.000000 293.137688 -0.158193 0.987408 0.000000 -47.617433 0.000000 0.000000 1.000000 0.000000
0.987505 0.157587 0.000000 293.136838 -0.157587 0.987505 0.000000 -47.621503 0.000000 0.000000 1.000000 0.000000
0.987515 0.157527 0.000000 293.137059 -0.157527 0.987515 0.000000 -47.621810 0.000000 0.000000 1.000000 0.000000
0.987534 0.157406 0.000000 293.137188 -0.157406 0.987534 0.000000 -47.622050 0.000000 0.000000 1.000000 0.000000
0.987543 0.157347 0.000000 293.137322 -0.157347 0.987543 0.000000 -47.622214 0.000000 0.000000 1.000000 0.000000
0.987550 0.157304 0.000000 293.137675 -0.157304 0.987550 0.000000 -47.622016 0.000000 0.000000 1.000000 0.000000
0.987561 0.157234 0.000000 293.138267 -0.157234 0.987561 0.000000 -47.621405 0.000000 0.000000 1.000000 0.000000
0.987555 0.157274 0.000000 293.138429 -0.157274 0.987555 0.000000 -47.621341 0.000000 0.000000 1.000000 0.000000
0.987552 0.157295 0.000000 293.138726 -0.157295 0.987552 0.000000 -47.621323 0.000000 0.000000 1.000000 0.000000
0.987552 0.157291 0.000000 293.138968 -0.157291 0.987552 0.000000 -47.620930 0.000000 0.000000 1.000000 0.000000
0.987557 0.157263 0.000000 293.139053 -0.157263 0.987557 0.000000 -47.621034 0.000000 0.000000 1.000000 0.000000
0.987543 0.157347 0.000000 293.139067 -0.157347 0.987543 0.000000 -47.621005 0.000000 0.000000 1.000000 0.000000
0.987544 0.157340 0.000000 293.139148 -0.157340 0.987544 0.000000 -47.620937 0.000000 0.000000 1.000000 0.000000
0.987544 0.157340 0.000000 293.139146 -0.157340 0.987544 0.000000 -47.620939 0.000000 0.000000 1.000000 0.000000
0.987527 0.157451 0.000000 293.139422 -0.157451 0.987527 0.000000 -47.621299 0.000000 0.000000 1.000000 0.000000
0.987536 0.157390 0.000000 293.139504 -0.157390 0.987536 0.000000 -47.621644 0.000000 0.000000 1.000000 0.000000
0.987535 0.157400 0.000000 293.139734 -0.157400 0.987535 0.000000 -47.621626 0.000000 0.000000 1.000000 0.000000
0.987505 0.157588 0.000000 293.140211 -0.157588 0.987505 0.000000 -47.621392 0.000000 0.000000 1.000000 0.000000
0.987499 0.157625 0.000000 293.140627 -0.157625 0.987499 0.000000 -47.621409 0.000000 0.000000 1.000000 0.000000
0.987477 0.157763 0.000000 293.140977 -0.157763 0.987477 0.000000 -47.621374 0.000000 0.000000 1.000000 0.000000
0.987458 0.157883 0.000000 293.141358 -0.157883 0.987458 0.000000 -47.621374 0.000000 0.000000 1.000000 0.000000
0.987448 0.157943 0.000000 293.141609 -0.157943 0.987448 0.000000 -47.621423 0.000000 0.000000 1.000000 0.000000
0.987453 0.157915 0.000000 293.141708 -0.157915 0.987453 0.000000 -47.621506 0.000000 0.000000 1.000000 0.000000
0.987464 0.157844 0.000000 293.141699 -0.157844 0.987464 0.000000 -47.621646 0.000000 0.000000 1.000000 0.000000
0.987469 0.157814 0.000000 293.141514 -0.157814 0.987469 0.000000 -47.621805 0.000000 0.000000 1.000000 0.000000
0.987475 0.157777 0.000000 293.141153 -0.157777 0.987475 0.000000 -47.622026 0.000000 0.000000 1.000000 0.000000
0.987474 0.157779 0.000000 293.140826 -0.157779 0.987474 0.000000 -47.622236 0.000000 0.000000 1.000000 0.000000
0.987474 0.157779 0.000000 293.140818 -0.157779 0.987474 0.000000 -47.622236 0.000000 0.000000 1.000000 0.000000
0.987485 0.157716 0.000000 293.140713 -0.157716 0.987485 0.000000 -47.622375 0.000000 0.000000 1.000000 0.000000
0.987484 0.157721 0.000000 293.140710 -0.157721 0.987484 0.000000 -47.622376 0.000000 0.000000 1.000000 0.000000
0.987479 0.157748 0.000000 293.140706 -0.157748 0.987479 0.000000 -47.622382 0.000000 0.000000 1.000000 0.000000
0.987480 0.157747 0.000000 293.140704 -0.157747 0.987480 0.000000 -47.622388 0.000000 0.000000 1.000000 0.000000
0.987488 0.157694 0.000000 293.140685 -0.157694 0.987488 0.000000 -47.622481 0.000000 0.000000 1.000000 0.000000
0.987483 0.157728 0.000000 293.140689 -0.157728 0.987483 0.000000 -47.622561 0.000000 0.000000 1.000000 0.000000
0.987458 0.157881 0.000000 293.140796 -0.157881 0.987458 0.000000 -47.622485 0.000000 0.000000 1.000000 0.000000
0.987428 0.158070 0.000000 293.140801 -0.158070 0.987428 0.000000 -47.622311 0.000000 0.000000 1.000000 0.000000
0.987421 0.158114 0.000000 293.141044 -0.158114 0.987421 0.000000 -47.622267 0.000000 0.000000 1.000000 0.000000
0.987437 0.158016 0.000000 293.141189 -0.158016 0.987437 0.000000 -47.622299 0.000000 0.000000 1.000000 0.000000
0.987425 0.158089 0.000000 293.141272 -0.158089 0.987425 0.000000 -47.622188 0.000000 0.000000 1.000000 0.000000
0.987393 0.158286 0.000000 293.141470 -0.158286 0.987393 0.000000 -47.621797 0.000000 0.000000 1.000000 0.000000
0.987397 0.158265 0.000000 293.141528 -0.158265 0.987397 0.000000 -47.621794 0.000000 0.000000 1.000000 0.000000
0.987388 0.158320 0.000000 293.141771 -0.158320 0.987388 0.000000 -47.621682 0.000000 0.000000 1.000000 0.000000
0.987390 0.158305 0.000000 293.142060 -0.158305 0.987390 0.000000 -47.621573 0.000000 0.000000 1.000000 0.000000
0.987378 0.158381 0.000000 293.142131 -0.158381 0.987378 0.000000 -47.621320 0.000000 0.000000 1.000000 0.000000
0.987378 0.158381 0.000000 293.142134 -0.158381 0.987378 0.000000 -47.621316 0.000000 0.000000 1.000000 0.000000
0.987378 0.158380 0.000000 293.142134 -0.158380 0.987378 0.000000 -47.621314 0.000000 0.000000 1.000000 0.000000
0.987379 0.158374 0.000000 293.142074 -0.158374 0.987379 0.000000 -47.621315 0.000000 0.000000 1.000000 0.000000
0.987379 0.158377 0.000000 293.141797 -0.158377 0.987379 0.000000 -47.621302 0.000000 0.000000 1.000000 0.000000
0.987407 0.158204 0.000000 293.141619 -0.158204 0.987407 0.000000 -47.621617 0.000000 0.000000 1.000000 0.000000
0.987411 0.158174 0.000000 293.141429 -0.158174 0.987411 0.000000 -47.621753 0.000000 0.000000 1.000000 0.000000
0.987395 0.158274 0.000000 293.141208 -0.158274 0.987395 0.000000 -47.621584 0.000000 0.000000 1.000000 0.000000
0.987399 0.158248 0.000000 293.141056 -0.158248 0.987399 0.000000 -47.621530 0.000000 0.000000 1.000000 0.000000
0.987405 0.158215 0.000000 293.140863 -0.158215 0.987405 0.000000 -47.621670 0.000000 0.000000 1.000000 0.000000
0.987387 0.158327 0.000000 293.140880 -0.158327 0.987387 0.000000 -47.621482 0.000000 0.000000 1.000000 0.000000
0.987367 0.158453 0.000000 293.140452 -0.158453 0.987367 0.000000 -47.621244 0.000000 0.000000 1.000000 0.000000
0.987373 0.158413 0.000000 293.140500 -0.158413 0.987373 0.000000 -47.621297 0.000000 0.000000 1.000000 0.000000
0.987378 0.158381 0.000000 293.140446 -0.158381 0.987378 0.000000 -47.621299 0.000000 0.000000 1.000000 0.000000
0.987378 0.158381 0.000000 293.140444 -0.158381 0.987378 0.000000 -47.621299 0.000000 0.000000 1.000000 0.000000
0.987374 0.158408 0.000000 293.140395 -0.158408 0.987374 0.000000 -47.621277 0.000000 0.000000 1.000000 0.000000
0.987377 0.158387 0.000000 293.140340 -0.158387 0.987377 0.000000 -47.621246 0.000000 0.000000 1.000000 0.000000
0.987380 0.158371 0.000000 293.140087 -0.158371 0.987380 0.000000 -47.621228 0.000000 0.000000 1.000000 0.000000
0.987380 0.158370 0.000000 293.140084 -0.158370 0.987380 0.000000 -47.621226 0.000000 0.000000 1.000000 0.000000
0.987386 0.158333 0.000000 293.140025 -0.158333 0.987386 0.000000 -47.621248 0.000000 0.000000 1.000000 0.000000
0.987386 0.158334 0.000000 293.140028 -0.158334 0.987386 0.000000 -47.621241 0.000000 0.000000 1.000000 0.000000
0.987386 0.158334 0.000000 293.140030 -0.158334 0.987386 0.000000 -47.621240 0.000000 0.000000 1.000000 0.000000
0.987386 0.158334 0.000000 293.140032 -0.158334 0.987386 0.000000 -47.621238 0.000000 0.000000 1.000000 0.000000
0.987389 0.158314 0.000000 293.139986 -0.158314 0.987389 0.000000 -47.621206 0.000000 0.000000 1.000000 0.000000
0.987389 0.158314 0.000000 293.139989 -0.158314 0.987389 0.000000 -47.621204 0.000000 0.000000 1.000000 0.000000
0.987391 0.158300 0.000000 293.140094 -0.158300 0.987391 0.000000 -47.621284 0.000000 0.000000 1.000000 0.000000
0.987379 0.158375 0.000000 293.140081 -0.158375 0.987379 0.000000 -47.621105 0.000000 0.000000 1.000000 0.000000
0.987379 0.158375 0.000000 293.140082 -0.158375 0.987379 0.000000 -47.621104 0.000000 0.000000 1.000000 0.000000
0.987379 0.158375 0.000000 293.140083 -0.158375 0.987379 0.000000 -47.621104 0.000000 0.000000 1.000000 0.000000
0.987372 0.158418 0.000000 293.140153 -0.158418 0.987372 0.000000 -47.621071 0.000000 0.000000 1.000000 0.000000
0.987361 0.158490 0.000000 293.140138 -0.158490 0.987361 0.000000 -47.620911 0.000000 0.000000 1.000000 0.000000
0.987358 0.158507 0.000000 293.140154 -0.158507 0.987358 0.000000 -47.620855 0.000000 0.000000 1.000000 0.000000
0.987348 0.158567 0.000000 293.140144 -0.158567 0.987348 0.000000 -47.620869 0.000000 0.000000 1.000000 0.000000
0.987328 0.158690 0.000000 293.140192 -0.158690 0.987328 0.000000 -47.620650 0.000000 0.000000 1.000000 0.000000
0.987328 0.158691 0.000000 293.140193 -0.158691 0.987328 0.000000 -47.620648 0.000000 0.000000 1.000000 0.000000
0.987314 0.158779 0.000000 293.140321 -0.158779 0.987314 0.000000 -47.620570 0.000000 0.000000 1.000000 0.000000
0.987313 0.158784 0.000000 293.140261 -0.158784 0.987313 0.000000 -47.620367 0.000000 0.000000 1.000000 0.000000
0.987328 0.158690 0.000000 293.140161 -0.158690 0.987328 0.000000 -47.620313 0.000000 0.000000 1.000000 0.000000
0.987321 0.158739 0.000000 293.140125 -0.158739 0.987321 0.000000 -47.620280 0.000000 0.000000 1.000000 0.000000
0.987311 0.158796 0.000000 293.140062 -0.158796 0.987311 0.000000 -47.620192 0.000000 0.000000 1.000000 0.000000
0.987278 0.159005 0.000000 293.139824 -0.159005 0.987278 0.000000 -47.620278 0.000000 0.000000 1.000000 0.000000
0.987277 0.159008 0.000000 293.139822 -0.159008 0.987277 0.000000 -47.620276 0.000000 0.000000 1.000000 0.000000
0.987277 0.159011 0.000000 293.139755 -0.159011 0.987277 0.000000 -47.620333 0.000000 0.000000 1.000000 0.000000
0.987287 0.158950 0.000000 293.139764 -0.158950 0.987287 0.000000 -47.620137 0.000000 0.000000 1.000000 0.000000
0.987287 0.158949 0.000000 293.139762 -0.158949 0.987287 0.000000 -47.620137 0.000000 0.000000 1.000000 0.000000
0.987252 0.159166 0.000000 293.139724 -0.159166 0.987252 0.000000 -47.619947 0.000000 0.000000 1.000000 0.000000
0.987248 0.159190 0.000000 293.139627 -0.159190 0.987248 0.000000 -47.619943 0.000000 0.000000 1.000000 0.000000
0.987237 0.159257 0.000000 293.139459 -0.159257 0.987237 0.000000 -47.619957 0.000000 0.000000 1.000000 0.000000
0.987202 0.159477 0.000000 293.139379 -0.159477 0.987202 0.000000 -47.619653 0.000000 0.000000 1.000000 0.000000
0.987197 0.159509 0.000000 293.139363 -0.159509 0.987197 0.000000 -47.619388 0.000000 0.000000 1.000000 0.000000
0.987169 0.159680 0.000000 293.139292 -0.159680 0.987169 0.000000 -47.619259 0.000000 0.000000 1.000000 0.000000
0.987171 0.159667 0.000000 293.139291 -0.159667 0.987171 0.000000 -47.619132 0.000000 0.000000 1.000000 0.000000
0.987202 0.159474 0.000000 293.139123 -0.159474 0.987202 0.000000 -47.619211 0.000000 0.000000 1.000000 0.000000
0.987237 0.159259 0.000000 293.138636 -0.159259 0.987237 0.000000 -47.618721 0.000000 0.000000 1.000000 0.000000
0.987263 0.159097 0.000000 293.138368 -0.159097 0.987263 0.000000 -47.619027 0.000000 0.000000 1.000000 0.000000
0.987288 0.158943 0.000000 293.137723 -0.158943 0.987288 0.000000 -47.619295 0.000000 0.000000 1.000000 0.000000
0.987283 0.158971 0.000000 293.137375 -0.158971 0.987283 0.000000 -47.619199 0.000000 0.000000 1.000000 0.000000
0.987280 0.158994 0.000000 293.137172 -0.158994 0.987280 0.000000 -47.618959 0.000000 0.000000 1.000000 0.000000
0.987278 0.159002 0.000000 293.137106 -0.159002 0.987278 0.000000 -47.619057 0.000000 0.000000 1.000000 0.000000
0.987271 0.159045 0.000000 293.137172 -0.159045 0.987271 0.000000 -47.619020 0.000000 0.000000 1.000000 0.000000
0.987264 0.159089 0.000000 293.137116 -0.159089 0.987264 0.000000 -47.619046 0.000000 0.000000 1.000000 0.000000
0.987248 0.159190 0.000000 293.137123 -0.159190 0.987248 0.000000 -47.618793 0.000000 0.000000 1.000000 0.000000
0.987248 0.159191 0.000000 293.137127 -0.159191 0.987248 0.000000 -47.618793 0.000000 0.000000 1.000000 0.000000
0.987268 0.159063 0.000000 293.136950 -0.159063 0.987268 0.000000 -47.619212 0.000000 0.000000 1.000000 0.000000
0.987266 0.159077 0.000000 293.136625 -0.159077 0.987266 0.000000 -47.619642 0.000000 0.000000 1.000000 0.000000
0.987227 0.159321 0.000000 293.136796 -0.159321 0.987227 0.000000 -47.619690 0.000000 0.000000 1.000000 0.000000
0.987206 0.159450 0.000000 293.136152 -0.159450 0.987206 0.000000 -47.619860 0.000000 0.000000 1.000000 0.000000
0.987201 0.159483 0.000000 293.135945 -0.159483 0.987201 0.000000 -47.620168 0.000000 0.000000 1.000000 0.000000
0.987194 0.159524 0.000000 293.135617 -0.159524 0.987194 0.000000 -47.620123 0.000000 0.000000 1.000000 0.000000
0.987182 0.159597 0.000000 293.135147 -0.159597 0.987182 0.000000 -47.619897 0.000000 0.000000 1.000000 0.000000
0.987177 0.159628 0.000000 293.134707 -0.159628 0.987177 0.000000 -47.619383 0.000000 0.000000 1.000000 0.000000
0.987168 0.159684 0.000000 293.133694 -0.159684 0.987168 0.000000 -47.618009 0.000000 0.000000 1.000000 0.000000
0.987168 0.159682 0.000000 293.133361 -0.159682 0.987168 0.000000 -47.616581 0.000000 0.000000 1.000000 0.000000
0.987166 0.159697 0.000000 293.132864 -0.159697 0.987166 0.000000 -47.615702 0.000000 0.000000 1.000000 0.000000
0.987165 0.159703 0.000000 293.132788 -0.159703 0.987165 0.000000 -47.615515 0.000000 0.000000 1.000000 0.000000
0.987163 0.159718 0.000000 293.132877 -0.159718 0.987163 0.000000 -47.615112 0.000000 0.000000 1.000000 0.000000
0.987164 0.159711 0.000000 293.132993 -0.159711 0.987164 0.000000 -47.615078 0.000000 0.000000 1.000000 0.000000
0.987169 0.159677 0.000000 293.133152 -0.159677 0.987169 0.000000 -47.615045 0.000000 0.000000 1.000000 0.000000
0.987180 0.159614 0.000000 293.133141 -0.159614 0.987180 0.000000 -47.615066 0.000000 0.000000 1.000000 0.000000
0.987201 0.159480 0.000000 293.133107 -0.159480 0.987201 0.000000 -47.615166 0.000000 0.000000 1.000000 0.000000
0.987203 0.159466 0.000000 293.132990 -0.159466 0.987203 0.000000 -47.615191 0.000000 0.000000 1.000000 0.000000
0.987198 0.159502 0.000000 293.132775 -0.159502 0.987198 0.000000 -47.615242 0.000000 0.000000 1.000000 0.000000
0.987198 0.159501 0.000000 293.132593 -0.159501 0.987198 0.000000 -47.615223 0.000000 0.000000 1.000000 0.000000
0.987209 0.159429 0.000000 293.132419 -0.159429 0.987209 0.000000 -47.615170 0.000000 0.000000 1.000000 0.000000
0.987220 0.159364 0.000000 293.132347 -0.159364 0.987220 0.000000 -47.615175 0.000000 0.000000 1.000000 0.000000
0.987236 0.159267 0.000000 293.132215 -0.159267 0.987236 0.000000 -47.615259 0.000000 0.000000 1.000000 0.000000
0.987243 0.159223 0.000000 293.132081 -0.159223 0.987243 0.000000 -47.615361 0.000000 0.000000 1.000000 0.000000
0.987252 0.159164 0.000000 293.131841 -0.159164 0.987252 0.000000 -47.615575 0.000000 0.000000 1.000000 0.000000
0.987269 0.159058 0.000000 293.131820 -0.159058 0.987269 0.000000 -47.615462 0.000000 0.000000 1.000000 0.000000
0.987301 0.158859 0.000000 293.132060 -0.158859 0.987301 0.000000 -47.615550 0.000000 0.000000 1.000000 0.000000
0.987310 0.158803 0.000000 293.131930 -0.158803 0.987310 0.000000 -47.615666 0.000000 0.000000 1.000000 0.000000
0.987296 0.158893 0.000000 293.131753 -0.158893 0.987296 0.000000 -47.615287 0.000000 0.000000 1.000000 0.000000
0.987286 0.158956 0.000000 293.131405 -0.158956 0.987286 0.000000 -47.615176 0.000000 0.000000 1.000000 0.000000
0.987272 0.159042 0.000000 293.131544 -0.159042 0.987272 0.000000 -47.615101 0.000000 0.000000 1.000000 0.000000
0.987263 0.159094 0.000000 293.131550 -0.159094 0.987263 0.000000 -47.615112 0.000000 0.000000 1.000000 0.000000
0.987283 0.158973 0.000000 293.131415 -0.158973 0.987283 0.000000 -47.615306 0.000000 0.000000 1.000000 0.000000
