0.999998 -0.002039 0.000000 0.625724 0.002039 0.999998 0.000000 0.002085 0.000000 0.000000 1.000000 0.000000
0.999999 0.001064 0.000000 1.263634 -0.001064 0.999999 0.000000 -0.021767 0.000000 0.000000 1.000000 0.000000
0.999997 0.002588 0.000000 2.083565 -0.002588 0.999997 0.000000 -0.045406 0.000000 0.000000 1.000000 0.000000
1.000000 0.000788 0.000000 2.674125 -0.000788 1.000000 0.000000 -0.060640 0.000000 0.000000 1.000000 0.000000
0.999997 0.002545 0.000000 3.297323 -0.002545 0.999997 0.000000 -0.066893 0.000000 0.000000 1.000000 0.000000
1.000000 0.000346 0.000000 4.231461 -0.000346 1.000000 0.000000 -0.093653 0.000000 0.000000 1.000000 0.000000
0.999997 -0.002372 0.000000 4.859404 0.002372 0.999997 0.000000 -0.116358 0.000000 0.000000 1.000000 0.000000
0.999997 -0.002259 0.000000 5.493466 0.002259 0.999997 0.000000 -0.123545 0.000000 0.000000 1.000000 0.000000
0.999987 -0.005044 0.000000 6.112296 0.005044 0.999987 0.000000 -0.143194 0.000000 0.000000 1.000000 0.000000
1.000000 0.000527 0.000000 7.386235 -0.000527 1.000000 0.000000 -0.166132 0.000000 0.000000 1.000000 0.000000
0.999999 -0.001199 0.000000 8.027001 0.001199 0.999999 0.000000 -0.179624 0.000000 0.000000 1.000000 0.000000
0.999976 -0.006875 0.000000 8.648543 0.006875 0.999976 0.000000 -0.180339 0.000000 0.000000 1.000000 0.000000
0.999985 -0.005401 0.000000 9.264471 0.005401 0.999985 0.000000 -0.187864 0.000000 0.000000 1.000000 0.000000
0.999977 -0.006778 0.000000 9.923249 0.006778 0.999977 0.000000 -0.201148 0.000000 0.000000 1.000000 0.000000
0.999979 -0.006423 0.000000 10.550969 0.006423 0.999979 0.000000 -0.224640 0.000000 0.000000 1.000000 0.000000
0.999975 -0.007058 0.000000 11.177159 0.007058 0.999975 0.000000 -0.235915 0.000000 0.000000 1.000000 0.000000
0.999976 -0.006986 0.000000 11.795102 0.006986 0.999976 0.000000 -0.227069 0.000000 0.000000 1.000000 0.000000
0.999960 -0.008913 0.000000 12.428857 0.008913 0.999960 0.000000 -0.237530 0.000000 0.000000 1.000000 0.000000
0.999949 -0.010060 0.000000 13.048183 0.010060 0.999949 0.000000 -0.249496 0.000000 0.000000 1.000000 0.000000
0.999960 -0.008924 0.000000 13.677433 0.008924 0.999960 0.000000 -0.248044 0.000000 0.000000 1.000000 0.000000
0.999945 -0.010497 0.000000 14.293245 0.010497 0.999945 0.000000 -0.261974 0.000000 0.000000 1.000000 0.000000
0.999947 -0.010269 0.000000 14.949793 0.010269 0.999947 0.000000 -0.257317 0.000000 0.000000 1.000000 0.000000
0.999939 -0.011035 0.000000 15.529088 0.011035 0.999939 0.000000 -0.266297 0.000000 0.000000 1.000000 0.000000
0.999934 -0.011488 0.000000 16.163954 0.011488 0.999934 0.000000 -0.259611 0.000000 0.000000 1.000000 0.000000
0.999940 -0.010972 0.000000 16.781288 0.010972 0.999940 0.000000 -0.269612 0.000000 0.000000 1.000000 0.000000
0.999880 -0.015503 0.000000 17.430138 0.015503 0.999880 0.000000 -0.286839 0.000000 0.000000 1.000000 0.000000
0.999872 -0.016030 0.000000 18.054525 0.016030 0.999872 0.000000 -0.276180 0.000000 0.000000 1.000000 0.000000
0.999767 -0.021585 0.000000 18.682170 0.021585 0.999767 0.000000 -0.278668 0.000000 0.000000 1.000000 0.000000
0.999789 -0.020537 0.000000 19.299044 0.020537 0.999789 0.000000 -0.266315 0.000000 0.000000 1.000000 0.000000
0.999853 -0.017163 0.000000 19.920674 0.017163 0.999853 0.000000 -0.271955 0.000000 0.000000 1.000000 0.000000
0.999795 -0.020254 0.000000 20.553247 0.020254 0.999795 0.000000 -0.269757 0.000000 0.000000 1.000000 0.000000
0.999798 -0.020100 0.000000 21.167190 0.020100 0.999798 0.000000 -0.266482 0.000000 0.000000 1.000000 0.000000
0.999792 -0.020391 0.000000 21.793387 0.020391 0.999792 0.000000 -0.267051 0.000000 0.000000 1.000000 0.000000
0.999794 -0.020285 0.000000 22.426673 0.020285 0.999794 0.000000 -0.262578 0.000000 0.000000 1.000000 0.000000
0.999812 -0.019405 0.000000 23.000560 0.019405 0.999812 0.000000 -0.255309 0.000000 0.000000 1.000000 0.000000
0.999765 -0.021666 0.000000 23.628369 0.021666 0.999765 0.000000 -0.263813 0.000000 0.000000 1.000000 0.000000
0.999731 -0.023215 0.000000 24.235391 0.023215 0.999731 0.000000 -0.274884 0.000000 0.000000 1.000000 0.000000
0.999709 -0.024139 0.000000 24.822459 0.024139 0.999709 0.000000 -0.275216 0.000000 0.000000 1.000000 0.000000
0.999711 -0.024056 0.000000 25.432024 0.024056 0.999711 0.000000 -0.274735 0.000000 0.000000 1.000000 0.000000
0.999715 -0.023875 0.000000 26.064443 0.023875 0.999715 0.000000 -0.273807 0.000000 0.000000 1.000000 0.000000
0.999722 -0.023595 0.000000 26.687377 0.023595 0.999722 0.000000 -0.277694 0.000000 0.000000 1.000000 0.000000
0.999744 -0.022627 0.000000 27.271857 0.022627 0.999744 0.000000 -0.282925 0.000000 0.000000 1.000000 0.000000
0.999810 -0.019484 0.000000 27.905888 0.019484 0.999810 0.000000 -0.290118 0.000000 0.000000 1.000000 0.000000
0.999823 -0.018826 0.000000 28.489386 0.018826 0.999823 0.000000 -0.289041 0.000000 0.000000 1.000000 0.000000
0.999833 -0.018276 0.000000 29.114708 0.018276 0.999833 0.000000 -0.289947 0.000000 0.000000 1.000000 0.000000
0.999804 -0.019780 0.000000 29.769660 0.019780 0.999804 0.000000 -0.289457 0.000000 0.000000 1.000000 0.000000
0.999794 -0.020319 0.000000 30.599017 0.020319 0.999794 0.000000 -0.305160 0.000000 0.000000 1.000000 0.000000
0.999829 -0.018471 0.000000 31.237933 0.018471 0.999829 0.000000 -0.301940 0.000000 0.000000 1.000000 0.000000
0.999841 -0.017834 0.000000 31.873932 0.017834 0.999841 0.000000 -0.285565 0.000000 0.000000 1.000000 0.000000
0.999855 -0.017016 0.000000 32.502048 0.017016 0.999855 0.000000 -0.274408 0.000000 0.000000 1.000000 0.000000
0.999885 -0.015186 0.000000 33.139341 0.015186 0.999885 0.000000 -0.268761 0.000000 0.000000 1.000000 0.000000
0.999860 -0.016712 0.000000 33.772590 0.016712 0.999860 0.000000 -0.273819 0.000000 0.000000 1.000000 0.000000
0.999914 -0.013149 0.000000 34.423658 0.013149 0.999914 0.000000 -0.276691 0.000000 0.000000 1.000000 0.000000
0.999926 -0.012177 0.000000 35.057943 0.012177 0.999926 0.000000 -0.289572 0.000000 0.000000 1.000000 0.000000
0.999957 -0.009251 0.000000 35.679609 0.009251 0.999957 0.000000 -0.288605 0.000000 0.000000 1.000000 0.000000
0.999946 -0.010440 0.000000 36.318843 0.010440 0.999946 0.000000 -0.300337 0.000000 0.000000 1.000000 0.000000
0.999977 -0.006772 0.000000 36.960131 0.006772 0.999977 0.000000 -0.294169 0.000000 0.000000 1.000000 0.000000
0.999966 -0.008187 0.000000 37.607436 0.008187 0.999966 0.000000 -0.302562 0.000000 0.000000 1.000000 0.000000
0.999976 -0.006879 0.000000 38.252537 0.006879 0.999976 0.000000 -0.303622 0.000000 0.000000 1.000000 0.000000
0.999985 -0.005498 0.000000 38.885191 0.005498 0.999985 0.000000 -0.304015 0.000000 0.000000 1.000000 0.000000
0.999980 -0.006361 0.000000 39.469654 0.006361 0.999980 0.000000 -0.319104 0.000000 0.000000 1.000000 0.000000
0.999989 -0.004709 0.000000 40.098865 0.004709 0.999989 0.000000 -0.334335 0.000000 0.000000 1.000000 0.000000
0.999999 -0.001440 0.000000 40.718815 0.001440 0.999999 0.000000 -0.334602 0.000000 0.000000 1.000000 0.000000
0.999998 -0.002065 0.000000 41.352383 0.002065 0.999998 0.000000 -0.345773 0.000000 0.000000 1.000000 0.000000
0.999996 -0.002926 0.000000 41.994181 0.002926 0.999996 0.000000 -0.355167 0.000000 0.000000 1.000000 0.000000
0.999998 -0.002158 0.000000 42.639628 0.002158 0.999998 0.000000 -0.359952 0.000000 0.000000 1.000000 0.000000
0.999999 -0.001625 0.000000 43.284179 0.001625 0.999999 0.000000 -0.370885 0.000000 0.000000 1.000000 0.000000
0.999998 -0.001804 0.000000 43.914343 0.001804 0.999998 0.000000 -0.382144 0.000000 0.000000 1.000000 0.000000
0.999999 -0.001096 0.000000 44.550187 0.001096 0.999999 0.000000 -0.388923 0.000000 0.000000 1.000000 0.000000
0.999999 0.001224 0.000000 45.204907 -0.001224 0.999999 0.000000 -0.388620 0.000000 0.000000 1.000000 0.000000
0.999999 0.001219 0.000000 45.867521 -0.001219 0.999999 0.000000 -0.400609 0.000000 0.000000 1.000000 0.000000
1.000000 -0.000630 0.000000 46.473376 0.000630 1.000000 0.000000 -0.411820 0.000000 0.000000 1.000000 0.000000
1.000000 0.000817 0.000000 47.122408 -0.000817 1.000000 0.000000 -0.405684 0.000000 0.000000 1.000000 0.000000
0.999998 -0.002071 0.000000 47.779778 0.002071 0.999998 0.000000 -0.420288 0.000000 0.000000 1.000000 0.000000
0.999999 0.001004 0.000000 48.435952 -0.001004 0.999999 0.000000 -0.435276 0.000000 0.000000 1.000000 0.000000
0.999998 -0.001878 0.000000 49.087764 0.001878 0.999998 0.000000 -0.455273 0.000000 0.000000 1.000000 0.000000
0.999993 -0.003722 0.000000 49.733266 0.003722 0.999993 0.000000 -0.467031 0.000000 0.000000 1.000000 0.000000
0.999995 -0.003254 0.000000 50.354320 0.003254 0.999995 0.000000 -0.470233 0.000000 0.000000 1.000000 0.000000
0.999997 -0.002421 0.000000 51.013365 0.002421 0.999997 0.000000 -0.469500 0.000000 0.000000 1.000000 0.000000
1.000000 -0.000457 0.000000 51.673313 0.000457 1.000000 0.000000 -0.478160 0.000000 0.000000 1.000000 0.000000
1.000000 -0.000033 0.000000 52.333877 0.000033 1.000000 0.000000 -0.494069 0.000000 0.000000 1.000000 0.000000
1.000000 0.000396 0.000000 52.984080 -0.000396 1.000000 0.000000 -0.506820 0.000000 0.000000 1.000000 0.000000
0.999990 -0.004568 0.000000 53.646738 0.004568 0.999990 0.000000 -0.518834 0.000000 0.000000 1.000000 0.000000
0.999999 -0.001164 0.000000 54.672330 0.001164 0.999999 0.000000 -0.557430 0.000000 0.000000 1.000000 0.000000
0.999998 -0.002114 0.000000 55.359009 0.002114 0.999998 0.000000 -0.565269 0.000000 0.000000 1.000000 0.000000
0.999995 -0.003202 0.000000 55.989887 0.003202 0.999995 0.000000 -0.559758 0.000000 0.000000 1.000000 0.000000
0.999994 -0.003480 0.000000 56.652788 0.003480 0.999994 0.000000 -0.573772 0.000000 0.000000 1.000000 0.000000
0.999994 -0.003410 0.000000 57.318850 0.003410 0.999994 0.000000 -0.597750 0.000000 0.000000 1.000000 0.000000
0.999995 -0.003084 0.000000 57.961605 0.003084 0.999995 0.000000 -0.615667 0.000000 0.000000 1.000000 0.000000
0.999984 -0.005636 0.000000 58.616679 0.005636 0.999984 0.000000 -0.628512 0.000000 0.000000 1.000000 0.000000
0.999988 -0.004929 0.000000 59.269158 0.004929 0.999988 0.000000 -0.642814 0.000000 0.000000 1.000000 0.000000
0.999983 -0.005783 0.000000 60.620007 0.005783 0.999983 0.000000 -0.652799 0.000000 0.000000 1.000000 0.000000
0.999977 -0.006742 0.000000 61.280291 0.006742 0.999977 0.000000 -0.641974 0.000000 0.000000 1.000000 0.000000
0.999962 -0.008716 0.000000 61.937675 0.008716 0.999962 0.000000 -0.636268 0.000000 0.000000 1.000000 0.000000
0.999969 -0.007929 0.000000 62.561435 0.007929 0.999969 0.000000 -0.643287 0.000000 0.000000 1.000000 0.000000
0.999982 -0.005984 0.000000 63.189183 0.005984 0.999982 0.000000 -0.654322 0.000000 0.000000 1.000000 0.000000
0.999989 -0.004769 0.000000 63.856103 0.004769 0.999989 0.000000 -0.662601 0.000000 0.000000 1.000000 0.000000
0.999978 -0.006576 0.000000 64.496255 0.006576 0.999978 0.000000 -0.667058 0.000000 0.000000 1.000000 0.000000
0.999986 -0.005342 0.000000 65.108477 0.005342 0.999986 0.000000 -0.674676 0.000000 0.000000 1.000000 0.000000
0.999989 -0.004713 0.000000 65.744336 0.004713 0.999989 0.000000 -0.678903 0.000000 0.000000 1.000000 0.000000
0.999989 -0.004587 0.000000 66.314597 0.004587 0.999989 0.000000 -0.687722 0.000000 0.000000 1.000000 0.000000
0.999992 -0.004032 0.000000 66.948354 0.004032 0.999992 0.000000 -0.702686 0.000000 0.000000 1.000000 0.000000
0.999991 -0.004317 0.000000 67.576482 0.004317 0.999991 0.000000 -0.718336 0.000000 0.000000 1.000000 0.000000
0.999988 -0.004856 0.000000 68.163763 0.004856 0.999988 0.000000 -0.736315 0.000000 0.000000 1.000000 0.000000
0.999988 -0.004941 0.000000 68.788885 0.004941 0.999988 0.000000 -0.750416 0.000000 0.000000 1.000000 0.000000
0.999980 -0.006304 0.000000 69.392870 0.006304 0.999980 0.000000 -0.761894 0.000000 0.000000 1.000000 0.000000
0.999984 -0.005727 0.000000 69.976495 0.005727 0.999984 0.000000 -0.771653 0.000000 0.000000 1.000000 0.000000
0.999979 -0.006439 0.000000 70.577225 0.006439 0.999979 0.000000 -0.785975 0.000000 0.000000 1.000000 0.000000
0.999982 -0.005974 0.000000 71.152385 0.005974 0.999982 0.000000 -0.795337 0.000000 0.000000 1.000000 0.000000
0.999997 -0.002608 0.000000 71.764523 0.002608 0.999997 0.000000 -0.798705 0.000000 0.000000 1.000000 0.000000
0.999995 -0.003203 0.000000 72.369878 0.003203 0.999995 0.000000 -0.802343 0.000000 0.000000 1.000000 0.000000
0.999995 -0.003274 0.000000 73.210294 0.003274 0.999995 0.000000 -0.826761 0.000000 0.000000 1.000000 0.000000
0.999995 -0.003217 0.000000 73.802535 0.003217 0.999995 0.000000 -0.840913 0.000000 0.000000 1.000000 0.000000
0.999997 -0.002318 0.000000 74.403734 0.002318 0.999997 0.000000 -0.852761 0.000000 0.000000 1.000000 0.000000
0.999983 -0.005913 0.000000 74.996743 0.005913 0.999983 0.000000 -0.855426 0.000000 0.000000 1.000000 0.000000
0.999990 -0.004561 0.000000 75.581034 0.004561 0.999990 0.000000 -0.843960 0.000000 0.000000 1.000000 0.000000
0.999977 -0.006780 0.000000 76.163678 0.006780 0.999977 0.000000 -0.852774 0.000000 0.000000 1.000000 0.000000
0.999972 -0.007507 0.000000 76.798926 0.007507 0.999972 0.000000 -0.860524 0.000000 0.000000 1.000000 0.000000
0.999978 -0.006640 0.000000 77.404004 0.006640 0.999978 0.000000 -0.857384 0.000000 0.000000 1.000000 0.000000
0.999974 -0.007163 0.000000 78.018090 0.007163 0.999974 0.000000 -0.873955 0.000000 0.000000 1.000000 0.000000
0.999992 -0.004026 0.000000 79.205483 0.004026 0.999992 0.000000 -0.904212 0.000000 0.000000 1.000000 0.000000
0.999984 -0.005744 0.000000 79.801840 0.005744 0.999984 0.000000 -0.907113 0.000000 0.000000 1.000000 0.000000
0.999988 -0.004895 0.000000 80.392322 0.004895 0.999988 0.000000 -0.921322 0.000000 0.000000 1.000000 0.000000
0.999994 -0.003451 0.000000 80.969606 0.003451 0.999994 0.000000 -0.930897 0.000000 0.000000 1.000000 0.000000
0.999993 -0.003809 0.000000 81.554366 0.003809 0.999993 0.000000 -0.944494 0.000000 0.000000 1.000000 0.000000
0.999997 -0.002389 0.000000 82.131096 0.002389 0.999997 0.000000 -0.947927 0.000000 0.000000 1.000000 0.000000
0.999995 -0.003211 0.000000 82.704026 0.003211 0.999995 0.000000 -0.947950 0.000000 0.000000 1.000000 0.000000
0.999989 -0.004593 0.000000 83.278603 0.004593 0.999989 0.000000 -0.950136 0.000000 0.000000 1.000000 0.000000
0.999989 -0.004714 0.000000 83.846805 0.004714 0.999989 0.000000 -0.961300 0.000000 0.000000 1.000000 0.000000
0.999994 -0.003356 0.000000 84.400325 0.003356 0.999994 0.000000 -0.973324 0.000000 0.000000 1.000000 0.000000
0.999995 -0.003234 0.000000 84.964318 0.003234 0.999995 0.000000 -0.979781 0.000000 0.000000 1.000000 0.000000
0.999995 -0.003194 0.000000 85.514794 0.003194 0.999995 0.000000 -0.994214 0.000000 0.000000 1.000000 0.000000
0.999996 -0.002780 0.000000 86.067589 0.002780 0.999996 0.000000 -1.001228 0.000000 0.000000 1.000000 0.000000
1.000000 -0.000850 0.000000 86.593743 0.000850 1.000000 0.000000 -1.005238 0.000000 0.000000 1.000000 0.000000
1.000000 0.000611 0.000000 87.126758 -0.000611 1.000000 0.000000 -1.013500 0.000000 0.000000 1.000000 0.000000
0.999996 0.002706 0.000000 87.646468 -0.002706 0.999996 0.000000 -1.029073 0.000000 0.000000 1.000000 0.000000
0.999988 0.004951 0.000000 88.147561 -0.004951 0.999988 0.000000 -1.041141 0.000000 0.000000 1.000000 0.000000
0.999991 0.004266 0.000000 88.686778 -0.004266 0.999991 0.000000 -1.055522 0.000000 0.000000 1.000000 0.000000
0.999992 0.003969 0.000000 89.209077 -0.003969 0.999992 0.000000 -1.075205 0.000000 0.000000 1.000000 0.000000
0.999988 0.004883 0.000000 89.696082 -0.004883 0.999988 0.000000 -1.082434 0.000000 0.000000 1.000000 0.000000
0.999983 0.005782 0.000000 90.214821 -0.005782 0.999983 0.000000 -1.107727 0.000000 0.000000 1.000000 0.000000
0.999968 0.008017 0.000000 90.718385 -0.008017 0.999968 0.000000 -1.126903 0.000000 0.000000 1.000000 0.000000
0.999970 0.007738 0.000000 91.196776 -0.007738 0.999970 0.000000 -1.146329 0.000000 0.000000 1.000000 0.000000
0.999960 0.008901 0.000000 91.715768 -0.008901 0.999960 0.000000 -1.163541 0.000000 0.000000 1.000000 0.000000
0.999947 0.010271 0.000000 92.235381 -0.010271 0.999947 0.000000 -1.178730 0.000000 0.000000 1.000000 0.000000
0.999923 0.012380 0.000000 92.716514 -0.012380 0.999923 0.000000 -1.185011 0.000000 0.000000 1.000000 0.000000
0.999917 0.012900 0.000000 93.221583 -0.012900 0.999917 0.000000 -1.202315 0.000000 0.000000 1.000000 0.000000
0.999911 0.013336 0.000000 93.715070 -0.013336 0.999911 0.000000 -1.226289 0.000000 0.000000 1.000000 0.000000
0.999882 0.015356 0.000000 94.237158 -0.015356 0.999882 0.000000 -1.243358 0.000000 0.000000 1.000000 0.000000
0.999874 0.015847 0.000000 94.900179 -0.015847 0.999874 0.000000 -1.266333 0.000000 0.000000 1.000000 0.000000
0.999879 0.015564 0.000000 95.409751 -0.015564 0.999879 0.000000 -1.272239 0.000000 0.000000 1.000000 0.000000
0.999858 0.016862 0.000000 95.899983 -0.016862 0.999858 0.000000 -1.288849 0.000000 0.000000 1.000000 0.000000
0.999833 0.018267 0.000000 96.390566 -0.018267 0.999833 0.000000 -1.297670 0.000000 0.000000 1.000000 0.000000
0.999841 0.017848 0.000000 96.881164 -0.017848 0.999841 0.000000 -1.306618 0.000000 0.000000 1.000000 0.000000
0.999856 0.016950 0.000000 97.367022 -0.016950 0.999856 0.000000 -1.333906 0.000000 0.000000 1.000000 0.000000
0.999858 0.016846 0.000000 97.841818 -0.016846 0.999858 0.000000 -1.365014 0.000000 0.000000 1.000000 0.000000
0.999759 0.021950 0.000000 98.812038 -0.021950 0.999759 0.000000 -1.425407 0.000000 0.000000 1.000000 0.000000
0.999702 0.024404 0.000000 99.274906 -0.024404 0.999702 0.000000 -1.448675 0.000000 0.000000 1.000000 0.000000
0.999674 0.025538 0.000000 99.754543 -0.025538 0.999674 0.000000 -1.473300 0.000000 0.000000 1.000000 0.000000
0.999564 0.029510 0.000000 100.202861 -0.029510 0.999564 0.000000 -1.507765 0.000000 0.000000 1.000000 0.000000
0.999511 0.031282 0.000000 100.671387 -0.031282 0.999511 0.000000 -1.544960 0.000000 0.000000 1.000000 0.000000
0.999421 0.034011 0.000000 101.133426 -0.034011 0.999421 0.000000 -1.572403 0.000000 0.000000 1.000000 0.000000
0.999346 0.036162 0.000000 101.600314 -0.036162 0.999346 0.000000 -1.604136 0.000000 0.000000 1.000000 0.000000
0.999232 0.039184 0.000000 102.074240 -0.039184 0.999232 0.000000 -1.626658 0.000000 0.000000 1.000000 0.000000
0.999035 0.043926 0.000000 102.534850 -0.043926 0.999035 0.000000 -1.658572 0.000000 0.000000 1.000000 0.000000
0.998941 0.046000 0.000000 103.006347 -0.046000 0.998941 0.000000 -1.684110 0.000000 0.000000 1.000000 0.000000
0.998841 0.048139 0.000000 103.441033 -0.048139 0.998841 0.000000 -1.730434 0.000000 0.000000 1.000000 0.000000
0.998735 0.050277 0.000000 103.886204 -0.050277 0.998735 0.000000 -1.772374 0.000000 0.000000 1.000000 0.000000
0.998616 0.052594 0.000000 104.333061 -0.052594 0.998616 0.000000 -1.804729 0.000000 0.000000 1.000000 0.000000
0.998530 0.054202 0.000000 104.764616 -0.054202 0.998530 0.000000 -1.836627 0.000000 0.000000 1.000000 0.000000
0.998303 0.058232 0.000000 105.196705 -0.058232 0.998303 0.000000 -1.864869 0.000000 0.000000 1.000000 0.000000
0.998182 0.060278 0.000000 105.629680 -0.060278 0.998182 0.000000 -1.893354 0.000000 0.000000 1.000000 0.000000
0.997777 0.066638 0.000000 106.060560 -0.066638 0.997777 0.000000 -1.923170 0.000000 0.000000 1.000000 0.000000
0.997415 0.071852 0.000000 106.492374 -0.071852 0.997415 0.000000 -1.959298 0.000000 0.000000 1.000000 0.000000
0.997303 0.073399 0.000000 106.914323 -0.073399 0.997303 0.000000 -2.013441 0.000000 0.000000 1.000000 0.000000
0.997348 0.072777 0.000000 107.332197 -0.072777 0.997348 0.000000 -2.060132 0.000000 0.000000 1.000000 0.000000
0.997068 0.076525 0.000000 107.736213 -0.076525 0.997068 0.000000 -2.088485 0.000000 0.000000 1.000000 0.000000
0.997057 0.076659 0.000000 108.134071 -0.076659 0.997057 0.000000 -2.124701 0.000000 0.000000 1.000000 0.000000
0.996602 0.082370 0.000000 108.517511 -0.082370 0.996602 0.000000 -2.160389 0.000000 0.000000 1.000000 0.000000
0.996171 0.087421 0.000000 108.911465 -0.087421 0.996171 0.000000 -2.193561 0.000000 0.000000 1.000000 0.000000
0.996350 0.085358 0.000000 109.302965 -0.085358 0.996350 0.000000 -2.252206 0.000000 0.000000 1.000000 0.000000
0.996066 0.088611 0.000000 109.675921 -0.088611 0.996066 0.000000 -2.289258 0.000000 0.000000 1.000000 0.000000
0.995776 0.091816 0.000000 110.087539 -0.091816 0.995776 0.000000 -2.322865 0.000000 0.000000 1.000000 0.000000
0.995385 0.095965 0.000000 110.485263 -0.095965 0.995385 0.000000 -2.355350 0.000000 0.000000 1.000000 0.000000
0.994954 0.100328 0.000000 111.052340 -0.100328 0.994954 0.000000 -2.429087 0.000000 0.000000 1.000000 0.000000
0.994763 0.102206 0.000000 111.464528 -0.102206 0.994763 0.000000 -2.482651 0.000000 0.000000 1.000000 0.000000
0.994538 0.104377 0.000000 111.875102 -0.104377 0.994538 0.000000 -2.546966 0.000000 0.000000 1.000000 0.000000
0.994306 0.106563 0.000000 112.286729 -0.106563 0.994306 0.000000 -2.600852 0.000000 0.000000 1.000000 0.000000
0.994093 0.108532 0.000000 112.709696 -0.108532 0.994093 0.000000 -2.663170 0.000000 0.000000 1.000000 0.000000
0.993973 0.109625 0.000000 113.127890 -0.109625 0.993973 0.000000 -2.704657 0.000000 0.000000 1.000000 0.000000
0.994020 0.109202 0.000000 113.541499 -0.109202 0.994020 0.000000 -2.775731 0.000000 0.000000 1.000000 0.000000
0.993714 0.111952 0.000000 113.960464 -0.111952 0.993714 0.000000 -2.839241 0.000000 0.000000 1.000000 0.000000
0.992779 0.119954 0.000000 114.695602 -0.119954 0.992779 0.000000 -2.945804 0.000000 0.000000 1.000000 0.000000
0.992951 0.118523 0.000000 115.115235 -0.118523 0.992951 0.000000 -3.021753 0.000000 0.000000 1.000000 0.000000
0.993122 0.117088 0.000000 115.551099 -0.117088 0.993122 0.000000 -3.089188 0.000000 0.000000 1.000000 0.000000
0.992940 0.118615 0.000000 115.981695 -0.118615 0.992940 0.000000 -3.151835 0.000000 0.000000 1.000000 0.000000
0.992997 0.118143 0.000000 116.430066 -0.118143 0.992997 0.000000 -3.206090 0.000000 0.000000 1.000000 0.000000
0.992584 0.121561 0.000000 116.863758 -0.121561 0.992584 0.000000 -3.267631 0.000000 0.000000 1.000000 0.000000
0.992583 0.121568 0.000000 117.289530 -0.121568 0.992583 0.000000 -3.326767 0.000000 0.000000 1.000000 0.000000
0.992649 0.121026 0.000000 117.727194 -0.121026 0.992649 0.000000 -3.392761 0.000000 0.000000 1.000000 0.000000
0.992568 0.121688 0.000000 118.162790 -0.121688 0.992568 0.000000 -3.441612 0.000000 0.000000 1.000000 0.000000
0.992518 0.122097 0.000000 118.616949 -0.122097 0.992518 0.000000 -3.510026 0.000000 0.000000 1.000000 0.000000
0.992017 0.126100 0.000000 119.064828 -0.126100 0.992017 0.000000 -3.585264 0.000000 0.000000 1.000000 0.000000
0.991977 0.126422 0.000000 119.881493 -0.126422 0.991977 0.000000 -3.698089 0.000000 0.000000 1.000000 0.000000
0.992012 0.126146 0.000000 120.328439 -0.126146 0.992012 0.000000 -3.766103 0.000000 0.000000 1.000000 0.000000
0.991624 0.129157 0.000000 120.782825 -0.129157 0.991624 0.000000 -3.825215 0.000000 0.000000 1.000000 0.000000
0.991585 0.129455 0.000000 121.242604 -0.129455 0.991585 0.000000 -3.902265 0.000000 0.000000 1.000000 0.000000
0.991289 0.131706 0.000000 121.699056 -0.131706 0.991289 0.000000 -3.980258 0.000000 0.000000 1.000000 0.000000
0.991097 0.133140 0.000000 122.159808 -0.133140 0.991097 0.000000 -4.062231 0.000000 0.000000 1.000000 0.000000
0.990972 0.134069 0.000000 122.629174 -0.134069 0.990972 0.000000 -4.132923 0.000000 0.000000 1.000000 0.000000
0.990519 0.137375 0.000000 123.098607 -0.137375 0.990519 0.000000 -4.201582 0.000000 0.000000 1.000000 0.000000
0.990000 0.141066 0.000000 123.605014 -0.141066 0.990000 0.000000 -4.292593 0.000000 0.000000 1.000000 0.000000
0.989565 0.144088 0.000000 124.055207 -0.144088 0.989565 0.000000 -4.389197 0.000000 0.000000 1.000000 0.000000
0.989611 0.143771 0.000000 124.562866 -0.143771 0.989611 0.000000 -4.500880 0.000000 0.000000 1.000000 0.000000
0.989348 0.145567 0.000000 125.035146 -0.145567 0.989348 0.000000 -4.596649 0.000000 0.000000 1.000000 0.000000
0.989101 0.147236 0.000000 125.497480 -0.147236 0.989101 0.000000 -4.687789 0.000000 0.000000 1.000000 0.000000
0.989452 0.144860 0.000000 125.958450 -0.144860 0.989452 0.000000 -4.780007 0.000000 0.000000 1.000000 0.000000
0.988994 0.147955 0.000000 126.436598 -0.147955 0.988994 0.000000 -4.873612 0.000000 0.000000 1.000000 0.000000
0.988782 0.149365 0.000000 126.898833 -0.149365 0.988782 0.000000 -4.962763 0.000000 0.000000 1.000000 0.000000
0.988316 0.152416 0.000000 127.377499 -0.152416 0.988316 0.000000 -5.059292 0.000000 0.000000 1.000000 0.000000
0.987489 0.157685 0.000000 127.847314 -0.157685 0.987489 0.000000 -5.148666 0.000000 0.000000 1.000000 0.000000
0.987240 0.159240 0.000000 128.303520 -0.159240 0.987240 0.000000 -5.230037 0.000000 0.000000 1.000000 0.000000
0.987258 0.159128 0.000000 128.781683 -0.159128 0.987258 0.000000 -5.313673 0.000000 0.000000 1.000000 0.000000
0.986681 0.162668 0.000000 129.251796 -0.162668 0.986681 0.000000 -5.400187 0.000000 0.000000 1.000000 0.000000
0.986491 0.163818 0.000000 130.039412 -0.163818 0.986491 0.000000 -5.537243 0.000000 0.000000 1.000000 0.000000
0.986456 0.164025 0.000000 130.520651 -0.164025 0.986456 0.000000 -5.624512 0.000000 0.000000 1.000000 0.000000
0.987910 0.155031 0.000000 131.503960 -0.155031 0.987910 0.000000 -5.818151 0.000000 0.000000 1.000000 0.000000
0.988243 0.152891 0.000000 131.988860 -0.152891 0.988243 0.000000 -5.915519 0.000000 0.000000 1.000000 0.000000
0.988360 0.152135 0.000000 132.479923 -0.152135 0.988360 0.000000 -6.001367 0.000000 0.000000 1.000000 0.000000
0.988226 0.153002 0.000000 132.976341 -0.153002 0.988226 0.000000 -6.089268 0.000000 0.000000 1.000000 0.000000
0.988542 0.150948 0.000000 133.487127 -0.150948 0.988542 0.000000 -6.177577 0.000000 0.000000 1.000000 0.000000
0.987826 0.155561 0.000000 133.971141 -0.155561 0.987826 0.000000 -6.254485 0.000000 0.000000 1.000000 0.000000
0.988764 0.149482 0.000000 134.520040 -0.149482 0.988764 0.000000 -6.346169 0.000000 0.000000 1.000000 0.000000
0.988295 0.152554 0.000000 135.004870 -0.152554 0.988295 0.000000 -6.438502 0.000000 0.000000 1.000000 0.000000
0.988052 0.154120 0.000000 135.534683 -0.154120 0.988052 0.000000 -6.530390 0.000000 0.000000 1.000000 0.000000
0.987956 0.154736 0.000000 136.053789 -0.154736 0.987956 0.000000 -6.610200 0.000000 0.000000 1.000000 0.000000
0.988056 0.154096 0.000000 136.539910 -0.154096 0.988056 0.000000 -6.699138 0.000000 0.000000 1.000000 0.000000
0.987989 0.154525 0.000000 137.058780 -0.154525 0.987989 0.000000 -6.788739 0.000000 0.000000 1.000000 0.000000
0.988082 0.153925 0.000000 137.587563 -0.153925 0.988082 0.000000 -6.880641 0.000000 0.000000 1.000000 0.000000
0.987685 0.156456 0.000000 138.075886 -0.156456 0.987685 0.000000 -6.963415 0.000000 0.000000 1.000000 0.000000
0.988258 0.152792 0.000000 138.588597 -0.152792 0.988258 0.000000 -7.045895 0.000000 0.000000 1.000000 0.000000
0.987942 0.154828 0.000000 139.115959 -0.154828 0.987942 0.000000 -7.162493 0.000000 0.000000 1.000000 0.000000
0.987317 0.158761 0.000000 139.735112 -0.158761 0.987317 0.000000 -7.250585 0.000000 0.000000 1.000000 0.000000
0.987303 0.158847 0.000000 140.292900 -0.158847 0.987303 0.000000 -7.364457 0.000000 0.000000 1.000000 0.000000
0.985953 0.167020 0.000000 140.779413 -0.167020 0.985953 0.000000 -7.472516 0.000000 0.000000 1.000000 0.000000
0.986062 0.166377 0.000000 141.304572 -0.166377 0.986062 0.000000 -7.577235 0.000000 0.000000 1.000000 0.000000
0.985218 0.171302 0.000000 141.841494 -0.171302 0.985218 0.000000 -7.684845 0.000000 0.000000 1.000000 0.000000
0.984840 0.173465 0.000000 142.371116 -0.173465 0.984840 0.000000 -7.785891 0.000000 0.000000 1.000000 0.000000
0.983838 0.179058 0.000000 146.187133 -0.179058 0.983838 0.000000 -8.579841 0.000000 0.000000 1.000000 0.000000
0.983539 0.180698 0.000000 146.711899 -0.180698 0.983539 0.000000 -8.693322 0.000000 0.000000 1.000000 0.000000
0.985698 0.168520 0.000000 147.857978 -0.168520 0.985698 0.000000 -8.950355 0.000000 0.000000 1.000000 0.000000
0.984561 0.175041 0.000000 148.981302 -0.175041 0.984561 0.000000 -9.189937 0.000000 0.000000 1.000000 0.000000
0.984320 0.176392 0.000000 149.527527 -0.176392 0.984320 0.000000 -9.295163 0.000000 0.000000 1.000000 0.000000
0.984364 0.176148 0.000000 150.097643 -0.176148 0.984364 0.000000 -9.413620 0.000000 0.000000 1.000000 0.000000
0.984470 0.175553 0.000000 150.651725 -0.175553 0.984470 0.000000 -9.519126 0.000000 0.000000 1.000000 0.000000
0.984644 0.174576 0.000000 151.224310 -0.174576 0.984644 0.000000 -9.655777 0.000000 0.000000 1.000000 0.000000
0.985191 0.171462 0.000000 151.785155 -0.171462 0.985191 0.000000 -9.782590 0.000000 0.000000 1.000000 0.000000
0.984598 0.174836 0.000000 152.358565 -0.174836 0.984598 0.000000 -9.910115 0.000000 0.000000 1.000000 0.000000
0.984366 0.176133 0.000000 152.927497 -0.176133 0.984366 0.000000 -10.036140 0.000000 0.000000 1.000000 0.000000
0.984901 0.173117 0.000000 153.505025 -0.173117 0.984901 0.000000 -10.167519 0.000000 0.000000 1.000000 0.000000
0.984886 0.173206 0.000000 154.412310 -0.173206 0.984886 0.000000 -10.369148 0.000000 0.000000 1.000000 0.000000
0.984292 0.176546 0.000000 154.996272 -0.176546 0.984292 0.000000 -10.476822 0.000000 0.000000 1.000000 0.000000
0.984671 0.174422 0.000000 155.569549 -0.174422 0.984671 0.000000 -10.610947 0.000000 0.000000 1.000000 0.000000
0.984281 0.176607 0.000000 156.148485 -0.176607 0.984281 0.000000 -10.729984 0.000000 0.000000 1.000000 0.000000
0.983728 0.179661 0.000000 156.767297 -0.179661 0.983728 0.000000 -10.846059 0.000000 0.000000 1.000000 0.000000
0.983505 0.180880 0.000000 157.286636 -0.180880 0.983505 0.000000 -10.963832 0.000000 0.000000 1.000000 0.000000
0.983488 0.180973 0.000000 157.880988 -0.180973 0.983488 0.000000 -11.124247 0.000000 0.000000 1.000000 0.000000
0.983538 0.180702 0.000000 158.449712 -0.180702 0.983538 0.000000 -11.248792 0.000000 0.000000 1.000000 0.000000
0.983538 0.180704 0.000000 159.040281 -0.180704 0.983538 0.000000 -11.356033 0.000000 0.000000 1.000000 0.000000
0.983320 0.181886 0.000000 159.619420 -0.181886 0.983320 0.000000 -11.468402 0.000000 0.000000 1.000000 0.000000
0.983049 0.183344 0.000000 160.177280 -0.183344 0.983049 0.000000 -11.583872 0.000000 0.000000 1.000000 0.000000
0.983503 0.180892 0.000000 160.732265 -0.180892 0.983503 0.000000 -11.707231 0.000000 0.000000 1.000000 0.000000
0.983528 0.180754 0.000000 161.292118 -0.180754 0.983528 0.000000 -11.829544 0.000000 0.000000 1.000000 0.000000
0.983373 0.181598 0.000000 161.867915 -0.181598 0.983373 0.000000 -11.932543 0.000000 0.000000 1.000000 0.000000
0.983613 0.180293 0.000000 162.431803 -0.180293 0.983613 0.000000 -12.054481 0.000000 0.000000 1.000000 0.000000
0.983182 0.182631 0.000000 163.009383 -0.182631 0.983182 0.000000 -12.170720 0.000000 0.000000 1.000000 0.000000
0.982857 0.184371 0.000000 164.149937 -0.184371 0.982857 0.000000 -12.410016 0.000000 0.000000 1.000000 0.000000
0.982705 0.185179 0.000000 164.713562 -0.185179 0.982705 0.000000 -12.533190 0.000000 0.000000 1.000000 0.000000
0.983291 0.182043 0.000000 165.244571 -0.182043 0.983291 0.000000 -12.656930 0.000000 0.000000 1.000000 0.000000
0.982369 0.186952 0.000000 165.828824 -0.186952 0.982369 0.000000 -12.765546 0.000000 0.000000 1.000000 0.000000
0.982135 0.188178 0.000000 166.388753 -0.188178 0.982135 0.000000 -12.867264 0.000000 0.000000 1.000000 0.000000
0.982512 0.186200 0.000000 167.484961 -0.186200 0.982512 0.000000 -13.096263 0.000000 0.000000 1.000000 0.000000
0.982574 0.185870 0.000000 168.051957 -0.185870 0.982574 0.000000 -13.208776 0.000000 0.000000 1.000000 0.000000
0.982384 0.186875 0.000000 168.585256 -0.186875 0.982384 0.000000 -13.325147 0.000000 0.000000 1.000000 0.000000
0.982220 0.187732 0.000000 169.144373 -0.187732 0.982220 0.000000 -13.429790 0.000000 0.000000 1.000000 0.000000
0.982598 0.185746 0.000000 169.719074 -0.185746 0.982598 0.000000 -13.559880 0.000000 0.000000 1.000000 0.000000
0.982155 0.188072 0.000000 170.245848 -0.188072 0.982155 0.000000 -13.676522 0.000000 0.000000 1.000000 0.000000
0.981456 0.191685 0.000000 171.015003 -0.191685 0.981456 0.000000 -13.804599 0.000000 0.000000 1.000000 0.000000
0.981108 0.193459 0.000000 171.585099 -0.193459 0.981108 0.000000 -13.912997 0.000000 0.000000 1.000000 0.000000
0.980887 0.194579 0.000000 172.150134 -0.194579 0.980887 0.000000 -14.027012 0.000000 0.000000 1.000000 0.000000
0.979974 0.199127 0.000000 172.755057 -0.199127 0.979974 0.000000 -14.127827 0.000000 0.000000 1.000000 0.000000
0.980320 0.197417 0.000000 173.300262 -0.197417 0.980320 0.000000 -14.250220 0.000000 0.000000 1.000000 0.000000
0.980779 0.195121 0.000000 173.905825 -0.195121 0.980779 0.000000 -14.394928 0.000000 0.000000 1.000000 0.000000
0.979933 0.199326 0.000000 174.481598 -0.199326 0.979933 0.000000 -14.514048 0.000000 0.000000 1.000000 0.000000
0.980273 0.197650 0.000000 175.046266 -0.197650 0.980273 0.000000 -14.652350 0.000000 0.000000 1.000000 0.000000
0.979258 0.202619 0.000000 175.632572 -0.202619 0.979258 0.000000 -14.771196 0.000000 0.000000 1.000000 0.000000
0.980053 0.198736 0.000000 176.219673 -0.198736 0.980053 0.000000 -14.906719 0.000000 0.000000 1.000000 0.000000
0.980147 0.198274 0.000000 176.812880 -0.198274 0.980147 0.000000 -15.016001 0.000000 0.000000 1.000000 0.000000
0.980011 0.198941 0.000000 177.364484 -0.198941 0.980011 0.000000 -15.123225 0.000000 0.000000 1.000000 0.000000
0.980516 0.196437 0.000000 177.931708 -0.196437 0.980516 0.000000 -15.247772 0.000000 0.000000 1.000000 0.000000
0.981446 0.191738 0.000000 178.503378 -0.191738 0.981446 0.000000 -15.385924 0.000000 0.000000 1.000000 0.000000
0.981745 0.190201 0.000000 179.085503 -0.190201 0.981745 0.000000 -15.502062 0.000000 0.000000 1.000000 0.000000
0.981317 0.192399 0.000000 179.670383 -0.192399 0.981317 0.000000 -15.631779 0.000000 0.000000 1.000000 0.000000
0.981707 0.190399 0.000000 180.248316 -0.190399 0.981707 0.000000 -15.761581 0.000000 0.000000 1.000000 0.000000
0.981262 0.192679 0.000000 180.786099 -0.192679 0.981262 0.000000 -15.873394 0.000000 0.000000 1.000000 0.000000
0.981174 0.193128 0.000000 181.407061 -0.193128 0.981174 0.000000 -16.011987 0.000000 0.000000 1.000000 0.000000
0.981377 0.192093 0.000000 181.953298 -0.192093 0.981377 0.000000 -16.125723 0.000000 0.000000 1.000000 0.000000
0.981421 0.191867 0.000000 182.522824 -0.191867 0.981421 0.000000 -16.251473 0.000000 0.000000 1.000000 0.000000
0.981129 0.193353 0.000000 183.109877 -0.193353 0.981129 0.000000 -16.357317 0.000000 0.000000 1.000000 0.000000
0.980688 0.195579 0.000000 183.698888 -0.195579 0.980688 0.000000 -16.496097 0.000000 0.000000 1.000000 0.000000
0.979349 0.202179 0.000000 184.282172 -0.202179 0.979349 0.000000 -16.627190 0.000000 0.000000 1.000000 0.000000
0.979490 0.201493 0.000000 184.860972 -0.201493 0.979490 0.000000 -16.744504 0.000000 0.000000 1.000000 0.000000
0.979630 0.200809 0.000000 185.434832 -0.200809 0.979630 0.000000 -16.878916 0.000000 0.000000 1.000000 0.000000
0.979725 0.200348 0.000000 186.010337 -0.200348 0.979725 0.000000 -17.005402 0.000000 0.000000 1.000000 0.000000
0.979496 0.201462 0.000000 186.599729 -0.201462 0.979496 0.000000 -17.144917 0.000000 0.000000 1.000000 0.000000
0.979143 0.203174 0.000000 187.179314 -0.203174 0.979143 0.000000 -17.272926 0.000000 0.000000 1.000000 0.000000
0.979374 0.202058 0.000000 187.742096 -0.202058 0.979374 0.000000 -17.419390 0.000000 0.000000 1.000000 0.000000
0.979596 0.200975 0.000000 188.322791 -0.200975 0.979596 0.000000 -17.544994 0.000000 0.000000 1.000000 0.000000
0.978999 0.203865 0.000000 188.900943 -0.203865 0.978999 0.000000 -17.671799 0.000000 0.000000 1.000000 0.000000
0.978876 0.204455 0.000000 189.447240 -0.204455 0.978876 0.000000 -17.786742 0.000000 0.000000 1.000000 0.000000
0.978976 0.203977 0.000000 190.031414 -0.203977 0.978976 0.000000 -17.918764 0.000000 0.000000 1.000000 0.000000
0.978171 0.207801 0.000000 190.614425 -0.207801 0.978171 0.000000 -18.049093 0.000000 0.000000 1.000000 0.000000
0.978241 0.207470 0.000000 191.173983 -0.207470 0.978241 0.000000 -18.163319 0.000000 0.000000 1.000000 0.000000
0.978961 0.204047 0.000000 191.749353 -0.204047 0.978961 0.000000 -18.302397 0.000000 0.000000 1.000000 0.000000
0.978170 0.207808 0.000000 192.330643 -0.207808 0.978170 0.000000 -18.433568 0.000000 0.000000 1.000000 0.000000
0.978870 0.204483 0.000000 192.875033 -0.204483 0.978870 0.000000 -18.574998 0.000000 0.000000 1.000000 0.000000
0.978739 0.205111 0.000000 193.435617 -0.205111 0.978739 0.000000 -18.707205 0.000000 0.000000 1.000000 0.000000
0.978101 0.208132 0.000000 193.996379 -0.208132 0.978101 0.000000 -18.835081 0.000000 0.000000 1.000000 0.000000
0.978066 0.208293 0.000000 194.537987 -0.208293 0.978066 0.000000 -18.948323 0.000000 0.000000 1.000000 0.000000
0.977932 0.208923 0.000000 195.105550 -0.208923 0.977932 0.000000 -19.102216 0.000000 0.000000 1.000000 0.000000
0.977669 0.210150 0.000000 195.669267 -0.210150 0.977669 0.000000 -19.241884 0.000000 0.000000 1.000000 0.000000
0.977221 0.212226 0.000000 196.487429 -0.212226 0.977221 0.000000 -19.447591 0.000000 0.000000 1.000000 0.000000
0.976911 0.213647 0.000000 197.038109 -0.213647 0.976911 0.000000 -19.581017 0.000000 0.000000 1.000000 0.000000
0.976496 0.215537 0.000000 197.621804 -0.215537 0.976496 0.000000 -19.716822 0.000000 0.000000 1.000000 0.000000
0.976640 0.214882 0.000000 198.193303 -0.214882 0.976640 0.000000 -19.844332 0.000000 0.000000 1.000000 0.000000
0.976414 0.215904 0.000000 198.756971 -0.215904 0.976414 0.000000 -19.963457 0.000000 0.000000 1.000000 0.000000
0.976678 0.214708 0.000000 199.328669 -0.214708 0.976678 0.000000 -20.092801 0.000000 0.000000 1.000000 0.000000
0.977164 0.212487 0.000000 199.889888 -0.212487 0.977164 0.000000 -20.238991 0.000000 0.000000 1.000000 0.000000
0.976974 0.213357 0.000000 200.469334 -0.213357 0.976974 0.000000 -20.386534 0.000000 0.000000 1.000000 0.000000
0.976933 0.213547 0.000000 200.974355 -0.213547 0.976933 0.000000 -20.509527 0.000000 0.000000 1.000000 0.000000
0.976755 0.214359 0.000000 201.948397 -0.214359 0.976755 0.000000 -20.738872 0.000000 0.000000 1.000000 0.000000
0.976751 0.214376 0.000000 202.521550 -0.214376 0.976751 0.000000 -20.869591 0.000000 0.000000 1.000000 0.000000
0.976578 0.215162 0.000000 203.235253 -0.215162 0.976578 0.000000 -21.042430 0.000000 0.000000 1.000000 0.000000
0.976268 0.216565 0.000000 203.953439 -0.216565 0.976268 0.000000 -21.210974 0.000000 0.000000 1.000000 0.000000
0.975714 0.219048 0.000000 204.923843 -0.219048 0.975714 0.000000 -21.452998 0.000000 0.000000 1.000000 0.000000
0.975892 0.218256 0.000000 205.491445 -0.218256 0.975892 0.000000 -21.595593 0.000000 0.000000 1.000000 0.000000
0.976216 0.216801 0.000000 206.062122 -0.216801 0.976216 0.000000 -21.740987 0.000000 0.000000 1.000000 0.000000
0.976046 0.217565 0.000000 206.617011 -0.217565 0.976046 0.000000 -21.883372 0.000000 0.000000 1.000000 0.000000
0.975750 0.218886 0.000000 207.139923 -0.218886 0.975750 0.000000 -22.011486 0.000000 0.000000 1.000000 0.000000
0.976403 0.215959 0.000000 207.703118 -0.215959 0.976403 0.000000 -22.143389 0.000000 0.000000 1.000000 0.000000
0.975897 0.218232 0.000000 208.264529 -0.218232 0.975897 0.000000 -22.285930 0.000000 0.000000 1.000000 0.000000
0.975852 0.218431 0.000000 209.060828 -0.218431 0.975852 0.000000 -22.492542 0.000000 0.000000 1.000000 0.000000
0.976241 0.216688 0.000000 209.627484 -0.216688 0.976241 0.000000 -22.637139 0.000000 0.000000 1.000000 0.000000
0.976248 0.216657 0.000000 210.190014 -0.216657 0.976248 0.000000 -22.780724 0.000000 0.000000 1.000000 0.000000
0.976071 0.217451 0.000000 210.748540 -0.217451 0.976071 0.000000 -22.918044 0.000000 0.000000 1.000000 0.000000
0.976856 0.213897 0.000000 211.326832 -0.213897 0.976856 0.000000 -23.063662 0.000000 0.000000 1.000000 0.000000
0.976755 0.214358 0.000000 211.843426 -0.214358 0.976755 0.000000 -23.188232 0.000000 0.000000 1.000000 0.000000
0.976492 0.215552 0.000000 212.443139 -0.215552 0.976492 0.000000 -23.340309 0.000000 0.000000 1.000000 0.000000
0.976868 0.213844 0.000000 212.976475 -0.213844 0.976868 0.000000 -23.469257 0.000000 0.000000 1.000000 0.000000
0.976843 0.213955 0.000000 213.571205 -0.213955 0.976843 0.000000 -23.615719 0.000000 0.000000 1.000000 0.000000
0.977081 0.212866 0.000000 214.128859 -0.212866 0.977081 0.000000 -23.750502 0.000000 0.000000 1.000000 0.000000
0.976862 0.213871 0.000000 214.674218 -0.213871 0.976862 0.000000 -23.880333 0.000000 0.000000 1.000000 0.000000
0.977163 0.212492 0.000000 215.238344 -0.212492 0.977163 0.000000 -24.017348 0.000000 0.000000 1.000000 0.000000
0.977018 0.213159 0.000000 215.792535 -0.213159 0.977018 0.000000 -24.148122 0.000000 0.000000 1.000000 0.000000
0.977087 0.212841 0.000000 216.362706 -0.212841 0.977087 0.000000 -24.275243 0.000000 0.000000 1.000000 0.000000
0.977503 0.210923 0.000000 216.929813 -0.210923 0.977503 0.000000 -24.401324 0.000000 0.000000 1.000000 0.000000
0.977843 0.209341 0.000000 217.496405 -0.209341 0.977843 0.000000 -24.527078 0.000000 0.000000 1.000000 0.000000
0.976712 0.214554 0.000000 218.056006 -0.214554 0.976712 0.000000 -24.662798 0.000000 0.000000 1.000000 0.000000
0.977331 0.211718 0.000000 218.621354 -0.211718 0.977331 0.000000 -24.803747 0.000000 0.000000 1.000000 0.000000
0.978074 0.208259 0.000000 219.208023 -0.208259 0.978074 0.000000 -24.941720 0.000000 0.000000 1.000000 0.000000
0.978271 0.207330 0.000000 219.760726 -0.207330 0.978271 0.000000 -25.072347 0.000000 0.000000 1.000000 0.000000
0.978775 0.204938 0.000000 220.310054 -0.204938 0.978775 0.000000 -25.194106 0.000000 0.000000 1.000000 0.000000
0.978821 0.204720 0.000000 220.840199 -0.204720 0.978821 0.000000 -25.312232 0.000000 0.000000 1.000000 0.000000
0.978714 0.205229 0.000000 221.397976 -0.205229 0.978714 0.000000 -25.443371 0.000000 0.000000 1.000000 0.000000
0.978389 0.206771 0.000000 221.987019 -0.206771 0.978389 0.000000 -25.582762 0.000000 0.000000 1.000000 0.000000
0.979136 0.203205 0.000000 222.534616 -0.203205 0.979136 0.000000 -25.720654 0.000000 0.000000 1.000000 0.000000
0.979634 0.200793 0.000000 223.085196 -0.200793 0.979634 0.000000 -25.847168 0.000000 0.000000 1.000000 0.000000
0.979573 0.201089 0.000000 223.610627 -0.201089 0.979573 0.000000 -25.976167 0.000000 0.000000 1.000000 0.000000
0.979789 0.200033 0.000000 224.693853 -0.200033 0.979789 0.000000 -26.237026 0.000000 0.000000 1.000000 0.000000
0.980370 0.197168 0.000000 225.215049 -0.197168 0.980370 0.000000 -26.367546 0.000000 0.000000 1.000000 0.000000
0.980545 0.196294 0.000000 225.737959 -0.196294 0.980545 0.000000 -26.494333 0.000000 0.000000 1.000000 0.000000
0.980851 0.194761 0.000000 226.250245 -0.194761 0.980851 0.000000 -26.607515 0.000000 0.000000 1.000000 0.000000
0.980741 0.195314 0.000000 226.807423 -0.195314 0.980741 0.000000 -26.722168 0.000000 0.000000 1.000000 0.000000
0.981160 0.193197 0.000000 227.346591 -0.193197 0.981160 0.000000 -26.849406 0.000000 0.000000 1.000000 0.000000
0.981465 0.191639 0.000000 227.874442 -0.191639 0.981465 0.000000 -26.966171 0.000000 0.000000 1.000000 0.000000
0.981589 0.191006 0.000000 228.378174 -0.191006 0.981589 0.000000 -27.087682 0.000000 0.000000 1.000000 0.000000
0.981946 0.189160 0.000000 228.908490 -0.189160 0.981946 0.000000 -27.203957 0.000000 0.000000 1.000000 0.000000
0.981860 0.189607 0.000000 229.421742 -0.189607 0.981860 0.000000 -27.313607 0.000000 0.000000 1.000000 0.000000
0.982023 0.188760 0.000000 229.949099 -0.188760 0.982023 0.000000 -27.430958 0.000000 0.000000 1.000000 0.000000
0.982279 0.187425 0.000000 230.480432 -0.187425 0.982279 0.000000 -27.550181 0.000000 0.000000 1.000000 0.000000
0.982620 0.185627 0.000000 231.009862 -0.185627 0.982620 0.000000 -27.671759 0.000000 0.000000 1.000000 0.000000
0.983057 0.183298 0.000000 231.509561 -0.183298 0.983057 0.000000 -27.785786 0.000000 0.000000 1.000000 0.000000
0.983060 0.183286 0.000000 232.038202 -0.183286 0.983060 0.000000 -27.893167 0.000000 0.000000 1.000000 0.000000
0.983684 0.179907 0.000000 232.688210 -0.179907 0.983684 0.000000 -28.027031 0.000000 0.000000 1.000000 0.000000
0.983773 0.179420 0.000000 233.316268 -0.179420 0.983773 0.000000 -28.156873 0.000000 0.000000 1.000000 0.000000
0.983866 0.178907 0.000000 233.847723 -0.178907 0.983866 0.000000 -28.265190 0.000000 0.000000 1.000000 0.000000
0.984034 0.177979 0.000000 234.380746 -0.177979 0.984034 0.000000 -28.365595 0.000000 0.000000 1.000000 0.000000
0.984538 0.175174 0.000000 234.901004 -0.175174 0.984538 0.000000 -28.479681 0.000000 0.000000 1.000000 0.000000
0.984797 0.173710 0.000000 235.426877 -0.173710 0.984797 0.000000 -28.585154 0.000000 0.000000 1.000000 0.000000
0.985028 0.172395 0.000000 235.942491 -0.172395 0.985028 0.000000 -28.692523 0.000000 0.000000 1.000000 0.000000
0.985819 0.167814 0.000000 236.840402 -0.167814 0.985819 0.000000 -28.891919 0.000000 0.000000 1.000000 0.000000
0.985488 0.169744 0.000000 237.371509 -0.169744 0.985488 0.000000 -28.994034 0.000000 0.000000 1.000000 0.000000
0.985498 0.169685 0.000000 237.869358 -0.169685 0.985498 0.000000 -29.093569 0.000000 0.000000 1.000000 0.000000
0.985204 0.171388 0.000000 238.396107 -0.171388 0.985204 0.000000 -29.186697 0.000000 0.000000 1.000000 0.000000
0.985061 0.172206 0.000000 238.924373 -0.172206 0.985061 0.000000 -29.294733 0.000000 0.000000 1.000000 0.000000
0.984884 0.173214 0.000000 239.448403 -0.173214 0.984884 0.000000 -29.393671 0.000000 0.000000 1.000000 0.000000
0.985447 0.169985 0.000000 239.974720 -0.169985 0.985447 0.000000 -29.524205 0.000000 0.000000 1.000000 0.000000
0.985482 0.169779 0.000000 240.489226 -0.169779 0.985482 0.000000 -29.643447 0.000000 0.000000 1.000000 0.000000
0.985140 0.171755 0.000000 241.003294 -0.171755 0.985140 0.000000 -29.743155 0.000000 0.000000 1.000000 0.000000
0.984912 0.173055 0.000000 241.518088 -0.173055 0.984912 0.000000 -29.845932 0.000000 0.000000 1.000000 0.000000
0.985002 0.172542 0.000000 242.033885 -0.172542 0.985002 0.000000 -29.965418 0.000000 0.000000 1.000000 0.000000
0.984639 0.174602 0.000000 242.558374 -0.174602 0.984639 0.000000 -30.071629 0.000000 0.000000 1.000000 0.000000
0.984891 0.173178 0.000000 243.082536 -0.173178 0.984891 0.000000 -30.188989 0.000000 0.000000 1.000000 0.000000
0.984580 0.174935 0.000000 243.598492 -0.174935 0.984580 0.000000 -30.298724 0.000000 0.000000 1.000000 0.000000
0.984689 0.174322 0.000000 244.121765 -0.174322 0.984689 0.000000 -30.403342 0.000000 0.000000 1.000000 0.000000
0.984593 0.174860 0.000000 244.647086 -0.174860 0.984593 0.000000 -30.512491 0.000000 0.000000 1.000000 0.000000
0.984785 0.173780 0.000000 245.200887 -0.173780 0.984785 0.000000 -30.626776 0.000000 0.000000 1.000000 0.000000
0.984685 0.174340 0.000000 245.681280 -0.174340 0.984685 0.000000 -30.726352 0.000000 0.000000 1.000000 0.000000
0.984559 0.175054 0.000000 246.189128 -0.175054 0.984559 0.000000 -30.844427 0.000000 0.000000 1.000000 0.000000
0.984003 0.178149 0.000000 246.720140 -0.178149 0.984003 0.000000 -30.945279 0.000000 0.000000 1.000000 0.000000
0.983766 0.179454 0.000000 247.238855 -0.179454 0.983766 0.000000 -31.051910 0.000000 0.000000 1.000000 0.000000
0.984066 0.177802 0.000000 247.747817 -0.177802 0.984066 0.000000 -31.166821 0.000000 0.000000 1.000000 0.000000
0.984082 0.177713 0.000000 248.269172 -0.177713 0.984082 0.000000 -31.264155 0.000000 0.000000 1.000000 0.000000
0.983850 0.178997 0.000000 248.789120 -0.178997 0.983850 0.000000 -31.379508 0.000000 0.000000 1.000000 0.000000
0.983663 0.180019 0.000000 249.309129 -0.180019 0.983663 0.000000 -31.486601 0.000000 0.000000 1.000000 0.000000
0.983894 0.178754 0.000000 249.842845 -0.178754 0.983894 0.000000 -31.599817 0.000000 0.000000 1.000000 0.000000
0.983032 0.183435 0.000000 250.402981 -0.183435 0.983032 0.000000 -31.702415 0.000000 0.000000 1.000000 0.000000
0.982782 0.184770 0.000000 250.916338 -0.184770 0.982782 0.000000 -31.806977 0.000000 0.000000 1.000000 0.000000
0.982531 0.186101 0.000000 251.396945 -0.186101 0.982531 0.000000 -31.925527 0.000000 0.000000 1.000000 0.000000
0.982332 0.187145 0.000000 251.907812 -0.187145 0.982332 0.000000 -32.031831 0.000000 0.000000 1.000000 0.000000
0.981186 0.193064 0.000000 252.925417 -0.193064 0.981186 0.000000 -32.259599 0.000000 0.000000 1.000000 0.000000
0.980922 0.194401 0.000000 253.442517 -0.194401 0.980922 0.000000 -32.364619 0.000000 0.000000 1.000000 0.000000
0.979954 0.199222 0.000000 254.161691 -0.199222 0.979954 0.000000 -32.521549 0.000000 0.000000 1.000000 0.000000
0.980725 0.195391 0.000000 255.136642 -0.195391 0.980725 0.000000 -32.749170 0.000000 0.000000 1.000000 0.000000
0.980519 0.196424 0.000000 255.642030 -0.196424 0.980519 0.000000 -32.872962 0.000000 0.000000 1.000000 0.000000
0.979857 0.199700 0.000000 256.158564 -0.199700 0.979857 0.000000 -32.990863 0.000000 0.000000 1.000000 0.000000
0.979518 0.201356 0.000000 256.657323 -0.201356 0.979518 0.000000 -33.107788 0.000000 0.000000 1.000000 0.000000
0.979237 0.202717 0.000000 257.177827 -0.202717 0.979237 0.000000 -33.236911 0.000000 0.000000 1.000000 0.000000
0.978904 0.204319 0.000000 257.679787 -0.204319 0.978904 0.000000 -33.354790 0.000000 0.000000 1.000000 0.000000
0.978672 0.205430 0.000000 258.178423 -0.205430 0.978672 0.000000 -33.479465 0.000000 0.000000 1.000000 0.000000
0.978589 0.205826 0.000000 258.683177 -0.205826 0.978589 0.000000 -33.593054 0.000000 0.000000 1.000000 0.000000
0.978642 0.205573 0.000000 259.192349 -0.205573 0.978642 0.000000 -33.706645 0.000000 0.000000 1.000000 0.000000
0.979581 0.201048 0.000000 259.701609 -0.201048 0.979581 0.000000 -33.815906 0.000000 0.000000 1.000000 0.000000
0.979881 0.199584 0.000000 260.165051 -0.199584 0.979881 0.000000 -33.904593 0.000000 0.000000 1.000000 0.000000
0.979816 0.199900 0.000000 260.690882 -0.199900 0.979816 0.000000 -33.994682 0.000000 0.000000 1.000000 0.000000
0.979540 0.201248 0.000000 261.169390 -0.201248 0.979540 0.000000 -34.107898 0.000000 0.000000 1.000000 0.000000
0.979719 0.200375 0.000000 261.650198 -0.200375 0.979719 0.000000 -34.224893 0.000000 0.000000 1.000000 0.000000
0.979844 0.199763 0.000000 262.159565 -0.199763 0.979844 0.000000 -34.330838 0.000000 0.000000 1.000000 0.000000
0.980043 0.198788 0.000000 262.653507 -0.198788 0.980043 0.000000 -34.427750 0.000000 0.000000 1.000000 0.000000
0.979847 0.199750 0.000000 263.150954 -0.199750 0.979847 0.000000 -34.534826 0.000000 0.000000 1.000000 0.000000
0.979518 0.201355 0.000000 263.634400 -0.201355 0.979518 0.000000 -34.634925 0.000000 0.000000 1.000000 0.000000
0.979169 0.203046 0.000000 264.125219 -0.203046 0.979169 0.000000 -34.739119 0.000000 0.000000 1.000000 0.000000
0.978553 0.205997 0.000000 264.599668 -0.205997 0.978553 0.000000 -34.846179 0.000000 0.000000 1.000000 0.000000
0.978712 0.205240 0.000000 265.076721 -0.205240 0.978712 0.000000 -34.957417 0.000000 0.000000 1.000000 0.000000
0.979420 0.201831 0.000000 265.553907 -0.201831 0.979420 0.000000 -35.059467 0.000000 0.000000 1.000000 0.000000
0.979107 0.203344 0.000000 265.979914 -0.203344 0.979107 0.000000 -35.151658 0.000000 0.000000 1.000000 0.000000
0.978745 0.205080 0.000000 266.430762 -0.205080 0.978745 0.000000 -35.253044 0.000000 0.000000 1.000000 0.000000
0.978677 0.205407 0.000000 266.889640 -0.205407 0.978677 0.000000 -35.366332 0.000000 0.000000 1.000000 0.000000
0.978765 0.204986 0.000000 267.324747 -0.204986 0.978765 0.000000 -35.465220 0.000000 0.000000 1.000000 0.000000
0.978759 0.205014 0.000000 267.777501 -0.205014 0.978759 0.000000 -35.570244 0.000000 0.000000 1.000000 0.000000
0.978908 0.204300 0.000000 268.217930 -0.204300 0.978908 0.000000 -35.658934 0.000000 0.000000 1.000000 0.000000
0.978686 0.205360 0.000000 268.643616 -0.205360 0.978686 0.000000 -35.763275 0.000000 0.000000 1.000000 0.000000
0.979036 0.203689 0.000000 269.074921 -0.203689 0.979036 0.000000 -35.856001 0.000000 0.000000 1.000000 0.000000
0.979277 0.202524 0.000000 269.505881 -0.202524 0.979277 0.000000 -35.952194 0.000000 0.000000 1.000000 0.000000
0.979796 0.199998 0.000000 270.073493 -0.199998 0.979796 0.000000 -36.064257 0.000000 0.000000 1.000000 0.000000
0.979680 0.200568 0.000000 270.500994 -0.200568 0.979680 0.000000 -36.142928 0.000000 0.000000 1.000000 0.000000
0.979210 0.202850 0.000000 270.921577 -0.202850 0.979210 0.000000 -36.227431 0.000000 0.000000 1.000000 0.000000
0.979775 0.200101 0.000000 271.340187 -0.200101 0.979775 0.000000 -36.317232 0.000000 0.000000 1.000000 0.000000
0.979541 0.201245 0.000000 271.753340 -0.201245 0.979541 0.000000 -36.400507 0.000000 0.000000 1.000000 0.000000
0.979926 0.199363 0.000000 272.146363 -0.199363 0.979926 0.000000 -36.486154 0.000000 0.000000 1.000000 0.000000
0.979726 0.200341 0.000000 272.541916 -0.200341 0.979726 0.000000 -36.569773 0.000000 0.000000 1.000000 0.000000
0.979365 0.202099 0.000000 272.968287 -0.202099 0.979365 0.000000 -36.661168 0.000000 0.000000 1.000000 0.000000
0.979335 0.202246 0.000000 273.357269 -0.202246 0.979335 0.000000 -36.751990 0.000000 0.000000 1.000000 0.000000
0.978918 0.204253 0.000000 273.743496 -0.204253 0.978918 0.000000 -36.837566 0.000000 0.000000 1.000000 0.000000
0.979208 0.202859 0.000000 274.122580 -0.202859 0.979208 0.000000 -36.924685 0.000000 0.000000 1.000000 0.000000
0.979481 0.201538 0.000000 274.502128 -0.201538 0.979481 0.000000 -37.011611 0.000000 0.000000 1.000000 0.000000
0.979121 0.203279 0.000000 274.883860 -0.203279 0.979121 0.000000 -37.099548 0.000000 0.000000 1.000000 0.000000
0.978924 0.204223 0.000000 275.253613 -0.204223 0.978924 0.000000 -37.182395 0.000000 0.000000 1.000000 0.000000
0.979014 0.203792 0.000000 275.622195 -0.203792 0.979014 0.000000 -37.263329 0.000000 0.000000 1.000000 0.000000
0.979159 0.203094 0.000000 275.987915 -0.203094 0.979159 0.000000 -37.338206 0.000000 0.000000 1.000000 0.000000
0.979336 0.202238 0.000000 276.353340 -0.202238 0.979336 0.000000 -37.403818 0.000000 0.000000 1.000000 0.000000
0.979129 0.203238 0.000000 276.706019 -0.203238 0.979129 0.000000 -37.485895 0.000000 0.000000 1.000000 0.000000
0.978995 0.203886 0.000000 277.062407 -0.203886 0.978995 0.000000 -37.562533 0.000000 0.000000 1.000000 0.000000
0.979532 0.201290 0.000000 277.406619 -0.201290 0.979532 0.000000 -37.658252 0.000000 0.000000 1.000000 0.000000
0.979490 0.201494 0.000000 278.082354 -0.201494 0.979490 0.000000 -37.807669 0.000000 0.000000 1.000000 0.000000
0.979252 0.202645 0.000000 278.404696 -0.202645 0.979252 0.000000 -37.880222 0.000000 0.000000 1.000000 0.000000
0.979328 0.202280 0.000000 278.723588 -0.202280 0.979328 0.000000 -37.955338 0.000000 0.000000 1.000000 0.000000
0.979430 0.201782 0.000000 279.038322 -0.201782 0.979430 0.000000 -38.028630 0.000000 0.000000 1.000000 0.000000
0.979268 0.202570 0.000000 279.357424 -0.202570 0.979268 0.000000 -38.091755 0.000000 0.000000 1.000000 0.000000
0.978200 0.207663 0.000000 279.960223 -0.207663 0.978200 0.000000 -38.218197 0.000000 0.000000 1.000000 0.000000
0.978349 0.206964 0.000000 280.263412 -0.206964 0.978349 0.000000 -38.295642 0.000000 0.000000 1.000000 0.000000
0.978721 0.205194 0.000000 280.556720 -0.205194 0.978721 0.000000 -38.355223 0.000000 0.000000 1.000000 0.000000
0.978964 0.204034 0.000000 280.836017 -0.204034 0.978964 0.000000 -38.435416 0.000000 0.000000 1.000000 0.000000
0.979138 0.203195 0.000000 281.096989 -0.203195 0.979138 0.000000 -38.496436 0.000000 0.000000 1.000000 0.000000
0.979466 0.201611 0.000000 283.717211 -0.201611 0.979466 0.000000 -39.059808 0.000000 0.000000 1.000000 0.000000
0.978746 0.205077 0.000000 283.951225 -0.205077 0.978746 0.000000 -39.127414 0.000000 0.000000 1.000000 0.000000
0.978394 0.206748 0.000000 284.182764 -0.206748 0.978394 0.000000 -39.178337 0.000000 0.000000 1.000000 0.000000
0.978964 0.204033 0.000000 284.491471 -0.204033 0.978964 0.000000 -39.275049 0.000000 0.000000 1.000000 0.000000
0.979612 0.200898 0.000000 284.836062 -0.200898 0.979612 0.000000 -39.355800 0.000000 0.000000 1.000000 0.000000
0.979492 0.201484 0.000000 285.135431 -0.201484 0.979492 0.000000 -39.425986 0.000000 0.000000 1.000000 0.000000
0.979206 0.202871 0.000000 285.359675 -0.202871 0.979206 0.000000 -39.476167 0.000000 0.000000 1.000000 0.000000
0.979477 0.201554 0.000000 285.584828 -0.201554 0.979477 0.000000 -39.533033 0.000000 0.000000 1.000000 0.000000
0.979705 0.200447 0.000000 285.807225 -0.200447 0.979705 0.000000 -39.585223 0.000000 0.000000 1.000000 0.000000
0.979715 0.200394 0.000000 286.018794 -0.200394 0.979715 0.000000 -39.642072 0.000000 0.000000 1.000000 0.000000
0.979320 0.202320 0.000000 286.230104 -0.202320 0.979320 0.000000 -39.681256 0.000000 0.000000 1.000000 0.000000
0.979142 0.203177 0.000000 286.426789 -0.203177 0.979142 0.000000 -39.750091 0.000000 0.000000 1.000000 0.000000
0.979886 0.199558 0.000000 286.638685 -0.199558 0.979886 0.000000 -39.786681 0.000000 0.000000 1.000000 0.000000
0.979663 0.200648 0.000000 286.833428 -0.200648 0.979663 0.000000 -39.845448 0.000000 0.000000 1.000000 0.000000
0.979239 0.202711 0.000000 287.027497 -0.202711 0.979239 0.000000 -39.892477 0.000000 0.000000 1.000000 0.000000
0.979024 0.203743 0.000000 287.229750 -0.203743 0.979024 0.000000 -39.946304 0.000000 0.000000 1.000000 0.000000
0.979275 0.202534 0.000000 287.414897 -0.202534 0.979275 0.000000 -39.985918 0.000000 0.000000 1.000000 0.000000
0.979456 0.201658 0.000000 287.618016 -0.201658 0.979456 0.000000 -40.032884 0.000000 0.000000 1.000000 0.000000
0.979463 0.201626 0.000000 287.796890 -0.201626 0.979463 0.000000 -40.063973 0.000000 0.000000 1.000000 0.000000
0.979296 0.202433 0.000000 287.982191 -0.202433 0.979296 0.000000 -40.102505 0.000000 0.000000 1.000000 0.000000
0.978874 0.204465 0.000000 288.165173 -0.204465 0.978874 0.000000 -40.141553 0.000000 0.000000 1.000000 0.000000
0.979259 0.202611 0.000000 288.335816 -0.202611 0.979259 0.000000 -40.193800 0.000000 0.000000 1.000000 0.000000
0.978884 0.204418 0.000000 288.502876 -0.204418 0.978884 0.000000 -40.227672 0.000000 0.000000 1.000000 0.000000
0.978312 0.207137 0.000000 288.682784 -0.207137 0.978312 0.000000 -40.257023 0.000000 0.000000 1.000000 0.000000
0.978261 0.207376 0.000000 288.840923 -0.207376 0.978261 0.000000 -40.296693 0.000000 0.000000 1.000000 0.000000
0.978879 0.204441 0.000000 289.078473 -0.204441 0.978879 0.000000 -40.370245 0.000000 0.000000 1.000000 0.000000
0.978451 0.206477 0.000000 289.222572 -0.206477 0.978451 0.000000 -40.395640 0.000000 0.000000 1.000000 0.000000
0.977933 0.208919 0.000000 289.370874 -0.208919 0.977933 0.000000 -40.431809 0.000000 0.000000 1.000000 0.000000
0.978200 0.207666 0.000000 289.514866 -0.207666 0.978200 0.000000 -40.462872 0.000000 0.000000 1.000000 0.000000
0.977643 0.210272 0.000000 289.767944 -0.210272 0.977643 0.000000 -40.511065 0.000000 0.000000 1.000000 0.000000
0.978495 0.206271 0.000000 289.896321 -0.206271 0.978495 0.000000 -40.539490 0.000000 0.000000 1.000000 0.000000
0.977653 0.210226 0.000000 290.006639 -0.210226 0.977653 0.000000 -40.562893 0.000000 0.000000 1.000000 0.000000
0.977849 0.209309 0.000000 290.104041 -0.209309 0.977849 0.000000 -40.607017 0.000000 0.000000 1.000000 0.000000
0.977346 0.211648 0.000000 290.191528 -0.211648 0.977346 0.000000 -40.622241 0.000000 0.000000 1.000000 0.000000
0.978024 0.208492 0.000000 290.312054 -0.208492 0.978024 0.000000 -40.658846 0.000000 0.000000 1.000000 0.000000
0.977891 0.209115 0.000000 290.364982 -0.209115 0.977891 0.000000 -40.669875 0.000000 0.000000 1.000000 0.000000
0.977255 0.212070 0.000000 290.429876 -0.212070 0.977255 0.000000 -40.674215 0.000000 0.000000 1.000000 0.000000
0.977227 0.212198 0.000000 290.476693 -0.212198 0.977227 0.000000 -40.668417 0.000000 0.000000 1.000000 0.000000
0.977048 0.213020 0.000000 290.504927 -0.213020 0.977048 0.000000 -40.678036 0.000000 0.000000 1.000000 0.000000
0.977285 0.211928 0.000000 290.522173 -0.211928 0.977285 0.000000 -40.690197 0.000000 0.000000 1.000000 0.000000
0.977095 0.212805 0.000000 290.534976 -0.212805 0.977095 0.000000 -40.688607 0.000000 0.000000 1.000000 0.000000
0.977091 0.212821 0.000000 290.539631 -0.212821 0.977091 0.000000 -40.690944 0.000000 0.000000 1.000000 0.000000
0.977224 0.212211 0.000000 290.548613 -0.212211 0.977224 0.000000 -40.696558 0.000000 0.000000 1.000000 0.000000
0.977320 0.211769 0.000000 290.545892 -0.211769 0.977320 0.000000 -40.700281 0.000000 0.000000 1.000000 0.000000
0.977268 0.212009 0.000000 290.542887 -0.212009 0.977268 0.000000 -40.704303 0.000000 0.000000 1.000000 0.000000
0.977342 0.211668 0.000000 290.543098 -0.211668 0.977342 0.000000 -40.698613 0.000000 0.000000 1.000000 0.000000
0.977373 0.211525 0.000000 290.540217 -0.211525 0.977373 0.000000 -40.700905 0.000000 0.000000 1.000000 0.000000
0.977360 0.211582 0.000000 290.540121 -0.211582 0.977360 0.000000 -40.696683 0.000000 0.000000 1.000000 0.000000
0.977344 0.211658 0.000000 290.536077 -0.211658 0.977344 0.000000 -40.699260 0.000000 0.000000 1.000000 0.000000
0.977342 0.211668 0.000000 290.535715 -0.211668 0.977342 0.000000 -40.699326 0.000000 0.000000 1.000000 0.000000
0.977294 0.211890 0.000000 290.534997 -0.211890 0.977294 0.000000 -40.700514 0.000000 0.000000 1.000000 0.000000
0.977300 0.211859 0.000000 290.535243 -0.211859 0.977300 0.000000 -40.698528 0.000000 0.000000 1.000000 0.000000
0.977294 0.211886 0.000000 290.534417 -0.211886 0.977294 0.000000 -40.691362 0.000000 0.000000 1.000000 0.000000
0.977295 0.211883 0.000000 290.534953 -0.211883 0.977295 0.000000 -40.688622 0.000000 0.000000 1.000000 0.000000
0.977319 0.211774 0.000000 290.535597 -0.211774 0.977319 0.000000 -40.686642 0.000000 0.000000 1.000000 0.000000
0.977294 0.211888 0.000000 290.532850 -0.211888 0.977294 0.000000 -40.691693 0.000000 0.000000 1.000000 0.000000
0.977298 0.211871 0.000000 290.532406 -0.211871 0.977298 0.000000 -40.694076 0.000000 0.000000 1.000000 0.000000
0.977329 0.211725 0.000000 290.531892 -0.211725 0.977329 0.000000 -40.696782 0.000000 0.000000 1.000000 0.000000
0.977327 0.211733 0.000000 290.533283 -0.211733 0.977327 0.000000 -40.697952 0.000000 0.000000 1.000000 0.000000
0.977334 0.211702 0.000000 290.532451 -0.211702 0.977334 0.000000 -40.695627 0.000000 0.000000 1.000000 0.000000
0.977341 0.211669 0.000000 290.530563 -0.211669 0.977341 0.000000 -40.695386 0.000000 0.000000 1.000000 0.000000
0.977301 0.211857 0.000000 290.530296 -0.211857 0.977301 0.000000 -40.696304 0.000000 0.000000 1.000000 0.000000
0.977291 0.211901 0.000000 290.530814 -0.211901 0.977291 0.000000 -40.699986 0.000000 0.000000 1.000000 0.000000
0.977281 0.211948 0.000000 290.532015 -0.211948 0.977281 0.000000 -40.698956 0.000000 0.000000 1.000000 0.000000
0.977294 0.211886 0.000000 290.531630 -0.211886 0.977294 0.000000 -40.706221 0.000000 0.000000 1.000000 0.000000
0.977324 0.211751 0.000000 290.530867 -0.211751 0.977324 0.000000 -40.712969 0.000000 0.000000 1.000000 0.000000
0.977321 0.211764 0.000000 290.529871 -0.211764 0.977321 0.000000 -40.714521 0.000000 0.000000 1.000000 0.000000
0.977293 0.211891 0.000000 290.532157 -0.211891 0.977293 0.000000 -40.713681 0.000000 0.000000 1.000000 0.000000
0.977324 0.211751 0.000000 290.532971 -0.211751 0.977324 0.000000 -40.712792 0.000000 0.000000 1.000000 0.000000
0.977356 0.211604 0.000000 290.533463 -0.211604 0.977356 0.000000 -40.712491 0.000000 0.000000 1.000000 0.000000
0.977329 0.211724 0.000000 290.534584 -0.211724 0.977329 0.000000 -40.711814 0.000000 0.000000 1.000000 0.000000
0.977330 0.211721 0.000000 290.535212 -0.211721 0.977330 0.000000 -40.711939 0.000000 0.000000 1.000000 0.000000
0.977320 0.211767 0.000000 290.533490 -0.211767 0.977320 0.000000 -40.711233 0.000000 0.000000 1.000000 0.000000
0.977315 0.211793 0.000000 290.531705 -0.211793 0.977315 0.000000 -40.713336 0.000000 0.000000 1.000000 0.000000
0.977316 0.211788 0.000000 290.531327 -0.211788 0.977316 0.000000 -40.714826 0.000000 0.000000 1.000000 0.000000
0.977295 0.211884 0.000000 290.532480 -0.211884 0.977295 0.000000 -40.715073 0.000000 0.000000 1.000000 0.000000
0.977289 0.211910 0.000000 290.536082 -0.211910 0.977289 0.000000 -40.711960 0.000000 0.000000 1.000000 0.000000
0.977315 0.211792 0.000000 290.534817 -0.211792 0.977315 0.000000 -40.711711 0.000000 0.000000 1.000000 0.000000
0.977333 0.211706 0.000000 290.534426 -0.211706 0.977333 0.000000 -40.708965 0.000000 0.000000 1.000000 0.000000
0.977336 0.211692 0.000000 290.533370 -0.211692 0.977336 0.000000 -40.709095 0.000000 0.000000 1.000000 0.000000
0.977326 0.211741 0.000000 290.533597 -0.211741 0.977326 0.000000 -40.712514 0.000000 0.000000 1.000000 0.000000
0.977325 0.211745 0.000000 290.534988 -0.211745 0.977325 0.000000 -40.710113 0.000000 0.000000 1.000000 0.000000
0.977301 0.211855 0.000000 290.534838 -0.211855 0.977301 0.000000 -40.708878 0.000000 0.000000 1.000000 0.000000
0.977301 0.211854 0.000000 290.534563 -0.211854 0.977301 0.000000 -40.708125 0.000000 0.000000 1.000000 0.000000
0.977306 0.211831 0.000000 290.531432 -0.211831 0.977306 0.000000 -40.708639 0.000000 0.000000 1.000000 0.000000
0.977255 0.212066 0.000000 290.532398 -0.212066 0.977255 0.000000 -40.707877 0.000000 0.000000 1.000000 0.000000
0.977218 0.212239 0.000000 290.531836 -0.212239 0.977218 0.000000 -40.708572 0.000000 0.000000 1.000000 0.000000
0.977209 0.212279 0.000000 290.532257 -0.212279 0.977209 0.000000 -40.709107 0.000000 0.000000 1.000000 0.000000
0.977194 0.212347 0.000000 290.531137 -0.212347 0.977194 0.000000 -40.710374 0.000000 0.000000 1.000000 0.000000
0.977135 0.212619 0.000000 290.527495 -0.212619 0.977135 0.000000 -40.711671 0.000000 0.000000 1.000000 0.000000
0.977200 0.212322 0.000000 290.526944 -0.212322 0.977200 0.000000 -40.711425 0.000000 0.000000 1.000000 0.000000
0.977250 0.212092 0.000000 290.526035 -0.212092 0.977250 0.000000 -40.711771 0.000000 0.000000 1.000000 0.000000
0.977301 0.211856 0.000000 290.528102 -0.211856 0.977301 0.000000 -40.713575 0.000000 0.000000 1.000000 0.000000
0.977316 0.211787 0.000000 290.526091 -0.211787 0.977316 0.000000 -40.715502 0.000000 0.000000 1.000000 0.000000
0.977336 0.211694 0.000000 290.525417 -0.211694 0.977336 0.000000 -40.717791 0.000000 0.000000 1.000000 0.000000
0.977416 0.211325 0.000000 290.524531 -0.211325 0.977416 0.000000 -40.723211 0.000000 0.000000 1.000000 0.000000
0.977412 0.211341 0.000000 290.524410 -0.211341 0.977412 0.000000 -40.725782 0.000000 0.000000 1.000000 0.000000
0.977460 0.211122 0.000000 290.523414 -0.211122 0.977460 0.000000 -40.724404 0.000000 0.000000 1.000000 0.000000
0.977467 0.211087 0.000000 290.521103 -0.211087 0.977467 0.000000 -40.726635 0.000000 0.000000 1.000000 0.000000
0.977461 0.211116 0.000000 290.522023 -0.211116 0.977461 0.000000 -40.725489 0.000000 0.000000 1.000000 0.000000
0.977496 0.210953 0.000000 290.522899 -0.210953 0.977496 0.000000 -40.725023 0.000000 0.000000 1.000000 0.000000
0.977615 0.210401 0.000000 290.522876 -0.210401 0.977615 0.000000 -40.735161 0.000000 0.000000 1.000000 0.000000
0.977534 0.210776 0.000000 290.524406 -0.210776 0.977534 0.000000 -40.731412 0.000000 0.000000 1.000000 0.000000
0.977498 0.210946 0.000000 290.526578 -0.210946 0.977498 0.000000 -40.730047 0.000000 0.000000 1.000000 0.000000
0.977509 0.210895 0.000000 290.527067 -0.210895 0.977509 0.000000 -40.728757 0.000000 0.000000 1.000000 0.000000
0.977491 0.210978 0.000000 290.528000 -0.210978 0.977491 0.000000 -40.729707 0.000000 0.000000 1.000000 0.000000
0.977519 0.210847 0.000000 290.528485 -0.210847 0.977519 0.000000 -40.726687 0.000000 0.000000 1.000000 0.000000
0.977523 0.210829 0.000000 290.528526 -0.210829 0.977523 0.000000 -40.726654 0.000000 0.000000 1.000000 0.000000
0.977505 0.210913 0.000000 290.528830 -0.210913 0.977505 0.000000 -40.725225 0.000000 0.000000 1.000000 0.000000
0.977490 0.210982 0.000000 290.530464 -0.210982 0.977490 0.000000 -40.720266 0.000000 0.000000 1.000000 0.000000
0.977474 0.211055 0.000000 290.531568 -0.211055 0.977474 0.000000 -40.717371 0.000000 0.000000 1.000000 0.000000
0.977472 0.211065 0.000000 290.531895 -0.211065 0.977472 0.000000 -40.717240 0.000000 0.000000 1.000000 0.000000
0.977444 0.211194 0.000000 290.532017 -0.211194 0.977444 0.000000 -40.718920 0.000000 0.000000 1.000000 0.000000
0.977451 0.211162 0.000000 290.531959 -0.211162 0.977451 0.000000 -40.717435 0.000000 0.000000 1.000000 0.000000
0.977462 0.211112 0.000000 290.531819 -0.211112 0.977462 0.000000 -40.715009 0.000000 0.000000 1.000000 0.000000
0.977439 0.211217 0.000000 290.532397 -0.211217 0.977439 0.000000 -40.714969 0.000000 0.000000 1.000000 0.000000
0.977456 0.211141 0.000000 290.531687 -0.211141 0.977456 0.000000 -40.713276 0.000000 0.000000 1.000000 0.000000
0.977448 0.211175 0.000000 290.530980 -0.211175 0.977448 0.000000 -40.711732 0.000000 0.000000 1.000000 0.000000
0.977412 0.211344 0.000000 290.531342 -0.211344 0.977412 0.000000 -40.711558 0.000000 0.000000 1.000000 0.000000
0.977410 0.211351 0.000000 290.531703 -0.211351 0.977410 0.000000 -40.711528 0.000000 0.000000 1.000000 0.000000
0.977414 0.211332 0.000000 290.532064 -0.211332 0.977414 0.000000 -40.711963 0.000000 0.000000 1.000000 0.000000
0.977422 0.211296 0.000000 290.531462 -0.211296 0.977422 0.000000 -40.711572 0.000000 0.000000 1.000000 0.000000
0.977439 0.211220 0.000000 290.530302 -0.211220 0.977439 0.000000 -40.710841 0.000000 0.000000 1.000000 0.000000
0.977471 0.211068 0.000000 290.529827 -0.211068 0.977471 0.000000 -40.709095 0.000000 0.000000 1.000000 0.000000
0.977484 0.211008 0.000000 290.529265 -0.211008 0.977484 0.000000 -40.709756 0.000000 0.000000 1.000000 0.000000
0.977483 0.211014 0.000000 290.528003 -0.211014 0.977483 0.000000 -40.708021 0.000000 0.000000 1.000000 0.000000
0.977505 0.210910 0.000000 290.528653 -0.210910 0.977505 0.000000 -40.707496 0.000000 0.000000 1.000000 0.000000
0.977513 0.210876 0.000000 290.528415 -0.210876 0.977513 0.000000 -40.704807 0.000000 0.000000 1.000000 0.000000
0.977520 0.210841 0.000000 290.527017 -0.210841 0.977520 0.000000 -40.704278 0.000000 0.000000 1.000000 0.000000
0.977547 0.210715 0.000000 290.526361 -0.210715 0.977547 0.000000 -40.705240 0.000000 0.000000 1.000000 0.000000
0.977540 0.210751 0.000000 290.525503 -0.210751 0.977540 0.000000 -40.705055 0.000000 0.000000 1.000000 0.000000
0.977537 0.210763 0.000000 290.524671 -0.210763 0.977537 0.000000 -40.706179 0.000000 0.000000 1.000000 0.000000
0.977518 0.210852 0.000000 290.524730 -0.210852 0.977518 0.000000 -40.705825 0.000000 0.000000 1.000000 0.000000
0.977523 0.210830 0.000000 290.523826 -0.210830 0.977523 0.000000 -40.706054 0.000000 0.000000 1.000000 0.000000
0.977536 0.210768 0.000000 290.525440 -0.210768 0.977536 0.000000 -40.705044 0.000000 0.000000 1.000000 0.000000
0.977503 0.210922 0.000000 290.524724 -0.210922 0.977503 0.000000 -40.705329 0.000000 0.000000 1.000000 0.000000
0.977509 0.210893 0.000000 290.524264 -0.210893 0.977509 0.000000 -40.704503 0.000000 0.000000 1.000000 0.000000
0.977517 0.210857 0.000000 290.524862 -0.210857 0.977517 0.000000 -40.705491 0.000000 0.000000 1.000000 0.000000
0.977536 0.210767 0.000000 290.523634 -0.210767 0.977536 0.000000 -40.705236 0.000000 0.000000 1.000000 0.000000
0.977505 0.210913 0.000000 290.524994 -0.210913 0.977505 0.000000 -40.705072 0.000000 0.000000 1.000000 0.000000
0.977490 0.210982 0.000000 290.525397 -0.210982 0.977490 0.000000 -40.704930 0.000000 0.000000 1.000000 0.000000
0.977516 0.210863 0.000000 290.527033 -0.210863 0.977516 0.000000 -40.704107 0.000000 0.000000 1.000000 0.000000
0.977531 0.210790 0.000000 290.529890 -0.210790 0.977531 0.000000 -40.702166 0.000000 0.000000 1.000000 0.000000
0.977531 0.210793 0.000000 290.529694 -0.210793 0.977531 0.000000 -40.702596 0.000000 0.000000 1.000000 0.000000
0.977511 0.210884 0.000000 290.530255 -0.210884 0.977511 0.000000 -40.701468 0.000000 0.000000 1.000000 0.000000
0.977518 0.210852 0.000000 290.529889 -0.210852 0.977518 0.000000 -40.701086 0.000000 0.000000 1.000000 0.000000
0.977532 0.210788 0.000000 290.529361 -0.210788 0.977532 0.000000 -40.699152 0.000000 0.000000 1.000000 0.000000
0.977540 0.210752 0.000000 290.528399 -0.210752 0.977540 0.000000 -40.697826 0.000000 0.000000 1.000000 0.000000
0.977527 0.210811 0.000000 290.527693 -0.210811 0.977527 0.000000 -40.698584 0.000000 0.000000 1.000000 0.000000
0.977555 0.210678 0.000000 290.526710 -0.210678 0.977555 0.000000 -40.696655 0.000000 0.000000 1.000000 0.000000
0.977547 0.210719 0.000000 290.526111 -0.210719 0.977547 0.000000 -40.698256 0.000000 0.000000 1.000000 0.000000
0.977523 0.210829 0.000000 290.525323 -0.210829 0.977523 0.000000 -40.695813 0.000000 0.000000 1.000000 0.000000
0.977544 0.210731 0.000000 290.525174 -0.210731 0.977544 0.000000 -40.694575 0.000000 0.000000 1.000000 0.000000
0.977571 0.210607 0.000000 290.526940 -0.210607 0.977571 0.000000 -40.692190 0.000000 0.000000 1.000000 0.000000
0.977502 0.210924 0.000000 290.527200 -0.210924 0.977502 0.000000 -40.691748 0.000000 0.000000 1.000000 0.000000
0.977550 0.210702 0.000000 290.528687 -0.210702 0.977550 0.000000 -40.692261 0.000000 0.000000 1.000000 0.000000
0.977552 0.210693 0.000000 290.528939 -0.210693 0.977552 0.000000 -40.691963 0.000000 0.000000 1.000000 0.000000
0.977560 0.210659 0.000000 290.528125 -0.210659 0.977560 0.000000 -40.691886 0.000000 0.000000 1.000000 0.000000
0.977558 0.210666 0.000000 290.528278 -0.210666 0.977558 0.000000 -40.691300 0.000000 0.000000 1.000000 0.000000
0.977526 0.210814 0.000000 290.528436 -0.210814 0.977526 0.000000 -40.690835 0.000000 0.000000 1.000000 0.000000
0.977500 0.210933 0.000000 290.528197 -0.210933 0.977500 0.000000 -40.689968 0.000000 0.000000 1.000000 0.000000
0.977521 0.210838 0.000000 290.526777 -0.210838 0.977521 0.000000 -40.688838 0.000000 0.000000 1.000000 0.000000
0.977520 0.210841 0.000000 290.527615 -0.210841 0.977520 0.000000 -40.686211 0.000000 0.000000 1.000000 0.000000
0.977533 0.210783 0.000000 290.526570 -0.210783 0.977533 0.000000 -40.686013 0.000000 0.000000 1.000000 0.000000
0.977533 0.210781 0.000000 290.524389 -0.210781 0.977533 0.000000 -40.689549 0.000000 0.000000 1.000000 0.000000
0.977532 0.210786 0.000000 290.523732 -0.210786 0.977532 0.000000 -40.692433 0.000000 0.000000 1.000000 0.000000
0.977530 0.210797 0.000000 290.525166 -0.210797 0.977530 0.000000 -40.691645 0.000000 0.000000 1.000000 0.000000
0.977532 0.210788 0.000000 290.525685 -0.210788 0.977532 0.000000 -40.692710 0.000000 0.000000 1.000000 0.000000
0.977507 0.210901 0.000000 290.526581 -0.210901 0.977507 0.000000 -40.693083 0.000000 0.000000 1.000000 0.000000
0.977514 0.210872 0.000000 290.527457 -0.210872 0.977514 0.000000 -40.697109 0.000000 0.000000 1.000000 0.000000
0.977500 0.210934 0.000000 290.526997 -0.210934 0.977500 0.000000 -40.698154 0.000000 0.000000 1.000000 0.000000
0.977512 0.210878 0.000000 290.526393 -0.210878 0.977512 0.000000 -40.699162 0.000000 0.000000 1.000000 0.000000
0.977524 0.210824 0.000000 290.524651 -0.210824 0.977524 0.000000 -40.700436 0.000000 0.000000 1.000000 0.000000
0.977533 0.210782 0.000000 290.525417 -0.210782 0.977533 0.000000 -40.700466 0.000000 0.000000 1.000000 0.000000
0.977540 0.210748 0.000000 290.524221 -0.210748 0.977540 0.000000 -40.700266 0.000000 0.000000 1.000000 0.000000
0.977547 0.210717 0.000000 290.523568 -0.210717 0.977547 0.000000 -40.699874 0.000000 0.000000 1.000000 0.000000
0.977543 0.210735 0.000000 290.523427 -0.210735 0.977543 0.000000 -40.700625 0.000000 0.000000 1.000000 0.000000
0.977527 0.210809 0.000000 290.523641 -0.210809 0.977527 0.000000 -40.701121 0.000000 0.000000 1.000000 0.000000
0.977543 0.210735 0.000000 290.523718 -0.210735 0.977543 0.000000 -40.700171 0.000000 0.000000 1.000000 0.000000
0.977544 0.210730 0.000000 290.524105 -0.210730 0.977544 0.000000 -40.696342 0.000000 0.000000 1.000000 0.000000
0.977543 0.210737 0.000000 290.524047 -0.210737 0.977543 0.000000 -40.696808 0.000000 0.000000 1.000000 0.000000
0.977559 0.210662 0.000000 290.524383 -0.210662 0.977559 0.000000 -40.696709 0.000000 0.000000 1.000000 0.000000
0.977549 0.210707 0.000000 290.524321 -0.210707 0.977549 0.000000 -40.698829 0.000000 0.000000 1.000000 0.000000
0.977566 0.210629 0.000000 290.523617 -0.210629 0.977566 0.000000 -40.700254 0.000000 0.000000 1.000000 0.000000
0.977548 0.210711 0.000000 290.522630 -0.210711 0.977548 0.000000 -40.700942 0.000000 0.000000 1.000000 0.000000
0.977575 0.210589 0.000000 290.522138 -0.210589 0.977575 0.000000 -40.701895 0.000000 0.000000 1.000000 0.000000
0.977570 0.210612 0.000000 290.522504 -0.210612 0.977570 0.000000 -40.701760 0.000000 0.000000 1.000000 0.000000
0.977572 0.210601 0.000000 290.521714 -0.210601 0.977572 0.000000 -40.702984 0.000000 0.000000 1.000000 0.000000
0.977579 0.210570 0.000000 290.522217 -0.210570 0.977579 0.000000 -40.703059 0.000000 0.000000 1.000000 0.000000
0.977542 0.210742 0.000000 290.521102 -0.210742 0.977542 0.000000 -40.702972 0.000000 0.000000 1.000000 0.000000
0.977557 0.210672 0.000000 290.521581 -0.210672 0.977557 0.000000 -40.702631 0.000000 0.000000 1.000000 0.000000
0.977558 0.210668 0.000000 290.522404 -0.210668 0.977558 0.000000 -40.702899 0.000000 0.000000 1.000000 0.000000
0.977522 0.210832 0.000000 290.524449 -0.210832 0.977522 0.000000 -40.702357 0.000000 0.000000 1.000000 0.000000
0.977545 0.210727 0.000000 290.525473 -0.210727 0.977545 0.000000 -40.702279 0.000000 0.000000 1.000000 0.000000
0.977533 0.210784 0.000000 290.526752 -0.210784 0.977533 0.000000 -40.701034 0.000000 0.000000 1.000000 0.000000
0.977568 0.210619 0.000000 290.526951 -0.210619 0.977568 0.000000 -40.702050 0.000000 0.000000 1.000000 0.000000
0.977604 0.210454 0.000000 290.526239 -0.210454 0.977604 0.000000 -40.703366 0.000000 0.000000 1.000000 0.000000
0.977612 0.210417 0.000000 290.525687 -0.210417 0.977612 0.000000 -40.706708 0.000000 0.000000 1.000000 0.000000
0.977612 0.210416 0.000000 290.524510 -0.210416 0.977612 0.000000 -40.707308 0.000000 0.000000 1.000000 0.000000
0.977641 0.210282 0.000000 290.525837 -0.210282 0.977641 0.000000 -40.707326 0.000000 0.000000 1.000000 0.000000
0.977609 0.210429 0.000000 290.525394 -0.210429 0.977609 0.000000 -40.705195 0.000000 0.000000 1.000000 0.000000
0.977619 0.210382 0.000000 290.525866 -0.210382 0.977619 0.000000 -40.706089 0.000000 0.000000 1.000000 0.000000
0.977615 0.210401 0.000000 290.527624 -0.210401 0.977615 0.000000 -40.703574 0.000000 0.000000 1.000000 0.000000
0.977615 0.210400 0.000000 290.527081 -0.210400 0.977615 0.000000 -40.702221 0.000000 0.000000 1.000000 0.000000
0.977625 0.210354 0.000000 290.527386 -0.210354 0.977625 0.000000 -40.701338 0.000000 0.000000 1.000000 0.000000
0.977623 0.210366 0.000000 290.528548 -0.210366 0.977623 0.000000 -40.700412 0.000000 0.000000 1.000000 0.000000
0.977645 0.210262 0.000000 290.530088 -0.210262 0.977645 0.000000 -40.699292 0.000000 0.000000 1.000000 0.000000
0.977677 0.210112 0.000000 290.529384 -0.210112 0.977677 0.000000 -40.697194 0.000000 0.000000 1.000000 0.000000
0.977645 0.210263 0.000000 290.529443 -0.210263 0.977645 0.000000 -40.693557 0.000000 0.000000 1.000000 0.000000
0.977630 0.210330 0.000000 290.527825 -0.210330 0.977630 0.000000 -40.696284 0.000000 0.000000 1.000000 0.000000
0.977638 0.210293 0.000000 290.526637 -0.210293 0.977638 0.000000 -40.699127 0.000000 0.000000 1.000000 0.000000
0.977654 0.210222 0.000000 290.524531 -0.210222 0.977654 0.000000 -40.699391 0.000000 0.000000 1.000000 0.000000
0.977624 0.210359 0.000000 290.524123 -0.210359 0.977624 0.000000 -40.701370 0.000000 0.000000 1.000000 0.000000
0.977641 0.210281 0.000000 290.525246 -0.210281 0.977641 0.000000 -40.700720 0.000000 0.000000 1.000000 0.000000
0.977638 0.210296 0.000000 290.525742 -0.210296 0.977638 0.000000 -40.699119 0.000000 0.000000 1.000000 0.000000
0.977635 0.210311 0.000000 290.528195 -0.210311 0.977635 0.000000 -40.694335 0.000000 0.000000 1.000000 0.000000
0.977652 0.210230 0.000000 290.530739 -0.210230 0.977652 0.000000 -40.692843 0.000000 0.000000 1.000000 0.000000
0.977589 0.210523 0.000000 290.530720 -0.210523 0.977589 0.000000 -40.690916 0.000000 0.000000 1.000000 0.000000
0.977603 0.210455 0.000000 290.529710 -0.210455 0.977603 0.000000 -40.690684 0.000000 0.000000 1.000000 0.000000
0.977594 0.210501 0.000000 290.528972 -0.210501 0.977594 0.000000 -40.690766 0.000000 0.000000 1.000000 0.000000
0.977600 0.210473 0.000000 290.528028 -0.210473 0.977600 0.000000 -40.693540 0.000000 0.000000 1.000000 0.000000
0.977593 0.210504 0.000000 290.526653 -0.210504 0.977593 0.000000 -40.693710 0.000000 0.000000 1.000000 0.000000
0.977601 0.210468 0.000000 290.526132 -0.210468 0.977601 0.000000 -40.696006 0.000000 0.000000 1.000000 0.000000
0.977613 0.210411 0.000000 290.524837 -0.210411 0.977613 0.000000 -40.694445 0.000000 0.000000 1.000000 0.000000
0.977615 0.210402 0.000000 290.526706 -0.210402 0.977615 0.000000 -40.692026 0.000000 0.000000 1.000000 0.000000
0.977603 0.210458 0.000000 290.528183 -0.210458 0.977603 0.000000 -40.693696 0.000000 0.000000 1.000000 0.000000
0.977613 0.210411 0.000000 290.527832 -0.210411 0.977613 0.000000 -40.693157 0.000000 0.000000 1.000000 0.000000
0.977620 0.210377 0.000000 290.526533 -0.210377 0.977620 0.000000 -40.694023 0.000000 0.000000 1.000000 0.000000
0.977616 0.210397 0.000000 290.527983 -0.210397 0.977616 0.000000 -40.688861 0.000000 0.000000 1.000000 0.000000
0.977611 0.210419 0.000000 290.529290 -0.210419 0.977611 0.000000 -40.687697 0.000000 0.000000 1.000000 0.000000
0.977610 0.210424 0.000000 290.531119 -0.210424 0.977610 0.000000 -40.686572 0.000000 0.000000 1.000000 0.000000
0.977612 0.210416 0.000000 290.532652 -0.210416 0.977612 0.000000 -40.686542 0.000000 0.000000 1.000000 0.000000
0.977638 0.210297 0.000000 290.532464 -0.210297 0.977638 0.000000 -40.686476 0.000000 0.000000 1.000000 0.000000
0.977660 0.210195 0.000000 290.531432 -0.210195 0.977660 0.000000 -40.683886 0.000000 0.000000 1.000000 0.000000
0.977663 0.210178 0.000000 290.531163 -0.210178 0.977663 0.000000 -40.685418 0.000000 0.000000 1.000000 0.000000
0.977646 0.210256 0.000000 290.529447 -0.210256 0.977646 0.000000 -40.686722 0.000000 0.000000 1.000000 0.000000
0.977639 0.210290 0.000000 290.529408 -0.210290 0.977639 0.000000 -40.685278 0.000000 0.000000 1.000000 0.000000
0.977640 0.210287 0.000000 290.528564 -0.210287 0.977640 0.000000 -40.685548 0.000000 0.000000 1.000000 0.000000
0.977632 0.210324 0.000000 290.530079 -0.210324 0.977632 0.000000 -40.682577 0.000000 0.000000 1.000000 0.000000
