0.999998 0.001557 0.000000 0.626731 -0.001558 0.999998 0.000000 -0.006952 0.000000 0.000000 1.000000 0.000000
0.999996 0.001567 0.000000 1.292644 -0.001569 0.999998 0.000000 -0.012704 0.000000 0.000000 1.000000 0.000000
0.999995 0.000957 0.000000 1.909854 -0.000959 0.999999 0.000000 -0.016258 0.000000 0.000000 1.000000 0.000000
0.999993 0.002535 0.000000 2.522570 -0.002535 0.999997 0.000000 -0.023977 0.000000 0.000000 1.000000 0.000000
0.999991 0.003207 0.000000 3.144336 -0.003206 0.999995 0.000000 -0.033684 0.000000 0.000000 1.000000 0.000000
0.999990 0.003609 0.000000 3.769981 -0.003612 0.999993 0.000000 -0.043416 0.000000 0.000000 1.000000 0.000000
0.999991 0.002847 0.000000 4.383886 -0.002856 0.999991 0.000000 -0.050645 0.000000 0.000000 1.000000 0.000000
0.999994 0.002258 0.000000 5.000859 -0.002269 0.999990 0.000000 -0.058326 0.000000 0.000000 1.000000 0.000000
0.999992 0.001612 0.000000 5.607634 -0.001627 0.999990 0.000000 -0.064071 0.000000 0.000000 1.000000 0.000000
0.999988 0.001466 0.000000 6.248390 -0.001490 0.999985 0.000000 -0.070665 0.000000 0.000000 1.000000 0.000000
0.999984 0.002219 0.000000 6.827189 -0.002246 0.999984 0.000000 -0.078051 0.000000 0.000000 1.000000 0.000000
0.999984 0.002840 0.000000 7.449775 -0.002867 0.999980 0.000000 -0.085256 0.000000 0.000000 1.000000 0.000000
0.999978 0.003580 0.000000 8.068289 -0.003617 0.999971 0.000000 -0.093505 0.000000 0.000000 1.000000 0.000000
0.999988 0.003113 0.000000 8.717490 -0.003138 0.999973 0.000000 -0.101719 0.000000 0.000000 1.000000 0.000000
0.999996 0.002267 0.000000 9.341028 -0.002277 0.999981 0.000000 -0.107457 0.000000 0.000000 1.000000 0.000000
0.999997 0.001970 0.000000 9.961480 -0.001977 0.999987 0.000000 -0.111924 0.000000 0.000000 1.000000 0.000000
0.999997 0.001844 0.000000 10.580107 -0.001850 0.999989 0.000000 -0.115284 0.000000 0.000000 1.000000 0.000000
0.999995 0.002037 0.000000 11.206806 -0.002049 0.999987 0.000000 -0.120735 0.000000 0.000000 1.000000 0.000000
0.999986 0.002036 0.000000 11.836177 -0.002062 0.999983 0.000000 -0.126020 0.000000 0.000000 1.000000 0.000000
0.999983 0.002014 0.000000 12.441304 -0.002045 0.999982 0.000000 -0.131254 0.000000 0.000000 1.000000 0.000000
0.999981 0.002182 0.000000 13.073733 -0.002211 0.999984 0.000000 -0.136582 0.000000 0.000000 1.000000 0.000000
0.999990 0.001312 0.000000 13.713989 -0.001332 0.999987 0.000000 -0.140267 0.000000 0.000000 1.000000 0.000000
0.999991 0.001733 0.000000 14.314485 -0.001750 0.999988 0.000000 -0.146011 0.000000 0.000000 1.000000 0.000000
0.999994 0.001529 0.000000 14.961860 -0.001542 0.999990 0.000000 -0.150634 0.000000 0.000000 1.000000 0.000000
0.999993 0.001028 0.000000 15.586448 -0.001043 0.999992 0.000000 -0.154439 0.000000 0.000000 1.000000 0.000000
0.999987 0.001513 0.000000 16.188738 -0.001529 0.999993 0.000000 -0.159789 0.000000 0.000000 1.000000 0.000000
0.999986 0.001209 0.000000 16.808712 -0.001221 0.999997 0.000000 -0.164921 0.000000 0.000000 1.000000 0.000000
0.999981 0.001310 0.000000 17.438182 -0.001330 0.999994 0.000000 -0.169740 0.000000 0.000000 1.000000 0.000000
0.999986 0.001850 0.000000 18.060728 -0.001869 0.999991 0.000000 -0.175035 0.000000 0.000000 1.000000 0.000000
0.999982 0.002226 0.000000 18.640906 -0.002244 0.999992 0.000000 -0.180589 0.000000 0.000000 1.000000 0.000000
0.999975 0.001752 0.000000 19.275322 -0.001770 0.999995 0.000000 -0.186802 0.000000 0.000000 1.000000 0.000000
0.999980 0.001002 0.000000 19.858673 -0.001022 0.999994 0.000000 -0.190131 0.000000 0.000000 1.000000 0.000000
0.999984 0.001542 0.000000 20.467022 -0.001563 0.999992 0.000000 -0.195460 0.000000 0.000000 1.000000 0.000000
0.999983 0.002262 0.000000 21.093347 -0.002280 0.999992 0.000000 -0.201247 0.000000 0.000000 1.000000 0.000000
0.999981 0.001605 0.000000 21.905232 -0.001624 0.999994 0.000000 -0.207863 0.000000 0.000000 1.000000 0.000000
0.999981 0.001231 0.000000 22.526160 -0.001245 0.999996 0.000000 -0.211528 0.000000 0.000000 1.000000 0.000000
0.999976 0.001121 0.000000 23.150654 -0.001139 0.999996 0.000000 -0.216071 0.000000 0.000000 1.000000 0.000000
0.999959 0.001233 0.000000 23.782365 -0.001260 0.999995 0.000000 -0.220951 0.000000 0.000000 1.000000 0.000000
0.999971 0.001921 0.000000 24.416171 -0.001941 0.999995 0.000000 -0.226795 0.000000 0.000000 1.000000 0.000000
0.999987 0.002796 0.000000 25.055358 -0.002805 0.999994 0.000000 -0.234079 0.000000 0.000000 1.000000 0.000000
0.999988 0.004016 0.000000 25.688294 -0.004024 0.999988 0.000000 -0.242589 0.000000 0.000000 1.000000 0.000000
0.999987 0.004549 0.000000 26.329190 -0.004556 0.999985 0.000000 -0.250628 0.000000 0.000000 1.000000 0.000000
0.999981 0.005663 0.000000 26.962707 -0.005669 0.999980 0.000000 -0.260763 0.000000 0.000000 1.000000 0.000000
0.999980 0.005073 0.000000 27.598654 -0.005081 0.999985 0.000000 -0.267135 0.000000 0.000000 1.000000 0.000000
0.999972 0.005347 0.000000 28.225144 -0.005359 0.999983 0.000000 -0.275593 0.000000 0.000000 1.000000 0.000000
0.999971 0.006140 0.000000 28.859510 -0.006157 0.999974 0.000000 -0.284591 0.000000 0.000000 1.000000 0.000000
0.999964 0.005655 0.000000 29.504069 -0.005677 0.999977 0.000000 -0.290285 0.000000 0.000000 1.000000 0.000000
0.999966 0.006317 0.000000 30.158520 -0.006333 0.999975 0.000000 -0.298905 0.000000 0.000000 1.000000 0.000000
0.999974 0.006345 0.000000 30.762440 -0.006355 0.999975 0.000000 -0.308915 0.000000 0.000000 1.000000 0.000000
0.999971 0.006726 0.000000 31.408463 -0.006737 0.999973 0.000000 -0.319218 0.000000 0.000000 1.000000 0.000000
0.999972 0.006547 0.000000 32.040044 -0.006561 0.999971 0.000000 -0.325683 0.000000 0.000000 1.000000 0.000000
0.999937 0.007357 0.000000 32.696142 -0.007403 0.999958 0.000000 -0.334677 0.000000 0.000000 1.000000 0.000000
0.999798 0.007602 0.000000 33.340739 -0.007782 0.999924 0.000000 -0.344628 0.000000 0.000000 1.000000 0.000000
0.999496 0.007392 0.000000 33.973545 -0.007812 0.999878 0.000000 -0.354724 0.000000 0.000000 1.000000 0.000000
0.998974 0.008196 0.000000 34.613032 -0.008866 0.999850 0.000000 -0.365714 0.000000 0.000000 1.000000 0.000000
0.998704 0.008457 0.000000 35.249994 -0.009248 0.999836 0.000000 -0.376103 0.000000 0.000000 1.000000 0.000000
0.998906 0.009478 0.000000 35.895570 -0.010282 0.999797 0.000000 -0.388435 0.000000 0.000000 1.000000 0.000000
0.999324 0.010776 0.000000 36.549282 -0.011491 0.999729 0.000000 -0.400756 0.000000 0.000000 1.000000 0.000000
0.999601 0.011848 0.000000 37.209395 -0.012384 0.999705 0.000000 -0.413566 0.000000 0.000000 1.000000 0.000000
0.999677 0.012766 0.000000 37.826175 -0.013206 0.999713 0.000000 -0.424937 0.000000 0.000000 1.000000 0.000000
0.999631 0.012215 0.000000 38.476139 -0.012665 0.999749 0.000000 -0.438130 0.000000 0.000000 1.000000 0.000000
0.999559 0.012307 0.000000 39.120090 -0.012806 0.999749 0.000000 -0.453527 0.000000 0.000000 1.000000 0.000000
0.999562 0.012265 0.000000 39.766223 -0.012766 0.999748 0.000000 -0.466393 0.000000 0.000000 1.000000 0.000000
0.999587 0.012839 0.000000 40.412492 -0.013350 0.999715 0.000000 -0.480430 0.000000 0.000000 1.000000 0.000000
0.999618 0.012972 0.000000 41.054620 -0.013459 0.999711 0.000000 -0.494857 0.000000 0.000000 1.000000 0.000000
0.999637 0.012670 0.000000 41.677760 -0.013128 0.999729 0.000000 -0.507428 0.000000 0.000000 1.000000 0.000000
0.999612 0.012494 0.000000 42.332156 -0.012991 0.999718 0.000000 -0.521044 0.000000 0.000000 1.000000 0.000000
0.999581 0.012666 0.000000 42.991829 -0.013204 0.999701 0.000000 -0.533809 0.000000 0.000000 1.000000 0.000000
0.999562 0.012609 0.000000 43.663766 -0.013146 0.999714 0.000000 -0.547975 0.000000 0.000000 1.000000 0.000000
0.999539 0.012454 0.000000 44.331036 -0.013008 0.999717 0.000000 -0.561013 0.000000 0.000000 1.000000 0.000000
0.999569 0.011523 0.000000 44.998381 -0.012046 0.999741 0.000000 -0.572493 0.000000 0.000000 1.000000 0.000000
0.999649 0.010649 0.000000 46.049644 -0.011073 0.999787 0.000000 -0.591442 0.000000 0.000000 1.000000 0.000000
0.999728 0.010016 0.000000 46.764506 -0.010364 0.999811 0.000000 -0.603399 0.000000 0.000000 1.000000 0.000000
0.999757 0.009849 0.000000 47.429789 -0.010131 0.999847 0.000000 -0.612931 0.000000 0.000000 1.000000 0.000000
0.999785 0.008857 0.000000 48.108466 -0.009105 0.999872 0.000000 -0.620646 0.000000 0.000000 1.000000 0.000000
0.999747 0.008173 0.000000 48.784474 -0.008434 0.999888 0.000000 -0.628801 0.000000 0.000000 1.000000 0.000000
0.999688 0.007554 0.000000 49.460030 -0.007804 0.999915 0.000000 -0.636091 0.000000 0.000000 1.000000 0.000000
0.999705 0.007315 0.000000 50.128461 -0.007484 0.999946 0.000000 -0.644792 0.000000 0.000000 1.000000 0.000000
0.999816 0.006707 0.000000 50.774535 -0.006813 0.999960 0.000000 -0.649825 0.000000 0.000000 1.000000 0.000000
0.999915 0.007707 0.000000 52.132419 -0.007780 0.999945 0.000000 -0.667045 0.000000 0.000000 1.000000 0.000000
0.999825 0.008968 0.000000 52.805042 -0.009091 0.999932 0.000000 -0.677675 0.000000 0.000000 1.000000 0.000000
0.999610 0.009235 0.000000 53.460707 -0.009408 0.999935 0.000000 -0.686896 0.000000 0.000000 1.000000 0.000000
0.999315 0.009916 0.000000 54.115090 -0.010151 0.999928 0.000000 -0.697346 0.000000 0.000000 1.000000 0.000000
0.999122 0.010901 0.000000 54.764409 -0.011191 0.999913 0.000000 -0.708533 0.000000 0.000000 1.000000 0.000000
0.999123 0.011165 0.000000 55.442265 -0.011499 0.999902 0.000000 -0.718749 0.000000 0.000000 1.000000 0.000000
0.999209 0.012109 0.000000 56.076981 -0.012437 0.999887 0.000000 -0.728805 0.000000 0.000000 1.000000 0.000000
0.999308 0.012153 0.000000 56.679499 -0.012500 0.999875 0.000000 -0.739691 0.000000 0.000000 1.000000 0.000000
0.999355 0.012570 0.000000 57.315027 -0.012915 0.999866 0.000000 -0.751940 0.000000 0.000000 1.000000 0.000000
0.999363 0.013432 0.000000 57.903081 -0.013773 0.999854 0.000000 -0.765622 0.000000 0.000000 1.000000 0.000000
0.999374 0.014068 0.000000 58.525752 -0.014434 0.999835 0.000000 -0.779268 0.000000 0.000000 1.000000 0.000000
0.999416 0.014280 0.000000 59.139872 -0.014661 0.999819 0.000000 -0.791351 0.000000 0.000000 1.000000 0.000000
0.999446 0.014896 0.000000 59.720627 -0.015278 0.999803 0.000000 -0.803362 0.000000 0.000000 1.000000 0.000000
0.999454 0.014658 0.000000 60.342384 -0.015037 0.999807 0.000000 -0.815143 0.000000 0.000000 1.000000 0.000000
0.999445 0.013909 0.000000 60.953479 -0.014301 0.999816 0.000000 -0.826200 0.000000 0.000000 1.000000 0.000000
0.999400 0.014473 0.000000 61.520530 -0.014884 0.999807 0.000000 -0.838261 0.000000 0.000000 1.000000 0.000000
0.999384 0.014152 0.000000 62.140652 -0.014588 0.999804 0.000000 -0.850214 0.000000 0.000000 1.000000 0.000000
0.999362 0.014413 0.000000 62.721932 -0.014854 0.999801 0.000000 -0.863742 0.000000 0.000000 1.000000 0.000000
0.999356 0.015345 0.000000 63.339741 -0.015795 0.999782 0.000000 -0.877329 0.000000 0.000000 1.000000 0.000000
0.999389 0.014578 0.000000 63.967104 -0.015013 0.999796 0.000000 -0.888225 0.000000 0.000000 1.000000 0.000000
0.999402 0.013927 0.000000 64.835577 -0.014334 0.999817 0.000000 -0.905712 0.000000 0.000000 1.000000 0.000000
0.999368 0.014790 0.000000 65.434831 -0.015217 0.999799 0.000000 -0.919699 0.000000 0.000000 1.000000 0.000000
0.999342 0.014857 0.000000 66.048417 -0.015320 0.999788 0.000000 -0.932339 0.000000 0.000000 1.000000 0.000000
0.999345 0.014561 0.000000 66.650566 -0.015013 0.999797 0.000000 -0.943834 0.000000 0.000000 1.000000 0.000000
0.999346 0.014821 0.000000 67.249547 -0.015309 0.999776 0.000000 -0.957827 0.000000 0.000000 1.000000 0.000000
0.999390 0.014990 0.000000 67.855160 -0.015487 0.999759 0.000000 -0.973014 0.000000 0.000000 1.000000 0.000000
0.999427 0.015149 0.000000 68.492693 -0.015576 0.999782 0.000000 -0.989587 0.000000 0.000000 1.000000 0.000000
0.999434 0.015498 0.000000 69.083710 -0.015881 0.999794 0.000000 -1.003915 0.000000 0.000000 1.000000 0.000000
0.999433 0.016033 0.000000 69.670808 -0.016414 0.999785 0.000000 -1.018928 0.000000 0.000000 1.000000 0.000000
0.999373 0.016648 0.000000 70.848119 -0.017070 0.999766 0.000000 -1.046350 0.000000 0.000000 1.000000 0.000000
0.999403 0.016806 0.000000 71.446069 -0.017214 0.999763 0.000000 -1.060746 0.000000 0.000000 1.000000 0.000000
0.999443 0.016564 0.000000 72.032126 -0.016951 0.999770 0.000000 -1.075481 0.000000 0.000000 1.000000 0.000000
0.999453 0.016726 0.000000 72.602645 -0.017129 0.999756 0.000000 -1.088887 0.000000 0.000000 1.000000 0.000000
0.999447 0.016934 0.000000 73.174140 -0.017371 0.999735 0.000000 -1.101917 0.000000 0.000000 1.000000 0.000000
0.999424 0.017631 0.000000 73.748674 -0.018090 0.999714 0.000000 -1.116655 0.000000 0.000000 1.000000 0.000000
0.999379 0.018252 0.000000 74.320621 -0.018743 0.999695 0.000000 -1.130412 0.000000 0.000000 1.000000 0.000000
0.999395 0.017325 0.000000 74.894202 -0.017838 0.999699 0.000000 -1.138893 0.000000 0.000000 1.000000 0.000000
0.999372 0.017231 0.000000 75.450441 -0.017755 0.999702 0.000000 -1.150996 0.000000 0.000000 1.000000 0.000000
0.999357 0.017704 0.000000 75.989749 -0.018247 0.999685 0.000000 -1.165403 0.000000 0.000000 1.000000 0.000000
0.999349 0.018039 0.000000 76.539427 -0.018595 0.999672 0.000000 -1.179585 0.000000 0.000000 1.000000 0.000000
0.999330 0.019187 0.000000 77.085441 -0.019720 0.999663 0.000000 -1.196113 0.000000 0.000000 1.000000 0.000000
0.999325 0.019925 0.000000 77.640055 -0.020432 0.999660 0.000000 -1.211281 0.000000 0.000000 1.000000 0.000000
0.999331 0.021016 0.000000 78.157262 -0.021479 0.999653 0.000000 -1.226300 0.000000 0.000000 1.000000 0.000000
0.999334 0.022066 0.000000 78.703542 -0.022494 0.999642 0.000000 -1.242413 0.000000 0.000000 1.000000 0.000000
0.999347 0.023125 0.000000 79.231654 -0.023534 0.999618 0.000000 -1.256788 0.000000 0.000000 1.000000 0.000000
0.999379 0.023987 0.000000 79.754004 -0.024379 0.999591 0.000000 -1.272270 0.000000 0.000000 1.000000 0.000000
0.999396 0.024376 0.000000 80.298671 -0.024765 0.999573 0.000000 -1.287025 0.000000 0.000000 1.000000 0.000000
0.999380 0.025177 0.000000 80.813609 -0.025558 0.999556 0.000000 -1.303240 0.000000 0.000000 1.000000 0.000000
0.999366 0.025913 0.000000 81.301402 -0.026279 0.999545 0.000000 -1.319140 0.000000 0.000000 1.000000 0.000000
0.999363 0.026389 0.000000 81.827612 -0.026747 0.999535 0.000000 -1.336313 0.000000 0.000000 1.000000 0.000000
0.999330 0.026737 0.000000 82.348445 -0.027132 0.999510 0.000000 -1.352455 0.000000 0.000000 1.000000 0.000000
0.999271 0.027828 0.000000 82.842292 -0.028244 0.999478 0.000000 -1.367924 0.000000 0.000000 1.000000 0.000000
0.999192 0.029628 0.000000 83.393213 -0.030039 0.999438 0.000000 -1.389177 0.000000 0.000000 1.000000 0.000000
0.999140 0.031191 0.000000 83.935600 -0.031603 0.999391 0.000000 -1.409550 0.000000 0.000000 1.000000 0.000000
0.999130 0.032058 0.000000 84.427066 -0.032457 0.999365 0.000000 -1.428619 0.000000 0.000000 1.000000 0.000000
0.999086 0.034214 0.000000 84.944403 -0.034605 0.999289 0.000000 -1.449641 0.000000 0.000000 1.000000 0.000000
0.999032 0.035671 0.000000 85.425652 -0.036043 0.999250 0.000000 -1.468439 0.000000 0.000000 1.000000 0.000000
0.998931 0.037315 0.000000 85.930205 -0.037646 0.999222 0.000000 -1.489164 0.000000 0.000000 1.000000 0.000000
0.998801 0.039388 0.000000 86.608915 -0.039691 0.999163 0.000000 -1.518660 0.000000 0.000000 1.000000 0.000000
0.998739 0.040852 0.000000 87.118505 -0.041097 0.999124 0.000000 -1.540041 0.000000 0.000000 1.000000 0.000000
0.998702 0.042773 0.000000 87.611812 -0.042984 0.999051 0.000000 -1.563383 0.000000 0.000000 1.000000 0.000000
0.998626 0.045405 0.000000 88.109771 -0.045593 0.998938 0.000000 -1.589791 0.000000 0.000000 1.000000 0.000000
0.998514 0.047388 0.000000 88.609624 -0.047594 0.998842 0.000000 -1.615476 0.000000 0.000000 1.000000 0.000000
0.998371 0.049071 0.000000 89.097542 -0.049308 0.998756 0.000000 -1.642073 0.000000 0.000000 1.000000 0.000000
0.998181 0.050708 0.000000 89.573592 -0.050966 0.998675 0.000000 -1.667889 0.000000 0.000000 1.000000 0.000000
0.997864 0.054272 0.000000 90.524692 -0.054559 0.998486 0.000000 -1.723774 0.000000 0.000000 1.000000 0.000000
0.997792 0.055581 0.000000 90.993323 -0.055881 0.998411 0.000000 -1.752398 0.000000 0.000000 1.000000 0.000000
0.997628 0.058098 0.000000 91.460468 -0.058417 0.998263 0.000000 -1.783047 0.000000 0.000000 1.000000 0.000000
0.997441 0.060822 0.000000 91.930050 -0.061155 0.998098 0.000000 -1.812824 0.000000 0.000000 1.000000 0.000000
0.997212 0.063891 0.000000 92.403981 -0.064275 0.997894 0.000000 -1.844172 0.000000 0.000000 1.000000 0.000000
0.996937 0.066990 0.000000 92.877457 -0.067359 0.997698 0.000000 -1.877141 0.000000 0.000000 1.000000 0.000000
0.996670 0.069755 0.000000 93.359927 -0.070142 0.997507 0.000000 -1.911991 0.000000 0.000000 1.000000 0.000000
0.996366 0.072939 0.000000 93.830806 -0.073385 0.997266 0.000000 -1.948673 0.000000 0.000000 1.000000 0.000000
0.996015 0.075977 0.000000 94.300948 -0.076413 0.997047 0.000000 -1.986573 0.000000 0.000000 1.000000 0.000000
0.995665 0.079405 0.000000 94.750077 -0.079865 0.996776 0.000000 -2.024925 0.000000 0.000000 1.000000 0.000000
0.995427 0.081605 0.000000 95.181222 -0.082102 0.996591 0.000000 -2.062410 0.000000 0.000000 1.000000 0.000000
0.995101 0.084349 0.000000 95.636825 -0.084909 0.996350 0.000000 -2.102180 0.000000 0.000000 1.000000 0.000000
0.994621 0.087443 0.000000 96.093044 -0.088169 0.996048 0.000000 -2.145211 0.000000 0.000000 1.000000 0.000000
0.994088 0.090432 0.000000 96.544007 -0.091184 0.995785 0.000000 -2.187564 0.000000 0.000000 1.000000 0.000000
0.993518 0.094383 0.000000 96.975836 -0.095052 0.995443 0.000000 -2.231449 0.000000 0.000000 1.000000 0.000000
0.992996 0.097868 0.000000 97.409690 -0.098599 0.995096 0.000000 -2.275509 0.000000 0.000000 1.000000 0.000000
0.992476 0.101887 0.000000 97.852276 -0.102732 0.994668 0.000000 -2.321864 0.000000 0.000000 1.000000 0.000000
0.991823 0.106715 0.000000 98.281253 -0.107746 0.994116 0.000000 -2.367667 0.000000 0.000000 1.000000 0.000000
0.991152 0.112582 0.000000 98.707639 -0.113776 0.993419 0.000000 -2.414835 0.000000 0.000000 1.000000 0.000000
0.990536 0.118714 0.000000 99.130608 -0.119836 0.992717 0.000000 -2.465599 0.000000 0.000000 1.000000 0.000000
0.989909 0.123378 0.000000 99.528189 -0.124508 0.992145 0.000000 -2.516501 0.000000 0.000000 1.000000 0.000000
0.989361 0.127810 0.000000 99.943224 -0.128819 0.991615 0.000000 -2.571585 0.000000 0.000000 1.000000 0.000000
0.988920 0.131936 0.000000 100.336903 -0.132876 0.991088 0.000000 -2.626338 0.000000 0.000000 1.000000 0.000000
0.988494 0.136119 0.000000 100.748287 -0.137151 0.990485 0.000000 -2.686797 0.000000 0.000000 1.000000 0.000000
0.988345 0.138704 0.000000 101.142120 -0.139747 0.990108 0.000000 -2.743676 0.000000 0.000000 1.000000 0.000000
0.988238 0.141614 0.000000 101.508498 -0.142624 0.989681 0.000000 -2.798472 0.000000 0.000000 1.000000 0.000000
0.988092 0.144991 0.000000 101.902680 -0.145857 0.989214 0.000000 -2.861376 0.000000 0.000000 1.000000 0.000000
0.987883 0.148417 0.000000 102.300662 -0.149136 0.988733 0.000000 -2.923242 0.000000 0.000000 1.000000 0.000000
0.987526 0.152427 0.000000 102.845028 -0.152901 0.988198 0.000000 -3.009902 0.000000 0.000000 1.000000 0.000000
0.987240 0.154999 0.000000 103.258797 -0.155215 0.987876 0.000000 -3.077106 0.000000 0.000000 1.000000 0.000000
0.986810 0.157780 0.000000 103.667311 -0.157880 0.987458 0.000000 -3.146252 0.000000 0.000000 1.000000 0.000000
0.986205 0.160746 0.000000 104.068045 -0.160842 0.986980 0.000000 -3.214119 0.000000 0.000000 1.000000 0.000000
0.985692 0.163356 0.000000 104.469370 -0.163404 0.986557 0.000000 -3.284157 0.000000 0.000000 1.000000 0.000000
0.985386 0.164741 0.000000 104.874150 -0.164818 0.986322 0.000000 -3.354857 0.000000 0.000000 1.000000 0.000000
0.985141 0.166333 0.000000 105.278493 -0.166444 0.986050 0.000000 -3.427996 0.000000 0.000000 1.000000 0.000000
0.985119 0.166921 0.000000 105.701964 -0.166983 0.985958 0.000000 -3.501951 0.000000 0.000000 1.000000 0.000000
0.985057 0.167924 0.000000 106.441145 -0.167887 0.985797 0.000000 -3.636026 0.000000 0.000000 1.000000 0.000000
0.984978 0.168672 0.000000 106.870197 -0.168600 0.985671 0.000000 -3.715593 0.000000 0.000000 1.000000 0.000000
0.984890 0.169338 0.000000 107.310766 -0.169287 0.985557 0.000000 -3.794884 0.000000 0.000000 1.000000 0.000000
0.984626 0.170860 0.000000 107.744961 -0.170906 0.985286 0.000000 -3.874913 0.000000 0.000000 1.000000 0.000000
0.984409 0.172029 0.000000 108.176755 -0.172165 0.985068 0.000000 -3.954967 0.000000 0.000000 1.000000 0.000000
0.984323 0.172671 0.000000 108.613352 -0.172850 0.984946 0.000000 -4.034971 0.000000 0.000000 1.000000 0.000000
0.984361 0.172854 0.000000 109.055374 -0.173037 0.984912 0.000000 -4.115841 0.000000 0.000000 1.000000 0.000000
0.984248 0.173880 0.000000 109.500838 -0.174050 0.984734 0.000000 -4.196828 0.000000 0.000000 1.000000 0.000000
0.984051 0.175366 0.000000 109.941555 -0.175520 0.984472 0.000000 -4.277972 0.000000 0.000000 1.000000 0.000000
0.983810 0.177124 0.000000 110.389212 -0.177265 0.984159 0.000000 -4.361806 0.000000 0.000000 1.000000 0.000000
0.983580 0.178712 0.000000 110.840727 -0.178893 0.983855 0.000000 -4.444846 0.000000 0.000000 1.000000 0.000000
0.983338 0.180711 0.000000 111.669697 -0.180913 0.983458 0.000000 -4.600022 0.000000 0.000000 1.000000 0.000000
0.983017 0.182665 0.000000 112.117774 -0.182835 0.983107 0.000000 -4.688186 0.000000 0.000000 1.000000 0.000000
0.982733 0.184307 0.000000 112.564343 -0.184461 0.982804 0.000000 -4.774800 0.000000 0.000000 1.000000 0.000000
0.982420 0.186168 0.000000 113.022694 -0.186313 0.982440 0.000000 -4.865827 0.000000 0.000000 1.000000 0.000000
0.982049 0.188250 0.000000 113.480035 -0.188401 0.982004 0.000000 -4.958213 0.000000 0.000000 1.000000 0.000000
0.981601 0.190646 0.000000 113.938829 -0.190801 0.981497 0.000000 -5.049558 0.000000 0.000000 1.000000 0.000000
0.981422 0.191680 0.000000 114.396338 -0.191804 0.981266 0.000000 -5.144616 0.000000 0.000000 1.000000 0.000000
0.981205 0.192845 0.000000 114.858689 -0.192942 0.981040 0.000000 -5.241398 0.000000 0.000000 1.000000 0.000000
0.981034 0.193708 0.000000 115.361296 -0.193810 0.980857 0.000000 -5.346347 0.000000 0.000000 1.000000 0.000000
0.980715 0.195305 0.000000 115.798657 -0.195413 0.980536 0.000000 -5.438919 0.000000 0.000000 1.000000 0.000000
0.980187 0.197914 0.000000 116.294580 -0.198033 0.980007 0.000000 -5.545322 0.000000 0.000000 1.000000 0.000000
0.979929 0.199152 0.000000 116.759194 -0.199294 0.979730 0.000000 -5.645740 0.000000 0.000000 1.000000 0.000000
0.979788 0.199855 0.000000 117.235002 -0.199997 0.979552 0.000000 -5.746190 0.000000 0.000000 1.000000 0.000000
0.979519 0.201207 0.000000 117.709394 -0.201335 0.979220 0.000000 -5.849318 0.000000 0.000000 1.000000 0.000000
0.979715 0.200280 0.000000 118.187641 -0.200391 0.979387 0.000000 -5.941308 0.000000 0.000000 1.000000 0.000000
0.979553 0.201092 0.000000 118.660283 -0.201186 0.979196 0.000000 -6.041772 0.000000 0.000000 1.000000 0.000000
0.979440 0.201634 0.000000 119.128636 -0.201732 0.979090 0.000000 -6.138288 0.000000 0.000000 1.000000 0.000000
0.979227 0.202655 0.000000 119.602864 -0.202760 0.978936 0.000000 -6.238881 0.000000 0.000000 1.000000 0.000000
0.978976 0.203827 0.000000 120.056143 -0.203951 0.978744 0.000000 -6.337824 0.000000 0.000000 1.000000 0.000000
0.978686 0.205162 0.000000 120.526304 -0.205301 0.978521 0.000000 -6.439733 0.000000 0.000000 1.000000 0.000000
0.978255 0.207159 0.000000 121.007474 -0.207315 0.978104 0.000000 -6.545636 0.000000 0.000000 1.000000 0.000000
0.977881 0.209020 0.000000 121.804916 -0.209147 0.977599 0.000000 -6.722538 0.000000 0.000000 1.000000 0.000000
0.977878 0.209101 0.000000 122.289629 -0.209174 0.977566 0.000000 -6.828228 0.000000 0.000000 1.000000 0.000000
0.977848 0.209250 0.000000 123.274822 -0.209314 0.977670 0.000000 -7.043990 0.000000 0.000000 1.000000 0.000000
0.977666 0.210067 0.000000 123.764335 -0.210144 0.977549 0.000000 -7.151978 0.000000 0.000000 1.000000 0.000000
0.977329 0.211513 0.000000 124.265891 -0.211636 0.977236 0.000000 -7.263828 0.000000 0.000000 1.000000 0.000000
0.976978 0.213000 0.000000 124.765462 -0.213186 0.976860 0.000000 -7.374793 0.000000 0.000000 1.000000 0.000000
0.976822 0.213668 0.000000 125.262001 -0.213885 0.976677 0.000000 -7.484459 0.000000 0.000000 1.000000 0.000000
0.976793 0.213817 0.000000 125.755025 -0.214011 0.976685 0.000000 -7.593217 0.000000 0.000000 1.000000 0.000000
0.976674 0.214300 0.000000 126.296776 -0.214490 0.976618 0.000000 -7.715474 0.000000 0.000000 1.000000 0.000000
0.976531 0.214909 0.000000 126.782156 -0.215083 0.976520 0.000000 -7.826745 0.000000 0.000000 1.000000 0.000000
0.975961 0.217474 0.000000 127.297150 -0.217643 0.975960 0.000000 -7.946413 0.000000 0.000000 1.000000 0.000000
0.975657 0.218939 0.000000 127.819381 -0.219092 0.975625 0.000000 -8.069991 0.000000 0.000000 1.000000 0.000000
0.975319 0.220541 0.000000 128.294074 -0.220674 0.975255 0.000000 -8.187034 0.000000 0.000000 1.000000 0.000000
0.975245 0.220929 0.000000 128.806496 -0.221048 0.975155 0.000000 -8.309022 0.000000 0.000000 1.000000 0.000000
0.975070 0.221718 0.000000 129.327957 -0.221834 0.974966 0.000000 -8.432317 0.000000 0.000000 1.000000 0.000000
0.975147 0.221410 0.000000 129.810758 -0.221513 0.975039 0.000000 -8.543016 0.000000 0.000000 1.000000 0.000000
0.975006 0.222049 0.000000 130.337012 -0.222143 0.974892 0.000000 -8.665716 0.000000 0.000000 1.000000 0.000000
0.974857 0.222696 0.000000 130.869897 -0.222795 0.974735 0.000000 -8.792095 0.000000 0.000000 1.000000 0.000000
0.974516 0.224184 0.000000 131.488152 -0.224285 0.974383 0.000000 -8.939833 0.000000 0.000000 1.000000 0.000000
0.974368 0.224819 0.000000 132.050546 -0.224925 0.974233 0.000000 -9.072317 0.000000 0.000000 1.000000 0.000000
0.974141 0.225797 0.000000 132.549686 -0.225902 0.974017 0.000000 -9.191099 0.000000 0.000000 1.000000 0.000000
0.973595 0.228132 0.000000 133.080584 -0.228237 0.973484 0.000000 -9.321560 0.000000 0.000000 1.000000 0.000000
0.972797 0.231515 0.000000 133.610528 -0.231615 0.972691 0.000000 -9.453352 0.000000 0.000000 1.000000 0.000000
0.971985 0.234919 0.000000 134.146154 -0.235006 0.971897 0.000000 -9.587805 0.000000 0.000000 1.000000 0.000000
0.968812 0.247788 0.000000 138.011612 -0.247796 0.968739 0.000000 -10.599004 0.000000 0.000000 1.000000 0.000000
0.968696 0.248248 0.000000 138.533996 -0.248246 0.968621 0.000000 -10.737265 0.000000 0.000000 1.000000 0.000000
0.968449 0.249212 0.000000 139.697198 -0.249210 0.968405 0.000000 -11.048900 0.000000 0.000000 1.000000 0.000000
0.968584 0.248686 0.000000 140.818748 -0.248684 0.968567 0.000000 -11.345930 0.000000 0.000000 1.000000 0.000000
0.968568 0.248749 0.000000 141.385366 -0.248747 0.968557 0.000000 -11.497020 0.000000 0.000000 1.000000 0.000000
0.968733 0.248106 0.000000 141.947660 -0.248101 0.968726 0.000000 -11.645011 0.000000 0.000000 1.000000 0.000000
0.968846 0.247657 0.000000 142.513697 -0.247654 0.968847 0.000000 -11.794477 0.000000 0.000000 1.000000 0.000000
0.969047 0.246872 0.000000 143.072145 -0.246873 0.969048 0.000000 -11.943943 0.000000 0.000000 1.000000 0.000000
0.969177 0.246364 0.000000 143.633233 -0.246366 0.969173 0.000000 -12.094361 0.000000 0.000000 1.000000 0.000000
0.969217 0.246208 0.000000 144.205952 -0.246209 0.969207 0.000000 -12.247205 0.000000 0.000000 1.000000 0.000000
0.969296 0.245897 0.000000 144.773431 -0.245897 0.969279 0.000000 -12.397704 0.000000 0.000000 1.000000 0.000000
0.969552 0.244886 0.000000 145.342060 -0.244885 0.969533 0.000000 -12.548288 0.000000 0.000000 1.000000 0.000000
0.969994 0.243124 0.000000 146.253110 -0.243128 0.969965 0.000000 -12.792235 0.000000 0.000000 1.000000 0.000000
0.970231 0.242182 0.000000 146.841102 -0.242176 0.970187 0.000000 -12.949444 0.000000 0.000000 1.000000 0.000000
0.970566 0.240835 0.000000 147.412355 -0.240828 0.970517 0.000000 -13.100162 0.000000 0.000000 1.000000 0.000000
0.970956 0.239257 0.000000 147.999341 -0.239254 0.970915 0.000000 -13.248793 0.000000 0.000000 1.000000 0.000000
0.971154 0.238443 0.000000 148.625896 -0.238454 0.971122 0.000000 -13.411612 0.000000 0.000000 1.000000 0.000000
0.971526 0.236895 0.000000 149.153183 -0.236919 0.971506 0.000000 -13.546737 0.000000 0.000000 1.000000 0.000000
0.971773 0.235877 0.000000 149.763948 -0.235901 0.971756 0.000000 -13.704082 0.000000 0.000000 1.000000 0.000000
0.972002 0.234952 0.000000 150.335780 -0.234968 0.971985 0.000000 -13.851321 0.000000 0.000000 1.000000 0.000000
0.972217 0.234073 0.000000 150.905063 -0.234080 0.972198 0.000000 -13.999352 0.000000 0.000000 1.000000 0.000000
0.972440 0.233149 0.000000 151.472485 -0.233153 0.972420 0.000000 -14.142155 0.000000 0.000000 1.000000 0.000000
0.972511 0.232839 0.000000 152.040327 -0.232853 0.972491 0.000000 -14.286668 0.000000 0.000000 1.000000 0.000000
0.972675 0.232120 0.000000 152.605779 -0.232149 0.972658 0.000000 -14.429268 0.000000 0.000000 1.000000 0.000000
0.972712 0.231906 0.000000 153.178888 -0.231954 0.972703 0.000000 -14.575005 0.000000 0.000000 1.000000 0.000000
0.972624 0.232197 0.000000 153.746687 -0.232272 0.972619 0.000000 -14.722577 0.000000 0.000000 1.000000 0.000000
0.972807 0.231363 0.000000 154.313367 -0.231451 0.972816 0.000000 -14.866324 0.000000 0.000000 1.000000 0.000000
0.972989 0.230592 0.000000 154.865609 -0.230676 0.973005 0.000000 -15.006643 0.000000 0.000000 1.000000 0.000000
0.973326 0.229137 0.000000 155.958883 -0.229192 0.973374 0.000000 -15.278842 0.000000 0.000000 1.000000 0.000000
0.973556 0.228161 0.000000 156.527578 -0.228198 0.973613 0.000000 -15.417387 0.000000 0.000000 1.000000 0.000000
0.973621 0.227887 0.000000 157.060244 -0.227911 0.973682 0.000000 -15.548711 0.000000 0.000000 1.000000 0.000000
0.973699 0.227597 0.000000 157.645064 -0.227618 0.973750 0.000000 -15.693103 0.000000 0.000000 1.000000 0.000000
0.973687 0.227717 0.000000 158.200697 -0.227733 0.973723 0.000000 -15.828600 0.000000 0.000000 1.000000 0.000000
0.973695 0.227817 0.000000 159.298734 -0.227816 0.973704 0.000000 -16.091252 0.000000 0.000000 1.000000 0.000000
0.973693 0.227820 0.000000 159.857545 -0.227825 0.973702 0.000000 -16.224659 0.000000 0.000000 1.000000 0.000000
0.973833 0.227216 0.000000 160.398259 -0.227219 0.973844 0.000000 -16.357120 0.000000 0.000000 1.000000 0.000000
0.973952 0.226717 0.000000 160.965666 -0.226713 0.973960 0.000000 -16.494136 0.000000 0.000000 1.000000 0.000000
0.974074 0.226180 0.000000 161.533837 -0.226170 0.974085 0.000000 -16.631163 0.000000 0.000000 1.000000 0.000000
0.974085 0.226130 0.000000 162.064428 -0.226128 0.974097 0.000000 -16.755025 0.000000 0.000000 1.000000 0.000000
0.974256 0.225406 0.000000 162.831416 -0.225399 0.974265 0.000000 -16.935150 0.000000 0.000000 1.000000 0.000000
0.974373 0.224902 0.000000 163.401011 -0.224899 0.974381 0.000000 -17.069772 0.000000 0.000000 1.000000 0.000000
0.974228 0.225530 0.000000 163.974794 -0.225528 0.974236 0.000000 -17.208807 0.000000 0.000000 1.000000 0.000000
0.974201 0.225648 0.000000 164.587376 -0.225645 0.974209 0.000000 -17.359261 0.000000 0.000000 1.000000 0.000000
0.974112 0.226037 0.000000 165.123385 -0.226037 0.974119 0.000000 -17.491169 0.000000 0.000000 1.000000 0.000000
0.974199 0.225642 0.000000 165.737232 -0.225653 0.974206 0.000000 -17.642060 0.000000 0.000000 1.000000 0.000000
0.974291 0.225238 0.000000 166.309641 -0.225253 0.974297 0.000000 -17.780715 0.000000 0.000000 1.000000 0.000000
0.974399 0.224777 0.000000 166.877074 -0.224791 0.974403 0.000000 -17.918959 0.000000 0.000000 1.000000 0.000000
0.974351 0.224995 0.000000 167.452484 -0.225008 0.974353 0.000000 -18.059897 0.000000 0.000000 1.000000 0.000000
0.974383 0.224858 0.000000 168.011451 -0.224869 0.974386 0.000000 -18.198051 0.000000 0.000000 1.000000 0.000000
0.974432 0.224647 0.000000 168.582368 -0.224654 0.974438 0.000000 -18.338322 0.000000 0.000000 1.000000 0.000000
0.974561 0.224107 0.000000 169.152210 -0.224110 0.974563 0.000000 -18.474330 0.000000 0.000000 1.000000 0.000000
0.974617 0.223871 0.000000 169.732717 -0.223873 0.974618 0.000000 -18.613685 0.000000 0.000000 1.000000 0.000000
0.974740 0.223343 0.000000 170.309774 -0.223343 0.974740 0.000000 -18.750029 0.000000 0.000000 1.000000 0.000000
0.974802 0.223070 0.000000 170.886907 -0.223070 0.974802 0.000000 -18.889920 0.000000 0.000000 1.000000 0.000000
0.974882 0.222723 0.000000 171.465172 -0.222722 0.974880 0.000000 -19.029077 0.000000 0.000000 1.000000 0.000000
0.974936 0.222484 0.000000 172.041301 -0.222480 0.974932 0.000000 -19.167979 0.000000 0.000000 1.000000 0.000000
0.974957 0.222388 0.000000 172.591074 -0.222380 0.974950 0.000000 -19.300081 0.000000 0.000000 1.000000 0.000000
0.975032 0.222062 0.000000 173.217852 -0.222053 0.975022 0.000000 -19.448018 0.000000 0.000000 1.000000 0.000000
0.975089 0.221814 0.000000 173.751279 -0.221809 0.975081 0.000000 -19.574248 0.000000 0.000000 1.000000 0.000000
0.975175 0.221437 0.000000 174.322607 -0.221434 0.975169 0.000000 -19.713336 0.000000 0.000000 1.000000 0.000000
0.974959 0.222384 0.000000 174.915757 -0.222383 0.974955 0.000000 -19.858997 0.000000 0.000000 1.000000 0.000000
0.974917 0.222568 0.000000 175.495842 -0.222568 0.974914 0.000000 -20.001608 0.000000 0.000000 1.000000 0.000000
0.974960 0.222380 0.000000 176.081064 -0.222379 0.974959 0.000000 -20.141789 0.000000 0.000000 1.000000 0.000000
0.975017 0.222130 0.000000 176.664195 -0.222130 0.975017 0.000000 -20.283762 0.000000 0.000000 1.000000 0.000000
0.975222 0.221230 0.000000 177.245043 -0.221230 0.975221 0.000000 -20.421279 0.000000 0.000000 1.000000 0.000000
0.975243 0.221135 0.000000 177.819372 -0.221136 0.975243 0.000000 -20.557682 0.000000 0.000000 1.000000 0.000000
0.975427 0.220322 0.000000 178.406022 -0.220322 0.975427 0.000000 -20.693246 0.000000 0.000000 1.000000 0.000000
0.975513 0.219944 0.000000 178.985922 -0.219944 0.975513 0.000000 -20.827263 0.000000 0.000000 1.000000 0.000000
0.975555 0.219756 0.000000 179.554547 -0.219756 0.975555 0.000000 -20.962534 0.000000 0.000000 1.000000 0.000000
0.975564 0.219710 0.000000 180.126880 -0.219711 0.975565 0.000000 -21.100127 0.000000 0.000000 1.000000 0.000000
0.975562 0.219697 0.000000 180.701277 -0.219704 0.975565 0.000000 -21.237183 0.000000 0.000000 1.000000 0.000000
0.975496 0.219972 0.000000 181.246257 -0.219982 0.975502 0.000000 -21.367395 0.000000 0.000000 1.000000 0.000000
0.975690 0.219106 0.000000 181.810874 -0.219117 0.975697 0.000000 -21.499122 0.000000 0.000000 1.000000 0.000000
0.975781 0.218717 0.000000 182.384347 -0.218726 0.975783 0.000000 -21.633905 0.000000 0.000000 1.000000 0.000000
0.975699 0.219102 0.000000 182.940894 -0.219110 0.975694 0.000000 -21.766161 0.000000 0.000000 1.000000 0.000000
0.975607 0.219523 0.000000 183.505585 -0.219525 0.975596 0.000000 -21.903918 0.000000 0.000000 1.000000 0.000000
0.975660 0.219290 0.000000 184.082034 -0.219284 0.975639 0.000000 -22.039893 0.000000 0.000000 1.000000 0.000000
0.975867 0.218367 0.000000 184.628282 -0.218355 0.975840 0.000000 -22.165574 0.000000 0.000000 1.000000 0.000000
0.975843 0.218471 0.000000 185.197321 -0.218459 0.975808 0.000000 -22.299799 0.000000 0.000000 1.000000 0.000000
0.975894 0.218243 0.000000 185.778282 -0.218238 0.975855 0.000000 -22.434912 0.000000 0.000000 1.000000 0.000000
0.975995 0.217788 0.000000 186.320035 -0.217790 0.975947 0.000000 -22.562273 0.000000 0.000000 1.000000 0.000000
0.975955 0.217970 0.000000 186.883523 -0.217959 0.975890 0.000000 -22.694870 0.000000 0.000000 1.000000 0.000000
0.975916 0.218127 0.000000 187.454810 -0.218074 0.975849 0.000000 -22.829564 0.000000 0.000000 1.000000 0.000000
0.976138 0.217076 0.000000 188.286960 -0.217002 0.976105 0.000000 -23.020594 0.000000 0.000000 1.000000 0.000000
0.976323 0.216254 0.000000 188.845867 -0.216204 0.976310 0.000000 -23.148431 0.000000 0.000000 1.000000 0.000000
0.976139 0.217143 0.000000 189.415677 -0.217134 0.976128 0.000000 -23.282939 0.000000 0.000000 1.000000 0.000000
0.975885 0.218258 0.000000 189.980702 -0.218265 0.975888 0.000000 -23.415967 0.000000 0.000000 1.000000 0.000000
0.975898 0.218152 0.000000 190.552336 -0.218155 0.975914 0.000000 -23.548961 0.000000 0.000000 1.000000 0.000000
0.976070 0.217426 0.000000 191.134456 -0.217423 0.976077 0.000000 -23.684569 0.000000 0.000000 1.000000 0.000000
0.976195 0.216893 0.000000 191.704942 -0.216894 0.976194 0.000000 -23.817615 0.000000 0.000000 1.000000 0.000000
0.976326 0.216255 0.000000 192.293207 -0.216262 0.976335 0.000000 -23.957157 0.000000 0.000000 1.000000 0.000000
0.976357 0.216087 0.000000 192.793421 -0.216084 0.976374 0.000000 -24.072612 0.000000 0.000000 1.000000 0.000000
0.976534 0.215309 0.000000 193.775663 -0.215283 0.976537 0.000000 -24.298346 0.000000 0.000000 1.000000 0.000000
0.976653 0.214775 0.000000 194.333767 -0.214739 0.976643 0.000000 -24.426882 0.000000 0.000000 1.000000 0.000000
0.976722 0.214450 0.000000 195.062510 -0.214389 0.976691 0.000000 -24.593365 0.000000 0.000000 1.000000 0.000000
0.976794 0.214074 0.000000 195.803676 -0.213967 0.976744 0.000000 -24.763647 0.000000 0.000000 1.000000 0.000000
0.976585 0.214998 0.000000 196.799584 -0.214865 0.976521 0.000000 -24.992526 0.000000 0.000000 1.000000 0.000000
0.976591 0.214995 0.000000 197.367131 -0.214855 0.976499 0.000000 -25.120913 0.000000 0.000000 1.000000 0.000000
0.976532 0.215315 0.000000 197.947147 -0.215194 0.976399 0.000000 -25.255283 0.000000 0.000000 1.000000 0.000000
0.976546 0.215276 0.000000 198.498169 -0.215169 0.976387 0.000000 -25.382034 0.000000 0.000000 1.000000 0.000000
0.976551 0.215271 0.000000 199.023314 -0.215188 0.976389 0.000000 -25.501456 0.000000 0.000000 1.000000 0.000000
0.976615 0.214986 0.000000 199.596519 -0.214911 0.976441 0.000000 -25.631414 0.000000 0.000000 1.000000 0.000000
0.976647 0.214847 0.000000 200.155405 -0.214789 0.976459 0.000000 -25.758295 0.000000 0.000000 1.000000 0.000000
0.976367 0.216118 0.000000 200.949065 -0.216098 0.976171 0.000000 -25.942022 0.000000 0.000000 1.000000 0.000000
0.976263 0.216572 0.000000 201.508010 -0.216585 0.976054 0.000000 -26.074116 0.000000 0.000000 1.000000 0.000000
0.976337 0.216223 0.000000 202.070295 -0.216252 0.976126 0.000000 -26.201552 0.000000 0.000000 1.000000 0.000000
0.976367 0.216094 0.000000 202.638750 -0.216117 0.976156 0.000000 -26.331531 0.000000 0.000000 1.000000 0.000000
0.976448 0.215731 0.000000 203.245186 -0.215749 0.976240 0.000000 -26.470463 0.000000 0.000000 1.000000 0.000000
0.976456 0.215700 0.000000 203.771484 -0.215710 0.976235 0.000000 -26.590241 0.000000 0.000000 1.000000 0.000000
0.976348 0.216194 0.000000 204.364330 -0.216190 0.976121 0.000000 -26.724470 0.000000 0.000000 1.000000 0.000000
0.976366 0.216117 0.000000 204.900944 -0.216102 0.976151 0.000000 -26.846537 0.000000 0.000000 1.000000 0.000000
0.976316 0.216348 0.000000 205.515299 -0.216321 0.976104 0.000000 -26.985571 0.000000 0.000000 1.000000 0.000000
0.976424 0.215861 0.000000 206.094161 -0.215829 0.976206 0.000000 -27.114479 0.000000 0.000000 1.000000 0.000000
0.976410 0.215922 0.000000 206.671986 -0.215889 0.976191 0.000000 -27.246002 0.000000 0.000000 1.000000 0.000000
0.976271 0.216552 0.000000 207.242570 -0.216507 0.976062 0.000000 -27.378446 0.000000 0.000000 1.000000 0.000000
0.976333 0.216270 0.000000 207.793360 -0.216196 0.976136 0.000000 -27.507113 0.000000 0.000000 1.000000 0.000000
0.976222 0.216762 0.000000 208.353647 -0.216674 0.976039 0.000000 -27.635603 0.000000 0.000000 1.000000 0.000000
0.976014 0.217690 0.000000 208.903855 -0.217595 0.975835 0.000000 -27.765129 0.000000 0.000000 1.000000 0.000000
0.975934 0.218054 0.000000 209.455610 -0.217968 0.975755 0.000000 -27.895495 0.000000 0.000000 1.000000 0.000000
0.976048 0.217552 0.000000 210.004107 -0.217488 0.975885 0.000000 -28.024130 0.000000 0.000000 1.000000 0.000000
0.976095 0.217341 0.000000 210.554527 -0.217288 0.975931 0.000000 -28.153406 0.000000 0.000000 1.000000 0.000000
0.976333 0.216270 0.000000 211.151612 -0.216214 0.976171 0.000000 -28.291747 0.000000 0.000000 1.000000 0.000000
0.976576 0.215167 0.000000 211.710114 -0.215108 0.976413 0.000000 -28.421040 0.000000 0.000000 1.000000 0.000000
0.976858 0.213888 0.000000 212.272724 -0.213836 0.976688 0.000000 -28.548306 0.000000 0.000000 1.000000 0.000000
0.977039 0.213063 0.000000 212.800363 -0.213027 0.976860 0.000000 -28.666963 0.000000 0.000000 1.000000 0.000000
0.977230 0.212178 0.000000 213.363565 -0.212161 0.977055 0.000000 -28.793916 0.000000 0.000000 1.000000 0.000000
0.977455 0.211134 0.000000 213.956097 -0.211139 0.977282 0.000000 -28.926241 0.000000 0.000000 1.000000 0.000000
0.977711 0.209928 0.000000 214.506973 -0.209953 0.977532 0.000000 -29.048792 0.000000 0.000000 1.000000 0.000000
0.977896 0.209052 0.000000 215.062935 -0.209090 0.977732 0.000000 -29.171698 0.000000 0.000000 1.000000 0.000000
0.977963 0.208737 0.000000 215.587996 -0.208776 0.977812 0.000000 -29.287299 0.000000 0.000000 1.000000 0.000000
0.978468 0.206355 0.000000 216.684590 -0.206399 0.978333 0.000000 -29.526152 0.000000 0.000000 1.000000 0.000000
0.978519 0.206124 0.000000 217.225268 -0.206156 0.978389 0.000000 -29.644283 0.000000 0.000000 1.000000 0.000000
0.978557 0.205958 0.000000 217.764672 -0.205976 0.978436 0.000000 -29.764052 0.000000 0.000000 1.000000 0.000000
0.978803 0.204795 0.000000 218.291244 -0.204798 0.978687 0.000000 -29.878720 0.000000 0.000000 1.000000 0.000000
0.978979 0.203956 0.000000 218.842531 -0.203956 0.978876 0.000000 -29.997604 0.000000 0.000000 1.000000 0.000000
0.979086 0.203443 0.000000 219.369152 -0.203444 0.978998 0.000000 -30.112107 0.000000 0.000000 1.000000 0.000000
0.979147 0.203147 0.000000 219.895143 -0.203152 0.979065 0.000000 -30.227771 0.000000 0.000000 1.000000 0.000000
0.979233 0.202729 0.000000 220.405420 -0.202737 0.979166 0.000000 -30.338887 0.000000 0.000000 1.000000 0.000000
0.979508 0.201399 0.000000 220.953985 -0.201407 0.979446 0.000000 -30.458103 0.000000 0.000000 1.000000 0.000000
0.979775 0.200090 0.000000 221.449097 -0.200104 0.979721 0.000000 -30.564933 0.000000 0.000000 1.000000 0.000000
0.979943 0.199250 0.000000 221.987043 -0.199273 0.979896 0.000000 -30.680366 0.000000 0.000000 1.000000 0.000000
0.980271 0.197618 0.000000 222.533948 -0.197647 0.980227 0.000000 -30.796042 0.000000 0.000000 1.000000 0.000000
0.980504 0.196452 0.000000 223.059706 -0.196484 0.980463 0.000000 -30.908517 0.000000 0.000000 1.000000 0.000000
0.980679 0.195574 0.000000 223.554574 -0.195610 0.980633 0.000000 -31.014097 0.000000 0.000000 1.000000 0.000000
0.980930 0.194301 0.000000 224.080723 -0.194342 0.980874 0.000000 -31.124434 0.000000 0.000000 1.000000 0.000000
0.981069 0.193585 0.000000 224.735013 -0.193638 0.980994 0.000000 -31.261869 0.000000 0.000000 1.000000 0.000000
0.981377 0.192000 0.000000 225.358120 -0.192065 0.981290 0.000000 -31.388976 0.000000 0.000000 1.000000 0.000000
0.981584 0.190955 0.000000 225.881921 -0.191011 0.981495 0.000000 -31.496825 0.000000 0.000000 1.000000 0.000000
0.981723 0.190272 0.000000 226.407501 -0.190309 0.981633 0.000000 -31.603598 0.000000 0.000000 1.000000 0.000000
0.981722 0.190304 0.000000 226.934055 -0.190318 0.981635 0.000000 -31.712480 0.000000 0.000000 1.000000 0.000000
0.981624 0.190825 0.000000 227.449894 -0.190819 0.981537 0.000000 -31.820665 0.000000 0.000000 1.000000 0.000000
0.981875 0.189528 0.000000 227.980820 -0.189509 0.981791 0.000000 -31.927241 0.000000 0.000000 1.000000 0.000000
0.982156 0.188066 0.000000 228.899175 -0.188041 0.982082 0.000000 -32.112562 0.000000 0.000000 1.000000 0.000000
0.982322 0.187193 0.000000 229.420926 -0.187167 0.982271 0.000000 -32.216525 0.000000 0.000000 1.000000 0.000000
0.982388 0.186846 0.000000 229.918699 -0.186831 0.982357 0.000000 -32.315054 0.000000 0.000000 1.000000 0.000000
0.982465 0.186447 0.000000 230.457870 -0.186435 0.982432 0.000000 -32.421562 0.000000 0.000000 1.000000 0.000000
0.982644 0.185503 0.000000 230.985853 -0.185489 0.982589 0.000000 -32.525827 0.000000 0.000000 1.000000 0.000000
0.982713 0.185132 0.000000 231.509930 -0.185129 0.982649 0.000000 -32.628702 0.000000 0.000000 1.000000 0.000000
0.982808 0.184623 0.000000 232.024214 -0.184629 0.982734 0.000000 -32.728185 0.000000 0.000000 1.000000 0.000000
0.982846 0.184416 0.000000 232.537142 -0.184426 0.982783 0.000000 -32.830591 0.000000 0.000000 1.000000 0.000000
0.983009 0.183520 0.000000 233.054235 -0.183552 0.982931 0.000000 -32.931215 0.000000 0.000000 1.000000 0.000000
0.983142 0.182779 0.000000 233.597185 -0.182827 0.983068 0.000000 -33.035730 0.000000 0.000000 1.000000 0.000000
0.983127 0.182814 0.000000 234.118065 -0.182880 0.983060 0.000000 -33.137255 0.000000 0.000000 1.000000 0.000000
0.983198 0.182402 0.000000 234.641779 -0.182474 0.983149 0.000000 -33.238528 0.000000 0.000000 1.000000 0.000000
0.983206 0.182396 0.000000 235.169835 -0.182445 0.983179 0.000000 -33.343583 0.000000 0.000000 1.000000 0.000000
0.983326 0.181780 0.000000 235.696952 -0.181814 0.983307 0.000000 -33.445683 0.000000 0.000000 1.000000 0.000000
0.983288 0.182008 0.000000 236.228599 -0.182040 0.983248 0.000000 -33.550223 0.000000 0.000000 1.000000 0.000000
0.983393 0.181464 0.000000 236.756689 -0.181489 0.983315 0.000000 -33.651811 0.000000 0.000000 1.000000 0.000000
0.983408 0.181390 0.000000 237.314784 -0.181405 0.983316 0.000000 -33.762278 0.000000 0.000000 1.000000 0.000000
0.983560 0.180533 0.000000 237.796282 -0.180578 0.983427 0.000000 -33.855590 0.000000 0.000000 1.000000 0.000000
0.983745 0.179481 0.000000 238.324428 -0.179549 0.983623 0.000000 -33.957285 0.000000 0.000000 1.000000 0.000000
0.983747 0.179467 0.000000 238.847449 -0.179538 0.983629 0.000000 -34.059337 0.000000 0.000000 1.000000 0.000000
0.983696 0.179743 0.000000 239.375829 -0.179818 0.983553 0.000000 -34.159253 0.000000 0.000000 1.000000 0.000000
0.983557 0.180484 0.000000 239.890310 -0.180578 0.983366 0.000000 -34.260288 0.000000 0.000000 1.000000 0.000000
0.983536 0.180614 0.000000 240.414015 -0.180704 0.983288 0.000000 -34.361151 0.000000 0.000000 1.000000 0.000000
0.983480 0.180923 0.000000 240.938537 -0.181009 0.983245 0.000000 -34.461861 0.000000 0.000000 1.000000 0.000000
0.983537 0.180615 0.000000 241.473273 -0.180694 0.983340 0.000000 -34.565325 0.000000 0.000000 1.000000 0.000000
0.983630 0.180127 0.000000 241.999687 -0.180190 0.983472 0.000000 -34.665174 0.000000 0.000000 1.000000 0.000000
0.983572 0.180485 0.000000 242.555841 -0.180517 0.983434 0.000000 -34.769214 0.000000 0.000000 1.000000 0.000000
0.983382 0.181536 0.000000 243.068434 -0.181549 0.983264 0.000000 -34.866277 0.000000 0.000000 1.000000 0.000000
0.983216 0.182434 0.000000 243.547541 -0.182445 0.983117 0.000000 -34.957675 0.000000 0.000000 1.000000 0.000000
0.982921 0.184019 0.000000 244.066440 -0.184028 0.982835 0.000000 -35.060935 0.000000 0.000000 1.000000 0.000000
0.982794 0.184701 0.000000 245.097107 -0.184700 0.982715 0.000000 -35.266107 0.000000 0.000000 1.000000 0.000000
0.982742 0.184978 0.000000 245.612801 -0.184978 0.982662 0.000000 -35.367744 0.000000 0.000000 1.000000 0.000000
0.982631 0.185566 0.000000 246.338576 -0.185567 0.982539 0.000000 -35.510543 0.000000 0.000000 1.000000 0.000000
0.982665 0.185382 0.000000 247.347439 -0.185389 0.982557 0.000000 -35.704857 0.000000 0.000000 1.000000 0.000000
0.982671 0.185346 0.000000 247.872663 -0.185358 0.982537 0.000000 -35.805197 0.000000 0.000000 1.000000 0.000000
0.982445 0.186540 0.000000 248.378345 -0.186552 0.982295 0.000000 -35.905903 0.000000 0.000000 1.000000 0.000000
0.982203 0.187813 0.000000 248.883971 -0.187820 0.982031 0.000000 -36.006501 0.000000 0.000000 1.000000 0.000000
0.981921 0.189281 0.000000 249.404089 -0.189281 0.981747 0.000000 -36.110635 0.000000 0.000000 1.000000 0.000000
0.981518 0.191358 0.000000 249.910417 -0.191364 0.981323 0.000000 -36.215968 0.000000 0.000000 1.000000 0.000000
0.981276 0.192595 0.000000 250.413774 -0.192600 0.981077 0.000000 -36.320245 0.000000 0.000000 1.000000 0.000000
0.981036 0.193821 0.000000 250.929070 -0.193813 0.980850 0.000000 -36.426094 0.000000 0.000000 1.000000 0.000000
0.980833 0.194846 0.000000 251.443363 -0.194838 0.980643 0.000000 -36.531091 0.000000 0.000000 1.000000 0.000000
0.980706 0.195481 0.000000 251.946080 -0.195478 0.980526 0.000000 -36.633499 0.000000 0.000000 1.000000 0.000000
0.980517 0.196417 0.000000 252.414959 -0.196429 0.980327 0.000000 -36.729185 0.000000 0.000000 1.000000 0.000000
0.980243 0.197762 0.000000 252.921544 -0.197795 0.980031 0.000000 -36.833694 0.000000 0.000000 1.000000 0.000000
0.979828 0.199797 0.000000 253.419242 -0.199841 0.979624 0.000000 -36.941369 0.000000 0.000000 1.000000 0.000000
0.979674 0.200498 0.000000 253.911556 -0.200591 0.979413 0.000000 -37.045120 0.000000 0.000000 1.000000 0.000000
0.979563 0.201042 0.000000 254.412691 -0.201132 0.979314 0.000000 -37.150155 0.000000 0.000000 1.000000 0.000000
0.979287 0.202410 0.000000 254.903478 -0.202478 0.979053 0.000000 -37.253885 0.000000 0.000000 1.000000 0.000000
0.979022 0.203689 0.000000 255.396366 -0.203756 0.978775 0.000000 -37.361337 0.000000 0.000000 1.000000 0.000000
0.978812 0.204666 0.000000 255.880518 -0.204752 0.978602 0.000000 -37.466356 0.000000 0.000000 1.000000 0.000000
0.978659 0.205352 0.000000 256.384004 -0.205472 0.978396 0.000000 -37.574016 0.000000 0.000000 1.000000 0.000000
0.978349 0.206758 0.000000 256.872225 -0.206917 0.978103 0.000000 -37.680340 0.000000 0.000000 1.000000 0.000000
0.978082 0.207900 0.000000 257.359034 -0.208113 0.977854 0.000000 -37.786994 0.000000 0.000000 1.000000 0.000000
0.977955 0.208464 0.000000 257.830724 -0.208696 0.977713 0.000000 -37.891409 0.000000 0.000000 1.000000 0.000000
0.977853 0.208993 0.000000 258.261607 -0.209193 0.977642 0.000000 -37.987396 0.000000 0.000000 1.000000 0.000000
0.977503 0.210685 0.000000 258.724336 -0.210852 0.977302 0.000000 -38.094051 0.000000 0.000000 1.000000 0.000000
0.977291 0.211675 0.000000 259.191539 -0.211834 0.977100 0.000000 -38.200555 0.000000 0.000000 1.000000 0.000000
0.977228 0.211946 0.000000 259.644733 -0.212112 0.977046 0.000000 -38.303131 0.000000 0.000000 1.000000 0.000000
0.977066 0.212645 0.000000 260.107389 -0.212835 0.976881 0.000000 -38.408996 0.000000 0.000000 1.000000 0.000000
0.976921 0.213265 0.000000 260.548644 -0.213475 0.976733 0.000000 -38.509864 0.000000 0.000000 1.000000 0.000000
0.976703 0.214233 0.000000 261.002580 -0.214451 0.976530 0.000000 -38.613979 0.000000 0.000000 1.000000 0.000000
0.976653 0.214384 0.000000 261.445147 -0.214636 0.976473 0.000000 -38.714983 0.000000 0.000000 1.000000 0.000000
0.976544 0.214812 0.000000 261.886748 -0.215100 0.976344 0.000000 -38.816771 0.000000 0.000000 1.000000 0.000000
0.976359 0.215545 0.000000 262.450243 -0.215882 0.976146 0.000000 -38.944673 0.000000 0.000000 1.000000 0.000000
0.976329 0.215624 0.000000 262.864422 -0.215998 0.976083 0.000000 -39.040911 0.000000 0.000000 1.000000 0.000000
0.976356 0.215466 0.000000 263.279388 -0.215865 0.976084 0.000000 -39.135631 0.000000 0.000000 1.000000 0.000000
0.976369 0.215281 0.000000 263.690673 -0.215749 0.976055 0.000000 -39.231877 0.000000 0.000000 1.000000 0.000000
0.976419 0.214991 0.000000 264.106325 -0.215492 0.976087 0.000000 -39.325545 0.000000 0.000000 1.000000 0.000000
0.976511 0.214657 0.000000 264.499345 -0.215112 0.976209 0.000000 -39.412931 0.000000 0.000000 1.000000 0.000000
0.976311 0.215650 0.000000 264.891966 -0.216069 0.976009 0.000000 -39.504666 0.000000 0.000000 1.000000 0.000000
0.976161 0.216378 0.000000 265.315503 -0.216766 0.975885 0.000000 -39.604388 0.000000 0.000000 1.000000 0.000000
0.976086 0.216711 0.000000 265.711784 -0.217083 0.975853 0.000000 -39.696126 0.000000 0.000000 1.000000 0.000000
0.976202 0.216270 0.000000 266.111625 -0.216610 0.975967 0.000000 -39.785850 0.000000 0.000000 1.000000 0.000000
0.976280 0.216096 0.000000 266.503126 -0.216340 0.976098 0.000000 -39.876244 0.000000 0.000000 1.000000 0.000000
0.976270 0.216269 0.000000 266.891284 -0.216435 0.976152 0.000000 -39.966056 0.000000 0.000000 1.000000 0.000000
0.976205 0.216552 0.000000 267.275626 -0.216715 0.976107 0.000000 -40.056223 0.000000 0.000000 1.000000 0.000000
0.976164 0.216724 0.000000 267.660173 -0.216881 0.976089 0.000000 -40.145730 0.000000 0.000000 1.000000 0.000000
0.976023 0.217368 0.000000 268.030095 -0.217523 0.975944 0.000000 -40.233151 0.000000 0.000000 1.000000 0.000000
0.975909 0.217859 0.000000 268.394989 -0.218028 0.975816 0.000000 -40.320325 0.000000 0.000000 1.000000 0.000000
0.976011 0.217317 0.000000 268.752334 -0.217530 0.975897 0.000000 -40.404305 0.000000 0.000000 1.000000 0.000000
0.976048 0.217027 0.000000 269.097614 -0.217265 0.975974 0.000000 -40.485952 0.000000 0.000000 1.000000 0.000000
0.976088 0.216766 0.000000 269.446792 -0.217017 0.976042 0.000000 -40.568579 0.000000 0.000000 1.000000 0.000000
0.976077 0.216829 0.000000 269.779099 -0.217088 0.976011 0.000000 -40.646166 0.000000 0.000000 1.000000 0.000000
0.975871 0.217754 0.000000 270.435519 -0.218025 0.975784 0.000000 -40.798760 0.000000 0.000000 1.000000 0.000000
0.975679 0.218608 0.000000 270.764250 -0.218903 0.975550 0.000000 -40.877679 0.000000 0.000000 1.000000 0.000000
0.975610 0.218961 0.000000 271.089527 -0.219256 0.975443 0.000000 -40.955936 0.000000 0.000000 1.000000 0.000000
0.975450 0.219703 0.000000 271.411577 -0.220005 0.975239 0.000000 -41.033962 0.000000 0.000000 1.000000 0.000000
0.975271 0.220482 0.000000 271.734172 -0.220815 0.974987 0.000000 -41.111976 0.000000 0.000000 1.000000 0.000000
0.975248 0.220597 0.000000 272.342988 -0.220946 0.974892 0.000000 -41.254896 0.000000 0.000000 1.000000 0.000000
0.975335 0.220244 0.000000 272.641496 -0.220572 0.974997 0.000000 -41.325050 0.000000 0.000000 1.000000 0.000000
0.975237 0.220718 0.000000 272.922953 -0.221024 0.974914 0.000000 -41.391915 0.000000 0.000000 1.000000 0.000000
0.975099 0.221395 0.000000 273.216322 -0.221661 0.974793 0.000000 -41.461743 0.000000 0.000000 1.000000 0.000000
0.975067 0.221600 0.000000 273.488276 -0.221826 0.974791 0.000000 -41.526028 0.000000 0.000000 1.000000 0.000000
0.974763 0.223088 0.000000 276.035652 -0.223217 0.974530 0.000000 -42.138772 0.000000 0.000000 1.000000 0.000000
0.974782 0.222998 0.000000 276.290595 -0.223131 0.974561 0.000000 -42.199193 0.000000 0.000000 1.000000 0.000000
0.974696 0.223397 0.000000 276.543271 -0.223510 0.974506 0.000000 -42.260810 0.000000 0.000000 1.000000 0.000000
0.974700 0.223429 0.000000 276.855785 -0.223507 0.974534 0.000000 -42.337240 0.000000 0.000000 1.000000 0.000000
0.974690 0.223502 0.000000 277.205839 -0.223556 0.974547 0.000000 -42.422442 0.000000 0.000000 1.000000 0.000000
0.974568 0.224050 0.000000 277.499744 -0.224091 0.974443 0.000000 -42.494333 0.000000 0.000000 1.000000 0.000000
0.974482 0.224437 0.000000 277.729870 -0.224467 0.974357 0.000000 -42.551004 0.000000 0.000000 1.000000 0.000000
0.974476 0.224469 0.000000 277.954505 -0.224489 0.974349 0.000000 -42.606292 0.000000 0.000000 1.000000 0.000000
0.974449 0.224600 0.000000 278.172557 -0.224608 0.974336 0.000000 -42.660084 0.000000 0.000000 1.000000 0.000000
0.974511 0.224336 0.000000 278.393831 -0.224329 0.974407 0.000000 -42.713971 0.000000 0.000000 1.000000 0.000000
0.974465 0.224539 0.000000 278.620471 -0.224518 0.974369 0.000000 -42.768479 0.000000 0.000000 1.000000 0.000000
0.974395 0.224841 0.000000 278.833464 -0.224814 0.974311 0.000000 -42.820661 0.000000 0.000000 1.000000 0.000000
0.974298 0.225262 0.000000 279.039067 -0.225236 0.974229 0.000000 -42.872046 0.000000 0.000000 1.000000 0.000000
0.974367 0.224962 0.000000 279.243328 -0.224937 0.974305 0.000000 -42.921932 0.000000 0.000000 1.000000 0.000000
0.974397 0.224832 0.000000 279.447917 -0.224810 0.974338 0.000000 -42.971784 0.000000 0.000000 1.000000 0.000000
0.974362 0.224987 0.000000 279.657008 -0.224967 0.974300 0.000000 -43.022849 0.000000 0.000000 1.000000 0.000000
0.974228 0.225563 0.000000 279.831094 -0.225541 0.974167 0.000000 -43.066153 0.000000 0.000000 1.000000 0.000000
0.974207 0.225654 0.000000 280.024134 -0.225629 0.974149 0.000000 -43.114780 0.000000 0.000000 1.000000 0.000000
0.974261 0.225417 0.000000 280.189977 -0.225385 0.974198 0.000000 -43.155668 0.000000 0.000000 1.000000 0.000000
0.974177 0.225776 0.000000 280.371630 -0.225736 0.974111 0.000000 -43.200364 0.000000 0.000000 1.000000 0.000000
0.974137 0.225947 0.000000 280.552268 -0.225905 0.974076 0.000000 -43.243663 0.000000 0.000000 1.000000 0.000000
0.974079 0.226200 0.000000 280.718456 -0.226163 0.974022 0.000000 -43.285335 0.000000 0.000000 1.000000 0.000000
0.974118 0.226036 0.000000 280.875646 -0.226002 0.974060 0.000000 -43.324991 0.000000 0.000000 1.000000 0.000000
0.974089 0.226160 0.000000 281.036634 -0.226132 0.974035 0.000000 -43.366093 0.000000 0.000000 1.000000 0.000000
0.974071 0.226240 0.000000 281.185583 -0.226215 0.974020 0.000000 -43.403469 0.000000 0.000000 1.000000 0.000000
0.974053 0.226314 0.000000 281.434046 -0.226290 0.974012 0.000000 -43.464685 0.000000 0.000000 1.000000 0.000000
0.974136 0.225955 0.000000 281.576881 -0.225932 0.974102 0.000000 -43.499628 0.000000 0.000000 1.000000 0.000000
0.974154 0.225881 0.000000 281.718017 -0.225860 0.974122 0.000000 -43.534225 0.000000 0.000000 1.000000 0.000000
0.974140 0.225943 0.000000 281.869737 -0.225927 0.974109 0.000000 -43.570968 0.000000 0.000000 1.000000 0.000000
0.974183 0.225760 0.000000 282.130899 -0.225757 0.974140 0.000000 -43.633630 0.000000 0.000000 1.000000 0.000000
0.974242 0.225502 0.000000 282.256218 -0.225503 0.974194 0.000000 -43.664010 0.000000 0.000000 1.000000 0.000000
0.974291 0.225289 0.000000 282.375056 -0.225290 0.974240 0.000000 -43.692701 0.000000 0.000000 1.000000 0.000000
0.974278 0.225348 0.000000 282.475027 -0.225349 0.974228 0.000000 -43.717540 0.000000 0.000000 1.000000 0.000000
0.974236 0.225527 0.000000 282.560027 -0.225531 0.974190 0.000000 -43.739373 0.000000 0.000000 1.000000 0.000000
0.974207 0.225641 0.000000 282.694670 -0.225654 0.974171 0.000000 -43.774219 0.000000 0.000000 1.000000 0.000000
0.974172 0.225792 0.000000 282.776539 -0.225806 0.974138 0.000000 -43.795218 0.000000 0.000000 1.000000 0.000000
0.974165 0.225821 0.000000 282.862903 -0.225835 0.974131 0.000000 -43.817021 0.000000 0.000000 1.000000 0.000000
0.974187 0.225726 0.000000 282.921596 -0.225741 0.974154 0.000000 -43.831887 0.000000 0.000000 1.000000 0.000000
0.974174 0.225783 0.000000 282.976286 -0.225798 0.974141 0.000000 -43.845966 0.000000 0.000000 1.000000 0.000000
0.974132 0.225967 0.000000 283.027966 -0.225979 0.974097 0.000000 -43.859700 0.000000 0.000000 1.000000 0.000000
0.974135 0.225955 0.000000 283.064590 -0.225965 0.974100 0.000000 -43.869092 0.000000 0.000000 1.000000 0.000000
0.974171 0.225804 0.000000 283.092314 -0.225813 0.974136 0.000000 -43.876000 0.000000 0.000000 1.000000 0.000000
0.974204 0.225661 0.000000 283.115370 -0.225670 0.974169 0.000000 -43.881644 0.000000 0.000000 1.000000 0.000000
0.974223 0.225577 0.000000 283.134369 -0.225586 0.974188 0.000000 -43.886530 0.000000 0.000000 1.000000 0.000000
0.974245 0.225481 0.000000 283.150186 -0.225491 0.974210 0.000000 -43.890747 0.000000 0.000000 1.000000 0.000000
0.974289 0.225296 0.000000 283.162492 -0.225302 0.974253 0.000000 -43.894194 0.000000 0.000000 1.000000 0.000000
0.974334 0.225105 0.000000 283.169967 -0.225102 0.974298 0.000000 -43.896462 0.000000 0.000000 1.000000 0.000000
0.974355 0.225013 0.000000 283.171736 -0.224994 0.974319 0.000000 -43.897461 0.000000 0.000000 1.000000 0.000000
0.974366 0.224954 0.000000 283.169991 -0.224923 0.974332 0.000000 -43.897554 0.000000 0.000000 1.000000 0.000000
0.974381 0.224884 0.000000 283.166983 -0.224849 0.974349 0.000000 -43.897346 0.000000 0.000000 1.000000 0.000000
0.974389 0.224857 0.000000 283.163756 -0.224826 0.974356 0.000000 -43.897115 0.000000 0.000000 1.000000 0.000000
0.974411 0.224763 0.000000 283.161022 -0.224736 0.974378 0.000000 -43.896901 0.000000 0.000000 1.000000 0.000000
0.974442 0.224629 0.000000 283.157579 -0.224599 0.974408 0.000000 -43.896784 0.000000 0.000000 1.000000 0.000000
0.974452 0.224581 0.000000 283.155777 -0.224550 0.974418 0.000000 -43.896768 0.000000 0.000000 1.000000 0.000000
0.974453 0.224581 0.000000 283.154469 -0.224553 0.974418 0.000000 -43.896906 0.000000 0.000000 1.000000 0.000000
0.974469 0.224514 0.000000 283.153600 -0.224486 0.974434 0.000000 -43.897088 0.000000 0.000000 1.000000 0.000000
0.974483 0.224450 0.000000 283.153006 -0.224421 0.974449 0.000000 -43.897401 0.000000 0.000000 1.000000 0.000000
0.974482 0.224453 0.000000 283.152520 -0.224423 0.974448 0.000000 -43.897658 0.000000 0.000000 1.000000 0.000000
0.974485 0.224446 0.000000 283.152253 -0.224418 0.974449 0.000000 -43.897936 0.000000 0.000000 1.000000 0.000000
0.974502 0.224371 0.000000 283.152097 -0.224343 0.974466 0.000000 -43.898295 0.000000 0.000000 1.000000 0.000000
0.974508 0.224342 0.000000 283.151884 -0.224313 0.974473 0.000000 -43.898545 0.000000 0.000000 1.000000 0.000000
0.974505 0.224354 0.000000 283.151782 -0.224324 0.974471 0.000000 -43.898875 0.000000 0.000000 1.000000 0.000000
0.974509 0.224339 0.000000 283.151737 -0.224310 0.974475 0.000000 -43.899312 0.000000 0.000000 1.000000 0.000000
0.974509 0.224335 0.000000 283.151688 -0.224307 0.974476 0.000000 -43.899614 0.000000 0.000000 1.000000 0.000000
0.974503 0.224363 0.000000 283.151640 -0.224334 0.974468 0.000000 -43.899915 0.000000 0.000000 1.000000 0.000000
0.974510 0.224330 0.000000 283.151592 -0.224300 0.974475 0.000000 -43.900216 0.000000 0.000000 1.000000 0.000000
0.974512 0.224321 0.000000 283.151487 -0.224290 0.974477 0.000000 -43.900410 0.000000 0.000000 1.000000 0.000000
0.974506 0.224351 0.000000 283.151439 -0.224320 0.974471 0.000000 -43.900711 0.000000 0.000000 1.000000 0.000000
0.974504 0.224358 0.000000 283.151445 -0.224328 0.974470 0.000000 -43.900984 0.000000 0.000000 1.000000 0.000000
0.974514 0.224312 0.000000 283.151340 -0.224281 0.974481 0.000000 -43.901177 0.000000 0.000000 1.000000 0.000000
0.974524 0.224271 0.000000 283.151292 -0.224240 0.974490 0.000000 -43.901478 0.000000 0.000000 1.000000 0.000000
0.974524 0.224272 0.000000 283.151241 -0.224240 0.974489 0.000000 -43.901643 0.000000 0.000000 1.000000 0.000000
0.974529 0.224246 0.000000 283.151193 -0.224215 0.974494 0.000000 -43.901944 0.000000 0.000000 1.000000 0.000000
0.974540 0.224198 0.000000 283.151145 -0.224166 0.974506 0.000000 -43.902246 0.000000 0.000000 1.000000 0.000000
0.974536 0.224217 0.000000 283.151040 -0.224185 0.974501 0.000000 -43.902439 0.000000 0.000000 1.000000 0.000000
0.974530 0.224241 0.000000 283.151046 -0.224208 0.974497 0.000000 -43.902712 0.000000 0.000000 1.000000 0.000000
0.974541 0.224193 0.000000 283.150995 -0.224161 0.974507 0.000000 -43.902877 0.000000 0.000000 1.000000 0.000000
0.974547 0.224167 0.000000 283.150944 -0.224135 0.974513 0.000000 -43.903042 0.000000 0.000000 1.000000 0.000000
0.974546 0.224175 0.000000 283.150893 -0.224142 0.974511 0.000000 -43.903207 0.000000 0.000000 1.000000 0.000000
0.974544 0.224180 0.000000 283.150898 -0.224147 0.974510 0.000000 -43.903479 0.000000 0.000000 1.000000 0.000000
0.974539 0.224204 0.000000 283.150847 -0.224170 0.974505 0.000000 -43.903644 0.000000 0.000000 1.000000 0.000000
0.974537 0.224212 0.000000 283.150796 -0.224179 0.974503 0.000000 -43.903809 0.000000 0.000000 1.000000 0.000000
0.974539 0.224200 0.000000 283.150694 -0.224167 0.974505 0.000000 -43.904139 0.000000 0.000000 1.000000 0.000000
0.974545 0.224177 0.000000 283.150643 -0.224144 0.974510 0.000000 -43.904304 0.000000 0.000000 1.000000 0.000000
0.974544 0.224178 0.000000 283.150592 -0.224143 0.974510 0.000000 -43.904469 0.000000 0.000000 1.000000 0.000000
0.974537 0.224212 0.000000 283.150547 -0.224177 0.974503 0.000000 -43.904906 0.000000 0.000000 1.000000 0.000000
0.974546 0.224171 0.000000 283.150550 -0.224136 0.974512 0.000000 -43.905043 0.000000 0.000000 1.000000 0.000000
0.974549 0.224160 0.000000 283.150442 -0.224126 0.974514 0.000000 -43.905100 0.000000 0.000000 1.000000 0.000000
0.974553 0.224138 0.000000 283.150445 -0.224104 0.974519 0.000000 -43.905236 0.000000 0.000000 1.000000 0.000000
0.974544 0.224179 0.000000 283.150397 -0.224145 0.974511 0.000000 -43.905537 0.000000 0.000000 1.000000 0.000000
0.974546 0.224168 0.000000 283.150346 -0.224133 0.974514 0.000000 -43.905702 0.000000 0.000000 1.000000 0.000000
0.974547 0.224162 0.000000 283.150349 -0.224127 0.974515 0.000000 -43.905839 0.000000 0.000000 1.000000 0.000000
0.974547 0.224163 0.000000 283.150295 -0.224127 0.974515 0.000000 -43.905867 0.000000 0.000000 1.000000 0.000000
0.974547 0.224163 0.000000 283.150244 -0.224127 0.974515 0.000000 -43.906032 0.000000 0.000000 1.000000 0.000000
0.974542 0.224187 0.000000 283.150247 -0.224151 0.974509 0.000000 -43.906169 0.000000 0.000000 1.000000 0.000000
0.974544 0.224176 0.000000 283.150250 -0.224140 0.974512 0.000000 -43.906305 0.000000 0.000000 1.000000 0.000000
0.974540 0.224193 0.000000 283.150196 -0.224157 0.974509 0.000000 -43.906333 0.000000 0.000000 1.000000 0.000000
0.974534 0.224218 0.000000 283.150145 -0.224182 0.974503 0.000000 -43.906498 0.000000 0.000000 1.000000 0.000000
0.974529 0.224240 0.000000 283.150148 -0.224203 0.974498 0.000000 -43.906635 0.000000 0.000000 1.000000 0.000000
0.974522 0.224273 0.000000 283.150094 -0.224236 0.974490 0.000000 -43.906663 0.000000 0.000000 1.000000 0.000000
0.974522 0.224269 0.000000 283.150097 -0.224232 0.974491 0.000000 -43.906800 0.000000 0.000000 1.000000 0.000000
0.974529 0.224241 0.000000 283.150046 -0.224203 0.974497 0.000000 -43.906964 0.000000 0.000000 1.000000 0.000000
0.974530 0.224233 0.000000 283.150049 -0.224196 0.974499 0.000000 -43.907101 0.000000 0.000000 1.000000 0.000000
0.974530 0.224233 0.000000 283.149995 -0.224196 0.974499 0.000000 -43.907129 0.000000 0.000000 1.000000 0.000000
0.974532 0.224225 0.000000 283.149997 -0.224187 0.974501 0.000000 -43.907266 0.000000 0.000000 1.000000 0.000000
0.974529 0.224240 0.000000 283.149943 -0.224202 0.974498 0.000000 -43.907294 0.000000 0.000000 1.000000 0.000000
0.974527 0.224247 0.000000 283.149946 -0.224209 0.974496 0.000000 -43.907431 0.000000 0.000000 1.000000 0.000000
0.974535 0.224212 0.000000 283.149949 -0.224174 0.974503 0.000000 -43.907567 0.000000 0.000000 1.000000 0.000000
0.974534 0.224217 0.000000 283.149841 -0.224178 0.974502 0.000000 -43.907624 0.000000 0.000000 1.000000 0.000000
0.974544 0.224172 0.000000 283.149844 -0.224133 0.974513 0.000000 -43.907760 0.000000 0.000000 1.000000 0.000000
0.974550 0.224147 0.000000 283.149847 -0.224108 0.974519 0.000000 -43.907897 0.000000 0.000000 1.000000 0.000000
0.974554 0.224130 0.000000 283.149847 -0.224091 0.974523 0.000000 -43.907897 0.000000 0.000000 1.000000 0.000000
0.974549 0.224152 0.000000 283.149850 -0.224113 0.974517 0.000000 -43.908033 0.000000 0.000000 1.000000 0.000000
0.974545 0.224167 0.000000 283.149796 -0.224128 0.974514 0.000000 -43.908062 0.000000 0.000000 1.000000 0.000000
0.974543 0.224177 0.000000 283.149799 -0.224138 0.974511 0.000000 -43.908198 0.000000 0.000000 1.000000 0.000000
0.974545 0.224170 0.000000 283.149745 -0.224131 0.974513 0.000000 -43.908227 0.000000 0.000000 1.000000 0.000000
0.974542 0.224181 0.000000 283.149745 -0.224142 0.974511 0.000000 -43.908227 0.000000 0.000000 1.000000 0.000000
0.974549 0.224151 0.000000 283.149748 -0.224112 0.974517 0.000000 -43.908363 0.000000 0.000000 1.000000 0.000000
0.974550 0.224148 0.000000 283.149694 -0.224109 0.974518 0.000000 -43.908391 0.000000 0.000000 1.000000 0.000000
0.974555 0.224127 0.000000 283.149751 -0.224088 0.974523 0.000000 -43.908499 0.000000 0.000000 1.000000 0.000000
0.974556 0.224121 0.000000 283.149697 -0.224082 0.974524 0.000000 -43.908528 0.000000 0.000000 1.000000 0.000000
0.974551 0.224140 0.000000 283.149643 -0.224101 0.974520 0.000000 -43.908556 0.000000 0.000000 1.000000 0.000000
0.974542 0.224180 0.000000 283.149700 -0.224140 0.974510 0.000000 -43.908664 0.000000 0.000000 1.000000 0.000000
0.974537 0.224200 0.000000 283.149646 -0.224161 0.974506 0.000000 -43.908693 0.000000 0.000000 1.000000 0.000000
0.974545 0.224167 0.000000 283.149646 -0.224127 0.974513 0.000000 -43.908693 0.000000 0.000000 1.000000 0.000000
0.974548 0.224154 0.000000 283.149649 -0.224114 0.974517 0.000000 -43.908829 0.000000 0.000000 1.000000 0.000000
0.974546 0.224164 0.000000 283.149595 -0.224124 0.974514 0.000000 -43.908858 0.000000 0.000000 1.000000 0.000000
0.974540 0.224191 0.000000 283.149595 -0.224151 0.974508 0.000000 -43.908858 0.000000 0.000000 1.000000 0.000000
0.974538 0.224196 0.000000 283.149598 -0.224156 0.974507 0.000000 -43.908994 0.000000 0.000000 1.000000 0.000000
0.974540 0.224188 0.000000 283.149598 -0.224148 0.974508 0.000000 -43.908994 0.000000 0.000000 1.000000 0.000000
0.974540 0.224190 0.000000 283.149544 -0.224151 0.974508 0.000000 -43.909023 0.000000 0.000000 1.000000 0.000000
0.974538 0.224196 0.000000 283.149544 -0.224156 0.974506 0.000000 -43.909023 0.000000 0.000000 1.000000 0.000000
0.974538 0.224195 0.000000 283.149547 -0.224155 0.974507 0.000000 -43.909159 0.000000 0.000000 1.000000 0.000000
0.974541 0.224184 0.000000 283.149547 -0.224144 0.974509 0.000000 -43.909159 0.000000 0.000000 1.000000 0.000000
0.974543 0.224177 0.000000 283.149493 -0.224137 0.974511 0.000000 -43.909187 0.000000 0.000000 1.000000 0.000000
0.974542 0.224183 0.000000 283.149496 -0.224143 0.974509 0.000000 -43.909324 0.000000 0.000000 1.000000 0.000000
0.974545 0.224168 0.000000 283.149496 -0.224128 0.974513 0.000000 -43.909324 0.000000 0.000000 1.000000 0.000000
0.974557 0.224115 0.000000 283.149496 -0.224075 0.974525 0.000000 -43.909324 0.000000 0.000000 1.000000 0.000000
0.974563 0.224088 0.000000 283.149499 -0.224048 0.974531 0.000000 -43.909460 0.000000 0.000000 1.000000 0.000000
0.974557 0.224115 0.000000 283.149445 -0.224075 0.974525 0.000000 -43.909489 0.000000 0.000000 1.000000 0.000000
0.974557 0.224115 0.000000 283.149445 -0.224076 0.974526 0.000000 -43.909489 0.000000 0.000000 1.000000 0.000000
0.974558 0.224113 0.000000 283.149445 -0.224073 0.974526 0.000000 -43.909489 0.000000 0.000000 1.000000 0.000000
0.974558 0.224110 0.000000 283.149448 -0.224069 0.974526 0.000000 -43.909625 0.000000 0.000000 1.000000 0.000000
0.974565 0.224078 0.000000 283.149448 -0.224037 0.974533 0.000000 -43.909625 0.000000 0.000000 1.000000 0.000000
0.974567 0.224069 0.000000 283.149394 -0.224028 0.974535 0.000000 -43.909654 0.000000 0.000000 1.000000 0.000000
0.974562 0.224090 0.000000 283.149394 -0.224048 0.974530 0.000000 -43.909654 0.000000 0.000000 1.000000 0.000000
0.974564 0.224082 0.000000 283.149451 -0.224041 0.974531 0.000000 -43.909762 0.000000 0.000000 1.000000 0.000000
0.974570 0.224056 0.000000 283.149397 -0.224015 0.974538 0.000000 -43.909790 0.000000 0.000000 1.000000 0.000000
0.974566 0.224075 0.000000 283.149397 -0.224033 0.974533 0.000000 -43.909790 0.000000 0.000000 1.000000 0.000000
0.974569 0.224062 0.000000 283.149397 -0.224019 0.974537 0.000000 -43.909790 0.000000 0.000000 1.000000 0.000000
0.974569 0.224058 0.000000 283.149343 -0.224015 0.974538 0.000000 -43.909818 0.000000 0.000000 1.000000 0.000000
0.974567 0.224069 0.000000 283.149400 -0.224026 0.974535 0.000000 -43.909926 0.000000 0.000000 1.000000 0.000000
0.974565 0.224077 0.000000 283.149400 -0.224035 0.974533 0.000000 -43.909926 0.000000 0.000000 1.000000 0.000000
0.974562 0.224091 0.000000 283.149400 -0.224048 0.974530 0.000000 -43.909926 0.000000 0.000000 1.000000 0.000000
0.974562 0.224088 0.000000 283.149346 -0.224046 0.974530 0.000000 -43.909955 0.000000 0.000000 1.000000 0.000000
0.974559 0.224103 0.000000 283.149346 -0.224060 0.974528 0.000000 -43.909955 0.000000 0.000000 1.000000 0.000000
0.974554 0.224127 0.000000 283.149346 -0.224085 0.974523 0.000000 -43.909955 0.000000 0.000000 1.000000 0.000000
0.974551 0.224137 0.000000 283.149349 -0.224094 0.974520 0.000000 -43.910091 0.000000 0.000000 1.000000 0.000000
0.974547 0.224152 0.000000 283.149349 -0.224109 0.974516 0.000000 -43.910091 0.000000 0.000000 1.000000 0.000000
0.974550 0.224142 0.000000 283.149349 -0.224099 0.974518 0.000000 -43.910091 0.000000 0.000000 1.000000 0.000000
0.974555 0.224120 0.000000 283.149349 -0.224077 0.974523 0.000000 -43.910091 0.000000 0.000000 1.000000 0.000000
0.974558 0.224105 0.000000 283.149295 -0.224062 0.974528 0.000000 -43.910120 0.000000 0.000000 1.000000 0.000000
0.974563 0.224086 0.000000 283.149295 -0.224043 0.974532 0.000000 -43.910120 0.000000 0.000000 1.000000 0.000000
0.974563 0.224081 0.000000 283.149295 -0.224038 0.974533 0.000000 -43.910120 0.000000 0.000000 1.000000 0.000000
0.974565 0.224075 0.000000 283.149298 -0.224031 0.974534 0.000000 -43.910256 0.000000 0.000000 1.000000 0.000000
0.974573 0.224038 0.000000 283.149298 -0.223994 0.974542 0.000000 -43.910256 0.000000 0.000000 1.000000 0.000000
0.974578 0.224016 0.000000 283.149298 -0.223973 0.974548 0.000000 -43.910256 0.000000 0.000000 1.000000 0.000000
0.974575 0.224032 0.000000 283.149298 -0.223988 0.974544 0.000000 -43.910256 0.000000 0.000000 1.000000 0.000000
0.974565 0.224073 0.000000 283.149298 -0.224029 0.974535 0.000000 -43.910256 0.000000 0.000000 1.000000 0.000000
0.974554 0.224123 0.000000 283.149244 -0.224079 0.974523 0.000000 -43.910285 0.000000 0.000000 1.000000 0.000000
0.974552 0.224128 0.000000 283.149244 -0.224083 0.974522 0.000000 -43.910285 0.000000 0.000000 1.000000 0.000000
0.974563 0.224084 0.000000 283.149244 -0.224039 0.974532 0.000000 -43.910285 0.000000 0.000000 1.000000 0.000000
0.974561 0.224091 0.000000 283.149301 -0.224046 0.974530 0.000000 -43.910393 0.000000 0.000000 1.000000 0.000000
0.974562 0.224085 0.000000 283.149301 -0.224041 0.974531 0.000000 -43.910393 0.000000 0.000000 1.000000 0.000000
0.974562 0.224085 0.000000 283.149301 -0.224041 0.974531 0.000000 -43.910393 0.000000 0.000000 1.000000 0.000000
0.974566 0.224070 0.000000 283.149247 -0.224024 0.974535 0.000000 -43.910421 0.000000 0.000000 1.000000 0.000000
0.974566 0.224066 0.000000 283.149247 -0.224021 0.974535 0.000000 -43.910421 0.000000 0.000000 1.000000 0.000000
0.974565 0.224072 0.000000 283.149247 -0.224026 0.974534 0.000000 -43.910421 0.000000 0.000000 1.000000 0.000000
0.974566 0.224066 0.000000 283.149247 -0.224021 0.974535 0.000000 -43.910421 0.000000 0.000000 1.000000 0.000000
0.974567 0.224061 0.000000 283.149247 -0.224016 0.974537 0.000000 -43.910421 0.000000 0.000000 1.000000 0.000000
0.974555 0.224114 0.000000 283.149247 -0.224068 0.974524 0.000000 -43.910421 0.000000 0.000000 1.000000 0.000000
0.974555 0.224115 0.000000 283.149247 -0.224070 0.974524 0.000000 -43.910421 0.000000 0.000000 1.000000 0.000000
0.974560 0.224093 0.000000 283.149193 -0.224048 0.974529 0.000000 -43.910449 0.000000 0.000000 1.000000 0.000000
0.974566 0.224067 0.000000 283.149250 -0.224020 0.974534 0.000000 -43.910557 0.000000 0.000000 1.000000 0.000000
0.974560 0.224091 0.000000 283.149250 -0.224044 0.974529 0.000000 -43.910557 0.000000 0.000000 1.000000 0.000000
0.974563 0.224079 0.000000 283.149250 -0.224032 0.974532 0.000000 -43.910557 0.000000 0.000000 1.000000 0.000000
0.974564 0.224076 0.000000 283.149250 -0.224028 0.974532 0.000000 -43.910557 0.000000 0.000000 1.000000 0.000000
0.974567 0.224061 0.000000 283.149250 -0.224013 0.974535 0.000000 -43.910557 0.000000 0.000000 1.000000 0.000000
0.974571 0.224046 0.000000 283.149196 -0.223997 0.974538 0.000000 -43.910586 0.000000 0.000000 1.000000 0.000000
0.974571 0.224042 0.000000 283.149196 -0.223993 0.974539 0.000000 -43.910586 0.000000 0.000000 1.000000 0.000000
0.974567 0.224061 0.000000 283.149196 -0.224012 0.974534 0.000000 -43.910586 0.000000 0.000000 1.000000 0.000000
0.974569 0.224052 0.000000 283.149196 -0.224002 0.974536 0.000000 -43.910586 0.000000 0.000000 1.000000 0.000000
0.974568 0.224055 0.000000 283.149196 -0.224005 0.974536 0.000000 -43.910586 0.000000 0.000000 1.000000 0.000000
0.974563 0.224076 0.000000 283.149196 -0.224026 0.974531 0.000000 -43.910586 0.000000 0.000000 1.000000 0.000000
0.974563 0.224076 0.000000 283.149196 -0.224027 0.974531 0.000000 -43.910586 0.000000 0.000000 1.000000 0.000000
0.974573 0.224034 0.000000 283.149196 -0.223984 0.974540 0.000000 -43.910586 0.000000 0.000000 1.000000 0.000000
0.974576 0.224019 0.000000 283.149196 -0.223970 0.974544 0.000000 -43.910586 0.000000 0.000000 1.000000 0.000000
0.974570 0.224047 0.000000 283.149196 -0.223998 0.974537 0.000000 -43.910586 0.000000 0.000000 1.000000 0.000000
0.974562 0.224082 0.000000 283.149199 -0.224032 0.974529 0.000000 -43.910722 0.000000 0.000000 1.000000 0.000000
0.974561 0.224086 0.000000 283.149199 -0.224037 0.974528 0.000000 -43.910722 0.000000 0.000000 1.000000 0.000000
0.974561 0.224084 0.000000 283.149199 -0.224035 0.974528 0.000000 -43.910722 0.000000 0.000000 1.000000 0.000000
0.974566 0.224065 0.000000 283.149199 -0.224015 0.974533 0.000000 -43.910722 0.000000 0.000000 1.000000 0.000000
0.974565 0.224068 0.000000 283.149199 -0.224018 0.974532 0.000000 -43.910722 0.000000 0.000000 1.000000 0.000000
0.974567 0.224060 0.000000 283.149199 -0.224010 0.974534 0.000000 -43.910722 0.000000 0.000000 1.000000 0.000000
0.974554 0.224116 0.000000 283.149199 -0.224067 0.974522 0.000000 -43.910722 0.000000 0.000000 1.000000 0.000000
0.974546 0.224148 0.000000 283.149199 -0.224099 0.974514 0.000000 -43.910722 0.000000 0.000000 1.000000 0.000000
0.974543 0.224163 0.000000 283.149199 -0.224113 0.974510 0.000000 -43.910722 0.000000 0.000000 1.000000 0.000000
0.974546 0.224151 0.000000 283.149199 -0.224101 0.974514 0.000000 -43.910722 0.000000 0.000000 1.000000 0.000000
0.974549 0.224138 0.000000 283.149199 -0.224088 0.974516 0.000000 -43.910722 0.000000 0.000000 1.000000 0.000000
0.974553 0.224121 0.000000 283.149199 -0.224072 0.974521 0.000000 -43.910722 0.000000 0.000000 1.000000 0.000000
0.974547 0.224147 0.000000 283.149145 -0.224098 0.974515 0.000000 -43.910751 0.000000 0.000000 1.000000 0.000000
0.974547 0.224143 0.000000 283.149145 -0.224093 0.974516 0.000000 -43.910751 0.000000 0.000000 1.000000 0.000000
0.974558 0.224096 0.000000 283.149145 -0.224045 0.974527 0.000000 -43.910751 0.000000 0.000000 1.000000 0.000000
0.974561 0.224085 0.000000 283.149145 -0.224035 0.974529 0.000000 -43.910751 0.000000 0.000000 1.000000 0.000000
0.974565 0.224067 0.000000 283.149145 -0.224017 0.974533 0.000000 -43.910751 0.000000 0.000000 1.000000 0.000000
0.974568 0.224055 0.000000 283.149145 -0.224005 0.974535 0.000000 -43.910751 0.000000 0.000000 1.000000 0.000000
0.974569 0.224048 0.000000 283.149145 -0.223998 0.974537 0.000000 -43.910751 0.000000 0.000000 1.000000 0.000000
0.974561 0.224086 0.000000 283.149145 -0.224036 0.974528 0.000000 -43.910751 0.000000 0.000000 1.000000 0.000000
0.974557 0.224100 0.000000 283.149145 -0.224050 0.974525 0.000000 -43.910751 0.000000 0.000000 1.000000 0.000000
0.974563 0.224076 0.000000 283.149145 -0.224026 0.974530 0.000000 -43.910751 0.000000 0.000000 1.000000 0.000000
0.974562 0.224080 0.000000 283.149202 -0.224029 0.974530 0.000000 -43.910859 0.000000 0.000000 1.000000 0.000000
0.974560 0.224090 0.000000 283.149202 -0.224040 0.974527 0.000000 -43.910859 0.000000 0.000000 1.000000 0.000000
0.974558 0.224098 0.000000 283.149202 -0.224048 0.974526 0.000000 -43.910859 0.000000 0.000000 1.000000 0.000000
0.974561 0.224086 0.000000 283.149202 -0.224035 0.974528 0.000000 -43.910859 0.000000 0.000000 1.000000 0.000000
0.974558 0.224099 0.000000 283.149202 -0.224049 0.974525 0.000000 -43.910859 0.000000 0.000000 1.000000 0.000000
0.974559 0.224093 0.000000 283.149202 -0.224042 0.974527 0.000000 -43.910859 0.000000 0.000000 1.000000 0.000000
0.974557 0.224101 0.000000 283.149148 -0.224051 0.974524 0.000000 -43.910887 0.000000 0.000000 1.000000 0.000000
0.974559 0.224093 0.000000 283.149148 -0.224043 0.974527 0.000000 -43.910887 0.000000 0.000000 1.000000 0.000000
0.974556 0.224107 0.000000 283.149148 -0.224056 0.974523 0.000000 -43.910887 0.000000 0.000000 1.000000 0.000000
0.974549 0.224139 0.000000 283.149148 -0.224089 0.974516 0.000000 -43.910887 0.000000 0.000000 1.000000 0.000000
0.974550 0.224135 0.000000 283.149148 -0.224085 0.974517 0.000000 -43.910887 0.000000 0.000000 1.000000 0.000000
0.974557 0.224105 0.000000 283.149148 -0.224055 0.974524 0.000000 -43.910887 0.000000 0.000000 1.000000 0.000000
0.974558 0.224100 0.000000 283.149148 -0.224051 0.974525 0.000000 -43.910887 0.000000 0.000000 1.000000 0.000000
0.974549 0.224136 0.000000 283.149148 -0.224087 0.974518 0.000000 -43.910887 0.000000 0.000000 1.000000 0.000000
0.974540 0.224179 0.000000 283.149148 -0.224130 0.974508 0.000000 -43.910887 0.000000 0.000000 1.000000 0.000000
0.974540 0.224175 0.000000 283.149148 -0.224126 0.974509 0.000000 -43.910887 0.000000 0.000000 1.000000 0.000000
0.974546 0.224150 0.000000 283.149148 -0.224101 0.974515 0.000000 -43.910887 0.000000 0.000000 1.000000 0.000000
0.974551 0.224129 0.000000 283.149148 -0.224080 0.974520 0.000000 -43.910887 0.000000 0.000000 1.000000 0.000000
0.974549 0.224137 0.000000 283.149148 -0.224089 0.974518 0.000000 -43.910887 0.000000 0.000000 1.000000 0.000000
