1.000000 -0.000855 0.000000 0.630534 0.000855 1.000000 0.000000 0.011413 0.000000 0.000000 1.000000 0.000000
1.000000 0.000524 0.000000 1.256581 -0.000524 1.000000 0.000000 -0.078185 0.000000 0.000000 1.000000 0.000000
0.999996 -0.002711 0.000000 1.957264 0.002711 0.999996 0.000000 -0.023476 0.000000 0.000000 1.000000 0.000000
0.999999 -0.001344 0.000000 2.501875 0.001344 0.999999 0.000000 0.002646 0.000000 0.000000 1.000000 0.000000
1.000000 0.000539 0.000000 3.248638 -0.000539 1.000000 0.000000 -0.036793 0.000000 0.000000 1.000000 0.000000
0.999999 -0.001655 0.000000 3.928932 0.001655 0.999999 0.000000 -0.003676 0.000000 0.000000 1.000000 0.000000
0.999996 -0.002687 0.000000 4.479255 0.002687 0.999996 0.000000 -0.075869 0.000000 0.000000 1.000000 0.000000
1.000000 -0.000816 0.000000 5.366228 0.000816 1.000000 0.000000 -0.025665 0.000000 0.000000 1.000000 0.000000
0.999999 -0.001150 0.000000 6.013438 0.001150 0.999999 0.000000 -0.064088 0.000000 0.000000 1.000000 0.000000
0.999999 -0.001722 0.000000 6.539300 0.001722 0.999999 0.000000 -0.018687 0.000000 0.000000 1.000000 0.000000
0.999998 -0.001952 0.000000 7.125765 0.001952 0.999998 0.000000 -0.054923 0.000000 0.000000 1.000000 0.000000
0.999997 -0.002246 0.000000 8.394530 0.002246 0.999997 0.000000 -0.014681 0.000000 0.000000 1.000000 0.000000
0.999998 -0.002032 0.000000 9.015467 0.002032 0.999998 0.000000 -0.026895 0.000000 0.000000 1.000000 0.000000
0.999998 -0.001811 0.000000 9.666214 0.001811 0.999998 0.000000 -0.027957 0.000000 0.000000 1.000000 0.000000
0.999999 -0.001185 0.000000 10.387385 0.001185 0.999999 0.000000 -0.006834 0.000000 0.000000 1.000000 0.000000
0.999999 -0.001368 0.000000 10.961448 0.001368 0.999999 0.000000 -0.079578 0.000000 0.000000 1.000000 0.000000
0.999999 -0.001536 0.000000 11.593651 0.001536 0.999999 0.000000 -0.070568 0.000000 0.000000 1.000000 0.000000
0.999999 -0.001147 0.000000 12.301654 0.001147 0.999999 0.000000 -0.045917 0.000000 0.000000 1.000000 0.000000
1.000000 -0.000422 0.000000 12.911213 0.000422 1.000000 0.000000 0.012057 0.000000 0.000000 1.000000 0.000000
1.000000 -0.000600 0.000000 13.602747 0.000600 1.000000 0.000000 -0.073748 0.000000 0.000000 1.000000 0.000000
1.000000 -0.000836 0.000000 14.266580 0.000836 1.000000 0.000000 -0.040031 0.000000 0.000000 1.000000 0.000000
0.999998 0.002042 0.000000 14.844664 -0.002042 0.999998 0.000000 -0.023147 0.000000 0.000000 1.000000 0.000000
0.999999 -0.001105 0.000000 15.565631 0.001105 0.999999 0.000000 0.000838 0.000000 0.000000 1.000000 0.000000
1.000000 0.000514 0.000000 16.194363 -0.000514 1.000000 0.000000 0.012154 0.000000 0.000000 1.000000 0.000000
0.999994 0.003348 0.000000 16.781621 -0.003348 0.999994 0.000000 0.007916 0.000000 0.000000 1.000000 0.000000
0.999989 0.004683 0.000000 17.366512 -0.004683 0.999989 0.000000 -0.019569 0.000000 0.000000 1.000000 0.000000
0.999995 0.003019 0.000000 18.011926 -0.003019 0.999995 0.000000 -0.032050 0.000000 0.000000 1.000000 0.000000
0.999996 0.002821 0.000000 18.687190 -0.002821 0.999996 0.000000 -0.029948 0.000000 0.000000 1.000000 0.000000
0.999995 0.003284 0.000000 19.367027 -0.003284 0.999995 0.000000 -0.004535 0.000000 0.000000 1.000000 0.000000
0.999990 0.004378 0.000000 19.891327 -0.004378 0.999990 0.000000 0.009924 0.000000 0.000000 1.000000 0.000000
0.999991 0.004125 0.000000 20.581842 -0.004125 0.999991 0.000000 0.027983 0.000000 0.000000 1.000000 0.000000
0.999995 0.003181 0.000000 21.211040 -0.003181 0.999995 0.000000 0.005238 0.000000 0.000000 1.000000 0.000000
0.999995 0.003164 0.000000 21.779377 -0.003164 0.999995 0.000000 -0.044522 0.000000 0.000000 1.000000 0.000000
0.999996 0.002941 0.000000 22.367794 -0.002941 0.999996 0.000000 -0.041454 0.000000 0.000000 1.000000 0.000000
0.999999 0.001278 0.000000 22.892395 -0.001278 0.999999 0.000000 -0.073610 0.000000 0.000000 1.000000 0.000000
1.000000 0.000123 0.000000 23.545528 -0.000123 1.000000 0.000000 -0.092513 0.000000 0.000000 1.000000 0.000000
1.000000 0.000539 0.000000 24.251029 -0.000539 1.000000 0.000000 -0.101495 0.000000 0.000000 1.000000 0.000000
0.999995 -0.003275 0.000000 24.848623 0.003275 0.999995 0.000000 -0.113016 0.000000 0.000000 1.000000 0.000000
0.999995 -0.003056 0.000000 25.402294 0.003056 0.999995 0.000000 -0.128348 0.000000 0.000000 1.000000 0.000000
0.999998 -0.002106 0.000000 26.027962 0.002106 0.999998 0.000000 -0.138624 0.000000 0.000000 1.000000 0.000000
0.999996 -0.002730 0.000000 26.555703 0.002730 0.999996 0.000000 -0.170290 0.000000 0.000000 1.000000 0.000000
0.999990 -0.004431 0.000000 27.210552 0.004431 0.999990 0.000000 -0.154768 0.000000 0.000000 1.000000 0.000000
0.999988 -0.004834 0.000000 27.874251 0.004834 0.999988 0.000000 -0.176907 0.000000 0.000000 1.000000 0.000000
0.999967 -0.008064 0.000000 28.595612 0.008064 0.999967 0.000000 -0.147209 0.000000 0.000000 1.000000 0.000000
0.999963 -0.008586 0.000000 29.200610 0.008586 0.999963 0.000000 -0.204088 0.000000 0.000000 1.000000 0.000000
0.999976 -0.006884 0.000000 29.902574 0.006884 0.999976 0.000000 -0.164494 0.000000 0.000000 1.000000 0.000000
0.999961 -0.008821 0.000000 30.552964 0.008821 0.999961 0.000000 -0.186491 0.000000 0.000000 1.000000 0.000000
0.999952 -0.009839 0.000000 31.042910 0.009839 0.999952 0.000000 -0.188689 0.000000 0.000000 1.000000 0.000000
0.999951 -0.009884 0.000000 31.956014 0.009884 0.999951 0.000000 -0.204441 0.000000 0.000000 1.000000 0.000000
0.999947 -0.010313 0.000000 32.614295 0.010313 0.999947 0.000000 -0.143127 0.000000 0.000000 1.000000 0.000000
0.999974 -0.007257 0.000000 33.165305 0.007257 0.999974 0.000000 -0.132316 0.000000 0.000000 1.000000 0.000000
0.999976 -0.006923 0.000000 33.709220 0.006923 0.999976 0.000000 -0.150265 0.000000 0.000000 1.000000 0.000000
0.999981 -0.006194 0.000000 34.282356 0.006194 0.999981 0.000000 -0.147334 0.000000 0.000000 1.000000 0.000000
0.999988 -0.004864 0.000000 34.826422 0.004864 0.999988 0.000000 -0.187609 0.000000 0.000000 1.000000 0.000000
0.999987 -0.005158 0.000000 35.536909 0.005158 0.999987 0.000000 -0.243376 0.000000 0.000000 1.000000 0.000000
0.999994 -0.003467 0.000000 36.199869 0.003467 0.999994 0.000000 -0.210055 0.000000 0.000000 1.000000 0.000000
0.999999 -0.001673 0.000000 36.716519 0.001673 0.999999 0.000000 -0.237614 0.000000 0.000000 1.000000 0.000000
0.999994 -0.003400 0.000000 37.189637 0.003400 0.999994 0.000000 -0.150495 0.000000 0.000000 1.000000 0.000000
1.000000 -0.000865 0.000000 37.828190 0.000865 1.000000 0.000000 -0.122896 0.000000 0.000000 1.000000 0.000000
0.999998 -0.001789 0.000000 38.560097 0.001789 0.999998 0.000000 -0.117568 0.000000 0.000000 1.000000 0.000000
0.999994 -0.003514 0.000000 39.157689 0.003514 0.999994 0.000000 -0.123482 0.000000 0.000000 1.000000 0.000000
0.999996 -0.002706 0.000000 39.798691 0.002706 0.999996 0.000000 -0.020042 0.000000 0.000000 1.000000 0.000000
1.000000 0.000474 0.000000 40.317195 -0.000474 1.000000 0.000000 -0.032865 0.000000 0.000000 1.000000 0.000000
0.999995 0.003222 0.000000 40.824261 -0.003222 0.999995 0.000000 -0.059680 0.000000 0.000000 1.000000 0.000000
0.999985 0.005454 0.000000 41.442546 -0.005454 0.999985 0.000000 -0.061105 0.000000 0.000000 1.000000 0.000000
0.999990 0.004512 0.000000 42.106236 -0.004512 0.999990 0.000000 -0.104885 0.000000 0.000000 1.000000 0.000000
0.999980 0.006264 0.000000 42.763866 -0.006264 0.999980 0.000000 -0.096391 0.000000 0.000000 1.000000 0.000000
0.999970 0.007723 0.000000 43.386873 -0.007723 0.999970 0.000000 -0.096502 0.000000 0.000000 1.000000 0.000000
0.999988 0.004995 0.000000 44.170614 -0.004995 0.999988 0.000000 -0.072634 0.000000 0.000000 1.000000 0.000000
0.999981 0.006128 0.000000 44.857521 -0.006128 0.999981 0.000000 -0.093539 0.000000 0.000000 1.000000 0.000000
0.999991 0.004141 0.000000 45.482840 -0.004141 0.999991 0.000000 -0.035807 0.000000 0.000000 1.000000 0.000000
0.999980 0.006381 0.000000 45.995291 -0.006381 0.999980 0.000000 0.016323 0.000000 0.000000 1.000000 0.000000
0.999977 0.006809 0.000000 46.650877 -0.006809 0.999977 0.000000 -0.054681 0.000000 0.000000 1.000000 0.000000
0.999988 0.004962 0.000000 47.235032 -0.004962 0.999988 0.000000 -0.093977 0.000000 0.000000 1.000000 0.000000
0.999968 0.008030 0.000000 47.865147 -0.008030 0.999968 0.000000 -0.067380 0.000000 0.000000 1.000000 0.000000
0.999972 0.007499 0.000000 48.402363 -0.007499 0.999972 0.000000 -0.055252 0.000000 0.000000 1.000000 0.000000
0.999951 0.009904 0.000000 49.078566 -0.009904 0.999951 0.000000 -0.088866 0.000000 0.000000 1.000000 0.000000
0.999962 0.008711 0.000000 49.650188 -0.008711 0.999962 0.000000 -0.079307 0.000000 0.000000 1.000000 0.000000
0.999971 0.007564 0.000000 50.176781 -0.007564 0.999971 0.000000 -0.110270 0.000000 0.000000 1.000000 0.000000
0.999972 0.007464 0.000000 50.759961 -0.007464 0.999972 0.000000 -0.119806 0.000000 0.000000 1.000000 0.000000
0.999976 0.006973 0.000000 51.486684 -0.006973 0.999976 0.000000 -0.091981 0.000000 0.000000 1.000000 0.000000
0.999967 0.008103 0.000000 52.129723 -0.008103 0.999967 0.000000 -0.101085 0.000000 0.000000 1.000000 0.000000
0.999957 0.009257 0.000000 52.790613 -0.009257 0.999957 0.000000 -0.153946 0.000000 0.000000 1.000000 0.000000
0.999970 0.007713 0.000000 53.424270 -0.007713 0.999970 0.000000 -0.127165 0.000000 0.000000 1.000000 0.000000
0.999980 0.006255 0.000000 54.007188 -0.006255 0.999980 0.000000 -0.192206 0.000000 0.000000 1.000000 0.000000
0.999959 0.009020 0.000000 55.181558 -0.009020 0.999959 0.000000 -0.182883 0.000000 0.000000 1.000000 0.000000
0.999974 0.007155 0.000000 55.868610 -0.007155 0.999974 0.000000 -0.238994 0.000000 0.000000 1.000000 0.000000
0.999974 0.007194 0.000000 56.503315 -0.007194 0.999974 0.000000 -0.260982 0.000000 0.000000 1.000000 0.000000
0.999979 0.006503 0.000000 57.136267 -0.006503 0.999979 0.000000 -0.249352 0.000000 0.000000 1.000000 0.000000
0.999986 0.005318 0.000000 57.890545 -0.005318 0.999986 0.000000 -0.308667 0.000000 0.000000 1.000000 0.000000
0.999969 0.007874 0.000000 58.417351 -0.007874 0.999969 0.000000 -0.295888 0.000000 0.000000 1.000000 0.000000
0.999961 0.008798 0.000000 59.068647 -0.008798 0.999961 0.000000 -0.295973 0.000000 0.000000 1.000000 0.000000
0.999960 0.008984 0.000000 59.685224 -0.008984 0.999960 0.000000 -0.321075 0.000000 0.000000 1.000000 0.000000
0.999968 0.008010 0.000000 61.062907 -0.008010 0.999968 0.000000 -0.370660 0.000000 0.000000 1.000000 0.000000
0.999951 0.009857 0.000000 61.687662 -0.009857 0.999951 0.000000 -0.342245 0.000000 0.000000 1.000000 0.000000
0.999950 0.010002 0.000000 62.458935 -0.010002 0.999950 0.000000 -0.413627 0.000000 0.000000 1.000000 0.000000
0.999950 0.009972 0.000000 63.042993 -0.009972 0.999950 0.000000 -0.395931 0.000000 0.000000 1.000000 0.000000
0.999944 0.010600 0.000000 63.708549 -0.010600 0.999944 0.000000 -0.417731 0.000000 0.000000 1.000000 0.000000
0.999928 0.012001 0.000000 64.440827 -0.012001 0.999928 0.000000 -0.398492 0.000000 0.000000 1.000000 0.000000
0.999900 0.014135 0.000000 64.939921 -0.014135 0.999900 0.000000 -0.430051 0.000000 0.000000 1.000000 0.000000
0.999888 0.014952 0.000000 65.530938 -0.014952 0.999888 0.000000 -0.447338 0.000000 0.000000 1.000000 0.000000
0.999873 0.015932 0.000000 66.078677 -0.015932 0.999873 0.000000 -0.442794 0.000000 0.000000 1.000000 0.000000
0.999880 0.015521 0.000000 66.670086 -0.015521 0.999880 0.000000 -0.399124 0.000000 0.000000 1.000000 0.000000
0.999865 0.016454 0.000000 67.340455 -0.016454 0.999865 0.000000 -0.438718 0.000000 0.000000 1.000000 0.000000
0.999843 0.017697 0.000000 68.007879 -0.017697 0.999843 0.000000 -0.462760 0.000000 0.000000 1.000000 0.000000
0.999872 0.015988 0.000000 68.600679 -0.015988 0.999872 0.000000 -0.515967 0.000000 0.000000 1.000000 0.000000
0.999855 0.017032 0.000000 69.172352 -0.017032 0.999855 0.000000 -0.508603 0.000000 0.000000 1.000000 0.000000
0.999839 0.017950 0.000000 69.757885 -0.017950 0.999839 0.000000 -0.550122 0.000000 0.000000 1.000000 0.000000
0.999836 0.018102 0.000000 70.244367 -0.018102 0.999836 0.000000 -0.546152 0.000000 0.000000 1.000000 0.000000
0.999821 0.018944 0.000000 70.807044 -0.018944 0.999821 0.000000 -0.566395 0.000000 0.000000 1.000000 0.000000
0.999862 0.016620 0.000000 71.344736 -0.016620 0.999862 0.000000 -0.561469 0.000000 0.000000 1.000000 0.000000
0.999837 0.018060 0.000000 71.972445 -0.018060 0.999837 0.000000 -0.562338 0.000000 0.000000 1.000000 0.000000
0.999863 0.016569 0.000000 72.571295 -0.016569 0.999863 0.000000 -0.566831 0.000000 0.000000 1.000000 0.000000
0.999850 0.017321 0.000000 73.384556 -0.017321 0.999850 0.000000 -0.604439 0.000000 0.000000 1.000000 0.000000
0.999832 0.018315 0.000000 74.014320 -0.018315 0.999832 0.000000 -0.570538 0.000000 0.000000 1.000000 0.000000
0.999843 0.017719 0.000000 74.618849 -0.017719 0.999843 0.000000 -0.539058 0.000000 0.000000 1.000000 0.000000
0.999865 0.016414 0.000000 75.288771 -0.016414 0.999865 0.000000 -0.515520 0.000000 0.000000 1.000000 0.000000
0.999845 0.017606 0.000000 75.905433 -0.017606 0.999845 0.000000 -0.518699 0.000000 0.000000 1.000000 0.000000
0.999825 0.018693 0.000000 76.469456 -0.018693 0.999825 0.000000 -0.520001 0.000000 0.000000 1.000000 0.000000
0.999847 0.017488 0.000000 77.034273 -0.017488 0.999847 0.000000 -0.583838 0.000000 0.000000 1.000000 0.000000
0.999807 0.019625 0.000000 77.549774 -0.019625 0.999807 0.000000 -0.597652 0.000000 0.000000 1.000000 0.000000
0.999785 0.020733 0.000000 78.161426 -0.020733 0.999785 0.000000 -0.664598 0.000000 0.000000 1.000000 0.000000
0.999749 0.022393 0.000000 79.346101 -0.022393 0.999749 0.000000 -0.795836 0.000000 0.000000 1.000000 0.000000
0.999745 0.022589 0.000000 79.881499 -0.022589 0.999745 0.000000 -0.847443 0.000000 0.000000 1.000000 0.000000
0.999735 0.023006 0.000000 80.459973 -0.023006 0.999735 0.000000 -0.882106 0.000000 0.000000 1.000000 0.000000
0.999733 0.023096 0.000000 80.960377 -0.023096 0.999733 0.000000 -0.880393 0.000000 0.000000 1.000000 0.000000
0.999700 0.024493 0.000000 81.566986 -0.024493 0.999700 0.000000 -0.847515 0.000000 0.000000 1.000000 0.000000
0.999709 0.024134 0.000000 82.047917 -0.024134 0.999709 0.000000 -0.811249 0.000000 0.000000 1.000000 0.000000
0.999725 0.023442 0.000000 82.662602 -0.023442 0.999725 0.000000 -0.861267 0.000000 0.000000 1.000000 0.000000
0.999721 0.023631 0.000000 83.311174 -0.023631 0.999721 0.000000 -0.854812 0.000000 0.000000 1.000000 0.000000
0.999722 0.023595 0.000000 83.986162 -0.023595 0.999722 0.000000 -0.911148 0.000000 0.000000 1.000000 0.000000
0.999692 0.024822 0.000000 84.531811 -0.024822 0.999692 0.000000 -1.003019 0.000000 0.000000 1.000000 0.000000
0.999686 0.025054 0.000000 85.117723 -0.025054 0.999686 0.000000 -0.996995 0.000000 0.000000 1.000000 0.000000
0.999641 0.026781 0.000000 85.584996 -0.026781 0.999641 0.000000 -1.070013 0.000000 0.000000 1.000000 0.000000
0.999653 0.026324 0.000000 86.112588 -0.026324 0.999653 0.000000 -1.068593 0.000000 0.000000 1.000000 0.000000
0.999662 0.025981 0.000000 86.589847 -0.025981 0.999662 0.000000 -1.081796 0.000000 0.000000 1.000000 0.000000
0.999605 0.028087 0.000000 87.137326 -0.028087 0.999605 0.000000 -1.095496 0.000000 0.000000 1.000000 0.000000
0.999542 0.030246 0.000000 87.689008 -0.030246 0.999542 0.000000 -1.088241 0.000000 0.000000 1.000000 0.000000
0.999560 0.029673 0.000000 88.096521 -0.029673 0.999560 0.000000 -1.092003 0.000000 0.000000 1.000000 0.000000
0.999523 0.030869 0.000000 88.556016 -0.030869 0.999523 0.000000 -1.082418 0.000000 0.000000 1.000000 0.000000
0.999563 0.029549 0.000000 89.151486 -0.029549 0.999563 0.000000 -1.017746 0.000000 0.000000 1.000000 0.000000
0.999498 0.031672 0.000000 89.632106 -0.031672 0.999498 0.000000 -1.063755 0.000000 0.000000 1.000000 0.000000
0.999504 0.031479 0.000000 90.136541 -0.031479 0.999504 0.000000 -1.078395 0.000000 0.000000 1.000000 0.000000
0.999464 0.032729 0.000000 90.731822 -0.032729 0.999464 0.000000 -1.033408 0.000000 0.000000 1.000000 0.000000
0.999469 0.032591 0.000000 91.306181 -0.032591 0.999469 0.000000 -1.028817 0.000000 0.000000 1.000000 0.000000
0.999489 0.031964 0.000000 91.842026 -0.031964 0.999489 0.000000 -1.073964 0.000000 0.000000 1.000000 0.000000
0.999464 0.032739 0.000000 92.330920 -0.032739 0.999464 0.000000 -1.129257 0.000000 0.000000 1.000000 0.000000
0.999405 0.034499 0.000000 92.761044 -0.034499 0.999405 0.000000 -1.241732 0.000000 0.000000 1.000000 0.000000
0.999341 0.036309 0.000000 93.281834 -0.036309 0.999341 0.000000 -1.287823 0.000000 0.000000 1.000000 0.000000
0.999351 0.036034 0.000000 93.808948 -0.036034 0.999351 0.000000 -1.426408 0.000000 0.000000 1.000000 0.000000
0.999326 0.036700 0.000000 94.486743 -0.036700 0.999326 0.000000 -1.472785 0.000000 0.000000 1.000000 0.000000
0.999347 0.036125 0.000000 95.125111 -0.036125 0.999347 0.000000 -1.480337 0.000000 0.000000 1.000000 0.000000
0.999311 0.037123 0.000000 95.773481 -0.037123 0.999311 0.000000 -1.475044 0.000000 0.000000 1.000000 0.000000
0.999292 0.037627 0.000000 96.290739 -0.037627 0.999292 0.000000 -1.471361 0.000000 0.000000 1.000000 0.000000
0.999295 0.037554 0.000000 96.822212 -0.037554 0.999295 0.000000 -1.476607 0.000000 0.000000 1.000000 0.000000
0.999164 0.040890 0.000000 97.226317 -0.040890 0.999164 0.000000 -1.470800 0.000000 0.000000 1.000000 0.000000
0.999089 0.042665 0.000000 97.676219 -0.042665 0.999089 0.000000 -1.418378 0.000000 0.000000 1.000000 0.000000
0.999054 0.043494 0.000000 98.229840 -0.043494 0.999054 0.000000 -1.499891 0.000000 0.000000 1.000000 0.000000
0.998889 0.047116 0.000000 99.298672 -0.047116 0.998889 0.000000 -1.534039 0.000000 0.000000 1.000000 0.000000
0.998878 0.047366 0.000000 99.859663 -0.047366 0.998878 0.000000 -1.578376 0.000000 0.000000 1.000000 0.000000
0.998802 0.048942 0.000000 100.450249 -0.048942 0.998802 0.000000 -1.682802 0.000000 0.000000 1.000000 0.000000
0.998665 0.051653 0.000000 101.007943 -0.051653 0.998665 0.000000 -1.698244 0.000000 0.000000 1.000000 0.000000
0.998528 0.054232 0.000000 101.560115 -0.054232 0.998528 0.000000 -1.717058 0.000000 0.000000 1.000000 0.000000
0.998277 0.058676 0.000000 101.959536 -0.058676 0.998277 0.000000 -1.725209 0.000000 0.000000 1.000000 0.000000
0.998151 0.060786 0.000000 102.479217 -0.060786 0.998151 0.000000 -1.762821 0.000000 0.000000 1.000000 0.000000
0.997977 0.063571 0.000000 103.000980 -0.063571 0.997977 0.000000 -1.788346 0.000000 0.000000 1.000000 0.000000
0.997817 0.066047 0.000000 103.578797 -0.066047 0.997817 0.000000 -1.792808 0.000000 0.000000 1.000000 0.000000
0.997669 0.068237 0.000000 104.070539 -0.068237 0.997669 0.000000 -1.827972 0.000000 0.000000 1.000000 0.000000
0.997538 0.070131 0.000000 104.471381 -0.070131 0.997538 0.000000 -1.933798 0.000000 0.000000 1.000000 0.000000
0.997531 0.070225 0.000000 104.980310 -0.070225 0.997531 0.000000 -2.001160 0.000000 0.000000 1.000000 0.000000
0.997139 0.075587 0.000000 105.397550 -0.075587 0.997139 0.000000 -2.046820 0.000000 0.000000 1.000000 0.000000
0.996838 0.079462 0.000000 105.818125 -0.079462 0.996838 0.000000 -2.086161 0.000000 0.000000 1.000000 0.000000
0.996500 0.083596 0.000000 106.288372 -0.083596 0.996500 0.000000 -2.165853 0.000000 0.000000 1.000000 0.000000
0.996167 0.087467 0.000000 106.722811 -0.087467 0.996167 0.000000 -2.172894 0.000000 0.000000 1.000000 0.000000
0.995573 0.093991 0.000000 107.130193 -0.093991 0.995573 0.000000 -2.212266 0.000000 0.000000 1.000000 0.000000
0.994974 0.100135 0.000000 107.536143 -0.100135 0.994974 0.000000 -2.277073 0.000000 0.000000 1.000000 0.000000
0.994272 0.106884 0.000000 107.890320 -0.106884 0.994272 0.000000 -2.384580 0.000000 0.000000 1.000000 0.000000
0.994153 0.107982 0.000000 108.324271 -0.107982 0.994153 0.000000 -2.430013 0.000000 0.000000 1.000000 0.000000
0.993538 0.113500 0.000000 108.748841 -0.113500 0.993538 0.000000 -2.633862 0.000000 0.000000 1.000000 0.000000
0.993318 0.115409 0.000000 109.049820 -0.115409 0.993318 0.000000 -2.599016 0.000000 0.000000 1.000000 0.000000
0.993006 0.118062 0.000000 109.531510 -0.118062 0.993006 0.000000 -2.729334 0.000000 0.000000 1.000000 0.000000
0.992540 0.121920 0.000000 109.928951 -0.121920 0.992540 0.000000 -2.765439 0.000000 0.000000 1.000000 0.000000
0.992491 0.122317 0.000000 110.285764 -0.122317 0.992491 0.000000 -2.705654 0.000000 0.000000 1.000000 0.000000
0.992374 0.123263 0.000000 110.659258 -0.123263 0.992374 0.000000 -2.776560 0.000000 0.000000 1.000000 0.000000
0.991943 0.126684 0.000000 111.129378 -0.126684 0.991943 0.000000 -2.876637 0.000000 0.000000 1.000000 0.000000
0.991608 0.129285 0.000000 111.581405 -0.129285 0.991608 0.000000 -2.895164 0.000000 0.000000 1.000000 0.000000
0.991032 0.133626 0.000000 112.150855 -0.133626 0.991032 0.000000 -3.035848 0.000000 0.000000 1.000000 0.000000
0.990827 0.135139 0.000000 112.596953 -0.135139 0.990827 0.000000 -3.137635 0.000000 0.000000 1.000000 0.000000
0.990419 0.138094 0.000000 112.985601 -0.138094 0.990419 0.000000 -3.222288 0.000000 0.000000 1.000000 0.000000
0.990415 0.138122 0.000000 113.511679 -0.138122 0.990415 0.000000 -3.292464 0.000000 0.000000 1.000000 0.000000
0.990266 0.139187 0.000000 113.923778 -0.139187 0.990266 0.000000 -3.344358 0.000000 0.000000 1.000000 0.000000
0.990085 0.140472 0.000000 114.326958 -0.140472 0.990085 0.000000 -3.357771 0.000000 0.000000 1.000000 0.000000
0.990127 0.140175 0.000000 114.833948 -0.140175 0.990127 0.000000 -3.473037 0.000000 0.000000 1.000000 0.000000
0.989971 0.141272 0.000000 115.291111 -0.141272 0.989971 0.000000 -3.517614 0.000000 0.000000 1.000000 0.000000
0.989631 0.143632 0.000000 116.096202 -0.143632 0.989631 0.000000 -3.608915 0.000000 0.000000 1.000000 0.000000
0.989288 0.145975 0.000000 116.513962 -0.145975 0.989288 0.000000 -3.716386 0.000000 0.000000 1.000000 0.000000
0.989162 0.146827 0.000000 116.975256 -0.146827 0.989162 0.000000 -3.695795 0.000000 0.000000 1.000000 0.000000
0.988717 0.149793 0.000000 117.555607 -0.149793 0.988717 0.000000 -3.819316 0.000000 0.000000 1.000000 0.000000
0.988937 0.148334 0.000000 117.963375 -0.148334 0.988937 0.000000 -3.777450 0.000000 0.000000 1.000000 0.000000
0.988511 0.151152 0.000000 118.371099 -0.151152 0.988511 0.000000 -3.882157 0.000000 0.000000 1.000000 0.000000
0.988239 0.152914 0.000000 118.821494 -0.152914 0.988239 0.000000 -3.965545 0.000000 0.000000 1.000000 0.000000
0.988124 0.153657 0.000000 119.210538 -0.153657 0.988124 0.000000 -3.991520 0.000000 0.000000 1.000000 0.000000
0.987917 0.154986 0.000000 119.547990 -0.154986 0.987917 0.000000 -4.056865 0.000000 0.000000 1.000000 0.000000
0.987687 0.156441 0.000000 119.922976 -0.156441 0.987687 0.000000 -4.085187 0.000000 0.000000 1.000000 0.000000
0.987370 0.158431 0.000000 120.325552 -0.158431 0.987370 0.000000 -4.221302 0.000000 0.000000 1.000000 0.000000
0.987107 0.160059 0.000000 121.304887 -0.160059 0.987107 0.000000 -4.374630 0.000000 0.000000 1.000000 0.000000
0.986952 0.161017 0.000000 121.759650 -0.161017 0.986952 0.000000 -4.506432 0.000000 0.000000 1.000000 0.000000
0.986864 0.161551 0.000000 122.220647 -0.161551 0.986864 0.000000 -4.605612 0.000000 0.000000 1.000000 0.000000
0.986527 0.163596 0.000000 122.762984 -0.163596 0.986527 0.000000 -4.712570 0.000000 0.000000 1.000000 0.000000
0.986351 0.164655 0.000000 123.236346 -0.164655 0.986351 0.000000 -4.824034 0.000000 0.000000 1.000000 0.000000
0.986063 0.166371 0.000000 123.742756 -0.166371 0.986063 0.000000 -4.872366 0.000000 0.000000 1.000000 0.000000
0.986239 0.165324 0.000000 124.279024 -0.165324 0.986239 0.000000 -4.942433 0.000000 0.000000 1.000000 0.000000
0.985991 0.166796 0.000000 124.867762 -0.166796 0.985991 0.000000 -5.077098 0.000000 0.000000 1.000000 0.000000
0.985534 0.169477 0.000000 125.350486 -0.169477 0.985534 0.000000 -5.110140 0.000000 0.000000 1.000000 0.000000
0.985209 0.171359 0.000000 125.895418 -0.171359 0.985209 0.000000 -5.257784 0.000000 0.000000 1.000000 0.000000
0.984950 0.172838 0.000000 126.412282 -0.172838 0.984950 0.000000 -5.403111 0.000000 0.000000 1.000000 0.000000
0.984925 0.172982 0.000000 126.944367 -0.172982 0.984925 0.000000 -5.452948 0.000000 0.000000 1.000000 0.000000
0.984419 0.175837 0.000000 127.377889 -0.175837 0.984419 0.000000 -5.546505 0.000000 0.000000 1.000000 0.000000
0.984351 0.176218 0.000000 127.949411 -0.176218 0.984351 0.000000 -5.655965 0.000000 0.000000 1.000000 0.000000
0.984346 0.176249 0.000000 128.452668 -0.176249 0.984346 0.000000 -5.757503 0.000000 0.000000 1.000000 0.000000
0.984141 0.177385 0.000000 128.891233 -0.177385 0.984141 0.000000 -5.794517 0.000000 0.000000 1.000000 0.000000
0.984011 0.178107 0.000000 129.346418 -0.178107 0.984011 0.000000 -6.012213 0.000000 0.000000 1.000000 0.000000
0.983868 0.178897 0.000000 129.838123 -0.178897 0.983868 0.000000 -6.094975 0.000000 0.000000 1.000000 0.000000
0.983708 0.179775 0.000000 130.335835 -0.179775 0.983708 0.000000 -6.120216 0.000000 0.000000 1.000000 0.000000
0.983382 0.181549 0.000000 130.875436 -0.181549 0.983382 0.000000 -6.193024 0.000000 0.000000 1.000000 0.000000
0.983050 0.183340 0.000000 131.324142 -0.183340 0.983050 0.000000 -6.239884 0.000000 0.000000 1.000000 0.000000
0.982993 0.183641 0.000000 132.206806 -0.183641 0.982993 0.000000 -6.357907 0.000000 0.000000 1.000000 0.000000
0.982877 0.184262 0.000000 132.678415 -0.184262 0.982877 0.000000 -6.499976 0.000000 0.000000 1.000000 0.000000
0.982985 0.183684 0.000000 133.763871 -0.183684 0.982985 0.000000 -6.659237 0.000000 0.000000 1.000000 0.000000
0.982623 0.185613 0.000000 134.185538 -0.185613 0.982623 0.000000 -6.784270 0.000000 0.000000 1.000000 0.000000
0.982564 0.185925 0.000000 134.742558 -0.185925 0.982564 0.000000 -6.929174 0.000000 0.000000 1.000000 0.000000
0.981979 0.188988 0.000000 135.267116 -0.188988 0.981979 0.000000 -7.068510 0.000000 0.000000 1.000000 0.000000
0.982348 0.187061 0.000000 135.907209 -0.187061 0.982348 0.000000 -7.154423 0.000000 0.000000 1.000000 0.000000
0.982051 0.188616 0.000000 136.333494 -0.188616 0.982051 0.000000 -7.219052 0.000000 0.000000 1.000000 0.000000
0.981901 0.189393 0.000000 136.863080 -0.189393 0.981901 0.000000 -7.325406 0.000000 0.000000 1.000000 0.000000
0.981878 0.189516 0.000000 137.355213 -0.189516 0.981878 0.000000 -7.427827 0.000000 0.000000 1.000000 0.000000
0.981510 0.191411 0.000000 137.870311 -0.191411 0.981510 0.000000 -7.609354 0.000000 0.000000 1.000000 0.000000
0.981682 0.190525 0.000000 138.370013 -0.190525 0.981682 0.000000 -7.798256 0.000000 0.000000 1.000000 0.000000
0.982346 0.187071 0.000000 138.827638 -0.187071 0.982346 0.000000 -7.952551 0.000000 0.000000 1.000000 0.000000
0.982202 0.187830 0.000000 139.348272 -0.187830 0.982202 0.000000 -8.074918 0.000000 0.000000 1.000000 0.000000
0.982405 0.186764 0.000000 139.910253 -0.186764 0.982405 0.000000 -8.135036 0.000000 0.000000 1.000000 0.000000
0.981892 0.189442 0.000000 140.426241 -0.189442 0.981892 0.000000 -8.353591 0.000000 0.000000 1.000000 0.000000
0.982056 0.188592 0.000000 141.037835 -0.188592 0.982056 0.000000 -8.289424 0.000000 0.000000 1.000000 0.000000
0.981692 0.190477 0.000000 141.582399 -0.190477 0.981692 0.000000 -8.433204 0.000000 0.000000 1.000000 0.000000
0.981592 0.190988 0.000000 142.203358 -0.190988 0.981592 0.000000 -8.607093 0.000000 0.000000 1.000000 0.000000
0.981516 0.191380 0.000000 142.735831 -0.191380 0.981516 0.000000 -8.732430 0.000000 0.000000 1.000000 0.000000
0.980938 0.194323 0.000000 143.291421 -0.194323 0.980938 0.000000 -8.900674 0.000000 0.000000 1.000000 0.000000
0.980810 0.194964 0.000000 143.878153 -0.194964 0.980810 0.000000 -8.990442 0.000000 0.000000 1.000000 0.000000
0.980152 0.198247 0.000000 144.436722 -0.198247 0.980152 0.000000 -9.075045 0.000000 0.000000 1.000000 0.000000
0.979588 0.201016 0.000000 144.953381 -0.201016 0.979588 0.000000 -9.222226 0.000000 0.000000 1.000000 0.000000
0.977062 0.212955 0.000000 148.882576 -0.212955 0.977062 0.000000 -10.151325 0.000000 0.000000 1.000000 0.000000
0.977193 0.212355 0.000000 149.435580 -0.212355 0.977193 0.000000 -10.372978 0.000000 0.000000 1.000000 0.000000
0.977873 0.209198 0.000000 150.552003 -0.209198 0.977873 0.000000 -10.604283 0.000000 0.000000 1.000000 0.000000
0.977673 0.210131 0.000000 151.652696 -0.210131 0.977673 0.000000 -10.914322 0.000000 0.000000 1.000000 0.000000
0.977762 0.209716 0.000000 152.221204 -0.209716 0.977762 0.000000 -11.027020 0.000000 0.000000 1.000000 0.000000
0.978168 0.207816 0.000000 152.792281 -0.207816 0.978168 0.000000 -11.035711 0.000000 0.000000 1.000000 0.000000
0.978281 0.207281 0.000000 153.373490 -0.207281 0.978281 0.000000 -11.239151 0.000000 0.000000 1.000000 0.000000
0.978225 0.207547 0.000000 154.046674 -0.207547 0.978225 0.000000 -11.431234 0.000000 0.000000 1.000000 0.000000
0.978647 0.205546 0.000000 154.737394 -0.205546 0.978647 0.000000 -11.538792 0.000000 0.000000 1.000000 0.000000
0.978753 0.205043 0.000000 155.353324 -0.205043 0.978753 0.000000 -11.743810 0.000000 0.000000 1.000000 0.000000
0.979268 0.202569 0.000000 155.956710 -0.202569 0.979268 0.000000 -11.873261 0.000000 0.000000 1.000000 0.000000
0.979632 0.200801 0.000000 156.629817 -0.200801 0.979632 0.000000 -11.980762 0.000000 0.000000 1.000000 0.000000
0.980685 0.195594 0.000000 157.509756 -0.195594 0.980685 0.000000 -12.244084 0.000000 0.000000 1.000000 0.000000
0.980480 0.196619 0.000000 158.076247 -0.196619 0.980480 0.000000 -12.447337 0.000000 0.000000 1.000000 0.000000
0.981122 0.193391 0.000000 158.733240 -0.193391 0.981122 0.000000 -12.562187 0.000000 0.000000 1.000000 0.000000
0.981161 0.193193 0.000000 159.328109 -0.193193 0.981161 0.000000 -12.730895 0.000000 0.000000 1.000000 0.000000
0.981735 0.190253 0.000000 160.000644 -0.190253 0.981735 0.000000 -12.800295 0.000000 0.000000 1.000000 0.000000
0.981810 0.189865 0.000000 160.482333 -0.189865 0.981810 0.000000 -12.928016 0.000000 0.000000 1.000000 0.000000
0.981980 0.188984 0.000000 161.118878 -0.188984 0.981980 0.000000 -13.066014 0.000000 0.000000 1.000000 0.000000
0.982505 0.186238 0.000000 161.745262 -0.186238 0.982505 0.000000 -13.122573 0.000000 0.000000 1.000000 0.000000
0.982383 0.186880 0.000000 162.367028 -0.186880 0.982383 0.000000 -13.203876 0.000000 0.000000 1.000000 0.000000
0.982668 0.185375 0.000000 162.815714 -0.185375 0.982668 0.000000 -13.343232 0.000000 0.000000 1.000000 0.000000
0.983036 0.183411 0.000000 163.463466 -0.183411 0.983036 0.000000 -13.365996 0.000000 0.000000 1.000000 0.000000
0.983398 0.181463 0.000000 163.970576 -0.181463 0.983398 0.000000 -13.387663 0.000000 0.000000 1.000000 0.000000
0.983767 0.179452 0.000000 164.593718 -0.179452 0.983767 0.000000 -13.495501 0.000000 0.000000 1.000000 0.000000
0.983671 0.179978 0.000000 165.289503 -0.179978 0.983671 0.000000 -13.589622 0.000000 0.000000 1.000000 0.000000
0.984336 0.176302 0.000000 165.844943 -0.176302 0.984336 0.000000 -13.782630 0.000000 0.000000 1.000000 0.000000
0.984090 0.177673 0.000000 166.378848 -0.177673 0.984090 0.000000 -13.824584 0.000000 0.000000 1.000000 0.000000
0.984294 0.176539 0.000000 167.486434 -0.176539 0.984294 0.000000 -14.069202 0.000000 0.000000 1.000000 0.000000
0.984385 0.176030 0.000000 168.038554 -0.176030 0.984385 0.000000 -14.148504 0.000000 0.000000 1.000000 0.000000
0.984703 0.174239 0.000000 168.518214 -0.174239 0.984703 0.000000 -14.198323 0.000000 0.000000 1.000000 0.000000
0.984910 0.173070 0.000000 169.069301 -0.173070 0.984910 0.000000 -14.348875 0.000000 0.000000 1.000000 0.000000
0.984839 0.173472 0.000000 169.530856 -0.173472 0.984839 0.000000 -14.321678 0.000000 0.000000 1.000000 0.000000
0.984848 0.173418 0.000000 170.582529 -0.173418 0.984848 0.000000 -14.600844 0.000000 0.000000 1.000000 0.000000
0.984810 0.173638 0.000000 171.283511 -0.173638 0.984810 0.000000 -14.658368 0.000000 0.000000 1.000000 0.000000
0.984804 0.173672 0.000000 171.842738 -0.173672 0.984804 0.000000 -14.778074 0.000000 0.000000 1.000000 0.000000
0.984866 0.173317 0.000000 172.489824 -0.173317 0.984866 0.000000 -14.899779 0.000000 0.000000 1.000000 0.000000
0.985260 0.171062 0.000000 173.096421 -0.171062 0.985260 0.000000 -14.982704 0.000000 0.000000 1.000000 0.000000
0.985500 0.169678 0.000000 173.513019 -0.169678 0.985500 0.000000 -15.061496 0.000000 0.000000 1.000000 0.000000
0.985571 0.169262 0.000000 174.351908 -0.169262 0.985571 0.000000 -15.217444 0.000000 0.000000 1.000000 0.000000
0.985486 0.169755 0.000000 174.878023 -0.169755 0.985486 0.000000 -15.262092 0.000000 0.000000 1.000000 0.000000
0.985661 0.168740 0.000000 175.460716 -0.168740 0.985661 0.000000 -15.381888 0.000000 0.000000 1.000000 0.000000
0.985300 0.170834 0.000000 176.070035 -0.170834 0.985300 0.000000 -15.390836 0.000000 0.000000 1.000000 0.000000
0.985442 0.170011 0.000000 176.602286 -0.170011 0.985442 0.000000 -15.445624 0.000000 0.000000 1.000000 0.000000
0.985623 0.168961 0.000000 177.123725 -0.168961 0.985623 0.000000 -15.653792 0.000000 0.000000 1.000000 0.000000
0.985558 0.169339 0.000000 177.641024 -0.169339 0.985558 0.000000 -15.592239 0.000000 0.000000 1.000000 0.000000
0.986087 0.166233 0.000000 178.151015 -0.166233 0.986087 0.000000 -15.744901 0.000000 0.000000 1.000000 0.000000
0.986391 0.164419 0.000000 178.704186 -0.164419 0.986391 0.000000 -15.817295 0.000000 0.000000 1.000000 0.000000
0.986801 0.161937 0.000000 179.259130 -0.161937 0.986801 0.000000 -15.898372 0.000000 0.000000 1.000000 0.000000
0.986931 0.161143 0.000000 179.863173 -0.161143 0.986931 0.000000 -15.994579 0.000000 0.000000 1.000000 0.000000
0.986631 0.162968 0.000000 180.470911 -0.162968 0.986631 0.000000 -16.108442 0.000000 0.000000 1.000000 0.000000
0.987052 0.160404 0.000000 181.055163 -0.160404 0.987052 0.000000 -16.297016 0.000000 0.000000 1.000000 0.000000
0.987019 0.160603 0.000000 181.696068 -0.160603 0.987019 0.000000 -16.386676 0.000000 0.000000 1.000000 0.000000
0.987200 0.159488 0.000000 182.332054 -0.159488 0.987200 0.000000 -16.487145 0.000000 0.000000 1.000000 0.000000
0.986961 0.160958 0.000000 182.863368 -0.160958 0.986961 0.000000 -16.585143 0.000000 0.000000 1.000000 0.000000
0.986794 0.161983 0.000000 183.450970 -0.161983 0.986794 0.000000 -16.695144 0.000000 0.000000 1.000000 0.000000
0.987067 0.160305 0.000000 183.954390 -0.160305 0.987067 0.000000 -16.767762 0.000000 0.000000 1.000000 0.000000
0.987232 0.159286 0.000000 184.543992 -0.159286 0.987232 0.000000 -16.908182 0.000000 0.000000 1.000000 0.000000
0.987297 0.158886 0.000000 185.185005 -0.158886 0.987297 0.000000 -17.054244 0.000000 0.000000 1.000000 0.000000
0.987281 0.158983 0.000000 185.826919 -0.158983 0.987281 0.000000 -17.187516 0.000000 0.000000 1.000000 0.000000
0.987282 0.158979 0.000000 186.375992 -0.158979 0.987282 0.000000 -17.283451 0.000000 0.000000 1.000000 0.000000
0.987678 0.156501 0.000000 186.976197 -0.156501 0.987678 0.000000 -17.443082 0.000000 0.000000 1.000000 0.000000
0.987437 0.158013 0.000000 187.485273 -0.158013 0.987437 0.000000 -17.503297 0.000000 0.000000 1.000000 0.000000
0.987540 0.157371 0.000000 188.068634 -0.157371 0.987540 0.000000 -17.606083 0.000000 0.000000 1.000000 0.000000
0.987470 0.157809 0.000000 188.642435 -0.157809 0.987470 0.000000 -17.740647 0.000000 0.000000 1.000000 0.000000
0.987577 0.157136 0.000000 189.199880 -0.157136 0.987577 0.000000 -17.814970 0.000000 0.000000 1.000000 0.000000
0.987631 0.156798 0.000000 189.694788 -0.156798 0.987631 0.000000 -17.917773 0.000000 0.000000 1.000000 0.000000
0.987628 0.156812 0.000000 190.262817 -0.156812 0.987628 0.000000 -18.038784 0.000000 0.000000 1.000000 0.000000
0.987611 0.156920 0.000000 190.870020 -0.156920 0.987611 0.000000 -18.122150 0.000000 0.000000 1.000000 0.000000
0.987932 0.154889 0.000000 191.465587 -0.154889 0.987932 0.000000 -18.109641 0.000000 0.000000 1.000000 0.000000
0.987707 0.156320 0.000000 191.985541 -0.156320 0.987707 0.000000 -18.183209 0.000000 0.000000 1.000000 0.000000
0.987779 0.155863 0.000000 192.546056 -0.155863 0.987779 0.000000 -18.369911 0.000000 0.000000 1.000000 0.000000
0.987432 0.158045 0.000000 193.109644 -0.158045 0.987432 0.000000 -18.457428 0.000000 0.000000 1.000000 0.000000
0.987355 0.158527 0.000000 193.616372 -0.158527 0.987355 0.000000 -18.558783 0.000000 0.000000 1.000000 0.000000
0.987000 0.160722 0.000000 194.158762 -0.160722 0.987000 0.000000 -18.535597 0.000000 0.000000 1.000000 0.000000
0.987402 0.158233 0.000000 194.796837 -0.158233 0.987402 0.000000 -18.687808 0.000000 0.000000 1.000000 0.000000
0.987250 0.159177 0.000000 195.352013 -0.159177 0.987250 0.000000 -18.710492 0.000000 0.000000 1.000000 0.000000
0.987852 0.155396 0.000000 195.833524 -0.155396 0.987852 0.000000 -18.741770 0.000000 0.000000 1.000000 0.000000
0.987998 0.154465 0.000000 196.292444 -0.154465 0.987998 0.000000 -18.738635 0.000000 0.000000 1.000000 0.000000
0.987461 0.157861 0.000000 196.853852 -0.157861 0.987461 0.000000 -18.807648 0.000000 0.000000 1.000000 0.000000
0.987529 0.157437 0.000000 197.409707 -0.157437 0.987529 0.000000 -18.917634 0.000000 0.000000 1.000000 0.000000
0.987442 0.157980 0.000000 197.967191 -0.157980 0.987442 0.000000 -19.040799 0.000000 0.000000 1.000000 0.000000
0.987632 0.156787 0.000000 198.554190 -0.156787 0.987632 0.000000 -19.124230 0.000000 0.000000 1.000000 0.000000
0.987916 0.154988 0.000000 199.332758 -0.154988 0.987916 0.000000 -19.272747 0.000000 0.000000 1.000000 0.000000
0.987896 0.155117 0.000000 199.795896 -0.155117 0.987896 0.000000 -19.307536 0.000000 0.000000 1.000000 0.000000
0.988273 0.152699 0.000000 200.402251 -0.152699 0.988273 0.000000 -19.341825 0.000000 0.000000 1.000000 0.000000
0.988136 0.153582 0.000000 200.985008 -0.153582 0.988136 0.000000 -19.494631 0.000000 0.000000 1.000000 0.000000
0.988098 0.153828 0.000000 201.548383 -0.153828 0.988098 0.000000 -19.556933 0.000000 0.000000 1.000000 0.000000
0.988559 0.150835 0.000000 202.154085 -0.150835 0.988559 0.000000 -19.661823 0.000000 0.000000 1.000000 0.000000
0.988656 0.150199 0.000000 202.781228 -0.150199 0.988656 0.000000 -19.759078 0.000000 0.000000 1.000000 0.000000
0.988962 0.148170 0.000000 203.373005 -0.148170 0.988962 0.000000 -19.849287 0.000000 0.000000 1.000000 0.000000
0.988932 0.148370 0.000000 203.838809 -0.148370 0.988932 0.000000 -19.861745 0.000000 0.000000 1.000000 0.000000
0.989353 0.145539 0.000000 204.745141 -0.145539 0.989353 0.000000 -19.994223 0.000000 0.000000 1.000000 0.000000
0.989266 0.146129 0.000000 205.314767 -0.146129 0.989266 0.000000 -20.001283 0.000000 0.000000 1.000000 0.000000
0.989259 0.146172 0.000000 206.000689 -0.146172 0.989259 0.000000 -20.082181 0.000000 0.000000 1.000000 0.000000
0.989046 0.147606 0.000000 206.732241 -0.147606 0.989046 0.000000 -20.132283 0.000000 0.000000 1.000000 0.000000
0.989052 0.147569 0.000000 207.754993 -0.147569 0.989052 0.000000 -20.208970 0.000000 0.000000 1.000000 0.000000
0.989239 0.146308 0.000000 208.284454 -0.146308 0.989239 0.000000 -20.386839 0.000000 0.000000 1.000000 0.000000
0.989208 0.146516 0.000000 208.852896 -0.146516 0.989208 0.000000 -20.464264 0.000000 0.000000 1.000000 0.000000
0.989297 0.145918 0.000000 209.351432 -0.145918 0.989297 0.000000 -20.635906 0.000000 0.000000 1.000000 0.000000
0.989397 0.145236 0.000000 209.888876 -0.145236 0.989397 0.000000 -20.700145 0.000000 0.000000 1.000000 0.000000
0.989818 0.142336 0.000000 210.466231 -0.142336 0.989818 0.000000 -20.760952 0.000000 0.000000 1.000000 0.000000
0.989746 0.142837 0.000000 211.027679 -0.142837 0.989746 0.000000 -20.862512 0.000000 0.000000 1.000000 0.000000
0.989549 0.144199 0.000000 211.983703 -0.144199 0.989549 0.000000 -20.962037 0.000000 0.000000 1.000000 0.000000
0.989609 0.143784 0.000000 212.556121 -0.143784 0.989609 0.000000 -21.056314 0.000000 0.000000 1.000000 0.000000
0.989732 0.142937 0.000000 213.126791 -0.142937 0.989732 0.000000 -21.175141 0.000000 0.000000 1.000000 0.000000
0.989583 0.143967 0.000000 213.694851 -0.143967 0.989583 0.000000 -21.250658 0.000000 0.000000 1.000000 0.000000
0.989698 0.143170 0.000000 214.241472 -0.143170 0.989698 0.000000 -21.348555 0.000000 0.000000 1.000000 0.000000
0.989536 0.144285 0.000000 214.747278 -0.144285 0.989536 0.000000 -21.465904 0.000000 0.000000 1.000000 0.000000
0.989591 0.143907 0.000000 215.360747 -0.143907 0.989591 0.000000 -21.616686 0.000000 0.000000 1.000000 0.000000
0.989322 0.145749 0.000000 215.871425 -0.145749 0.989322 0.000000 -21.656740 0.000000 0.000000 1.000000 0.000000
0.989249 0.146241 0.000000 216.457285 -0.146241 0.989249 0.000000 -21.810706 0.000000 0.000000 1.000000 0.000000
0.989161 0.146835 0.000000 216.964865 -0.146835 0.989161 0.000000 -21.942620 0.000000 0.000000 1.000000 0.000000
0.989310 0.145826 0.000000 217.435263 -0.145826 0.989310 0.000000 -22.013748 0.000000 0.000000 1.000000 0.000000
0.989258 0.146180 0.000000 218.036499 -0.146180 0.989258 0.000000 -22.154995 0.000000 0.000000 1.000000 0.000000
0.989094 0.147289 0.000000 218.605908 -0.147289 0.989094 0.000000 -22.212316 0.000000 0.000000 1.000000 0.000000
0.989407 0.145170 0.000000 219.067628 -0.145170 0.989407 0.000000 -22.248299 0.000000 0.000000 1.000000 0.000000
0.989456 0.144831 0.000000 219.665942 -0.144831 0.989456 0.000000 -22.385208 0.000000 0.000000 1.000000 0.000000
0.989328 0.145709 0.000000 220.310943 -0.145709 0.989328 0.000000 -22.388062 0.000000 0.000000 1.000000 0.000000
0.989297 0.145917 0.000000 220.871684 -0.145917 0.989297 0.000000 -22.436686 0.000000 0.000000 1.000000 0.000000
0.989666 0.143391 0.000000 221.438380 -0.143391 0.989666 0.000000 -22.571773 0.000000 0.000000 1.000000 0.000000
0.989818 0.142336 0.000000 222.113906 -0.142336 0.989818 0.000000 -22.704155 0.000000 0.000000 1.000000 0.000000
0.990170 0.139871 0.000000 222.681256 -0.139871 0.990170 0.000000 -22.819995 0.000000 0.000000 1.000000 0.000000
0.990567 0.137030 0.000000 223.273530 -0.137030 0.990567 0.000000 -22.932099 0.000000 0.000000 1.000000 0.000000
0.990522 0.137353 0.000000 223.764835 -0.137353 0.990522 0.000000 -23.026382 0.000000 0.000000 1.000000 0.000000
0.990375 0.138407 0.000000 224.221387 -0.138407 0.990375 0.000000 -23.079870 0.000000 0.000000 1.000000 0.000000
0.990879 0.134752 0.000000 224.758351 -0.134752 0.990879 0.000000 -23.157257 0.000000 0.000000 1.000000 0.000000
0.990876 0.134778 0.000000 225.331007 -0.134778 0.990876 0.000000 -23.184869 0.000000 0.000000 1.000000 0.000000
0.990994 0.133904 0.000000 225.903222 -0.133904 0.990994 0.000000 -23.233445 0.000000 0.000000 1.000000 0.000000
0.990884 0.134720 0.000000 226.417780 -0.134720 0.990884 0.000000 -23.285208 0.000000 0.000000 1.000000 0.000000
0.990923 0.134432 0.000000 227.475722 -0.134432 0.990923 0.000000 -23.410937 0.000000 0.000000 1.000000 0.000000
0.990898 0.134612 0.000000 228.020523 -0.134612 0.990898 0.000000 -23.545860 0.000000 0.000000 1.000000 0.000000
0.990893 0.134654 0.000000 228.575398 -0.134654 0.990893 0.000000 -23.574513 0.000000 0.000000 1.000000 0.000000
0.991092 0.133181 0.000000 229.117363 -0.133181 0.991092 0.000000 -23.621962 0.000000 0.000000 1.000000 0.000000
0.991464 0.130380 0.000000 229.654099 -0.130380 0.991464 0.000000 -23.577845 0.000000 0.000000 1.000000 0.000000
0.991434 0.130608 0.000000 230.150085 -0.130608 0.991434 0.000000 -23.645198 0.000000 0.000000 1.000000 0.000000
0.991685 0.128688 0.000000 230.627303 -0.128688 0.991685 0.000000 -23.711761 0.000000 0.000000 1.000000 0.000000
0.991907 0.126967 0.000000 231.151406 -0.126967 0.991907 0.000000 -23.793498 0.000000 0.000000 1.000000 0.000000
0.992044 0.125892 0.000000 231.639312 -0.125892 0.992044 0.000000 -23.811257 0.000000 0.000000 1.000000 0.000000
0.991996 0.126270 0.000000 232.098433 -0.126270 0.991996 0.000000 -23.858401 0.000000 0.000000 1.000000 0.000000
0.992529 0.122011 0.000000 232.682522 -0.122011 0.992529 0.000000 -23.863318 0.000000 0.000000 1.000000 0.000000
0.992504 0.122215 0.000000 233.077770 -0.122215 0.992504 0.000000 -23.881792 0.000000 0.000000 1.000000 0.000000
0.992696 0.120646 0.000000 233.630353 -0.120646 0.992696 0.000000 -23.969102 0.000000 0.000000 1.000000 0.000000
0.993007 0.118055 0.000000 234.123282 -0.118055 0.993007 0.000000 -23.984851 0.000000 0.000000 1.000000 0.000000
0.993220 0.116254 0.000000 234.614299 -0.116254 0.993220 0.000000 -24.019769 0.000000 0.000000 1.000000 0.000000
0.993364 0.115011 0.000000 235.263324 -0.115011 0.993364 0.000000 -24.074905 0.000000 0.000000 1.000000 0.000000
0.993835 0.110871 0.000000 235.934595 -0.110871 0.993835 0.000000 -24.141782 0.000000 0.000000 1.000000 0.000000
0.994110 0.108378 0.000000 236.474214 -0.108378 0.994110 0.000000 -24.192453 0.000000 0.000000 1.000000 0.000000
0.994274 0.106861 0.000000 236.978971 -0.106861 0.994274 0.000000 -24.275045 0.000000 0.000000 1.000000 0.000000
0.994249 0.107091 0.000000 237.490393 -0.107091 0.994249 0.000000 -24.352442 0.000000 0.000000 1.000000 0.000000
0.994109 0.108390 0.000000 237.969429 -0.108390 0.994109 0.000000 -24.390600 0.000000 0.000000 1.000000 0.000000
0.994274 0.106860 0.000000 238.472428 -0.106860 0.994274 0.000000 -24.385229 0.000000 0.000000 1.000000 0.000000
0.994649 0.103312 0.000000 239.413572 -0.103312 0.994649 0.000000 -24.568048 0.000000 0.000000 1.000000 0.000000
0.994751 0.102329 0.000000 239.941143 -0.102329 0.994751 0.000000 -24.673476 0.000000 0.000000 1.000000 0.000000
0.994829 0.101567 0.000000 240.472025 -0.101567 0.994829 0.000000 -24.732563 0.000000 0.000000 1.000000 0.000000
0.994729 0.102539 0.000000 240.974068 -0.102539 0.994729 0.000000 -24.797707 0.000000 0.000000 1.000000 0.000000
0.994727 0.102562 0.000000 241.473039 -0.102562 0.994727 0.000000 -24.798595 0.000000 0.000000 1.000000 0.000000
0.994683 0.102984 0.000000 241.946020 -0.102984 0.994683 0.000000 -24.839532 0.000000 0.000000 1.000000 0.000000
0.995056 0.099312 0.000000 242.473948 -0.099312 0.995056 0.000000 -24.888101 0.000000 0.000000 1.000000 0.000000
0.994985 0.100024 0.000000 242.980276 -0.100024 0.994985 0.000000 -25.067569 0.000000 0.000000 1.000000 0.000000
0.995271 0.097133 0.000000 243.532198 -0.097133 0.995271 0.000000 -25.094038 0.000000 0.000000 1.000000 0.000000
0.995168 0.098189 0.000000 243.982043 -0.098189 0.995168 0.000000 -25.134554 0.000000 0.000000 1.000000 0.000000
0.995276 0.097091 0.000000 244.569521 -0.097091 0.995276 0.000000 -25.175741 0.000000 0.000000 1.000000 0.000000
0.995242 0.097432 0.000000 245.072645 -0.097432 0.995242 0.000000 -25.221562 0.000000 0.000000 1.000000 0.000000
0.995508 0.094679 0.000000 245.696071 -0.094679 0.995508 0.000000 -25.213421 0.000000 0.000000 1.000000 0.000000
0.995398 0.095829 0.000000 246.158517 -0.095829 0.995398 0.000000 -25.245124 0.000000 0.000000 1.000000 0.000000
0.995387 0.095938 0.000000 246.725675 -0.095938 0.995387 0.000000 -25.324280 0.000000 0.000000 1.000000 0.000000
0.995442 0.095372 0.000000 247.208591 -0.095372 0.995442 0.000000 -25.419519 0.000000 0.000000 1.000000 0.000000
0.995521 0.094541 0.000000 247.763642 -0.094541 0.995521 0.000000 -25.494828 0.000000 0.000000 1.000000 0.000000
0.995813 0.091414 0.000000 248.213756 -0.091414 0.995813 0.000000 -25.661888 0.000000 0.000000 1.000000 0.000000
0.995706 0.092570 0.000000 248.718365 -0.092570 0.995706 0.000000 -25.770160 0.000000 0.000000 1.000000 0.000000
0.995751 0.092092 0.000000 249.269793 -0.092092 0.995751 0.000000 -25.807636 0.000000 0.000000 1.000000 0.000000
0.995635 0.093329 0.000000 249.745717 -0.093329 0.995635 0.000000 -25.851006 0.000000 0.000000 1.000000 0.000000
0.995687 0.092776 0.000000 250.259175 -0.092776 0.995687 0.000000 -25.941574 0.000000 0.000000 1.000000 0.000000
0.995797 0.091591 0.000000 250.855332 -0.091591 0.995797 0.000000 -25.947892 0.000000 0.000000 1.000000 0.000000
0.995968 0.089707 0.000000 251.409730 -0.089707 0.995968 0.000000 -26.106950 0.000000 0.000000 1.000000 0.000000
0.996014 0.089192 0.000000 251.958441 -0.089192 0.996014 0.000000 -26.181587 0.000000 0.000000 1.000000 0.000000
0.995919 0.090250 0.000000 252.459577 -0.090250 0.995919 0.000000 -26.155539 0.000000 0.000000 1.000000 0.000000
0.996043 0.088870 0.000000 252.997249 -0.088870 0.996043 0.000000 -26.197028 0.000000 0.000000 1.000000 0.000000
0.995970 0.089684 0.000000 253.467763 -0.089684 0.995970 0.000000 -26.251419 0.000000 0.000000 1.000000 0.000000
0.995829 0.091235 0.000000 254.043976 -0.091235 0.995829 0.000000 -26.292858 0.000000 0.000000 1.000000 0.000000
0.995886 0.090612 0.000000 254.613898 -0.090612 0.995886 0.000000 -26.227259 0.000000 0.000000 1.000000 0.000000
0.995761 0.091980 0.000000 255.750669 -0.091980 0.995761 0.000000 -26.366632 0.000000 0.000000 1.000000 0.000000
0.995781 0.091762 0.000000 256.293213 -0.091762 0.995781 0.000000 -26.408520 0.000000 0.000000 1.000000 0.000000
0.995861 0.090893 0.000000 257.081400 -0.090893 0.995861 0.000000 -26.497168 0.000000 0.000000 1.000000 0.000000
0.995837 0.091153 0.000000 257.957316 -0.091153 0.995837 0.000000 -26.708461 0.000000 0.000000 1.000000 0.000000
0.995808 0.091465 0.000000 258.485325 -0.091465 0.995808 0.000000 -26.753422 0.000000 0.000000 1.000000 0.000000
0.995630 0.093389 0.000000 258.978767 -0.093389 0.995630 0.000000 -26.743695 0.000000 0.000000 1.000000 0.000000
0.995458 0.095203 0.000000 259.444783 -0.095203 0.995458 0.000000 -26.811749 0.000000 0.000000 1.000000 0.000000
0.995211 0.097751 0.000000 260.036607 -0.097751 0.995211 0.000000 -26.867741 0.000000 0.000000 1.000000 0.000000
0.995030 0.099577 0.000000 260.616228 -0.099577 0.995030 0.000000 -26.916403 0.000000 0.000000 1.000000 0.000000
0.994822 0.101629 0.000000 261.088839 -0.101629 0.994822 0.000000 -27.006569 0.000000 0.000000 1.000000 0.000000
0.994832 0.101539 0.000000 261.607410 -0.101539 0.994832 0.000000 -27.098190 0.000000 0.000000 1.000000 0.000000
0.994546 0.104298 0.000000 262.153974 -0.104298 0.994546 0.000000 -27.177046 0.000000 0.000000 1.000000 0.000000
0.994622 0.103575 0.000000 262.721612 -0.103575 0.994622 0.000000 -27.224538 0.000000 0.000000 1.000000 0.000000
0.994463 0.105089 0.000000 263.224122 -0.105089 0.994463 0.000000 -27.272333 0.000000 0.000000 1.000000 0.000000
0.994477 0.104955 0.000000 263.791622 -0.104955 0.994477 0.000000 -27.327763 0.000000 0.000000 1.000000 0.000000
0.994226 0.107304 0.000000 264.229252 -0.107304 0.994226 0.000000 -27.386942 0.000000 0.000000 1.000000 0.000000
0.993984 0.109526 0.000000 264.760596 -0.109526 0.993984 0.000000 -27.502910 0.000000 0.000000 1.000000 0.000000
0.994083 0.108623 0.000000 265.259976 -0.108623 0.994083 0.000000 -27.604375 0.000000 0.000000 1.000000 0.000000
0.994009 0.109301 0.000000 265.766525 -0.109301 0.994009 0.000000 -27.726544 0.000000 0.000000 1.000000 0.000000
0.993958 0.109764 0.000000 266.226013 -0.109764 0.993958 0.000000 -27.761683 0.000000 0.000000 1.000000 0.000000
0.993871 0.110547 0.000000 266.877669 -0.110547 0.993871 0.000000 -27.884351 0.000000 0.000000 1.000000 0.000000
0.993651 0.112507 0.000000 267.354227 -0.112507 0.993651 0.000000 -27.925358 0.000000 0.000000 1.000000 0.000000
0.993584 0.113097 0.000000 267.804895 -0.113097 0.993584 0.000000 -28.016736 0.000000 0.000000 1.000000 0.000000
0.993407 0.114640 0.000000 268.231014 -0.114640 0.993407 0.000000 -28.134789 0.000000 0.000000 1.000000 0.000000
0.993399 0.114707 0.000000 268.778304 -0.114707 0.993399 0.000000 -28.200929 0.000000 0.000000 1.000000 0.000000
0.993381 0.114869 0.000000 269.146036 -0.114869 0.993381 0.000000 -28.203293 0.000000 0.000000 1.000000 0.000000
0.993156 0.116797 0.000000 269.639766 -0.116797 0.993156 0.000000 -28.201795 0.000000 0.000000 1.000000 0.000000
0.993028 0.117876 0.000000 270.109288 -0.117876 0.993028 0.000000 -28.300734 0.000000 0.000000 1.000000 0.000000
0.993026 0.117898 0.000000 270.592242 -0.117898 0.993026 0.000000 -28.420051 0.000000 0.000000 1.000000 0.000000
0.992754 0.120164 0.000000 271.181066 -0.120164 0.992754 0.000000 -28.357108 0.000000 0.000000 1.000000 0.000000
0.992729 0.120372 0.000000 271.569606 -0.120372 0.992729 0.000000 -28.479016 0.000000 0.000000 1.000000 0.000000
0.992656 0.120970 0.000000 271.968118 -0.120970 0.992656 0.000000 -28.507678 0.000000 0.000000 1.000000 0.000000
0.992513 0.122138 0.000000 272.469319 -0.122138 0.992513 0.000000 -28.541817 0.000000 0.000000 1.000000 0.000000
0.992481 0.122403 0.000000 272.966549 -0.122403 0.992481 0.000000 -28.581396 0.000000 0.000000 1.000000 0.000000
0.992261 0.124170 0.000000 273.493475 -0.124170 0.992261 0.000000 -28.574882 0.000000 0.000000 1.000000 0.000000
0.992312 0.123764 0.000000 274.056359 -0.123764 0.992312 0.000000 -28.551217 0.000000 0.000000 1.000000 0.000000
0.992171 0.124889 0.000000 274.505374 -0.124889 0.992171 0.000000 -28.619220 0.000000 0.000000 1.000000 0.000000
0.992172 0.124881 0.000000 274.946006 -0.124881 0.992172 0.000000 -28.678803 0.000000 0.000000 1.000000 0.000000
0.991956 0.126583 0.000000 275.397309 -0.126583 0.991956 0.000000 -28.714225 0.000000 0.000000 1.000000 0.000000
0.992078 0.125626 0.000000 275.727133 -0.125626 0.992078 0.000000 -28.694876 0.000000 0.000000 1.000000 0.000000
0.991980 0.126396 0.000000 276.165924 -0.126396 0.991980 0.000000 -28.746854 0.000000 0.000000 1.000000 0.000000
0.991746 0.128215 0.000000 276.635644 -0.128215 0.991746 0.000000 -28.830751 0.000000 0.000000 1.000000 0.000000
0.991736 0.128297 0.000000 277.002071 -0.128297 0.991736 0.000000 -28.912807 0.000000 0.000000 1.000000 0.000000
0.991450 0.130486 0.000000 277.391351 -0.130486 0.991450 0.000000 -28.921267 0.000000 0.000000 1.000000 0.000000
0.991588 0.129437 0.000000 277.766826 -0.129437 0.991588 0.000000 -29.048586 0.000000 0.000000 1.000000 0.000000
0.991681 0.128716 0.000000 278.136262 -0.128716 0.991681 0.000000 -29.070727 0.000000 0.000000 1.000000 0.000000
0.991546 0.129759 0.000000 278.530033 -0.129759 0.991546 0.000000 -29.121635 0.000000 0.000000 1.000000 0.000000
0.991357 0.131191 0.000000 278.900812 -0.131191 0.991357 0.000000 -29.159083 0.000000 0.000000 1.000000 0.000000
0.991728 0.128357 0.000000 279.211500 -0.128357 0.991728 0.000000 -29.318510 0.000000 0.000000 1.000000 0.000000
0.991884 0.127146 0.000000 279.587147 -0.127146 0.991884 0.000000 -29.309730 0.000000 0.000000 1.000000 0.000000
0.992158 0.124993 0.000000 279.984499 -0.124993 0.992158 0.000000 -29.357719 0.000000 0.000000 1.000000 0.000000
0.992073 0.125661 0.000000 280.361741 -0.125661 0.992073 0.000000 -29.435158 0.000000 0.000000 1.000000 0.000000
0.992024 0.126047 0.000000 280.644975 -0.126047 0.992024 0.000000 -29.492150 0.000000 0.000000 1.000000 0.000000
0.991754 0.128157 0.000000 280.966459 -0.128157 0.991754 0.000000 -29.547197 0.000000 0.000000 1.000000 0.000000
0.991657 0.128905 0.000000 281.637025 -0.128905 0.991657 0.000000 -29.622819 0.000000 0.000000 1.000000 0.000000
0.991600 0.129342 0.000000 281.938946 -0.129342 0.991600 0.000000 -29.689083 0.000000 0.000000 1.000000 0.000000
0.991492 0.130171 0.000000 282.235671 -0.130171 0.991492 0.000000 -29.675010 0.000000 0.000000 1.000000 0.000000
0.991349 0.131249 0.000000 282.636191 -0.131249 0.991349 0.000000 -29.672224 0.000000 0.000000 1.000000 0.000000
0.991493 0.130157 0.000000 282.914822 -0.130157 0.991493 0.000000 -29.703839 0.000000 0.000000 1.000000 0.000000
0.991428 0.130653 0.000000 283.589930 -0.130653 0.991428 0.000000 -29.780645 0.000000 0.000000 1.000000 0.000000
0.991268 0.131865 0.000000 283.872494 -0.131865 0.991268 0.000000 -29.830867 0.000000 0.000000 1.000000 0.000000
0.991090 0.133191 0.000000 284.160482 -0.133191 0.991090 0.000000 -29.852604 0.000000 0.000000 1.000000 0.000000
0.991125 0.132930 0.000000 284.413355 -0.132930 0.991125 0.000000 -29.885719 0.000000 0.000000 1.000000 0.000000
0.991116 0.133002 0.000000 284.727034 -0.133002 0.991116 0.000000 -29.895053 0.000000 0.000000 1.000000 0.000000
0.990936 0.134332 0.000000 287.194801 -0.134332 0.990936 0.000000 -30.284227 0.000000 0.000000 1.000000 0.000000
0.990591 0.136853 0.000000 287.463079 -0.136853 0.990591 0.000000 -30.308999 0.000000 0.000000 1.000000 0.000000
0.990479 0.137661 0.000000 287.689713 -0.137661 0.990479 0.000000 -30.441057 0.000000 0.000000 1.000000 0.000000
0.990322 0.138786 0.000000 288.077727 -0.138786 0.990322 0.000000 -30.485327 0.000000 0.000000 1.000000 0.000000
0.990465 0.137767 0.000000 288.515843 -0.137767 0.990465 0.000000 -30.528395 0.000000 0.000000 1.000000 0.000000
0.990527 0.137322 0.000000 288.868049 -0.137322 0.990527 0.000000 -30.575511 0.000000 0.000000 1.000000 0.000000
0.990494 0.137557 0.000000 289.023753 -0.137557 0.990494 0.000000 -30.671375 0.000000 0.000000 1.000000 0.000000
0.990253 0.139277 0.000000 289.291001 -0.139277 0.990253 0.000000 -30.598192 0.000000 0.000000 1.000000 0.000000
0.990318 0.138816 0.000000 289.470908 -0.138816 0.990318 0.000000 -30.618542 0.000000 0.000000 1.000000 0.000000
0.990440 0.137942 0.000000 289.620585 -0.137942 0.990440 0.000000 -30.639259 0.000000 0.000000 1.000000 0.000000
0.990696 0.136093 0.000000 289.923722 -0.136093 0.990696 0.000000 -30.649512 0.000000 0.000000 1.000000 0.000000
0.990326 0.138763 0.000000 290.063294 -0.138763 0.990326 0.000000 -30.672954 0.000000 0.000000 1.000000 0.000000
0.990404 0.138200 0.000000 290.360710 -0.138200 0.990404 0.000000 -30.656919 0.000000 0.000000 1.000000 0.000000
0.990342 0.138644 0.000000 290.576808 -0.138644 0.990342 0.000000 -30.658265 0.000000 0.000000 1.000000 0.000000
0.990480 0.137655 0.000000 290.765974 -0.137655 0.990480 0.000000 -30.677706 0.000000 0.000000 1.000000 0.000000
0.990370 0.138447 0.000000 290.891768 -0.138447 0.990370 0.000000 -30.729539 0.000000 0.000000 1.000000 0.000000
0.990482 0.137641 0.000000 291.123153 -0.137641 0.990482 0.000000 -30.852997 0.000000 0.000000 1.000000 0.000000
0.990366 0.138478 0.000000 291.267842 -0.138478 0.990366 0.000000 -30.893529 0.000000 0.000000 1.000000 0.000000
0.990343 0.138642 0.000000 291.547051 -0.138642 0.990343 0.000000 -30.892085 0.000000 0.000000 1.000000 0.000000
0.990385 0.138342 0.000000 291.655949 -0.138342 0.990385 0.000000 -30.943135 0.000000 0.000000 1.000000 0.000000
0.990185 0.139764 0.000000 291.831532 -0.139764 0.990185 0.000000 -31.017053 0.000000 0.000000 1.000000 0.000000
0.990248 0.139319 0.000000 291.973254 -0.139319 0.990248 0.000000 -30.986854 0.000000 0.000000 1.000000 0.000000
0.990121 0.140213 0.000000 292.217105 -0.140213 0.990121 0.000000 -30.865838 0.000000 0.000000 1.000000 0.000000
0.989741 0.142875 0.000000 292.344065 -0.142875 0.989741 0.000000 -30.922375 0.000000 0.000000 1.000000 0.000000
0.989608 0.143789 0.000000 292.512566 -0.143789 0.989608 0.000000 -30.920978 0.000000 0.000000 1.000000 0.000000
0.989895 0.141803 0.000000 292.742619 -0.141803 0.989895 0.000000 -30.958585 0.000000 0.000000 1.000000 0.000000
0.989835 0.142223 0.000000 292.870244 -0.142223 0.989835 0.000000 -31.010305 0.000000 0.000000 1.000000 0.000000
0.989562 0.144105 0.000000 293.126711 -0.144105 0.989562 0.000000 -30.986633 0.000000 0.000000 1.000000 0.000000
0.989744 0.142851 0.000000 293.268384 -0.142851 0.989744 0.000000 -31.044808 0.000000 0.000000 1.000000 0.000000
0.989537 0.144277 0.000000 293.513096 -0.144277 0.989537 0.000000 -31.025402 0.000000 0.000000 1.000000 0.000000
0.989757 0.142760 0.000000 293.756976 -0.142760 0.989757 0.000000 -31.007626 0.000000 0.000000 1.000000 0.000000
0.989517 0.144414 0.000000 293.858270 -0.144414 0.989517 0.000000 -31.056553 0.000000 0.000000 1.000000 0.000000
0.989872 0.141964 0.000000 293.920933 -0.141964 0.989872 0.000000 -30.992188 0.000000 0.000000 1.000000 0.000000
0.989711 0.143082 0.000000 293.949431 -0.143082 0.989711 0.000000 -30.974168 0.000000 0.000000 1.000000 0.000000
0.989434 0.144985 0.000000 294.038459 -0.144985 0.989434 0.000000 -31.009857 0.000000 0.000000 1.000000 0.000000
0.989605 0.143810 0.000000 294.157588 -0.143810 0.989605 0.000000 -30.910949 0.000000 0.000000 1.000000 0.000000
0.989546 0.144219 0.000000 294.221430 -0.144219 0.989546 0.000000 -30.918437 0.000000 0.000000 1.000000 0.000000
0.989401 0.145210 0.000000 294.257627 -0.145210 0.989401 0.000000 -30.896072 0.000000 0.000000 1.000000 0.000000
0.989157 0.146863 0.000000 294.278279 -0.146863 0.989157 0.000000 -30.869025 0.000000 0.000000 1.000000 0.000000
0.989352 0.145540 0.000000 294.297628 -0.145540 0.989352 0.000000 -30.913335 0.000000 0.000000 1.000000 0.000000
0.989284 0.146007 0.000000 294.323663 -0.146007 0.989284 0.000000 -30.972002 0.000000 0.000000 1.000000 0.000000
0.989149 0.146918 0.000000 294.298350 -0.146918 0.989149 0.000000 -30.924016 0.000000 0.000000 1.000000 0.000000
0.989086 0.147337 0.000000 294.324822 -0.147337 0.989086 0.000000 -30.922114 0.000000 0.000000 1.000000 0.000000
0.989234 0.146345 0.000000 294.369077 -0.146345 0.989234 0.000000 -30.950247 0.000000 0.000000 1.000000 0.000000
0.989157 0.146860 0.000000 294.365749 -0.146860 0.989157 0.000000 -30.972116 0.000000 0.000000 1.000000 0.000000
0.988835 0.149012 0.000000 294.342027 -0.149012 0.988835 0.000000 -30.850033 0.000000 0.000000 1.000000 0.000000
0.989079 0.147384 0.000000 294.508127 -0.147384 0.989079 0.000000 -30.953622 0.000000 0.000000 1.000000 0.000000
0.989113 0.147156 0.000000 294.612597 -0.147156 0.989113 0.000000 -30.950240 0.000000 0.000000 1.000000 0.000000
0.989241 0.146294 0.000000 294.575317 -0.146294 0.989241 0.000000 -30.970937 0.000000 0.000000 1.000000 0.000000
0.989224 0.146408 0.000000 294.526973 -0.146408 0.989224 0.000000 -30.963002 0.000000 0.000000 1.000000 0.000000
0.989205 0.146540 0.000000 294.594055 -0.146540 0.989205 0.000000 -30.998604 0.000000 0.000000 1.000000 0.000000
0.989247 0.146252 0.000000 294.513523 -0.146252 0.989247 0.000000 -31.006851 0.000000 0.000000 1.000000 0.000000
0.989372 0.145409 0.000000 294.559325 -0.145409 0.989372 0.000000 -31.028136 0.000000 0.000000 1.000000 0.000000
0.989213 0.146482 0.000000 294.544565 -0.146482 0.989213 0.000000 -30.987776 0.000000 0.000000 1.000000 0.000000
0.989114 0.147152 0.000000 294.538688 -0.147152 0.989114 0.000000 -30.918433 0.000000 0.000000 1.000000 0.000000
0.989029 0.147721 0.000000 294.566516 -0.147721 0.989029 0.000000 -30.946458 0.000000 0.000000 1.000000 0.000000
0.989021 0.147772 0.000000 294.542229 -0.147772 0.989021 0.000000 -30.948344 0.000000 0.000000 1.000000 0.000000
0.988997 0.147935 0.000000 294.534766 -0.147935 0.988997 0.000000 -30.932771 0.000000 0.000000 1.000000 0.000000
0.989116 0.147136 0.000000 294.504527 -0.147136 0.989116 0.000000 -30.970677 0.000000 0.000000 1.000000 0.000000
0.989103 0.147227 0.000000 294.456198 -0.147227 0.989103 0.000000 -30.959017 0.000000 0.000000 1.000000 0.000000
0.989061 0.147505 0.000000 294.448969 -0.147505 0.989061 0.000000 -30.982042 0.000000 0.000000 1.000000 0.000000
0.988872 0.148767 0.000000 294.441335 -0.148767 0.988872 0.000000 -30.929281 0.000000 0.000000 1.000000 0.000000
0.988911 0.148512 0.000000 294.534119 -0.148512 0.988911 0.000000 -30.867734 0.000000 0.000000 1.000000 0.000000
0.988982 0.148037 0.000000 294.512065 -0.148037 0.988982 0.000000 -30.900419 0.000000 0.000000 1.000000 0.000000
0.989036 0.147674 0.000000 294.498162 -0.147674 0.989036 0.000000 -30.914965 0.000000 0.000000 1.000000 0.000000
0.988882 0.148700 0.000000 294.465824 -0.148700 0.988882 0.000000 -30.876832 0.000000 0.000000 1.000000 0.000000
0.988808 0.149196 0.000000 294.443907 -0.149196 0.988808 0.000000 -30.842084 0.000000 0.000000 1.000000 0.000000
0.988675 0.150075 0.000000 294.483844 -0.150075 0.988675 0.000000 -30.829268 0.000000 0.000000 1.000000 0.000000
0.988671 0.150102 0.000000 294.519128 -0.150102 0.988671 0.000000 -30.808270 0.000000 0.000000 1.000000 0.000000
0.988776 0.149407 0.000000 294.516722 -0.149407 0.988776 0.000000 -30.858458 0.000000 0.000000 1.000000 0.000000
0.988845 0.148949 0.000000 294.503056 -0.148949 0.988845 0.000000 -30.875730 0.000000 0.000000 1.000000 0.000000
0.988792 0.149302 0.000000 294.469072 -0.149302 0.988792 0.000000 -30.850006 0.000000 0.000000 1.000000 0.000000
0.988733 0.149690 0.000000 294.425827 -0.149690 0.988733 0.000000 -30.827439 0.000000 0.000000 1.000000 0.000000
0.988816 0.149139 0.000000 294.431723 -0.149139 0.988816 0.000000 -30.898370 0.000000 0.000000 1.000000 0.000000
0.988858 0.148861 0.000000 294.431162 -0.148861 0.988858 0.000000 -30.873570 0.000000 0.000000 1.000000 0.000000
0.988858 0.148864 0.000000 294.481380 -0.148864 0.988858 0.000000 -30.894916 0.000000 0.000000 1.000000 0.000000
0.989012 0.147836 0.000000 294.462007 -0.147836 0.989012 0.000000 -30.905154 0.000000 0.000000 1.000000 0.000000
0.989035 0.147682 0.000000 294.539126 -0.147682 0.989035 0.000000 -30.909507 0.000000 0.000000 1.000000 0.000000
0.989083 0.147362 0.000000 294.570871 -0.147362 0.989083 0.000000 -30.958551 0.000000 0.000000 1.000000 0.000000
0.989020 0.147782 0.000000 294.557748 -0.147782 0.989020 0.000000 -30.948159 0.000000 0.000000 1.000000 0.000000
0.988923 0.148429 0.000000 294.579716 -0.148429 0.988923 0.000000 -30.923282 0.000000 0.000000 1.000000 0.000000
0.988959 0.148190 0.000000 294.615147 -0.148190 0.988959 0.000000 -30.960191 0.000000 0.000000 1.000000 0.000000
0.989101 0.147238 0.000000 294.596383 -0.147238 0.989101 0.000000 -30.975908 0.000000 0.000000 1.000000 0.000000
0.989012 0.147836 0.000000 294.613726 -0.147836 0.989012 0.000000 -30.994357 0.000000 0.000000 1.000000 0.000000
0.989023 0.147759 0.000000 294.580091 -0.147759 0.989023 0.000000 -30.978813 0.000000 0.000000 1.000000 0.000000
0.988986 0.148010 0.000000 294.574969 -0.148010 0.988986 0.000000 -30.949616 0.000000 0.000000 1.000000 0.000000
0.988898 0.148595 0.000000 294.620104 -0.148595 0.988898 0.000000 -30.901464 0.000000 0.000000 1.000000 0.000000
0.988887 0.148670 0.000000 294.619942 -0.148670 0.988887 0.000000 -30.932179 0.000000 0.000000 1.000000 0.000000
0.988899 0.148589 0.000000 294.609557 -0.148589 0.988899 0.000000 -30.901093 0.000000 0.000000 1.000000 0.000000
0.988981 0.148040 0.000000 294.631044 -0.148040 0.988981 0.000000 -30.916768 0.000000 0.000000 1.000000 0.000000
0.988998 0.147930 0.000000 294.601337 -0.147930 0.988998 0.000000 -30.925005 0.000000 0.000000 1.000000 0.000000
0.989016 0.147808 0.000000 294.535511 -0.147808 0.989016 0.000000 -30.906858 0.000000 0.000000 1.000000 0.000000
0.988955 0.148216 0.000000 294.595122 -0.148216 0.988955 0.000000 -30.938933 0.000000 0.000000 1.000000 0.000000
0.988980 0.148050 0.000000 294.588841 -0.148050 0.988980 0.000000 -30.898831 0.000000 0.000000 1.000000 0.000000
0.988990 0.147980 0.000000 294.629923 -0.147980 0.988990 0.000000 -30.912965 0.000000 0.000000 1.000000 0.000000
0.988891 0.148643 0.000000 294.621099 -0.148643 0.988891 0.000000 -30.884731 0.000000 0.000000 1.000000 0.000000
0.988898 0.148598 0.000000 294.563874 -0.148598 0.988898 0.000000 -30.893169 0.000000 0.000000 1.000000 0.000000
0.988860 0.148851 0.000000 294.564692 -0.148851 0.988860 0.000000 -30.883596 0.000000 0.000000 1.000000 0.000000
0.988837 0.149004 0.000000 294.541779 -0.149004 0.988837 0.000000 -30.863907 0.000000 0.000000 1.000000 0.000000
0.988858 0.148863 0.000000 294.551124 -0.148863 0.988858 0.000000 -30.898128 0.000000 0.000000 1.000000 0.000000
0.988876 0.148741 0.000000 294.544453 -0.148741 0.988876 0.000000 -30.927433 0.000000 0.000000 1.000000 0.000000
0.988874 0.148757 0.000000 294.519234 -0.148757 0.988874 0.000000 -30.919601 0.000000 0.000000 1.000000 0.000000
0.988768 0.149460 0.000000 294.507563 -0.149460 0.988768 0.000000 -30.903770 0.000000 0.000000 1.000000 0.000000
0.988819 0.149120 0.000000 294.479001 -0.149120 0.988819 0.000000 -30.938903 0.000000 0.000000 1.000000 0.000000
0.988889 0.148655 0.000000 294.460523 -0.148655 0.988889 0.000000 -30.944282 0.000000 0.000000 1.000000 0.000000
0.988788 0.149326 0.000000 294.463778 -0.149326 0.988788 0.000000 -30.923192 0.000000 0.000000 1.000000 0.000000
0.988842 0.148968 0.000000 294.446518 -0.148968 0.988842 0.000000 -30.932617 0.000000 0.000000 1.000000 0.000000
0.988831 0.149044 0.000000 294.408195 -0.149044 0.988831 0.000000 -30.946742 0.000000 0.000000 1.000000 0.000000
0.988813 0.149163 0.000000 294.398339 -0.149163 0.988813 0.000000 -30.944839 0.000000 0.000000 1.000000 0.000000
0.988747 0.149595 0.000000 294.427265 -0.149595 0.988747 0.000000 -30.942216 0.000000 0.000000 1.000000 0.000000
0.988724 0.149752 0.000000 294.445937 -0.149752 0.988724 0.000000 -30.952829 0.000000 0.000000 1.000000 0.000000
0.988773 0.149424 0.000000 294.420828 -0.149424 0.988773 0.000000 -30.949920 0.000000 0.000000 1.000000 0.000000
0.988883 0.148693 0.000000 294.388386 -0.148693 0.988883 0.000000 -30.949962 0.000000 0.000000 1.000000 0.000000
0.988897 0.148603 0.000000 294.379997 -0.148603 0.988897 0.000000 -30.935688 0.000000 0.000000 1.000000 0.000000
0.988775 0.149411 0.000000 294.386873 -0.149411 0.988775 0.000000 -30.914734 0.000000 0.000000 1.000000 0.000000
0.988790 0.149310 0.000000 294.402497 -0.149310 0.988790 0.000000 -30.931167 0.000000 0.000000 1.000000 0.000000
0.988795 0.149283 0.000000 294.395139 -0.149283 0.988795 0.000000 -30.906129 0.000000 0.000000 1.000000 0.000000
0.988752 0.149563 0.000000 294.416555 -0.149563 0.988752 0.000000 -30.887698 0.000000 0.000000 1.000000 0.000000
0.988729 0.149715 0.000000 294.408516 -0.149715 0.988729 0.000000 -30.861931 0.000000 0.000000 1.000000 0.000000
0.988758 0.149522 0.000000 294.388428 -0.149522 0.988758 0.000000 -30.866749 0.000000 0.000000 1.000000 0.000000
0.988769 0.149449 0.000000 294.385197 -0.149449 0.988769 0.000000 -30.871711 0.000000 0.000000 1.000000 0.000000
0.988735 0.149678 0.000000 294.345371 -0.149678 0.988735 0.000000 -30.856886 0.000000 0.000000 1.000000 0.000000
0.988728 0.149725 0.000000 294.344291 -0.149725 0.988728 0.000000 -30.829394 0.000000 0.000000 1.000000 0.000000
0.988784 0.149354 0.000000 294.331047 -0.149354 0.988784 0.000000 -30.854456 0.000000 0.000000 1.000000 0.000000
0.988861 0.148841 0.000000 294.337425 -0.148841 0.988861 0.000000 -30.848734 0.000000 0.000000 1.000000 0.000000
0.988904 0.148557 0.000000 294.317511 -0.148557 0.988904 0.000000 -30.823940 0.000000 0.000000 1.000000 0.000000
0.988970 0.148116 0.000000 294.362348 -0.148116 0.988970 0.000000 -30.806479 0.000000 0.000000 1.000000 0.000000
0.989002 0.147902 0.000000 294.387848 -0.147902 0.989002 0.000000 -30.808346 0.000000 0.000000 1.000000 0.000000
0.989017 0.147800 0.000000 294.355811 -0.147800 0.989017 0.000000 -30.772414 0.000000 0.000000 1.000000 0.000000
0.989023 0.147763 0.000000 294.388015 -0.147763 0.989023 0.000000 -30.771652 0.000000 0.000000 1.000000 0.000000
0.989055 0.147550 0.000000 294.419987 -0.147550 0.989055 0.000000 -30.773050 0.000000 0.000000 1.000000 0.000000
0.989034 0.147690 0.000000 294.379532 -0.147690 0.989034 0.000000 -30.802949 0.000000 0.000000 1.000000 0.000000
0.989041 0.147641 0.000000 294.385544 -0.147641 0.989041 0.000000 -30.767736 0.000000 0.000000 1.000000 0.000000
0.989233 0.146350 0.000000 294.376557 -0.146350 0.989233 0.000000 -30.732110 0.000000 0.000000 1.000000 0.000000
0.989256 0.146193 0.000000 294.404097 -0.146193 0.989256 0.000000 -30.761931 0.000000 0.000000 1.000000 0.000000
0.989282 0.146016 0.000000 294.406559 -0.146016 0.989282 0.000000 -30.712483 0.000000 0.000000 1.000000 0.000000
0.989176 0.146736 0.000000 294.399007 -0.146736 0.989176 0.000000 -30.712462 0.000000 0.000000 1.000000 0.000000
0.989162 0.146825 0.000000 294.397774 -0.146825 0.989162 0.000000 -30.741447 0.000000 0.000000 1.000000 0.000000
0.989051 0.147576 0.000000 294.321108 -0.147576 0.989051 0.000000 -30.771900 0.000000 0.000000 1.000000 0.000000
0.988955 0.148218 0.000000 294.354676 -0.148218 0.988955 0.000000 -30.832033 0.000000 0.000000 1.000000 0.000000
0.988981 0.148041 0.000000 294.347849 -0.148041 0.988981 0.000000 -30.829094 0.000000 0.000000 1.000000 0.000000
0.988953 0.148227 0.000000 294.389758 -0.148227 0.988953 0.000000 -30.826147 0.000000 0.000000 1.000000 0.000000
0.988914 0.148487 0.000000 294.420132 -0.148487 0.988914 0.000000 -30.843374 0.000000 0.000000 1.000000 0.000000
0.988916 0.148476 0.000000 294.367727 -0.148476 0.988916 0.000000 -30.831910 0.000000 0.000000 1.000000 0.000000
0.988931 0.148379 0.000000 294.432197 -0.148379 0.988931 0.000000 -30.805544 0.000000 0.000000 1.000000 0.000000
0.988946 0.148277 0.000000 294.418918 -0.148277 0.988946 0.000000 -30.806819 0.000000 0.000000 1.000000 0.000000
0.989036 0.147676 0.000000 294.438151 -0.147676 0.989036 0.000000 -30.802296 0.000000 0.000000 1.000000 0.000000
0.988951 0.148241 0.000000 294.437584 -0.148241 0.988951 0.000000 -30.825751 0.000000 0.000000 1.000000 0.000000
0.988937 0.148334 0.000000 294.439051 -0.148334 0.988937 0.000000 -30.845401 0.000000 0.000000 1.000000 0.000000
0.988962 0.148168 0.000000 294.440163 -0.148168 0.988962 0.000000 -30.807139 0.000000 0.000000 1.000000 0.000000
0.989003 0.147897 0.000000 294.435235 -0.147897 0.989003 0.000000 -30.859392 0.000000 0.000000 1.000000 0.000000
0.988941 0.148308 0.000000 294.405762 -0.148308 0.988941 0.000000 -30.864812 0.000000 0.000000 1.000000 0.000000
0.988909 0.148523 0.000000 294.414089 -0.148523 0.988909 0.000000 -30.843474 0.000000 0.000000 1.000000 0.000000
0.988981 0.148040 0.000000 294.471226 -0.148040 0.988981 0.000000 -30.856537 0.000000 0.000000 1.000000 0.000000
0.988921 0.148441 0.000000 294.469247 -0.148441 0.988921 0.000000 -30.835681 0.000000 0.000000 1.000000 0.000000
0.988946 0.148279 0.000000 294.458275 -0.148279 0.988946 0.000000 -30.838379 0.000000 0.000000 1.000000 0.000000
0.988975 0.148079 0.000000 294.435320 -0.148079 0.988975 0.000000 -30.849015 0.000000 0.000000 1.000000 0.000000
0.988971 0.148107 0.000000 294.408976 -0.148107 0.988971 0.000000 -30.834679 0.000000 0.000000 1.000000 0.000000
0.988986 0.148010 0.000000 294.400596 -0.148010 0.988986 0.000000 -30.855053 0.000000 0.000000 1.000000 0.000000
0.988944 0.148287 0.000000 294.376204 -0.148287 0.988944 0.000000 -30.845057 0.000000 0.000000 1.000000 0.000000
0.988935 0.148350 0.000000 294.362060 -0.148350 0.988935 0.000000 -30.858066 0.000000 0.000000 1.000000 0.000000
0.988892 0.148635 0.000000 294.358230 -0.148635 0.988892 0.000000 -30.879378 0.000000 0.000000 1.000000 0.000000
0.988942 0.148302 0.000000 294.390617 -0.148302 0.988942 0.000000 -30.896471 0.000000 0.000000 1.000000 0.000000
0.988925 0.148419 0.000000 294.393827 -0.148419 0.988925 0.000000 -30.880486 0.000000 0.000000 1.000000 0.000000
0.988936 0.148341 0.000000 294.383934 -0.148341 0.988936 0.000000 -30.904680 0.000000 0.000000 1.000000 0.000000
0.988960 0.148184 0.000000 294.373696 -0.148184 0.988960 0.000000 -30.909069 0.000000 0.000000 1.000000 0.000000
0.988980 0.148052 0.000000 294.368692 -0.148052 0.988980 0.000000 -30.952371 0.000000 0.000000 1.000000 0.000000
0.988979 0.148058 0.000000 294.383628 -0.148058 0.988979 0.000000 -30.945575 0.000000 0.000000 1.000000 0.000000
0.988944 0.148288 0.000000 294.377151 -0.148288 0.988944 0.000000 -30.952821 0.000000 0.000000 1.000000 0.000000
0.988993 0.147963 0.000000 294.389012 -0.147963 0.988993 0.000000 -30.990392 0.000000 0.000000 1.000000 0.000000
0.989022 0.147769 0.000000 294.409211 -0.147769 0.989022 0.000000 -31.013310 0.000000 0.000000 1.000000 0.000000
0.988952 0.148236 0.000000 294.431476 -0.148236 0.988952 0.000000 -30.976383 0.000000 0.000000 1.000000 0.000000
0.988910 0.148515 0.000000 294.463602 -0.148515 0.988910 0.000000 -31.012604 0.000000 0.000000 1.000000 0.000000
0.988902 0.148573 0.000000 294.466218 -0.148573 0.988902 0.000000 -30.991925 0.000000 0.000000 1.000000 0.000000
0.988928 0.148395 0.000000 294.461026 -0.148395 0.988928 0.000000 -30.968534 0.000000 0.000000 1.000000 0.000000
0.988912 0.148505 0.000000 294.451723 -0.148505 0.988912 0.000000 -31.001985 0.000000 0.000000 1.000000 0.000000
0.988836 0.149006 0.000000 294.432713 -0.149006 0.988836 0.000000 -30.979533 0.000000 0.000000 1.000000 0.000000
0.988889 0.148653 0.000000 294.430568 -0.148653 0.988889 0.000000 -31.004250 0.000000 0.000000 1.000000 0.000000
0.988886 0.148674 0.000000 294.383077 -0.148674 0.988886 0.000000 -30.990166 0.000000 0.000000 1.000000 0.000000
0.988864 0.148824 0.000000 294.391310 -0.148824 0.988864 0.000000 -30.986724 0.000000 0.000000 1.000000 0.000000
0.988740 0.149643 0.000000 294.419599 -0.149643 0.988740 0.000000 -30.985567 0.000000 0.000000 1.000000 0.000000
0.988746 0.149602 0.000000 294.419236 -0.149602 0.988746 0.000000 -30.984657 0.000000 0.000000 1.000000 0.000000
0.988806 0.149204 0.000000 294.426992 -0.149204 0.988806 0.000000 -31.020758 0.000000 0.000000 1.000000 0.000000
0.988836 0.149005 0.000000 294.408045 -0.149005 0.988836 0.000000 -31.091978 0.000000 0.000000 1.000000 0.000000
0.988898 0.148594 0.000000 294.438445 -0.148594 0.988898 0.000000 -31.083816 0.000000 0.000000 1.000000 0.000000
0.988787 0.149335 0.000000 294.447580 -0.149335 0.988787 0.000000 -31.089907 0.000000 0.000000 1.000000 0.000000
0.988849 0.148923 0.000000 294.460671 -0.148923 0.988849 0.000000 -31.130871 0.000000 0.000000 1.000000 0.000000
0.988801 0.149240 0.000000 294.481476 -0.149240 0.988801 0.000000 -31.136958 0.000000 0.000000 1.000000 0.000000
0.988833 0.149025 0.000000 294.451708 -0.149025 0.988833 0.000000 -31.149777 0.000000 0.000000 1.000000 0.000000
0.988822 0.149098 0.000000 294.453195 -0.149098 0.988822 0.000000 -31.212026 0.000000 0.000000 1.000000 0.000000
0.988853 0.148892 0.000000 294.459681 -0.148892 0.988853 0.000000 -31.245610 0.000000 0.000000 1.000000 0.000000
0.988883 0.148698 0.000000 294.506813 -0.148698 0.988883 0.000000 -31.208173 0.000000 0.000000 1.000000 0.000000
0.988832 0.149033 0.000000 294.498594 -0.149033 0.988832 0.000000 -31.208653 0.000000 0.000000 1.000000 0.000000
0.988896 0.148613 0.000000 294.502089 -0.148613 0.988896 0.000000 -31.222530 0.000000 0.000000 1.000000 0.000000
0.988906 0.148544 0.000000 294.486323 -0.148544 0.988906 0.000000 -31.228582 0.000000 0.000000 1.000000 0.000000
0.988867 0.148799 0.000000 294.518127 -0.148799 0.988867 0.000000 -31.270372 0.000000 0.000000 1.000000 0.000000
0.988898 0.148597 0.000000 294.543145 -0.148597 0.988898 0.000000 -31.273620 0.000000 0.000000 1.000000 0.000000
0.988899 0.148588 0.000000 294.519519 -0.148588 0.988899 0.000000 -31.268602 0.000000 0.000000 1.000000 0.000000
0.988882 0.148701 0.000000 294.505794 -0.148701 0.988882 0.000000 -31.277271 0.000000 0.000000 1.000000 0.000000
0.988880 0.148713 0.000000 294.483807 -0.148713 0.988880 0.000000 -31.285186 0.000000 0.000000 1.000000 0.000000
0.988877 0.148733 0.000000 294.444722 -0.148733 0.988877 0.000000 -31.277064 0.000000 0.000000 1.000000 0.000000
0.988775 0.149415 0.000000 294.423618 -0.149415 0.988775 0.000000 -31.276681 0.000000 0.000000 1.000000 0.000000
0.988824 0.149090 0.000000 294.414221 -0.149090 0.988824 0.000000 -31.259373 0.000000 0.000000 1.000000 0.000000
0.988760 0.149512 0.000000 294.433238 -0.149512 0.988760 0.000000 -31.279350 0.000000 0.000000 1.000000 0.000000
0.988759 0.149521 0.000000 294.430656 -0.149521 0.988759 0.000000 -31.279352 0.000000 0.000000 1.000000 0.000000
0.988785 0.149343 0.000000 294.445777 -0.149343 0.988785 0.000000 -31.282433 0.000000 0.000000 1.000000 0.000000
0.988708 0.149854 0.000000 294.462286 -0.149854 0.988708 0.000000 -31.308883 0.000000 0.000000 1.000000 0.000000
0.988787 0.149335 0.000000 294.441451 -0.149335 0.988787 0.000000 -31.331719 0.000000 0.000000 1.000000 0.000000
0.988770 0.149444 0.000000 294.440410 -0.149444 0.988770 0.000000 -31.354094 0.000000 0.000000 1.000000 0.000000
0.988755 0.149542 0.000000 294.430266 -0.149542 0.988755 0.000000 -31.345305 0.000000 0.000000 1.000000 0.000000
0.988828 0.149064 0.000000 294.420223 -0.149064 0.988828 0.000000 -31.336427 0.000000 0.000000 1.000000 0.000000
0.988788 0.149325 0.000000 294.439652 -0.149325 0.988788 0.000000 -31.321915 0.000000 0.000000 1.000000 0.000000
0.988726 0.149739 0.000000 294.396310 -0.149739 0.988726 0.000000 -31.318891 0.000000 0.000000 1.000000 0.000000
0.988709 0.149850 0.000000 294.409736 -0.149850 0.988709 0.000000 -31.316887 0.000000 0.000000 1.000000 0.000000
0.988717 0.149796 0.000000 294.365432 -0.149796 0.988717 0.000000 -31.291298 0.000000 0.000000 1.000000 0.000000
0.988694 0.149945 0.000000 294.396574 -0.149945 0.988694 0.000000 -31.286842 0.000000 0.000000 1.000000 0.000000
0.988603 0.150545 0.000000 294.418735 -0.150545 0.988603 0.000000 -31.286167 0.000000 0.000000 1.000000 0.000000
0.988549 0.150900 0.000000 294.354726 -0.150900 0.988549 0.000000 -31.286481 0.000000 0.000000 1.000000 0.000000
0.988559 0.150832 0.000000 294.326862 -0.150832 0.988559 0.000000 -31.276183 0.000000 0.000000 1.000000 0.000000
0.988526 0.151054 0.000000 294.333106 -0.151054 0.988526 0.000000 -31.279805 0.000000 0.000000 1.000000 0.000000
0.988486 0.151314 0.000000 294.360944 -0.151314 0.988486 0.000000 -31.304334 0.000000 0.000000 1.000000 0.000000
0.988407 0.151827 0.000000 294.419917 -0.151827 0.988407 0.000000 -31.343866 0.000000 0.000000 1.000000 0.000000
0.988373 0.152048 0.000000 294.441432 -0.152048 0.988373 0.000000 -31.346976 0.000000 0.000000 1.000000 0.000000
0.988335 0.152296 0.000000 294.398514 -0.152296 0.988335 0.000000 -31.357614 0.000000 0.000000 1.000000 0.000000
0.988374 0.152041 0.000000 294.372594 -0.152041 0.988374 0.000000 -31.367969 0.000000 0.000000 1.000000 0.000000
0.988277 0.152671 0.000000 294.362077 -0.152671 0.988277 0.000000 -31.328202 0.000000 0.000000 1.000000 0.000000
0.988350 0.152200 0.000000 294.343848 -0.152200 0.988350 0.000000 -31.362162 0.000000 0.000000 1.000000 0.000000
0.988314 0.152429 0.000000 294.360534 -0.152429 0.988314 0.000000 -31.368104 0.000000 0.000000 1.000000 0.000000
0.988317 0.152415 0.000000 294.389548 -0.152415 0.988317 0.000000 -31.343822 0.000000 0.000000 1.000000 0.000000
0.988216 0.153068 0.000000 294.363256 -0.153068 0.988216 0.000000 -31.321566 0.000000 0.000000 1.000000 0.000000
0.988216 0.153067 0.000000 294.392300 -0.153067 0.988216 0.000000 -31.317657 0.000000 0.000000 1.000000 0.000000
0.988255 0.152815 0.000000 294.415185 -0.152815 0.988255 0.000000 -31.335808 0.000000 0.000000 1.000000 0.000000
0.988212 0.153088 0.000000 294.419878 -0.153088 0.988212 0.000000 -31.335422 0.000000 0.000000 1.000000 0.000000
0.988232 0.152959 0.000000 294.408094 -0.152959 0.988232 0.000000 -31.359820 0.000000 0.000000 1.000000 0.000000
0.988272 0.152705 0.000000 294.416901 -0.152705 0.988272 0.000000 -31.327533 0.000000 0.000000 1.000000 0.000000
0.988236 0.152935 0.000000 294.362784 -0.152935 0.988236 0.000000 -31.330995 0.000000 0.000000 1.000000 0.000000
0.988335 0.152292 0.000000 294.383687 -0.152292 0.988335 0.000000 -31.295351 0.000000 0.000000 1.000000 0.000000
0.988352 0.152184 0.000000 294.348950 -0.152184 0.988352 0.000000 -31.270152 0.000000 0.000000 1.000000 0.000000
0.988332 0.152315 0.000000 294.380612 -0.152315 0.988332 0.000000 -31.272321 0.000000 0.000000 1.000000 0.000000
