0.999998 0.001871 0.000000 0.829541 -0.001871 0.999998 0.000000 -0.024400 0.000000 0.000000 1.000000 0.000000
1.000000 0.000311 0.000000 1.410769 -0.000311 1.000000 0.000000 -0.039615 0.000000 0.000000 1.000000 0.000000
0.999998 0.002016 0.000000 2.041679 -0.002016 0.999998 0.000000 -0.042806 0.000000 0.000000 1.000000 0.000000
1.000000 0.000490 0.000000 2.972167 -0.000490 1.000000 0.000000 -0.072480 0.000000 0.000000 1.000000 0.000000
0.999997 -0.002613 0.000000 3.594376 0.002613 0.999997 0.000000 -0.098300 0.000000 0.000000 1.000000 0.000000
0.999994 -0.003393 0.000000 4.222249 0.003393 0.999994 0.000000 -0.114473 0.000000 0.000000 1.000000 0.000000
0.999972 -0.007481 0.000000 4.847283 0.007481 0.999972 0.000000 -0.134462 0.000000 0.000000 1.000000 0.000000
0.999923 -0.012446 0.000000 6.100441 0.012446 0.999923 0.000000 -0.150184 0.000000 0.000000 1.000000 0.000000
0.999904 -0.013877 0.000000 6.731875 0.013877 0.999904 0.000000 -0.162822 0.000000 0.000000 1.000000 0.000000
0.999899 -0.014215 0.000000 7.358330 0.014215 0.999899 0.000000 -0.168456 0.000000 0.000000 1.000000 0.000000
0.999912 -0.013248 0.000000 7.986914 0.013248 0.999912 0.000000 -0.176611 0.000000 0.000000 1.000000 0.000000
0.999887 -0.015027 0.000000 8.653759 0.015027 0.999887 0.000000 -0.183359 0.000000 0.000000 1.000000 0.000000
0.999876 -0.015725 0.000000 9.277123 0.015725 0.999876 0.000000 -0.201081 0.000000 0.000000 1.000000 0.000000
0.999869 -0.016158 0.000000 9.898205 0.016158 0.999869 0.000000 -0.204602 0.000000 0.000000 1.000000 0.000000
0.999838 -0.018020 0.000000 10.516780 0.018020 0.999838 0.000000 -0.216742 0.000000 0.000000 1.000000 0.000000
0.999798 -0.020108 0.000000 11.131530 0.020108 0.999798 0.000000 -0.222231 0.000000 0.000000 1.000000 0.000000
0.999784 -0.020804 0.000000 11.747317 0.020804 0.999784 0.000000 -0.217210 0.000000 0.000000 1.000000 0.000000
0.999797 -0.020132 0.000000 12.370361 0.020132 0.999797 0.000000 -0.213582 0.000000 0.000000 1.000000 0.000000
0.999770 -0.021457 0.000000 12.983931 0.021457 0.999770 0.000000 -0.219818 0.000000 0.000000 1.000000 0.000000
0.999785 -0.020722 0.000000 13.639486 0.020722 0.999785 0.000000 -0.232001 0.000000 0.000000 1.000000 0.000000
0.999759 -0.021968 0.000000 14.225969 0.021968 0.999759 0.000000 -0.234396 0.000000 0.000000 1.000000 0.000000
0.999751 -0.022295 0.000000 14.848417 0.022295 0.999751 0.000000 -0.230553 0.000000 0.000000 1.000000 0.000000
0.999765 -0.021682 0.000000 15.465721 0.021682 0.999765 0.000000 -0.233983 0.000000 0.000000 1.000000 0.000000
0.999722 -0.023566 0.000000 16.124562 0.023566 0.999722 0.000000 -0.233482 0.000000 0.000000 1.000000 0.000000
0.999688 -0.024984 0.000000 16.750894 0.024984 0.999688 0.000000 -0.226793 0.000000 0.000000 1.000000 0.000000
0.999665 -0.025893 0.000000 17.368572 0.025893 0.999665 0.000000 -0.223011 0.000000 0.000000 1.000000 0.000000
0.999639 -0.026874 0.000000 17.987527 0.026874 0.999639 0.000000 -0.224211 0.000000 0.000000 1.000000 0.000000
0.999666 -0.025847 0.000000 18.609476 0.025847 0.999666 0.000000 -0.227922 0.000000 0.000000 1.000000 0.000000
0.999595 -0.028473 0.000000 19.236464 0.028473 0.999595 0.000000 -0.233236 0.000000 0.000000 1.000000 0.000000
0.999581 -0.028955 0.000000 19.835623 0.028955 0.999581 0.000000 -0.236512 0.000000 0.000000 1.000000 0.000000
0.999515 -0.031135 0.000000 20.459697 0.031135 0.999515 0.000000 -0.234073 0.000000 0.000000 1.000000 0.000000
0.999552 -0.029932 0.000000 21.089430 0.029932 0.999552 0.000000 -0.224782 0.000000 0.000000 1.000000 0.000000
0.999610 -0.027932 0.000000 21.665740 0.027932 0.999610 0.000000 -0.224284 0.000000 0.000000 1.000000 0.000000
0.999536 -0.030454 0.000000 22.294185 0.030454 0.999536 0.000000 -0.229984 0.000000 0.000000 1.000000 0.000000
0.999448 -0.033236 0.000000 22.891591 0.033236 0.999448 0.000000 -0.229675 0.000000 0.000000 1.000000 0.000000
0.999367 -0.035586 0.000000 23.484763 0.035586 0.999367 0.000000 -0.236912 0.000000 0.000000 1.000000 0.000000
0.999348 -0.036102 0.000000 24.104386 0.036102 0.999348 0.000000 -0.221830 0.000000 0.000000 1.000000 0.000000
0.999366 -0.035613 0.000000 24.727408 0.035613 0.999366 0.000000 -0.227590 0.000000 0.000000 1.000000 0.000000
0.999367 -0.035589 0.000000 25.345066 0.035589 0.999367 0.000000 -0.220459 0.000000 0.000000 1.000000 0.000000
0.999418 -0.034113 0.000000 25.930675 0.034113 0.999418 0.000000 -0.215766 0.000000 0.000000 1.000000 0.000000
0.999565 -0.029485 0.000000 26.552056 0.029485 0.999565 0.000000 -0.215333 0.000000 0.000000 1.000000 0.000000
0.999628 -0.027258 0.000000 27.144439 0.027258 0.999628 0.000000 -0.206559 0.000000 0.000000 1.000000 0.000000
0.999638 -0.026891 0.000000 27.763878 0.026891 0.999638 0.000000 -0.201231 0.000000 0.000000 1.000000 0.000000
0.999608 -0.028009 0.000000 28.400363 0.028009 0.999608 0.000000 -0.197679 0.000000 0.000000 1.000000 0.000000
0.999584 -0.028826 0.000000 29.221383 0.028826 0.999584 0.000000 -0.192842 0.000000 0.000000 1.000000 0.000000
0.999627 -0.027312 0.000000 29.851253 0.027312 0.999627 0.000000 -0.177821 0.000000 0.000000 1.000000 0.000000
0.999674 -0.025535 0.000000 30.488108 0.025535 0.999674 0.000000 -0.181631 0.000000 0.000000 1.000000 0.000000
0.999717 -0.023778 0.000000 31.115384 0.023778 0.999717 0.000000 -0.172871 0.000000 0.000000 1.000000 0.000000
0.999757 -0.022054 0.000000 31.746507 0.022054 0.999757 0.000000 -0.167174 0.000000 0.000000 1.000000 0.000000
0.999735 -0.023003 0.000000 32.381410 0.023003 0.999735 0.000000 -0.165172 0.000000 0.000000 1.000000 0.000000
0.999794 -0.020290 0.000000 33.012012 0.020290 0.999794 0.000000 -0.166973 0.000000 0.000000 1.000000 0.000000
0.999838 -0.017999 0.000000 33.658012 0.017999 0.999838 0.000000 -0.170309 0.000000 0.000000 1.000000 0.000000
0.999890 -0.014850 0.000000 34.295771 0.014850 0.999890 0.000000 -0.166404 0.000000 0.000000 1.000000 0.000000
0.999906 -0.013677 0.000000 34.924274 0.013677 0.999906 0.000000 -0.181026 0.000000 0.000000 1.000000 0.000000
0.999943 -0.010647 0.000000 35.551968 0.010647 0.999943 0.000000 -0.188583 0.000000 0.000000 1.000000 0.000000
0.999933 -0.011616 0.000000 36.184911 0.011616 0.999933 0.000000 -0.195163 0.000000 0.000000 1.000000 0.000000
0.999949 -0.010086 0.000000 36.820524 0.010086 0.999949 0.000000 -0.198027 0.000000 0.000000 1.000000 0.000000
0.999965 -0.008312 0.000000 37.451559 0.008312 0.999965 0.000000 -0.197967 0.000000 0.000000 1.000000 0.000000
0.999961 -0.008788 0.000000 38.046216 0.008788 0.999961 0.000000 -0.206804 0.000000 0.000000 1.000000 0.000000
0.999977 -0.006764 0.000000 38.693508 0.006764 0.999977 0.000000 -0.221777 0.000000 0.000000 1.000000 0.000000
0.999995 -0.003231 0.000000 39.311808 0.003231 0.999995 0.000000 -0.232547 0.000000 0.000000 1.000000 0.000000
0.999995 -0.003070 0.000000 39.949178 0.003070 0.999995 0.000000 -0.242110 0.000000 0.000000 1.000000 0.000000
0.999991 -0.004349 0.000000 40.590022 0.004349 0.999991 0.000000 -0.262967 0.000000 0.000000 1.000000 0.000000
0.999994 -0.003349 0.000000 41.215700 0.003349 0.999994 0.000000 -0.273764 0.000000 0.000000 1.000000 0.000000
0.999999 -0.001218 0.000000 41.862210 0.001218 0.999999 0.000000 -0.281877 0.000000 0.000000 1.000000 0.000000
1.000000 -0.000161 0.000000 42.509445 0.000161 1.000000 0.000000 -0.292486 0.000000 0.000000 1.000000 0.000000
1.000000 0.000717 0.000000 43.154483 -0.000717 1.000000 0.000000 -0.299986 0.000000 0.000000 1.000000 0.000000
0.999994 0.003321 0.000000 43.798662 -0.003321 0.999994 0.000000 -0.316352 0.000000 0.000000 1.000000 0.000000
0.999991 0.004134 0.000000 44.450897 -0.004134 0.999991 0.000000 -0.331905 0.000000 0.000000 1.000000 0.000000
0.999996 0.002903 0.000000 45.061758 -0.002903 0.999996 0.000000 -0.349739 0.000000 0.000000 1.000000 0.000000
0.999983 0.005890 0.000000 45.706461 -0.005890 0.999983 0.000000 -0.350273 0.000000 0.000000 1.000000 0.000000
0.999971 0.007552 0.000000 46.347171 -0.007552 0.999971 0.000000 -0.361544 0.000000 0.000000 1.000000 0.000000
0.999945 0.010515 0.000000 47.010094 -0.010515 0.999945 0.000000 -0.387815 0.000000 0.000000 1.000000 0.000000
0.999976 0.006879 0.000000 47.663148 -0.006879 0.999976 0.000000 -0.419706 0.000000 0.000000 1.000000 0.000000
0.999990 0.004462 0.000000 48.307047 -0.004462 0.999990 0.000000 -0.444545 0.000000 0.000000 1.000000 0.000000
0.999989 0.004684 0.000000 48.924445 -0.004684 0.999989 0.000000 -0.456666 0.000000 0.000000 1.000000 0.000000
0.999982 0.005985 0.000000 49.579212 -0.005985 0.999982 0.000000 -0.472956 0.000000 0.000000 1.000000 0.000000
0.999959 0.009063 0.000000 50.242830 -0.009063 0.999959 0.000000 -0.480422 0.000000 0.000000 1.000000 0.000000
0.999945 0.010509 0.000000 50.901669 -0.010509 0.999945 0.000000 -0.499424 0.000000 0.000000 1.000000 0.000000
0.999951 0.009946 0.000000 51.558743 -0.009946 0.999951 0.000000 -0.523346 0.000000 0.000000 1.000000 0.000000
0.999975 0.007047 0.000000 52.228797 -0.007047 0.999975 0.000000 -0.541033 0.000000 0.000000 1.000000 0.000000
0.999960 0.008905 0.000000 53.255442 -0.008905 0.999960 0.000000 -0.576966 0.000000 0.000000 1.000000 0.000000
0.999979 0.006524 0.000000 53.941173 -0.006524 0.999979 0.000000 -0.603906 0.000000 0.000000 1.000000 0.000000
0.999949 0.010083 0.000000 54.570088 -0.010083 0.999949 0.000000 -0.624590 0.000000 0.000000 1.000000 0.000000
0.999949 0.010093 0.000000 55.224335 -0.010093 0.999949 0.000000 -0.656557 0.000000 0.000000 1.000000 0.000000
0.999944 0.010625 0.000000 55.886049 -0.010625 0.999944 0.000000 -0.677415 0.000000 0.000000 1.000000 0.000000
0.999948 0.010207 0.000000 56.547489 -0.010207 0.999948 0.000000 -0.696806 0.000000 0.000000 1.000000 0.000000
0.999935 0.011372 0.000000 57.205010 -0.011372 0.999935 0.000000 -0.716488 0.000000 0.000000 1.000000 0.000000
0.999942 0.010738 0.000000 57.852966 -0.010738 0.999942 0.000000 -0.744980 0.000000 0.000000 1.000000 0.000000
0.999958 0.009124 0.000000 59.197175 -0.009124 0.999958 0.000000 -0.786035 0.000000 0.000000 1.000000 0.000000
0.999957 0.009267 0.000000 59.842369 -0.009267 0.999957 0.000000 -0.800958 0.000000 0.000000 1.000000 0.000000
0.999985 0.005429 0.000000 60.471652 -0.005429 0.999985 0.000000 -0.814834 0.000000 0.000000 1.000000 0.000000
0.999983 0.005837 0.000000 61.116182 -0.005837 0.999983 0.000000 -0.836276 0.000000 0.000000 1.000000 0.000000
0.999968 0.008025 0.000000 61.759255 -0.008025 0.999968 0.000000 -0.866977 0.000000 0.000000 1.000000 0.000000
0.999946 0.010358 0.000000 62.434154 -0.010358 0.999946 0.000000 -0.893135 0.000000 0.000000 1.000000 0.000000
0.999941 0.010870 0.000000 63.067739 -0.010870 0.999941 0.000000 -0.918950 0.000000 0.000000 1.000000 0.000000
0.999930 0.011861 0.000000 63.672678 -0.011861 0.999930 0.000000 -0.936470 0.000000 0.000000 1.000000 0.000000
0.999935 0.011359 0.000000 64.307766 -0.011359 0.999935 0.000000 -0.958338 0.000000 0.000000 1.000000 0.000000
0.999932 0.011656 0.000000 64.895025 -0.011656 0.999932 0.000000 -0.980192 0.000000 0.000000 1.000000 0.000000
0.999918 0.012793 0.000000 65.527769 -0.012793 0.999918 0.000000 -1.017043 0.000000 0.000000 1.000000 0.000000
0.999902 0.014009 0.000000 66.159398 -0.014009 0.999902 0.000000 -1.048316 0.000000 0.000000 1.000000 0.000000
0.999894 0.014591 0.000000 66.739809 -0.014591 0.999894 0.000000 -1.072181 0.000000 0.000000 1.000000 0.000000
0.999866 0.016354 0.000000 67.362873 -0.016354 0.999866 0.000000 -1.096069 0.000000 0.000000 1.000000 0.000000
0.999893 0.014654 0.000000 67.987940 -0.014654 0.999893 0.000000 -1.132858 0.000000 0.000000 1.000000 0.000000
0.999888 0.014951 0.000000 68.566996 -0.014951 0.999888 0.000000 -1.157477 0.000000 0.000000 1.000000 0.000000
0.999905 0.013785 0.000000 69.187032 -0.013785 0.999905 0.000000 -1.194386 0.000000 0.000000 1.000000 0.000000
0.999900 0.014164 0.000000 69.752335 -0.014164 0.999900 0.000000 -1.217806 0.000000 0.000000 1.000000 0.000000
0.999834 0.018212 0.000000 70.366340 -0.018212 0.999834 0.000000 -1.238771 0.000000 0.000000 1.000000 0.000000
0.999807 0.019636 0.000000 70.981377 -0.019636 0.999807 0.000000 -1.265752 0.000000 0.000000 1.000000 0.000000
0.999789 0.020549 0.000000 71.822730 -0.020549 0.999789 0.000000 -1.311426 0.000000 0.000000 1.000000 0.000000
0.999747 0.022500 0.000000 72.428658 -0.022500 0.999747 0.000000 -1.338005 0.000000 0.000000 1.000000 0.000000
0.999706 0.024251 0.000000 73.033256 -0.024251 0.999706 0.000000 -1.371880 0.000000 0.000000 1.000000 0.000000
0.999721 0.023600 0.000000 73.639425 -0.023600 0.999721 0.000000 -1.408460 0.000000 0.000000 1.000000 0.000000
0.999718 0.023751 0.000000 74.242369 -0.023751 0.999718 0.000000 -1.442125 0.000000 0.000000 1.000000 0.000000
0.999769 0.021507 0.000000 74.839822 -0.021507 0.999769 0.000000 -1.464862 0.000000 0.000000 1.000000 0.000000
0.999792 0.020413 0.000000 75.472685 -0.020413 0.999792 0.000000 -1.487753 0.000000 0.000000 1.000000 0.000000
0.999787 0.020644 0.000000 76.075508 -0.020644 0.999787 0.000000 -1.510601 0.000000 0.000000 1.000000 0.000000
0.999799 0.020064 0.000000 76.665032 -0.020064 0.999799 0.000000 -1.544953 0.000000 0.000000 1.000000 0.000000
0.999716 0.023843 0.000000 77.847108 -0.023843 0.999716 0.000000 -1.614542 0.000000 0.000000 1.000000 0.000000
0.999744 0.022605 0.000000 78.435643 -0.022605 0.999744 0.000000 -1.649037 0.000000 0.000000 1.000000 0.000000
0.999679 0.025322 0.000000 79.021108 -0.025322 0.999679 0.000000 -1.677177 0.000000 0.000000 1.000000 0.000000
0.999666 0.025839 0.000000 79.600260 -0.025839 0.999666 0.000000 -1.712713 0.000000 0.000000 1.000000 0.000000
0.999672 0.025596 0.000000 80.181884 -0.025596 0.999672 0.000000 -1.743326 0.000000 0.000000 1.000000 0.000000
0.999607 0.028029 0.000000 80.757502 -0.028029 0.999607 0.000000 -1.774856 0.000000 0.000000 1.000000 0.000000
0.999632 0.027123 0.000000 81.326548 -0.027123 0.999632 0.000000 -1.809802 0.000000 0.000000 1.000000 0.000000
0.999681 0.025252 0.000000 81.890701 -0.025252 0.999681 0.000000 -1.831125 0.000000 0.000000 1.000000 0.000000
0.999687 0.025013 0.000000 82.446049 -0.025013 0.999687 0.000000 -1.854399 0.000000 0.000000 1.000000 0.000000
0.999634 0.027058 0.000000 83.007132 -0.027058 0.999634 0.000000 -1.880882 0.000000 0.000000 1.000000 0.000000
0.999631 0.027156 0.000000 83.563451 -0.027156 0.999631 0.000000 -1.911648 0.000000 0.000000 1.000000 0.000000
0.999634 0.027052 0.000000 84.122802 -0.027052 0.999634 0.000000 -1.947848 0.000000 0.000000 1.000000 0.000000
0.999632 0.027115 0.000000 84.673575 -0.027115 0.999632 0.000000 -1.988699 0.000000 0.000000 1.000000 0.000000
0.999578 0.029065 0.000000 85.188404 -0.029065 0.999578 0.000000 -2.020875 0.000000 0.000000 1.000000 0.000000
0.999524 0.030856 0.000000 85.725650 -0.030856 0.999524 0.000000 -2.056346 0.000000 0.000000 1.000000 0.000000
0.999432 0.033706 0.000000 86.247240 -0.033706 0.999432 0.000000 -2.093845 0.000000 0.000000 1.000000 0.000000
0.999337 0.036400 0.000000 86.753377 -0.036400 0.999337 0.000000 -2.110663 0.000000 0.000000 1.000000 0.000000
0.999319 0.036888 0.000000 87.292238 -0.036888 0.999319 0.000000 -2.147162 0.000000 0.000000 1.000000 0.000000
0.999335 0.036453 0.000000 87.819353 -0.036453 0.999335 0.000000 -2.182870 0.000000 0.000000 1.000000 0.000000
0.999336 0.036441 0.000000 88.310793 -0.036441 0.999336 0.000000 -2.218267 0.000000 0.000000 1.000000 0.000000
0.999301 0.037395 0.000000 88.844330 -0.037395 0.999301 0.000000 -2.260856 0.000000 0.000000 1.000000 0.000000
0.999188 0.040289 0.000000 89.354172 -0.040289 0.999188 0.000000 -2.298304 0.000000 0.000000 1.000000 0.000000
0.999228 0.039297 0.000000 89.841511 -0.039297 0.999228 0.000000 -2.324143 0.000000 0.000000 1.000000 0.000000
0.999218 0.039529 0.000000 90.365804 -0.039529 0.999218 0.000000 -2.362159 0.000000 0.000000 1.000000 0.000000
0.999172 0.040677 0.000000 90.875522 -0.040677 0.999172 0.000000 -2.386739 0.000000 0.000000 1.000000 0.000000
0.999107 0.042262 0.000000 91.359678 -0.042262 0.999107 0.000000 -2.421481 0.000000 0.000000 1.000000 0.000000
0.999084 0.042803 0.000000 91.879124 -0.042803 0.999084 0.000000 -2.460772 0.000000 0.000000 1.000000 0.000000
0.999086 0.042745 0.000000 92.355137 -0.042745 0.999086 0.000000 -2.499485 0.000000 0.000000 1.000000 0.000000
0.998997 0.044774 0.000000 92.859849 -0.044774 0.998997 0.000000 -2.540904 0.000000 0.000000 1.000000 0.000000
0.998996 0.044796 0.000000 93.518048 -0.044796 0.998996 0.000000 -2.594258 0.000000 0.000000 1.000000 0.000000
0.998842 0.048114 0.000000 94.020088 -0.048114 0.998842 0.000000 -2.625771 0.000000 0.000000 1.000000 0.000000
0.998771 0.049562 0.000000 94.524373 -0.049562 0.998771 0.000000 -2.669087 0.000000 0.000000 1.000000 0.000000
0.998747 0.050050 0.000000 95.026569 -0.050050 0.998747 0.000000 -2.704969 0.000000 0.000000 1.000000 0.000000
0.998798 0.049007 0.000000 95.519018 -0.049007 0.998798 0.000000 -2.733754 0.000000 0.000000 1.000000 0.000000
0.998889 0.047125 0.000000 96.006793 -0.047125 0.998889 0.000000 -2.769624 0.000000 0.000000 1.000000 0.000000
0.998855 0.047833 0.000000 96.482967 -0.047833 0.998855 0.000000 -2.805153 0.000000 0.000000 1.000000 0.000000
0.998713 0.050717 0.000000 97.434653 -0.050717 0.998713 0.000000 -2.886307 0.000000 0.000000 1.000000 0.000000
0.998650 0.051945 0.000000 97.903946 -0.051945 0.998650 0.000000 -2.936021 0.000000 0.000000 1.000000 0.000000
0.998483 0.055059 0.000000 98.380147 -0.055059 0.998483 0.000000 -2.981660 0.000000 0.000000 1.000000 0.000000
0.998400 0.056546 0.000000 98.856267 -0.056546 0.998400 0.000000 -3.036311 0.000000 0.000000 1.000000 0.000000
0.998373 0.057013 0.000000 99.344972 -0.057013 0.998373 0.000000 -3.081091 0.000000 0.000000 1.000000 0.000000
0.998230 0.059463 0.000000 99.828618 -0.059463 0.998230 0.000000 -3.124027 0.000000 0.000000 1.000000 0.000000
0.998170 0.060475 0.000000 100.297404 -0.060475 0.998170 0.000000 -3.175809 0.000000 0.000000 1.000000 0.000000
0.997954 0.063942 0.000000 100.762979 -0.063942 0.997954 0.000000 -3.229988 0.000000 0.000000 1.000000 0.000000
0.997767 0.066784 0.000000 101.224178 -0.066784 0.997767 0.000000 -3.277238 0.000000 0.000000 1.000000 0.000000
0.997589 0.069396 0.000000 101.677541 -0.069396 0.997589 0.000000 -3.324980 0.000000 0.000000 1.000000 0.000000
0.997429 0.071665 0.000000 102.099993 -0.071665 0.997429 0.000000 -3.373792 0.000000 0.000000 1.000000 0.000000
0.997310 0.073297 0.000000 102.546748 -0.073297 0.997310 0.000000 -3.426978 0.000000 0.000000 1.000000 0.000000
0.997108 0.075998 0.000000 102.991220 -0.075998 0.997108 0.000000 -3.467827 0.000000 0.000000 1.000000 0.000000
0.997114 0.075918 0.000000 103.431355 -0.075918 0.997114 0.000000 -3.523890 0.000000 0.000000 1.000000 0.000000
0.996907 0.078586 0.000000 103.857450 -0.078586 0.996907 0.000000 -3.578335 0.000000 0.000000 1.000000 0.000000
0.996809 0.079819 0.000000 104.288118 -0.079819 0.996809 0.000000 -3.626681 0.000000 0.000000 1.000000 0.000000
0.996146 0.087706 0.000000 104.704785 -0.087706 0.996146 0.000000 -3.672532 0.000000 0.000000 1.000000 0.000000
0.995929 0.090137 0.000000 105.122409 -0.090137 0.995929 0.000000 -3.716955 0.000000 0.000000 1.000000 0.000000
0.995692 0.092723 0.000000 105.538706 -0.092723 0.995692 0.000000 -3.777055 0.000000 0.000000 1.000000 0.000000
0.995798 0.091579 0.000000 105.950931 -0.091579 0.995798 0.000000 -3.829677 0.000000 0.000000 1.000000 0.000000
0.995606 0.093641 0.000000 106.345955 -0.093641 0.995606 0.000000 -3.882936 0.000000 0.000000 1.000000 0.000000
0.995782 0.091754 0.000000 106.741164 -0.091754 0.995782 0.000000 -3.956739 0.000000 0.000000 1.000000 0.000000
0.995203 0.097832 0.000000 107.115961 -0.097832 0.995203 0.000000 -4.010856 0.000000 0.000000 1.000000 0.000000
0.994891 0.100957 0.000000 107.516931 -0.100957 0.994891 0.000000 -4.067768 0.000000 0.000000 1.000000 0.000000
0.995015 0.099726 0.000000 107.910693 -0.099726 0.995015 0.000000 -4.132136 0.000000 0.000000 1.000000 0.000000
0.994727 0.102559 0.000000 108.284959 -0.102559 0.994727 0.000000 -4.177333 0.000000 0.000000 1.000000 0.000000
0.994363 0.106033 0.000000 108.699022 -0.106033 0.994363 0.000000 -4.231183 0.000000 0.000000 1.000000 0.000000
0.993877 0.110491 0.000000 109.102800 -0.110491 0.993877 0.000000 -4.283322 0.000000 0.000000 1.000000 0.000000
0.993516 0.113693 0.000000 109.662958 -0.113693 0.993516 0.000000 -4.362419 0.000000 0.000000 1.000000 0.000000
0.993293 0.115625 0.000000 110.076287 -0.115625 0.993293 0.000000 -4.423189 0.000000 0.000000 1.000000 0.000000
0.993091 0.117343 0.000000 110.488358 -0.117343 0.993091 0.000000 -4.488009 0.000000 0.000000 1.000000 0.000000
0.992837 0.119475 0.000000 110.901836 -0.119475 0.992837 0.000000 -4.550569 0.000000 0.000000 1.000000 0.000000
0.992543 0.121894 0.000000 111.309218 -0.121894 0.992543 0.000000 -4.628020 0.000000 0.000000 1.000000 0.000000
0.992533 0.121974 0.000000 111.736381 -0.121974 0.992533 0.000000 -4.692597 0.000000 0.000000 1.000000 0.000000
0.992469 0.122497 0.000000 112.158048 -0.122497 0.992469 0.000000 -4.759838 0.000000 0.000000 1.000000 0.000000
0.992144 0.125099 0.000000 112.589328 -0.125099 0.992144 0.000000 -4.822723 0.000000 0.000000 1.000000 0.000000
0.991203 0.132351 0.000000 113.323627 -0.132351 0.991203 0.000000 -4.933684 0.000000 0.000000 1.000000 0.000000
0.991138 0.132837 0.000000 113.752451 -0.132837 0.991138 0.000000 -5.005543 0.000000 0.000000 1.000000 0.000000
0.991264 0.131893 0.000000 114.192833 -0.131893 0.991264 0.000000 -5.076749 0.000000 0.000000 1.000000 0.000000
0.991371 0.131082 0.000000 114.623211 -0.131082 0.991371 0.000000 -5.149189 0.000000 0.000000 1.000000 0.000000
0.991497 0.130133 0.000000 115.066308 -0.130133 0.991497 0.000000 -5.220831 0.000000 0.000000 1.000000 0.000000
0.990976 0.134041 0.000000 115.500993 -0.134041 0.990976 0.000000 -5.268549 0.000000 0.000000 1.000000 0.000000
0.991113 0.133025 0.000000 115.943310 -0.133025 0.991113 0.000000 -5.332871 0.000000 0.000000 1.000000 0.000000
0.991169 0.132605 0.000000 116.389948 -0.132605 0.991169 0.000000 -5.403552 0.000000 0.000000 1.000000 0.000000
0.991138 0.132840 0.000000 116.831625 -0.132840 0.991138 0.000000 -5.470268 0.000000 0.000000 1.000000 0.000000
0.990942 0.134293 0.000000 117.275983 -0.134293 0.990942 0.000000 -5.543809 0.000000 0.000000 1.000000 0.000000
0.990338 0.138672 0.000000 117.717928 -0.138672 0.990338 0.000000 -5.621197 0.000000 0.000000 1.000000 0.000000
0.990338 0.138675 0.000000 118.539919 -0.138675 0.990338 0.000000 -5.759633 0.000000 0.000000 1.000000 0.000000
0.990428 0.138027 0.000000 118.991049 -0.138027 0.990428 0.000000 -5.838066 0.000000 0.000000 1.000000 0.000000
0.990298 0.138964 0.000000 119.448421 -0.138964 0.990298 0.000000 -5.911653 0.000000 0.000000 1.000000 0.000000
0.990105 0.140331 0.000000 119.907426 -0.140331 0.990105 0.000000 -6.002027 0.000000 0.000000 1.000000 0.000000
0.989767 0.142694 0.000000 120.382710 -0.142694 0.989767 0.000000 -6.091255 0.000000 0.000000 1.000000 0.000000
0.989630 0.143640 0.000000 120.840928 -0.143640 0.989630 0.000000 -6.184609 0.000000 0.000000 1.000000 0.000000
0.989493 0.144581 0.000000 121.306851 -0.144581 0.989493 0.000000 -6.272928 0.000000 0.000000 1.000000 0.000000
0.988929 0.148390 0.000000 121.779098 -0.148390 0.988929 0.000000 -6.361537 0.000000 0.000000 1.000000 0.000000
0.988301 0.152518 0.000000 122.282672 -0.152518 0.988301 0.000000 -6.457317 0.000000 0.000000 1.000000 0.000000
0.987748 0.156056 0.000000 122.728311 -0.156056 0.987748 0.000000 -6.533513 0.000000 0.000000 1.000000 0.000000
0.987764 0.155956 0.000000 123.237862 -0.155956 0.987764 0.000000 -6.633644 0.000000 0.000000 1.000000 0.000000
0.987536 0.157394 0.000000 123.723898 -0.157394 0.987536 0.000000 -6.720899 0.000000 0.000000 1.000000 0.000000
0.987162 0.159721 0.000000 124.200722 -0.159721 0.987162 0.000000 -6.797999 0.000000 0.000000 1.000000 0.000000
0.987486 0.157705 0.000000 124.674981 -0.157705 0.987486 0.000000 -6.904958 0.000000 0.000000 1.000000 0.000000
0.986885 0.161428 0.000000 125.143785 -0.161428 0.986885 0.000000 -6.993577 0.000000 0.000000 1.000000 0.000000
0.986449 0.164066 0.000000 125.617094 -0.164066 0.986449 0.000000 -7.086013 0.000000 0.000000 1.000000 0.000000
0.985735 0.168303 0.000000 126.088704 -0.168303 0.985735 0.000000 -7.176018 0.000000 0.000000 1.000000 0.000000
0.984507 0.175344 0.000000 126.567198 -0.175344 0.984507 0.000000 -7.268076 0.000000 0.000000 1.000000 0.000000
0.984072 0.177769 0.000000 127.014346 -0.177769 0.984072 0.000000 -7.360964 0.000000 0.000000 1.000000 0.000000
0.983849 0.178999 0.000000 127.496893 -0.178999 0.983849 0.000000 -7.451866 0.000000 0.000000 1.000000 0.000000
0.983431 0.181283 0.000000 127.976823 -0.181283 0.983431 0.000000 -7.556002 0.000000 0.000000 1.000000 0.000000
0.983249 0.182270 0.000000 128.761817 -0.182270 0.983249 0.000000 -7.721564 0.000000 0.000000 1.000000 0.000000
0.983105 0.183041 0.000000 129.245757 -0.183041 0.983105 0.000000 -7.828999 0.000000 0.000000 1.000000 0.000000
0.985281 0.170943 0.000000 130.214956 -0.170943 0.985281 0.000000 -8.043793 0.000000 0.000000 1.000000 0.000000
0.985244 0.171158 0.000000 130.702462 -0.171158 0.985244 0.000000 -8.143321 0.000000 0.000000 1.000000 0.000000
0.985438 0.170035 0.000000 131.201779 -0.170035 0.985438 0.000000 -8.247511 0.000000 0.000000 1.000000 0.000000
0.985295 0.170860 0.000000 131.692237 -0.170860 0.985295 0.000000 -8.355248 0.000000 0.000000 1.000000 0.000000
0.985430 0.170081 0.000000 132.196183 -0.170081 0.985430 0.000000 -8.461701 0.000000 0.000000 1.000000 0.000000
0.985268 0.171016 0.000000 132.688781 -0.171016 0.985268 0.000000 -8.556515 0.000000 0.000000 1.000000 0.000000
0.985305 0.170806 0.000000 133.224023 -0.170806 0.985305 0.000000 -8.664175 0.000000 0.000000 1.000000 0.000000
0.984837 0.173480 0.000000 133.717313 -0.173480 0.984837 0.000000 -8.760552 0.000000 0.000000 1.000000 0.000000
0.984558 0.175060 0.000000 134.229537 -0.175060 0.984558 0.000000 -8.857035 0.000000 0.000000 1.000000 0.000000
0.984767 0.173878 0.000000 134.740574 -0.173878 0.984767 0.000000 -8.950284 0.000000 0.000000 1.000000 0.000000
0.985475 0.169821 0.000000 135.218002 -0.169821 0.985475 0.000000 -9.062232 0.000000 0.000000 1.000000 0.000000
0.985468 0.169861 0.000000 135.727509 -0.169861 0.985468 0.000000 -9.168155 0.000000 0.000000 1.000000 0.000000
0.985436 0.170046 0.000000 136.251985 -0.170046 0.985436 0.000000 -9.274035 0.000000 0.000000 1.000000 0.000000
0.985022 0.172431 0.000000 136.739238 -0.172431 0.985022 0.000000 -9.369888 0.000000 0.000000 1.000000 0.000000
0.985662 0.168732 0.000000 137.259595 -0.168732 0.985662 0.000000 -9.473707 0.000000 0.000000 1.000000 0.000000
0.985045 0.172295 0.000000 137.792838 -0.172295 0.985045 0.000000 -9.585147 0.000000 0.000000 1.000000 0.000000
0.984658 0.174496 0.000000 138.424397 -0.174496 0.984658 0.000000 -9.711609 0.000000 0.000000 1.000000 0.000000
0.984425 0.175803 0.000000 138.989793 -0.175803 0.984425 0.000000 -9.829809 0.000000 0.000000 1.000000 0.000000
0.983998 0.178180 0.000000 139.490332 -0.178180 0.983998 0.000000 -9.914767 0.000000 0.000000 1.000000 0.000000
0.983990 0.178226 0.000000 140.023460 -0.178226 0.983990 0.000000 -10.024804 0.000000 0.000000 1.000000 0.000000
0.983071 0.183227 0.000000 140.565074 -0.183227 0.983071 0.000000 -10.137931 0.000000 0.000000 1.000000 0.000000
0.982621 0.185622 0.000000 141.100327 -0.185622 0.982621 0.000000 -10.251055 0.000000 0.000000 1.000000 0.000000
0.981623 0.190832 0.000000 144.906447 -0.190832 0.981623 0.000000 -11.094980 0.000000 0.000000 1.000000 0.000000
0.981941 0.189188 0.000000 145.424474 -0.189188 0.981941 0.000000 -11.196530 0.000000 0.000000 1.000000 0.000000
0.982920 0.184033 0.000000 146.574906 -0.184033 0.982920 0.000000 -11.453196 0.000000 0.000000 1.000000 0.000000
0.981874 0.189532 0.000000 147.690861 -0.189532 0.981874 0.000000 -11.717248 0.000000 0.000000 1.000000 0.000000
0.981620 0.190844 0.000000 148.243997 -0.190844 0.981620 0.000000 -11.852983 0.000000 0.000000 1.000000 0.000000
0.981418 0.191882 0.000000 148.803820 -0.191882 0.981418 0.000000 -11.993233 0.000000 0.000000 1.000000 0.000000
0.981250 0.192737 0.000000 149.369752 -0.192737 0.981250 0.000000 -12.124731 0.000000 0.000000 1.000000 0.000000
0.981506 0.191434 0.000000 149.931290 -0.191434 0.981506 0.000000 -12.263551 0.000000 0.000000 1.000000 0.000000
0.982329 0.187161 0.000000 150.498238 -0.187161 0.982329 0.000000 -12.394086 0.000000 0.000000 1.000000 0.000000
0.981706 0.190401 0.000000 151.070457 -0.190401 0.981706 0.000000 -12.514684 0.000000 0.000000 1.000000 0.000000
0.981586 0.191021 0.000000 151.641995 -0.191021 0.981586 0.000000 -12.645499 0.000000 0.000000 1.000000 0.000000
0.981685 0.190509 0.000000 152.219194 -0.190509 0.981685 0.000000 -12.791698 0.000000 0.000000 1.000000 0.000000
0.981356 0.192199 0.000000 153.132114 -0.192199 0.981356 0.000000 -13.009804 0.000000 0.000000 1.000000 0.000000
0.980394 0.197049 0.000000 153.704869 -0.197049 0.980394 0.000000 -13.137579 0.000000 0.000000 1.000000 0.000000
0.980504 0.196499 0.000000 154.272052 -0.196499 0.980504 0.000000 -13.293229 0.000000 0.000000 1.000000 0.000000
0.979706 0.200441 0.000000 154.854369 -0.200441 0.979706 0.000000 -13.421906 0.000000 0.000000 1.000000 0.000000
0.979052 0.203612 0.000000 155.474952 -0.203612 0.979052 0.000000 -13.572966 0.000000 0.000000 1.000000 0.000000
0.978279 0.207293 0.000000 156.010073 -0.207293 0.978279 0.000000 -13.700566 0.000000 0.000000 1.000000 0.000000
0.977885 0.209142 0.000000 156.618005 -0.209142 0.977885 0.000000 -13.850773 0.000000 0.000000 1.000000 0.000000
0.977814 0.209475 0.000000 157.188361 -0.209475 0.977814 0.000000 -13.996702 0.000000 0.000000 1.000000 0.000000
0.977761 0.209722 0.000000 157.761307 -0.209722 0.977761 0.000000 -14.118962 0.000000 0.000000 1.000000 0.000000
0.977819 0.209453 0.000000 158.324435 -0.209453 0.977819 0.000000 -14.247019 0.000000 0.000000 1.000000 0.000000
0.977778 0.209645 0.000000 158.894138 -0.209645 0.977778 0.000000 -14.370492 0.000000 0.000000 1.000000 0.000000
0.978062 0.208314 0.000000 159.461545 -0.208314 0.978062 0.000000 -14.493835 0.000000 0.000000 1.000000 0.000000
0.978273 0.207321 0.000000 160.027200 -0.207321 0.978273 0.000000 -14.626523 0.000000 0.000000 1.000000 0.000000
0.978134 0.207974 0.000000 160.594406 -0.207974 0.978134 0.000000 -14.752255 0.000000 0.000000 1.000000 0.000000
0.978416 0.206644 0.000000 161.165902 -0.206644 0.978416 0.000000 -14.886851 0.000000 0.000000 1.000000 0.000000
0.977568 0.210620 0.000000 161.737535 -0.210620 0.977568 0.000000 -15.017965 0.000000 0.000000 1.000000 0.000000
0.976865 0.213857 0.000000 162.872369 -0.213857 0.976865 0.000000 -15.290454 0.000000 0.000000 1.000000 0.000000
0.976495 0.215540 0.000000 163.441121 -0.215540 0.976495 0.000000 -15.421341 0.000000 0.000000 1.000000 0.000000
0.976424 0.215859 0.000000 163.963810 -0.215859 0.976424 0.000000 -15.545964 0.000000 0.000000 1.000000 0.000000
0.975948 0.218002 0.000000 164.537324 -0.218002 0.975948 0.000000 -15.680122 0.000000 0.000000 1.000000 0.000000
0.975448 0.220228 0.000000 165.088588 -0.220228 0.975448 0.000000 -15.800796 0.000000 0.000000 1.000000 0.000000
0.975715 0.219043 0.000000 166.179671 -0.219043 0.975715 0.000000 -16.069847 0.000000 0.000000 1.000000 0.000000
0.975857 0.218409 0.000000 166.737388 -0.218409 0.975857 0.000000 -16.202755 0.000000 0.000000 1.000000 0.000000
0.975438 0.220276 0.000000 167.271029 -0.220276 0.975438 0.000000 -16.336991 0.000000 0.000000 1.000000 0.000000
0.975134 0.221614 0.000000 167.823265 -0.221614 0.975134 0.000000 -16.474991 0.000000 0.000000 1.000000 0.000000
0.975377 0.220543 0.000000 168.379069 -0.220543 0.975377 0.000000 -16.614791 0.000000 0.000000 1.000000 0.000000
0.974968 0.222345 0.000000 168.917289 -0.222345 0.974968 0.000000 -16.727526 0.000000 0.000000 1.000000 0.000000
0.974328 0.225134 0.000000 169.674875 -0.225134 0.974328 0.000000 -16.901238 0.000000 0.000000 1.000000 0.000000
0.973090 0.230424 0.000000 170.242075 -0.230424 0.973090 0.000000 -17.031265 0.000000 0.000000 1.000000 0.000000
0.972638 0.232325 0.000000 170.807900 -0.232325 0.972638 0.000000 -17.170743 0.000000 0.000000 1.000000 0.000000
0.971110 0.238631 0.000000 171.403483 -0.238631 0.971110 0.000000 -17.313253 0.000000 0.000000 1.000000 0.000000
0.970874 0.239592 0.000000 171.926231 -0.239592 0.970874 0.000000 -17.445974 0.000000 0.000000 1.000000 0.000000
0.971384 0.237515 0.000000 172.524733 -0.237515 0.971384 0.000000 -17.606118 0.000000 0.000000 1.000000 0.000000
0.970192 0.242337 0.000000 173.089181 -0.242337 0.970192 0.000000 -17.752624 0.000000 0.000000 1.000000 0.000000
0.970620 0.240616 0.000000 173.656278 -0.240616 0.970620 0.000000 -17.899610 0.000000 0.000000 1.000000 0.000000
0.969293 0.245908 0.000000 174.238991 -0.245908 0.969293 0.000000 -18.042370 0.000000 0.000000 1.000000 0.000000
0.969840 0.243741 0.000000 174.793508 -0.243741 0.969840 0.000000 -18.209338 0.000000 0.000000 1.000000 0.000000
0.970072 0.242818 0.000000 175.360877 -0.242818 0.970072 0.000000 -18.352461 0.000000 0.000000 1.000000 0.000000
0.969971 0.243222 0.000000 175.923779 -0.243222 0.969971 0.000000 -18.510623 0.000000 0.000000 1.000000 0.000000
0.971381 0.237529 0.000000 176.491348 -0.237529 0.971381 0.000000 -18.670551 0.000000 0.000000 1.000000 0.000000
0.972585 0.232547 0.000000 177.057462 -0.232547 0.972585 0.000000 -18.837229 0.000000 0.000000 1.000000 0.000000
0.972506 0.232877 0.000000 177.628241 -0.232877 0.972506 0.000000 -18.992742 0.000000 0.000000 1.000000 0.000000
0.971989 0.235024 0.000000 178.205513 -0.235024 0.971989 0.000000 -19.154022 0.000000 0.000000 1.000000 0.000000
0.971726 0.236110 0.000000 178.775319 -0.236110 0.971726 0.000000 -19.309587 0.000000 0.000000 1.000000 0.000000
0.971397 0.237463 0.000000 179.312339 -0.237463 0.971397 0.000000 -19.451080 0.000000 0.000000 1.000000 0.000000
0.971277 0.237952 0.000000 179.930021 -0.237952 0.971277 0.000000 -19.611150 0.000000 0.000000 1.000000 0.000000
0.971764 0.235954 0.000000 180.458117 -0.235954 0.971764 0.000000 -19.744902 0.000000 0.000000 1.000000 0.000000
0.971482 0.237112 0.000000 181.035735 -0.237112 0.971482 0.000000 -19.901265 0.000000 0.000000 1.000000 0.000000
0.971212 0.238215 0.000000 181.606806 -0.238215 0.971212 0.000000 -20.053637 0.000000 0.000000 1.000000 0.000000
0.970388 0.241552 0.000000 182.180638 -0.241552 0.970388 0.000000 -20.204271 0.000000 0.000000 1.000000 0.000000
0.968128 0.250457 0.000000 182.750246 -0.250457 0.968128 0.000000 -20.369612 0.000000 0.000000 1.000000 0.000000
0.967847 0.251540 0.000000 183.324008 -0.251540 0.967847 0.000000 -20.530891 0.000000 0.000000 1.000000 0.000000
0.967802 0.251714 0.000000 183.893586 -0.251714 0.967802 0.000000 -20.692511 0.000000 0.000000 1.000000 0.000000
0.967803 0.251709 0.000000 184.460728 -0.251709 0.967803 0.000000 -20.855925 0.000000 0.000000 1.000000 0.000000
0.967612 0.252442 0.000000 185.027886 -0.252442 0.967612 0.000000 -21.004888 0.000000 0.000000 1.000000 0.000000
0.966899 0.255161 0.000000 185.602822 -0.255161 0.966899 0.000000 -21.160124 0.000000 0.000000 1.000000 0.000000
0.967142 0.254239 0.000000 186.160617 -0.254239 0.967142 0.000000 -21.320142 0.000000 0.000000 1.000000 0.000000
0.967146 0.254222 0.000000 186.731366 -0.254222 0.967146 0.000000 -21.487584 0.000000 0.000000 1.000000 0.000000
0.966491 0.256702 0.000000 187.299031 -0.256702 0.966491 0.000000 -21.645222 0.000000 0.000000 1.000000 0.000000
0.966136 0.258032 0.000000 187.835926 -0.258032 0.966136 0.000000 -21.799060 0.000000 0.000000 1.000000 0.000000
0.966123 0.258081 0.000000 188.400127 -0.258081 0.966123 0.000000 -21.959006 0.000000 0.000000 1.000000 0.000000
0.965984 0.258601 0.000000 188.970512 -0.258601 0.965984 0.000000 -22.114202 0.000000 0.000000 1.000000 0.000000
0.965803 0.259278 0.000000 189.519363 -0.259278 0.965803 0.000000 -22.268693 0.000000 0.000000 1.000000 0.000000
0.966456 0.256831 0.000000 190.083790 -0.256831 0.966456 0.000000 -22.434385 0.000000 0.000000 1.000000 0.000000
0.965869 0.259032 0.000000 190.641105 -0.259032 0.965869 0.000000 -22.599847 0.000000 0.000000 1.000000 0.000000
0.966740 0.255762 0.000000 191.175332 -0.255762 0.966740 0.000000 -22.758306 0.000000 0.000000 1.000000 0.000000
0.966740 0.255760 0.000000 191.729955 -0.255760 0.966740 0.000000 -22.920730 0.000000 0.000000 1.000000 0.000000
0.965731 0.259546 0.000000 192.295984 -0.259546 0.965731 0.000000 -23.086565 0.000000 0.000000 1.000000 0.000000
0.965701 0.259655 0.000000 192.820121 -0.259655 0.965701 0.000000 -23.239056 0.000000 0.000000 1.000000 0.000000
0.965037 0.262114 0.000000 193.378337 -0.262114 0.965037 0.000000 -23.401628 0.000000 0.000000 1.000000 0.000000
0.964536 0.263950 0.000000 193.933391 -0.263950 0.964536 0.000000 -23.560864 0.000000 0.000000 1.000000 0.000000
0.964122 0.265459 0.000000 194.748474 -0.265459 0.964122 0.000000 -23.805154 0.000000 0.000000 1.000000 0.000000
0.963349 0.268253 0.000000 195.309395 -0.268253 0.963349 0.000000 -23.971704 0.000000 0.000000 1.000000 0.000000
0.962787 0.270262 0.000000 195.864625 -0.270262 0.962787 0.000000 -24.150863 0.000000 0.000000 1.000000 0.000000
0.962817 0.270155 0.000000 196.428814 -0.270155 0.962817 0.000000 -24.312711 0.000000 0.000000 1.000000 0.000000
0.962432 0.271523 0.000000 196.986051 -0.271523 0.962432 0.000000 -24.475163 0.000000 0.000000 1.000000 0.000000
0.962792 0.270245 0.000000 197.540522 -0.270245 0.962792 0.000000 -24.618778 0.000000 0.000000 1.000000 0.000000
0.963791 0.266659 0.000000 198.097653 -0.266659 0.963791 0.000000 -24.787436 0.000000 0.000000 1.000000 0.000000
0.963656 0.267146 0.000000 198.676454 -0.267146 0.963656 0.000000 -24.964687 0.000000 0.000000 1.000000 0.000000
0.963668 0.267103 0.000000 199.176600 -0.267103 0.963668 0.000000 -25.116352 0.000000 0.000000 1.000000 0.000000
0.963193 0.268811 0.000000 200.144278 -0.268811 0.963193 0.000000 -25.408752 0.000000 0.000000 1.000000 0.000000
0.963020 0.269431 0.000000 200.708415 -0.269431 0.963020 0.000000 -25.570529 0.000000 0.000000 1.000000 0.000000
0.962710 0.270535 0.000000 201.412276 -0.270535 0.962710 0.000000 -25.789026 0.000000 0.000000 1.000000 0.000000
0.962443 0.271485 0.000000 202.123795 -0.271485 0.962443 0.000000 -26.002492 0.000000 0.000000 1.000000 0.000000
0.961690 0.274139 0.000000 203.077755 -0.274139 0.961690 0.000000 -26.292492 0.000000 0.000000 1.000000 0.000000
0.961658 0.274251 0.000000 203.624482 -0.274251 0.961658 0.000000 -26.455097 0.000000 0.000000 1.000000 0.000000
0.961564 0.274582 0.000000 204.182011 -0.274582 0.961564 0.000000 -26.624803 0.000000 0.000000 1.000000 0.000000
0.961314 0.275456 0.000000 204.726818 -0.275456 0.961314 0.000000 -26.783070 0.000000 0.000000 1.000000 0.000000
0.961051 0.276371 0.000000 205.252564 -0.276371 0.961051 0.000000 -26.940462 0.000000 0.000000 1.000000 0.000000
0.961795 0.273770 0.000000 205.804761 -0.273770 0.961795 0.000000 -27.116576 0.000000 0.000000 1.000000 0.000000
0.960820 0.277174 0.000000 206.363018 -0.277174 0.960820 0.000000 -27.285852 0.000000 0.000000 1.000000 0.000000
0.960623 0.277854 0.000000 207.138972 -0.277854 0.960623 0.000000 -27.541563 0.000000 0.000000 1.000000 0.000000
0.961122 0.276125 0.000000 207.692893 -0.276125 0.961122 0.000000 -27.709234 0.000000 0.000000 1.000000 0.000000
0.961291 0.275534 0.000000 208.246118 -0.275534 0.961291 0.000000 -27.874306 0.000000 0.000000 1.000000 0.000000
0.961237 0.275723 0.000000 208.797141 -0.275723 0.961237 0.000000 -28.049618 0.000000 0.000000 1.000000 0.000000
0.962540 0.271141 0.000000 209.381914 -0.271141 0.962540 0.000000 -28.233840 0.000000 0.000000 1.000000 0.000000
0.962662 0.270706 0.000000 209.900220 -0.270706 0.962662 0.000000 -28.393854 0.000000 0.000000 1.000000 0.000000
0.962550 0.271105 0.000000 210.480646 -0.271105 0.962550 0.000000 -28.577476 0.000000 0.000000 1.000000 0.000000
0.962796 0.270231 0.000000 210.992166 -0.270231 0.962796 0.000000 -28.740118 0.000000 0.000000 1.000000 0.000000
0.962876 0.269943 0.000000 211.578768 -0.269943 0.962876 0.000000 -28.926573 0.000000 0.000000 1.000000 0.000000
0.963096 0.269156 0.000000 212.124170 -0.269156 0.963096 0.000000 -29.088749 0.000000 0.000000 1.000000 0.000000
0.962930 0.269753 0.000000 212.671951 -0.269753 0.962930 0.000000 -29.253546 0.000000 0.000000 1.000000 0.000000
0.963769 0.266739 0.000000 213.219232 -0.266739 0.963769 0.000000 -29.418857 0.000000 0.000000 1.000000 0.000000
0.963623 0.267265 0.000000 213.755523 -0.267265 0.963623 0.000000 -29.584359 0.000000 0.000000 1.000000 0.000000
0.963698 0.266996 0.000000 214.298707 -0.266996 0.963698 0.000000 -29.756271 0.000000 0.000000 1.000000 0.000000
0.964339 0.264671 0.000000 214.849519 -0.264671 0.964339 0.000000 -29.923481 0.000000 0.000000 1.000000 0.000000
0.964904 0.262602 0.000000 215.392639 -0.262602 0.964904 0.000000 -30.088760 0.000000 0.000000 1.000000 0.000000
0.962985 0.269553 0.000000 215.937927 -0.269553 0.962985 0.000000 -30.253611 0.000000 0.000000 1.000000 0.000000
0.963327 0.268331 0.000000 216.466961 -0.268331 0.963327 0.000000 -30.418533 0.000000 0.000000 1.000000 0.000000
0.964254 0.264978 0.000000 217.042692 -0.264978 0.964254 0.000000 -30.587666 0.000000 0.000000 1.000000 0.000000
0.964811 0.262944 0.000000 217.596141 -0.262944 0.964811 0.000000 -30.749575 0.000000 0.000000 1.000000 0.000000
0.965812 0.259244 0.000000 218.140910 -0.259244 0.965812 0.000000 -30.906375 0.000000 0.000000 1.000000 0.000000
0.965994 0.258564 0.000000 218.639855 -0.258564 0.965994 0.000000 -31.055916 0.000000 0.000000 1.000000 0.000000
0.966368 0.257161 0.000000 219.186049 -0.257161 0.966368 0.000000 -31.206356 0.000000 0.000000 1.000000 0.000000
0.965923 0.258830 0.000000 219.768907 -0.258830 0.965923 0.000000 -31.374323 0.000000 0.000000 1.000000 0.000000
0.966332 0.257299 0.000000 220.315601 -0.257299 0.966332 0.000000 -31.535199 0.000000 0.000000 1.000000 0.000000
0.966973 0.254877 0.000000 220.850842 -0.254877 0.966973 0.000000 -31.687740 0.000000 0.000000 1.000000 0.000000
0.967313 0.253586 0.000000 221.361619 -0.253586 0.967313 0.000000 -31.827507 0.000000 0.000000 1.000000 0.000000
0.968272 0.249899 0.000000 222.432006 -0.249899 0.968272 0.000000 -32.130942 0.000000 0.000000 1.000000 0.000000
0.969305 0.245859 0.000000 222.959095 -0.245859 0.969305 0.000000 -32.285220 0.000000 0.000000 1.000000 0.000000
0.969829 0.243785 0.000000 223.479483 -0.243785 0.969829 0.000000 -32.423701 0.000000 0.000000 1.000000 0.000000
0.970138 0.242552 0.000000 223.975086 -0.242552 0.970138 0.000000 -32.566002 0.000000 0.000000 1.000000 0.000000
0.970110 0.242667 0.000000 224.513264 -0.242667 0.970110 0.000000 -32.717401 0.000000 0.000000 1.000000 0.000000
0.970428 0.241390 0.000000 225.034867 -0.241390 0.970428 0.000000 -32.857698 0.000000 0.000000 1.000000 0.000000
0.970886 0.239544 0.000000 225.567357 -0.239544 0.970886 0.000000 -33.002354 0.000000 0.000000 1.000000 0.000000
0.971207 0.238239 0.000000 226.067135 -0.238239 0.971207 0.000000 -33.125842 0.000000 0.000000 1.000000 0.000000
0.971680 0.236300 0.000000 226.600548 -0.236300 0.971680 0.000000 -33.270712 0.000000 0.000000 1.000000 0.000000
0.971455 0.237224 0.000000 227.094029 -0.237224 0.971455 0.000000 -33.402953 0.000000 0.000000 1.000000 0.000000
0.971365 0.237592 0.000000 227.615732 -0.237592 0.971365 0.000000 -33.536808 0.000000 0.000000 1.000000 0.000000
0.971721 0.236131 0.000000 228.137043 -0.236131 0.971721 0.000000 -33.677525 0.000000 0.000000 1.000000 0.000000
0.972069 0.234696 0.000000 228.658995 -0.234696 0.972069 0.000000 -33.809632 0.000000 0.000000 1.000000 0.000000
0.972435 0.233174 0.000000 229.148857 -0.233174 0.972435 0.000000 -33.939248 0.000000 0.000000 1.000000 0.000000
0.972541 0.232733 0.000000 229.665552 -0.232733 0.972541 0.000000 -34.066122 0.000000 0.000000 1.000000 0.000000
0.972979 0.230894 0.000000 230.309185 -0.230894 0.972979 0.000000 -34.236720 0.000000 0.000000 1.000000 0.000000
0.973068 0.230518 0.000000 230.924605 -0.230518 0.973068 0.000000 -34.407125 0.000000 0.000000 1.000000 0.000000
0.973147 0.230185 0.000000 231.442736 -0.230185 0.973147 0.000000 -34.536991 0.000000 0.000000 1.000000 0.000000
0.973203 0.229948 0.000000 231.964144 -0.229948 0.973203 0.000000 -34.668250 0.000000 0.000000 1.000000 0.000000
0.973302 0.229529 0.000000 232.483221 -0.229529 0.973302 0.000000 -34.801522 0.000000 0.000000 1.000000 0.000000
0.974047 0.226345 0.000000 233.004485 -0.226345 0.974047 0.000000 -34.927386 0.000000 0.000000 1.000000 0.000000
0.974583 0.224028 0.000000 233.527611 -0.224028 0.974583 0.000000 -35.058040 0.000000 0.000000 1.000000 0.000000
0.975533 0.219852 0.000000 234.416908 -0.219852 0.975533 0.000000 -35.288897 0.000000 0.000000 1.000000 0.000000
0.975294 0.220911 0.000000 234.938008 -0.220911 0.975294 0.000000 -35.421275 0.000000 0.000000 1.000000 0.000000
0.975601 0.219553 0.000000 235.423652 -0.219553 0.975601 0.000000 -35.537763 0.000000 0.000000 1.000000 0.000000
0.974861 0.222812 0.000000 235.943183 -0.222812 0.974861 0.000000 -35.676484 0.000000 0.000000 1.000000 0.000000
0.974486 0.224449 0.000000 236.460831 -0.224449 0.974486 0.000000 -35.811455 0.000000 0.000000 1.000000 0.000000
0.974182 0.225765 0.000000 236.971027 -0.225765 0.974182 0.000000 -35.944440 0.000000 0.000000 1.000000 0.000000
0.974533 0.224244 0.000000 237.492128 -0.224244 0.974533 0.000000 -36.081921 0.000000 0.000000 1.000000 0.000000
0.974478 0.224482 0.000000 237.997779 -0.224482 0.974478 0.000000 -36.216758 0.000000 0.000000 1.000000 0.000000
0.973903 0.226964 0.000000 238.502170 -0.226964 0.973903 0.000000 -36.335154 0.000000 0.000000 1.000000 0.000000
0.973183 0.230032 0.000000 239.022984 -0.230032 0.973183 0.000000 -36.468089 0.000000 0.000000 1.000000 0.000000
0.973074 0.230492 0.000000 239.537687 -0.230492 0.973074 0.000000 -36.608798 0.000000 0.000000 1.000000 0.000000
0.972303 0.233725 0.000000 240.061618 -0.233725 0.972303 0.000000 -36.742696 0.000000 0.000000 1.000000 0.000000
0.972430 0.233195 0.000000 240.575068 -0.233195 0.972430 0.000000 -36.880272 0.000000 0.000000 1.000000 0.000000
0.971696 0.236233 0.000000 241.081809 -0.236233 0.971696 0.000000 -37.016664 0.000000 0.000000 1.000000 0.000000
0.971764 0.235956 0.000000 241.598830 -0.235956 0.971764 0.000000 -37.157237 0.000000 0.000000 1.000000 0.000000
0.971509 0.237004 0.000000 242.109001 -0.237004 0.971509 0.000000 -37.295266 0.000000 0.000000 1.000000 0.000000
0.971676 0.236316 0.000000 242.665601 -0.236316 0.971676 0.000000 -37.438869 0.000000 0.000000 1.000000 0.000000
0.971409 0.237414 0.000000 243.138876 -0.237414 0.971409 0.000000 -37.571606 0.000000 0.000000 1.000000 0.000000
0.971112 0.238622 0.000000 243.649763 -0.238622 0.971112 0.000000 -37.709872 0.000000 0.000000 1.000000 0.000000
0.970268 0.242031 0.000000 244.162698 -0.242031 0.970268 0.000000 -37.851503 0.000000 0.000000 1.000000 0.000000
0.969769 0.244025 0.000000 244.670484 -0.244025 0.969769 0.000000 -37.994439 0.000000 0.000000 1.000000 0.000000
0.969865 0.243643 0.000000 245.181147 -0.243643 0.969865 0.000000 -38.142429 0.000000 0.000000 1.000000 0.000000
0.969688 0.244346 0.000000 245.689453 -0.244346 0.969688 0.000000 -38.277369 0.000000 0.000000 1.000000 0.000000
0.969406 0.245465 0.000000 246.204378 -0.245465 0.969406 0.000000 -38.417245 0.000000 0.000000 1.000000 0.000000
0.969137 0.246523 0.000000 246.711076 -0.246523 0.969137 0.000000 -38.559429 0.000000 0.000000 1.000000 0.000000
0.968959 0.247220 0.000000 247.225469 -0.247220 0.968959 0.000000 -38.706473 0.000000 0.000000 1.000000 0.000000
0.967892 0.251365 0.000000 247.774508 -0.251365 0.967892 0.000000 -38.851660 0.000000 0.000000 1.000000 0.000000
0.967389 0.253294 0.000000 248.275103 -0.253294 0.967389 0.000000 -39.010757 0.000000 0.000000 1.000000 0.000000
0.966550 0.256480 0.000000 248.746244 -0.256480 0.966550 0.000000 -39.154108 0.000000 0.000000 1.000000 0.000000
0.965914 0.258864 0.000000 249.252266 -0.258864 0.965914 0.000000 -39.291860 0.000000 0.000000 1.000000 0.000000
0.963238 0.268651 0.000000 250.262691 -0.268651 0.963238 0.000000 -39.573287 0.000000 0.000000 1.000000 0.000000
0.962456 0.271438 0.000000 250.767400 -0.271438 0.962456 0.000000 -39.719751 0.000000 0.000000 1.000000 0.000000
0.961597 0.274467 0.000000 251.470874 -0.274467 0.961597 0.000000 -39.925008 0.000000 0.000000 1.000000 0.000000
0.962303 0.271981 0.000000 252.437579 -0.271981 0.962303 0.000000 -40.212746 0.000000 0.000000 1.000000 0.000000
0.962227 0.272247 0.000000 252.929712 -0.272247 0.962227 0.000000 -40.362045 0.000000 0.000000 1.000000 0.000000
0.961490 0.274840 0.000000 253.433863 -0.274840 0.961490 0.000000 -40.508395 0.000000 0.000000 1.000000 0.000000
0.961306 0.275482 0.000000 253.928963 -0.275482 0.961306 0.000000 -40.658979 0.000000 0.000000 1.000000 0.000000
0.960936 0.276771 0.000000 254.424130 -0.276771 0.960936 0.000000 -40.824686 0.000000 0.000000 1.000000 0.000000
0.960526 0.278191 0.000000 254.924153 -0.278191 0.960526 0.000000 -40.980499 0.000000 0.000000 1.000000 0.000000
0.959678 0.281103 0.000000 255.425789 -0.281103 0.959678 0.000000 -41.129197 0.000000 0.000000 1.000000 0.000000
0.959689 0.281065 0.000000 255.920283 -0.281065 0.959689 0.000000 -41.275317 0.000000 0.000000 1.000000 0.000000
0.960220 0.279244 0.000000 256.419414 -0.279244 0.960220 0.000000 -41.431400 0.000000 0.000000 1.000000 0.000000
0.962020 0.272978 0.000000 256.913551 -0.272978 0.962020 0.000000 -41.583638 0.000000 0.000000 1.000000 0.000000
0.962443 0.271485 0.000000 257.372033 -0.271485 0.962443 0.000000 -41.723938 0.000000 0.000000 1.000000 0.000000
0.962640 0.270783 0.000000 257.860791 -0.270783 0.962640 0.000000 -41.872211 0.000000 0.000000 1.000000 0.000000
0.962356 0.271791 0.000000 258.347406 -0.271791 0.962356 0.000000 -42.017693 0.000000 0.000000 1.000000 0.000000
0.962385 0.271691 0.000000 258.826946 -0.271691 0.962385 0.000000 -42.165642 0.000000 0.000000 1.000000 0.000000
0.962567 0.271044 0.000000 259.308924 -0.271044 0.962567 0.000000 -42.316325 0.000000 0.000000 1.000000 0.000000
0.963232 0.268671 0.000000 259.789384 -0.268671 0.963232 0.000000 -42.459134 0.000000 0.000000 1.000000 0.000000
0.963153 0.268955 0.000000 260.270970 -0.268955 0.963153 0.000000 -42.605536 0.000000 0.000000 1.000000 0.000000
0.962793 0.270241 0.000000 260.749283 -0.270241 0.962793 0.000000 -42.747520 0.000000 0.000000 1.000000 0.000000
0.962125 0.272608 0.000000 261.226052 -0.272608 0.962125 0.000000 -42.890684 0.000000 0.000000 1.000000 0.000000
0.961307 0.275479 0.000000 261.694100 -0.275479 0.961307 0.000000 -43.041131 0.000000 0.000000 1.000000 0.000000
0.961553 0.274619 0.000000 262.157996 -0.274619 0.961553 0.000000 -43.178634 0.000000 0.000000 1.000000 0.000000
0.962250 0.272168 0.000000 262.624845 -0.272168 0.962250 0.000000 -43.326167 0.000000 0.000000 1.000000 0.000000
0.962170 0.272449 0.000000 263.049279 -0.272449 0.962170 0.000000 -43.452171 0.000000 0.000000 1.000000 0.000000
0.961865 0.273523 0.000000 263.502480 -0.273523 0.961865 0.000000 -43.590990 0.000000 0.000000 1.000000 0.000000
0.961531 0.274696 0.000000 263.956721 -0.274696 0.961531 0.000000 -43.729723 0.000000 0.000000 1.000000 0.000000
0.961604 0.274441 0.000000 264.393364 -0.274441 0.961604 0.000000 -43.854157 0.000000 0.000000 1.000000 0.000000
0.961761 0.273889 0.000000 264.834185 -0.273889 0.961761 0.000000 -43.984642 0.000000 0.000000 1.000000 0.000000
0.962074 0.272790 0.000000 265.270619 -0.272790 0.962074 0.000000 -44.117785 0.000000 0.000000 1.000000 0.000000
0.962696 0.270587 0.000000 265.703667 -0.270587 0.962696 0.000000 -44.255229 0.000000 0.000000 1.000000 0.000000
0.962589 0.270965 0.000000 266.125054 -0.270965 0.962589 0.000000 -44.388590 0.000000 0.000000 1.000000 0.000000
0.963204 0.268773 0.000000 266.564188 -0.268773 0.963204 0.000000 -44.506321 0.000000 0.000000 1.000000 0.000000
0.964129 0.265436 0.000000 267.118626 -0.265436 0.964129 0.000000 -44.677108 0.000000 0.000000 1.000000 0.000000
0.964277 0.264895 0.000000 267.523259 -0.264895 0.964277 0.000000 -44.795571 0.000000 0.000000 1.000000 0.000000
0.963735 0.266860 0.000000 267.931670 -0.266860 0.963735 0.000000 -44.914243 0.000000 0.000000 1.000000 0.000000
0.964730 0.263243 0.000000 268.337668 -0.263243 0.964730 0.000000 -45.044112 0.000000 0.000000 1.000000 0.000000
0.964679 0.263428 0.000000 268.751407 -0.263428 0.964679 0.000000 -45.160499 0.000000 0.000000 1.000000 0.000000
0.965407 0.260749 0.000000 269.140866 -0.260749 0.965407 0.000000 -45.274285 0.000000 0.000000 1.000000 0.000000
0.965206 0.261492 0.000000 269.537188 -0.261492 0.965206 0.000000 -45.381949 0.000000 0.000000 1.000000 0.000000
0.964936 0.262484 0.000000 269.952811 -0.262484 0.964936 0.000000 -45.512334 0.000000 0.000000 1.000000 0.000000
0.965195 0.261531 0.000000 270.331728 -0.261531 0.965195 0.000000 -45.629001 0.000000 0.000000 1.000000 0.000000
0.965081 0.261953 0.000000 270.712797 -0.261953 0.965081 0.000000 -45.729271 0.000000 0.000000 1.000000 0.000000
0.965475 0.260495 0.000000 271.088902 -0.260495 0.965475 0.000000 -45.849629 0.000000 0.000000 1.000000 0.000000
0.965661 0.259806 0.000000 271.462863 -0.259806 0.965661 0.000000 -45.958998 0.000000 0.000000 1.000000 0.000000
0.965338 0.261004 0.000000 271.833580 -0.261004 0.965338 0.000000 -46.058891 0.000000 0.000000 1.000000 0.000000
0.965145 0.261715 0.000000 272.196597 -0.261715 0.965145 0.000000 -46.165571 0.000000 0.000000 1.000000 0.000000
0.965236 0.261380 0.000000 272.556910 -0.261380 0.965236 0.000000 -46.278730 0.000000 0.000000 1.000000 0.000000
0.965313 0.261096 0.000000 272.914040 -0.261096 0.965313 0.000000 -46.381304 0.000000 0.000000 1.000000 0.000000
0.965697 0.259673 0.000000 273.261753 -0.259673 0.965697 0.000000 -46.477436 0.000000 0.000000 1.000000 0.000000
0.965458 0.260559 0.000000 273.603774 -0.260559 0.965458 0.000000 -46.573448 0.000000 0.000000 1.000000 0.000000
0.965230 0.261403 0.000000 273.949201 -0.261403 0.965230 0.000000 -46.675350 0.000000 0.000000 1.000000 0.000000
0.965358 0.260930 0.000000 274.287595 -0.260930 0.965358 0.000000 -46.770363 0.000000 0.000000 1.000000 0.000000
0.965563 0.260168 0.000000 274.959169 -0.260168 0.965563 0.000000 -46.969337 0.000000 0.000000 1.000000 0.000000
0.965413 0.260724 0.000000 275.286794 -0.260724 0.965413 0.000000 -47.050465 0.000000 0.000000 1.000000 0.000000
0.965555 0.260201 0.000000 275.608320 -0.260201 0.965555 0.000000 -47.150555 0.000000 0.000000 1.000000 0.000000
0.965586 0.260085 0.000000 275.923998 -0.260085 0.965586 0.000000 -47.252550 0.000000 0.000000 1.000000 0.000000
0.965692 0.259690 0.000000 276.230313 -0.259690 0.965692 0.000000 -47.337932 0.000000 0.000000 1.000000 0.000000
0.964883 0.262681 0.000000 276.826899 -0.262681 0.964883 0.000000 -47.509117 0.000000 0.000000 1.000000 0.000000
0.964859 0.262768 0.000000 277.128804 -0.262768 0.964859 0.000000 -47.586334 0.000000 0.000000 1.000000 0.000000
0.965270 0.261256 0.000000 277.414127 -0.261256 0.965270 0.000000 -47.671437 0.000000 0.000000 1.000000 0.000000
0.965827 0.259189 0.000000 277.704137 -0.259189 0.965827 0.000000 -47.758642 0.000000 0.000000 1.000000 0.000000
0.966219 0.257723 0.000000 277.971230 -0.257723 0.966219 0.000000 -47.845808 0.000000 0.000000 1.000000 0.000000
0.965352 0.260952 0.000000 280.584119 -0.260952 0.965352 0.000000 -48.595859 0.000000 0.000000 1.000000 0.000000
0.964377 0.264531 0.000000 280.837573 -0.264531 0.964377 0.000000 -48.665840 0.000000 0.000000 1.000000 0.000000
0.964140 0.265396 0.000000 281.082991 -0.265396 0.964140 0.000000 -48.728307 0.000000 0.000000 1.000000 0.000000
0.964895 0.262635 0.000000 281.379758 -0.262635 0.964895 0.000000 -48.825073 0.000000 0.000000 1.000000 0.000000
0.966261 0.257566 0.000000 281.714450 -0.257566 0.966261 0.000000 -48.919979 0.000000 0.000000 1.000000 0.000000
0.966225 0.257699 0.000000 282.007209 -0.257699 0.966225 0.000000 -48.996040 0.000000 0.000000 1.000000 0.000000
0.965881 0.258985 0.000000 282.232674 -0.258985 0.965881 0.000000 -49.062921 0.000000 0.000000 1.000000 0.000000
0.966186 0.257847 0.000000 282.455092 -0.257847 0.966186 0.000000 -49.133309 0.000000 0.000000 1.000000 0.000000
0.966284 0.257480 0.000000 282.679443 -0.257480 0.966284 0.000000 -49.207010 0.000000 0.000000 1.000000 0.000000
0.966467 0.256790 0.000000 282.895121 -0.256790 0.966467 0.000000 -49.277507 0.000000 0.000000 1.000000 0.000000
0.965999 0.258548 0.000000 283.105836 -0.258548 0.965999 0.000000 -49.346464 0.000000 0.000000 1.000000 0.000000
0.965694 0.259681 0.000000 283.304061 -0.259681 0.965694 0.000000 -49.410984 0.000000 0.000000 1.000000 0.000000
0.966569 0.256405 0.000000 283.505806 -0.256405 0.966569 0.000000 -49.471720 0.000000 0.000000 1.000000 0.000000
0.966371 0.257151 0.000000 283.707237 -0.257151 0.966371 0.000000 -49.531479 0.000000 0.000000 1.000000 0.000000
0.965698 0.259667 0.000000 283.907302 -0.259667 0.965698 0.000000 -49.573583 0.000000 0.000000 1.000000 0.000000
0.965452 0.260583 0.000000 284.115802 -0.260583 0.965452 0.000000 -49.635743 0.000000 0.000000 1.000000 0.000000
0.965671 0.259767 0.000000 284.307591 -0.259767 0.965671 0.000000 -49.683376 0.000000 0.000000 1.000000 0.000000
0.966211 0.257753 0.000000 284.501629 -0.257753 0.966211 0.000000 -49.738001 0.000000 0.000000 1.000000 0.000000
0.966447 0.256865 0.000000 284.670364 -0.256865 0.966447 0.000000 -49.779624 0.000000 0.000000 1.000000 0.000000
0.966221 0.257715 0.000000 284.843175 -0.257715 0.966221 0.000000 -49.833432 0.000000 0.000000 1.000000 0.000000
0.965731 0.259546 0.000000 285.024433 -0.259546 0.965731 0.000000 -49.883799 0.000000 0.000000 1.000000 0.000000
0.966040 0.258394 0.000000 285.188248 -0.258394 0.966040 0.000000 -49.937473 0.000000 0.000000 1.000000 0.000000
0.965453 0.260577 0.000000 285.345510 -0.260577 0.965453 0.000000 -49.970260 0.000000 0.000000 1.000000 0.000000
0.964146 0.265371 0.000000 285.507201 -0.265371 0.964146 0.000000 -50.011898 0.000000 0.000000 1.000000 0.000000
0.963801 0.266624 0.000000 285.656409 -0.266624 0.963801 0.000000 -50.050081 0.000000 0.000000 1.000000 0.000000
0.965109 0.261849 0.000000 285.889655 -0.261849 0.965109 0.000000 -50.117211 0.000000 0.000000 1.000000 0.000000
0.964960 0.262398 0.000000 286.039830 -0.262398 0.964960 0.000000 -50.146995 0.000000 0.000000 1.000000 0.000000
0.964203 0.265165 0.000000 286.180252 -0.265165 0.964203 0.000000 -50.186643 0.000000 0.000000 1.000000 0.000000
0.964409 0.264417 0.000000 286.315717 -0.264417 0.964409 0.000000 -50.228610 0.000000 0.000000 1.000000 0.000000
0.964219 0.265105 0.000000 286.552702 -0.265105 0.964219 0.000000 -50.306442 0.000000 0.000000 1.000000 0.000000
0.965406 0.260752 0.000000 286.663419 -0.260752 0.965406 0.000000 -50.336841 0.000000 0.000000 1.000000 0.000000
0.964479 0.264160 0.000000 286.776388 -0.264160 0.964479 0.000000 -50.366729 0.000000 0.000000 1.000000 0.000000
0.964712 0.263309 0.000000 286.878581 -0.263309 0.964712 0.000000 -50.396341 0.000000 0.000000 1.000000 0.000000
0.963915 0.266211 0.000000 286.964490 -0.266211 0.963915 0.000000 -50.411445 0.000000 0.000000 1.000000 0.000000
0.965038 0.262110 0.000000 287.089486 -0.262110 0.965038 0.000000 -50.453110 0.000000 0.000000 1.000000 0.000000
0.965166 0.261637 0.000000 287.157663 -0.261637 0.965166 0.000000 -50.471106 0.000000 0.000000 1.000000 0.000000
0.964557 0.263875 0.000000 287.224526 -0.263875 0.964557 0.000000 -50.486328 0.000000 0.000000 1.000000 0.000000
0.964379 0.264524 0.000000 287.268392 -0.264524 0.964379 0.000000 -50.503735 0.000000 0.000000 1.000000 0.000000
0.963966 0.266025 0.000000 287.298582 -0.266025 0.963966 0.000000 -50.510636 0.000000 0.000000 1.000000 0.000000
0.963827 0.266528 0.000000 287.340484 -0.266528 0.963827 0.000000 -50.509594 0.000000 0.000000 1.000000 0.000000
0.963589 0.267388 0.000000 287.359791 -0.267388 0.963589 0.000000 -50.506555 0.000000 0.000000 1.000000 0.000000
0.963677 0.267071 0.000000 287.374224 -0.267071 0.963677 0.000000 -50.507106 0.000000 0.000000 1.000000 0.000000
0.963949 0.266088 0.000000 287.391830 -0.266088 0.963949 0.000000 -50.505341 0.000000 0.000000 1.000000 0.000000
0.964250 0.264994 0.000000 287.385781 -0.264994 0.964250 0.000000 -50.514170 0.000000 0.000000 1.000000 0.000000
0.964258 0.264964 0.000000 287.384267 -0.264964 0.964258 0.000000 -50.523147 0.000000 0.000000 1.000000 0.000000
0.964440 0.264300 0.000000 287.383044 -0.264300 0.964440 0.000000 -50.528742 0.000000 0.000000 1.000000 0.000000
0.964514 0.264031 0.000000 287.376952 -0.264031 0.964514 0.000000 -50.531528 0.000000 0.000000 1.000000 0.000000
0.964556 0.263878 0.000000 287.376453 -0.263878 0.964556 0.000000 -50.531825 0.000000 0.000000 1.000000 0.000000
0.964555 0.263883 0.000000 287.374465 -0.263883 0.964555 0.000000 -50.526458 0.000000 0.000000 1.000000 0.000000
0.964508 0.264054 0.000000 287.366622 -0.264054 0.964508 0.000000 -50.515067 0.000000 0.000000 1.000000 0.000000
0.964508 0.264054 0.000000 287.364223 -0.264054 0.964508 0.000000 -50.517433 0.000000 0.000000 1.000000 0.000000
0.964563 0.263852 0.000000 287.369239 -0.263852 0.964563 0.000000 -50.517095 0.000000 0.000000 1.000000 0.000000
0.964632 0.263602 0.000000 287.363844 -0.263602 0.964632 0.000000 -50.524771 0.000000 0.000000 1.000000 0.000000
0.964663 0.263485 0.000000 287.361683 -0.263485 0.964663 0.000000 -50.529951 0.000000 0.000000 1.000000 0.000000
0.964668 0.263470 0.000000 287.371740 -0.263470 0.964668 0.000000 -50.531137 0.000000 0.000000 1.000000 0.000000
0.964675 0.263444 0.000000 287.361724 -0.263444 0.964675 0.000000 -50.532376 0.000000 0.000000 1.000000 0.000000
0.964674 0.263445 0.000000 287.358189 -0.263445 0.964674 0.000000 -50.530932 0.000000 0.000000 1.000000 0.000000
0.964685 0.263406 0.000000 287.356272 -0.263406 0.964685 0.000000 -50.528963 0.000000 0.000000 1.000000 0.000000
0.964668 0.263467 0.000000 287.352060 -0.263467 0.964668 0.000000 -50.525306 0.000000 0.000000 1.000000 0.000000
0.964689 0.263393 0.000000 287.349674 -0.263393 0.964689 0.000000 -50.531159 0.000000 0.000000 1.000000 0.000000
0.964700 0.263352 0.000000 287.348520 -0.263352 0.964700 0.000000 -50.526286 0.000000 0.000000 1.000000 0.000000
0.964697 0.263363 0.000000 287.350538 -0.263363 0.964697 0.000000 -50.527972 0.000000 0.000000 1.000000 0.000000
0.964707 0.263327 0.000000 287.356742 -0.263327 0.964707 0.000000 -50.524847 0.000000 0.000000 1.000000 0.000000
0.964648 0.263541 0.000000 287.349741 -0.263541 0.964648 0.000000 -50.524318 0.000000 0.000000 1.000000 0.000000
0.964668 0.263470 0.000000 287.340675 -0.263470 0.964668 0.000000 -50.525649 0.000000 0.000000 1.000000 0.000000
0.964690 0.263387 0.000000 287.341879 -0.263387 0.964690 0.000000 -50.526573 0.000000 0.000000 1.000000 0.000000
0.964648 0.263543 0.000000 287.342620 -0.263543 0.964648 0.000000 -50.513944 0.000000 0.000000 1.000000 0.000000
0.964658 0.263506 0.000000 287.340995 -0.263506 0.964658 0.000000 -50.514545 0.000000 0.000000 1.000000 0.000000
0.964704 0.263335 0.000000 287.341027 -0.263335 0.964704 0.000000 -50.515229 0.000000 0.000000 1.000000 0.000000
0.964721 0.263273 0.000000 287.339540 -0.263273 0.964721 0.000000 -50.517467 0.000000 0.000000 1.000000 0.000000
0.964695 0.263368 0.000000 287.334819 -0.263368 0.964695 0.000000 -50.508846 0.000000 0.000000 1.000000 0.000000
0.964690 0.263389 0.000000 287.334807 -0.263389 0.964690 0.000000 -50.503794 0.000000 0.000000 1.000000 0.000000
0.964688 0.263396 0.000000 287.336133 -0.263396 0.964688 0.000000 -50.501695 0.000000 0.000000 1.000000 0.000000
0.964701 0.263348 0.000000 287.332528 -0.263348 0.964701 0.000000 -50.510620 0.000000 0.000000 1.000000 0.000000
0.964702 0.263343 0.000000 287.333593 -0.263343 0.964702 0.000000 -50.506561 0.000000 0.000000 1.000000 0.000000
0.964657 0.263509 0.000000 287.339938 -0.263509 0.964657 0.000000 -50.506789 0.000000 0.000000 1.000000 0.000000
0.964655 0.263518 0.000000 287.333365 -0.263518 0.964655 0.000000 -50.505504 0.000000 0.000000 1.000000 0.000000
0.964663 0.263486 0.000000 287.335061 -0.263486 0.964663 0.000000 -50.519548 0.000000 0.000000 1.000000 0.000000
0.964682 0.263416 0.000000 287.334295 -0.263416 0.964682 0.000000 -50.513177 0.000000 0.000000 1.000000 0.000000
0.964656 0.263512 0.000000 287.339706 -0.263512 0.964656 0.000000 -50.513095 0.000000 0.000000 1.000000 0.000000
0.964671 0.263457 0.000000 287.336873 -0.263457 0.964671 0.000000 -50.512354 0.000000 0.000000 1.000000 0.000000
0.964706 0.263331 0.000000 287.338580 -0.263331 0.964706 0.000000 -50.520591 0.000000 0.000000 1.000000 0.000000
0.964677 0.263437 0.000000 287.345234 -0.263437 0.964677 0.000000 -50.522530 0.000000 0.000000 1.000000 0.000000
0.964663 0.263488 0.000000 287.348648 -0.263488 0.964663 0.000000 -50.516066 0.000000 0.000000 1.000000 0.000000
0.964680 0.263423 0.000000 287.354132 -0.263423 0.964680 0.000000 -50.514444 0.000000 0.000000 1.000000 0.000000
0.964632 0.263600 0.000000 287.357802 -0.263600 0.964632 0.000000 -50.518963 0.000000 0.000000 1.000000 0.000000
0.964628 0.263615 0.000000 287.349837 -0.263615 0.964628 0.000000 -50.520830 0.000000 0.000000 1.000000 0.000000
0.964589 0.263758 0.000000 287.354396 -0.263758 0.964589 0.000000 -50.522193 0.000000 0.000000 1.000000 0.000000
0.964549 0.263903 0.000000 287.354717 -0.263903 0.964549 0.000000 -50.519019 0.000000 0.000000 1.000000 0.000000
0.964432 0.264330 0.000000 287.360098 -0.264330 0.964432 0.000000 -50.514503 0.000000 0.000000 1.000000 0.000000
0.964488 0.264125 0.000000 287.357706 -0.264125 0.964488 0.000000 -50.513933 0.000000 0.000000 1.000000 0.000000
0.964595 0.263737 0.000000 287.354067 -0.263737 0.964595 0.000000 -50.518474 0.000000 0.000000 1.000000 0.000000
0.964715 0.263297 0.000000 287.356065 -0.263297 0.964715 0.000000 -50.518594 0.000000 0.000000 1.000000 0.000000
0.964812 0.262942 0.000000 287.354386 -0.262942 0.964812 0.000000 -50.525546 0.000000 0.000000 1.000000 0.000000
0.964943 0.262459 0.000000 287.351803 -0.262459 0.964943 0.000000 -50.532797 0.000000 0.000000 1.000000 0.000000
0.965124 0.261793 0.000000 287.351216 -0.261793 0.965124 0.000000 -50.540136 0.000000 0.000000 1.000000 0.000000
0.965225 0.261420 0.000000 287.351703 -0.261420 0.965225 0.000000 -50.542237 0.000000 0.000000 1.000000 0.000000
0.965374 0.260870 0.000000 287.349301 -0.260870 0.965374 0.000000 -50.539235 0.000000 0.000000 1.000000 0.000000
0.965439 0.260630 0.000000 287.352122 -0.260630 0.965439 0.000000 -50.541804 0.000000 0.000000 1.000000 0.000000
0.965492 0.260432 0.000000 287.350804 -0.260432 0.965492 0.000000 -50.544969 0.000000 0.000000 1.000000 0.000000
0.965620 0.259957 0.000000 287.345929 -0.259957 0.965620 0.000000 -50.545865 0.000000 0.000000 1.000000 0.000000
0.965861 0.259059 0.000000 287.343334 -0.259059 0.965861 0.000000 -50.549010 0.000000 0.000000 1.000000 0.000000
0.965849 0.259106 0.000000 287.342567 -0.259106 0.965849 0.000000 -50.552090 0.000000 0.000000 1.000000 0.000000
0.965834 0.259161 0.000000 287.344191 -0.259161 0.965834 0.000000 -50.556514 0.000000 0.000000 1.000000 0.000000
0.965838 0.259147 0.000000 287.342990 -0.259147 0.965838 0.000000 -50.561117 0.000000 0.000000 1.000000 0.000000
0.965838 0.259145 0.000000 287.340799 -0.259145 0.965838 0.000000 -50.562677 0.000000 0.000000 1.000000 0.000000
0.965860 0.259065 0.000000 287.342339 -0.259065 0.965860 0.000000 -50.556742 0.000000 0.000000 1.000000 0.000000
0.965859 0.259067 0.000000 287.339957 -0.259067 0.965859 0.000000 -50.553775 0.000000 0.000000 1.000000 0.000000
0.965845 0.259119 0.000000 287.338726 -0.259119 0.965845 0.000000 -50.553342 0.000000 0.000000 1.000000 0.000000
0.965844 0.259125 0.000000 287.336311 -0.259125 0.965844 0.000000 -50.550173 0.000000 0.000000 1.000000 0.000000
0.965845 0.259120 0.000000 287.331010 -0.259120 0.965845 0.000000 -50.552222 0.000000 0.000000 1.000000 0.000000
0.965834 0.259160 0.000000 287.327063 -0.259160 0.965834 0.000000 -50.550736 0.000000 0.000000 1.000000 0.000000
0.965790 0.259324 0.000000 287.326650 -0.259324 0.965790 0.000000 -50.553722 0.000000 0.000000 1.000000 0.000000
0.965809 0.259254 0.000000 287.329303 -0.259254 0.965809 0.000000 -50.551719 0.000000 0.000000 1.000000 0.000000
0.965817 0.259225 0.000000 287.330343 -0.259225 0.965817 0.000000 -50.554699 0.000000 0.000000 1.000000 0.000000
0.965853 0.259090 0.000000 287.327648 -0.259090 0.965853 0.000000 -50.551077 0.000000 0.000000 1.000000 0.000000
0.965866 0.259042 0.000000 287.329688 -0.259042 0.965866 0.000000 -50.554551 0.000000 0.000000 1.000000 0.000000
0.965849 0.259107 0.000000 287.329077 -0.259107 0.965849 0.000000 -50.549531 0.000000 0.000000 1.000000 0.000000
0.965791 0.259323 0.000000 287.329236 -0.259323 0.965791 0.000000 -50.549922 0.000000 0.000000 1.000000 0.000000
0.965766 0.259414 0.000000 287.332660 -0.259414 0.965766 0.000000 -50.551258 0.000000 0.000000 1.000000 0.000000
0.965737 0.259521 0.000000 287.333453 -0.259521 0.965737 0.000000 -50.550987 0.000000 0.000000 1.000000 0.000000
0.965715 0.259605 0.000000 287.333805 -0.259605 0.965715 0.000000 -50.553185 0.000000 0.000000 1.000000 0.000000
0.965713 0.259613 0.000000 287.331585 -0.259613 0.965713 0.000000 -50.551182 0.000000 0.000000 1.000000 0.000000
0.965735 0.259529 0.000000 287.331850 -0.259529 0.965735 0.000000 -50.549306 0.000000 0.000000 1.000000 0.000000
0.965777 0.259372 0.000000 287.332401 -0.259372 0.965777 0.000000 -50.551667 0.000000 0.000000 1.000000 0.000000
0.965785 0.259344 0.000000 287.334225 -0.259344 0.965785 0.000000 -50.549101 0.000000 0.000000 1.000000 0.000000
0.965779 0.259366 0.000000 287.333063 -0.259366 0.965779 0.000000 -50.547341 0.000000 0.000000 1.000000 0.000000
0.965765 0.259420 0.000000 287.325975 -0.259420 0.965765 0.000000 -50.548342 0.000000 0.000000 1.000000 0.000000
0.965771 0.259397 0.000000 287.326527 -0.259397 0.965771 0.000000 -50.546556 0.000000 0.000000 1.000000 0.000000
0.965779 0.259367 0.000000 287.328079 -0.259367 0.965779 0.000000 -50.539915 0.000000 0.000000 1.000000 0.000000
0.965796 0.259305 0.000000 287.331476 -0.259305 0.965796 0.000000 -50.537963 0.000000 0.000000 1.000000 0.000000
0.965775 0.259382 0.000000 287.334188 -0.259382 0.965775 0.000000 -50.536665 0.000000 0.000000 1.000000 0.000000
0.965767 0.259410 0.000000 287.327660 -0.259410 0.965767 0.000000 -50.536162 0.000000 0.000000 1.000000 0.000000
0.965765 0.259418 0.000000 287.325323 -0.259418 0.965765 0.000000 -50.536695 0.000000 0.000000 1.000000 0.000000
0.965730 0.259548 0.000000 287.328941 -0.259548 0.965730 0.000000 -50.535053 0.000000 0.000000 1.000000 0.000000
0.965673 0.259761 0.000000 287.328749 -0.259761 0.965673 0.000000 -50.537262 0.000000 0.000000 1.000000 0.000000
0.965643 0.259872 0.000000 287.334645 -0.259872 0.965643 0.000000 -50.531596 0.000000 0.000000 1.000000 0.000000
0.965658 0.259815 0.000000 287.338367 -0.259815 0.965658 0.000000 -50.530487 0.000000 0.000000 1.000000 0.000000
0.965708 0.259632 0.000000 287.340047 -0.259632 0.965708 0.000000 -50.533040 0.000000 0.000000 1.000000 0.000000
0.965669 0.259776 0.000000 287.337832 -0.259776 0.965669 0.000000 -50.535685 0.000000 0.000000 1.000000 0.000000
0.965624 0.259941 0.000000 287.336510 -0.259941 0.965624 0.000000 -50.535738 0.000000 0.000000 1.000000 0.000000
0.965616 0.259973 0.000000 287.336077 -0.259973 0.965616 0.000000 -50.534195 0.000000 0.000000 1.000000 0.000000
0.965585 0.260086 0.000000 287.329577 -0.260086 0.965585 0.000000 -50.543744 0.000000 0.000000 1.000000 0.000000
0.965589 0.260072 0.000000 287.331559 -0.260072 0.965589 0.000000 -50.549386 0.000000 0.000000 1.000000 0.000000
0.965586 0.260086 0.000000 287.331340 -0.260086 0.965586 0.000000 -50.550127 0.000000 0.000000 1.000000 0.000000
0.965596 0.260046 0.000000 287.333697 -0.260046 0.965596 0.000000 -50.557531 0.000000 0.000000 1.000000 0.000000
0.965576 0.260119 0.000000 287.335579 -0.260119 0.965576 0.000000 -50.558736 0.000000 0.000000 1.000000 0.000000
0.965567 0.260154 0.000000 287.335143 -0.260154 0.965567 0.000000 -50.558352 0.000000 0.000000 1.000000 0.000000
0.965580 0.260105 0.000000 287.337561 -0.260105 0.965580 0.000000 -50.556963 0.000000 0.000000 1.000000 0.000000
0.965612 0.259987 0.000000 287.332601 -0.259987 0.965612 0.000000 -50.555178 0.000000 0.000000 1.000000 0.000000
0.965633 0.259910 0.000000 287.332471 -0.259910 0.965633 0.000000 -50.558858 0.000000 0.000000 1.000000 0.000000
0.965604 0.260017 0.000000 287.331895 -0.260017 0.965604 0.000000 -50.557625 0.000000 0.000000 1.000000 0.000000
0.965618 0.259964 0.000000 287.328779 -0.259964 0.965618 0.000000 -50.559807 0.000000 0.000000 1.000000 0.000000
0.965643 0.259874 0.000000 287.328644 -0.259874 0.965643 0.000000 -50.563512 0.000000 0.000000 1.000000 0.000000
0.965543 0.260244 0.000000 287.327712 -0.260244 0.965543 0.000000 -50.562944 0.000000 0.000000 1.000000 0.000000
0.965585 0.260087 0.000000 287.328947 -0.260087 0.965585 0.000000 -50.564255 0.000000 0.000000 1.000000 0.000000
0.965601 0.260027 0.000000 287.331869 -0.260027 0.965601 0.000000 -50.559708 0.000000 0.000000 1.000000 0.000000
0.965615 0.259975 0.000000 287.336458 -0.259975 0.965615 0.000000 -50.567702 0.000000 0.000000 1.000000 0.000000
0.965608 0.260004 0.000000 287.335882 -0.260004 0.965608 0.000000 -50.565142 0.000000 0.000000 1.000000 0.000000
0.965606 0.260009 0.000000 287.334905 -0.260009 0.965606 0.000000 -50.566356 0.000000 0.000000 1.000000 0.000000
0.965606 0.260010 0.000000 287.333018 -0.260010 0.965606 0.000000 -50.570028 0.000000 0.000000 1.000000 0.000000
0.965599 0.260036 0.000000 287.333948 -0.260036 0.965599 0.000000 -50.571626 0.000000 0.000000 1.000000 0.000000
0.965599 0.260035 0.000000 287.338495 -0.260035 0.965599 0.000000 -50.567489 0.000000 0.000000 1.000000 0.000000
0.965600 0.260031 0.000000 287.334680 -0.260031 0.965600 0.000000 -50.566324 0.000000 0.000000 1.000000 0.000000
0.965603 0.260019 0.000000 287.332519 -0.260019 0.965603 0.000000 -50.564124 0.000000 0.000000 1.000000 0.000000
0.965592 0.260063 0.000000 287.330756 -0.260063 0.965592 0.000000 -50.566723 0.000000 0.000000 1.000000 0.000000
0.965623 0.259947 0.000000 287.332845 -0.259947 0.965623 0.000000 -50.567855 0.000000 0.000000 1.000000 0.000000
0.965612 0.259987 0.000000 287.331993 -0.259987 0.965612 0.000000 -50.565282 0.000000 0.000000 1.000000 0.000000
0.965626 0.259935 0.000000 287.327650 -0.259935 0.965626 0.000000 -50.564376 0.000000 0.000000 1.000000 0.000000
0.965632 0.259914 0.000000 287.327401 -0.259914 0.965632 0.000000 -50.567437 0.000000 0.000000 1.000000 0.000000
0.965622 0.259949 0.000000 287.324556 -0.259949 0.965622 0.000000 -50.569200 0.000000 0.000000 1.000000 0.000000
0.965626 0.259937 0.000000 287.326479 -0.259937 0.965626 0.000000 -50.571302 0.000000 0.000000 1.000000 0.000000
0.965638 0.259891 0.000000 287.323853 -0.259891 0.965638 0.000000 -50.575434 0.000000 0.000000 1.000000 0.000000
0.965637 0.259895 0.000000 287.324089 -0.259895 0.965637 0.000000 -50.580534 0.000000 0.000000 1.000000 0.000000
0.965629 0.259926 0.000000 287.323818 -0.259926 0.965629 0.000000 -50.580039 0.000000 0.000000 1.000000 0.000000
0.965638 0.259890 0.000000 287.326217 -0.259890 0.965638 0.000000 -50.579982 0.000000 0.000000 1.000000 0.000000
0.965606 0.260011 0.000000 287.328478 -0.260011 0.965606 0.000000 -50.581873 0.000000 0.000000 1.000000 0.000000
0.965568 0.260149 0.000000 287.332331 -0.260149 0.965568 0.000000 -50.581186 0.000000 0.000000 1.000000 0.000000
0.965569 0.260146 0.000000 287.330586 -0.260146 0.965569 0.000000 -50.578956 0.000000 0.000000 1.000000 0.000000
0.965558 0.260189 0.000000 287.331106 -0.260189 0.965558 0.000000 -50.582084 0.000000 0.000000 1.000000 0.000000
0.965551 0.260212 0.000000 287.329529 -0.260212 0.965551 0.000000 -50.583317 0.000000 0.000000 1.000000 0.000000
0.965582 0.260097 0.000000 287.327105 -0.260097 0.965582 0.000000 -50.580055 0.000000 0.000000 1.000000 0.000000
0.965546 0.260232 0.000000 287.323973 -0.260232 0.965546 0.000000 -50.579845 0.000000 0.000000 1.000000 0.000000
0.965514 0.260352 0.000000 287.323149 -0.260352 0.965514 0.000000 -50.579350 0.000000 0.000000 1.000000 0.000000
0.965437 0.260637 0.000000 287.321784 -0.260637 0.965437 0.000000 -50.583473 0.000000 0.000000 1.000000 0.000000
0.965432 0.260655 0.000000 287.320993 -0.260655 0.965432 0.000000 -50.584753 0.000000 0.000000 1.000000 0.000000
0.965460 0.260553 0.000000 287.317501 -0.260553 0.965460 0.000000 -50.589749 0.000000 0.000000 1.000000 0.000000
0.965489 0.260444 0.000000 287.316908 -0.260444 0.965489 0.000000 -50.586948 0.000000 0.000000 1.000000 0.000000
0.965474 0.260498 0.000000 287.316605 -0.260498 0.965474 0.000000 -50.587186 0.000000 0.000000 1.000000 0.000000
0.965430 0.260664 0.000000 287.317956 -0.260664 0.965430 0.000000 -50.584030 0.000000 0.000000 1.000000 0.000000
0.965430 0.260662 0.000000 287.310804 -0.260662 0.965430 0.000000 -50.592350 0.000000 0.000000 1.000000 0.000000
0.965403 0.260764 0.000000 287.310621 -0.260764 0.965403 0.000000 -50.589611 0.000000 0.000000 1.000000 0.000000
0.965366 0.260900 0.000000 287.312478 -0.260900 0.965366 0.000000 -50.594837 0.000000 0.000000 1.000000 0.000000
0.965371 0.260880 0.000000 287.314743 -0.260880 0.965371 0.000000 -50.594840 0.000000 0.000000 1.000000 0.000000
0.965362 0.260912 0.000000 287.316869 -0.260912 0.965362 0.000000 -50.594526 0.000000 0.000000 1.000000 0.000000
0.965397 0.260785 0.000000 287.322314 -0.260785 0.965397 0.000000 -50.590963 0.000000 0.000000 1.000000 0.000000
0.965460 0.260552 0.000000 287.322810 -0.260552 0.965460 0.000000 -50.588976 0.000000 0.000000 1.000000 0.000000
0.965507 0.260377 0.000000 287.325643 -0.260377 0.965507 0.000000 -50.584835 0.000000 0.000000 1.000000 0.000000
0.965545 0.260238 0.000000 287.325170 -0.260238 0.965545 0.000000 -50.584253 0.000000 0.000000 1.000000 0.000000
0.965574 0.260129 0.000000 287.325484 -0.260129 0.965574 0.000000 -50.586765 0.000000 0.000000 1.000000 0.000000
0.965553 0.260206 0.000000 287.325028 -0.260206 0.965553 0.000000 -50.584671 0.000000 0.000000 1.000000 0.000000
0.965544 0.260238 0.000000 287.324773 -0.260238 0.965544 0.000000 -50.587217 0.000000 0.000000 1.000000 0.000000
0.965531 0.260288 0.000000 287.324671 -0.260288 0.965531 0.000000 -50.586457 0.000000 0.000000 1.000000 0.000000
0.965525 0.260309 0.000000 287.321364 -0.260309 0.965525 0.000000 -50.582726 0.000000 0.000000 1.000000 0.000000
0.965499 0.260406 0.000000 287.318258 -0.260406 0.965499 0.000000 -50.580709 0.000000 0.000000 1.000000 0.000000
0.965459 0.260554 0.000000 287.316625 -0.260554 0.965459 0.000000 -50.577596 0.000000 0.000000 1.000000 0.000000
0.965455 0.260568 0.000000 287.319792 -0.260568 0.965455 0.000000 -50.576564 0.000000 0.000000 1.000000 0.000000
0.965467 0.260525 0.000000 287.317800 -0.260525 0.965467 0.000000 -50.578186 0.000000 0.000000 1.000000 0.000000
0.965400 0.260773 0.000000 287.321978 -0.260773 0.965400 0.000000 -50.574506 0.000000 0.000000 1.000000 0.000000
0.965332 0.261024 0.000000 287.325308 -0.261024 0.965332 0.000000 -50.571495 0.000000 0.000000 1.000000 0.000000
0.965313 0.261097 0.000000 287.323851 -0.261097 0.965313 0.000000 -50.577697 0.000000 0.000000 1.000000 0.000000
0.965306 0.261123 0.000000 287.322470 -0.261123 0.965306 0.000000 -50.580430 0.000000 0.000000 1.000000 0.000000
0.965262 0.261284 0.000000 287.324317 -0.261284 0.965262 0.000000 -50.578768 0.000000 0.000000 1.000000 0.000000
0.965273 0.261243 0.000000 287.318680 -0.261243 0.965273 0.000000 -50.580117 0.000000 0.000000 1.000000 0.000000
0.965250 0.261330 0.000000 287.319253 -0.261330 0.965250 0.000000 -50.574490 0.000000 0.000000 1.000000 0.000000
0.965227 0.261414 0.000000 287.316419 -0.261414 0.965227 0.000000 -50.568484 0.000000 0.000000 1.000000 0.000000
0.965234 0.261386 0.000000 287.311300 -0.261386 0.965234 0.000000 -50.568018 0.000000 0.000000 1.000000 0.000000
0.965207 0.261489 0.000000 287.311105 -0.261489 0.965207 0.000000 -50.567900 0.000000 0.000000 1.000000 0.000000
0.965227 0.261413 0.000000 287.307009 -0.261413 0.965227 0.000000 -50.561056 0.000000 0.000000 1.000000 0.000000
0.965210 0.261476 0.000000 287.311771 -0.261476 0.965210 0.000000 -50.560402 0.000000 0.000000 1.000000 0.000000
0.965211 0.261472 0.000000 287.310160 -0.261472 0.965211 0.000000 -50.561733 0.000000 0.000000 1.000000 0.000000
0.965205 0.261496 0.000000 287.306053 -0.261496 0.965205 0.000000 -50.562088 0.000000 0.000000 1.000000 0.000000
0.965227 0.261413 0.000000 287.303244 -0.261413 0.965227 0.000000 -50.561473 0.000000 0.000000 1.000000 0.000000
0.965259 0.261295 0.000000 287.301725 -0.261295 0.965259 0.000000 -50.564139 0.000000 0.000000 1.000000 0.000000
0.965247 0.261341 0.000000 287.302038 -0.261341 0.965247 0.000000 -50.566442 0.000000 0.000000 1.000000 0.000000
0.965220 0.261441 0.000000 287.303400 -0.261441 0.965220 0.000000 -50.566738 0.000000 0.000000 1.000000 0.000000
0.965232 0.261396 0.000000 287.303765 -0.261396 0.965232 0.000000 -50.565626 0.000000 0.000000 1.000000 0.000000
0.965227 0.261413 0.000000 287.297130 -0.261413 0.965227 0.000000 -50.566554 0.000000 0.000000 1.000000 0.000000
0.965238 0.261372 0.000000 287.293989 -0.261372 0.965238 0.000000 -50.568744 0.000000 0.000000 1.000000 0.000000
0.965275 0.261236 0.000000 287.288399 -0.261236 0.965275 0.000000 -50.565397 0.000000 0.000000 1.000000 0.000000
0.965293 0.261171 0.000000 287.289456 -0.261171 0.965293 0.000000 -50.568281 0.000000 0.000000 1.000000 0.000000
0.965291 0.261176 0.000000 287.295643 -0.261176 0.965291 0.000000 -50.566092 0.000000 0.000000 1.000000 0.000000
0.965299 0.261149 0.000000 287.293063 -0.261149 0.965299 0.000000 -50.564913 0.000000 0.000000 1.000000 0.000000
0.965298 0.261149 0.000000 287.292214 -0.261149 0.965298 0.000000 -50.566678 0.000000 0.000000 1.000000 0.000000
0.965301 0.261138 0.000000 287.297739 -0.261138 0.965301 0.000000 -50.569317 0.000000 0.000000 1.000000 0.000000
0.965272 0.261248 0.000000 287.301306 -0.261248 0.965272 0.000000 -50.573374 0.000000 0.000000 1.000000 0.000000
0.965249 0.261332 0.000000 287.301838 -0.261332 0.965249 0.000000 -50.569156 0.000000 0.000000 1.000000 0.000000
0.965248 0.261334 0.000000 287.297923 -0.261334 0.965248 0.000000 -50.569059 0.000000 0.000000 1.000000 0.000000
0.965231 0.261400 0.000000 287.294561 -0.261400 0.965231 0.000000 -50.572652 0.000000 0.000000 1.000000 0.000000
