1.000000 -0.000361 0.000000 0.629706 0.000361 1.000000 0.000000 -0.016842 0.000000 0.000000 1.000000 0.000000
0.999993 -0.003810 0.000000 1.255106 0.003810 0.999993 0.000000 -0.033067 0.000000 0.000000 1.000000 0.000000
0.999964 -0.008484 0.000000 2.512721 0.008484 0.999964 0.000000 -0.049803 0.000000 0.000000 1.000000 0.000000
0.999959 -0.009096 0.000000 3.136137 0.009096 0.999959 0.000000 -0.055543 0.000000 0.000000 1.000000 0.000000
0.999964 -0.008493 0.000000 3.765790 0.008493 0.999964 0.000000 -0.065328 0.000000 0.000000 1.000000 0.000000
0.999974 -0.007248 0.000000 4.400182 0.007248 0.999974 0.000000 -0.068869 0.000000 0.000000 1.000000 0.000000
0.999964 -0.008536 0.000000 5.074243 0.008536 0.999964 0.000000 -0.081758 0.000000 0.000000 1.000000 0.000000
0.999964 -0.008477 0.000000 5.702007 0.008477 0.999964 0.000000 -0.098457 0.000000 0.000000 1.000000 0.000000
0.999965 -0.008361 0.000000 6.332869 0.008361 0.999965 0.000000 -0.105231 0.000000 0.000000 1.000000 0.000000
0.999955 -0.009494 0.000000 6.960918 0.009494 0.999955 0.000000 -0.113324 0.000000 0.000000 1.000000 0.000000
0.999942 -0.010777 0.000000 7.588593 0.010777 0.999942 0.000000 -0.122158 0.000000 0.000000 1.000000 0.000000
0.999945 -0.010469 0.000000 8.207852 0.010469 0.999945 0.000000 -0.126762 0.000000 0.000000 1.000000 0.000000
0.999956 -0.009362 0.000000 8.834306 0.009362 0.999956 0.000000 -0.132727 0.000000 0.000000 1.000000 0.000000
0.999946 -0.010396 0.000000 9.451350 0.010396 0.999946 0.000000 -0.147974 0.000000 0.000000 1.000000 0.000000
0.999954 -0.009570 0.000000 10.104638 0.009570 0.999954 0.000000 -0.154439 0.000000 0.000000 1.000000 0.000000
0.999948 -0.010159 0.000000 10.690253 0.010159 0.999948 0.000000 -0.163610 0.000000 0.000000 1.000000 0.000000
0.999950 -0.009952 0.000000 11.311008 0.009952 0.999950 0.000000 -0.170906 0.000000 0.000000 1.000000 0.000000
0.999957 -0.009285 0.000000 11.932366 0.009285 0.999957 0.000000 -0.185298 0.000000 0.000000 1.000000 0.000000
0.999941 -0.010905 0.000000 12.582373 0.010905 0.999941 0.000000 -0.196161 0.000000 0.000000 1.000000 0.000000
0.999926 -0.012167 0.000000 13.202587 0.012167 0.999926 0.000000 -0.203938 0.000000 0.000000 1.000000 0.000000
0.999915 -0.013040 0.000000 13.824651 0.013040 0.999915 0.000000 -0.210618 0.000000 0.000000 1.000000 0.000000
0.999903 -0.013923 0.000000 14.448993 0.013923 0.999903 0.000000 -0.221842 0.000000 0.000000 1.000000 0.000000
0.999917 -0.012899 0.000000 15.078359 0.012899 0.999917 0.000000 -0.231550 0.000000 0.000000 1.000000 0.000000
0.999883 -0.015283 0.000000 15.702170 0.015283 0.999883 0.000000 -0.237090 0.000000 0.000000 1.000000 0.000000
0.999880 -0.015488 0.000000 16.310483 0.015488 0.999880 0.000000 -0.243448 0.000000 0.000000 1.000000 0.000000
0.999855 -0.017034 0.000000 16.942020 0.017034 0.999855 0.000000 -0.247484 0.000000 0.000000 1.000000 0.000000
0.999882 -0.015357 0.000000 17.570273 0.015357 0.999882 0.000000 -0.247937 0.000000 0.000000 1.000000 0.000000
0.999911 -0.013378 0.000000 18.155505 0.013378 0.999911 0.000000 -0.249814 0.000000 0.000000 1.000000 0.000000
0.999876 -0.015742 0.000000 18.784593 0.015742 0.999876 0.000000 -0.262882 0.000000 0.000000 1.000000 0.000000
0.999836 -0.018088 0.000000 19.397103 0.018088 0.999836 0.000000 -0.267628 0.000000 0.000000 1.000000 0.000000
0.999805 -0.019738 0.000000 19.995365 0.019738 0.999805 0.000000 -0.273753 0.000000 0.000000 1.000000 0.000000
0.999808 -0.019595 0.000000 20.620190 0.019595 0.999808 0.000000 -0.276085 0.000000 0.000000 1.000000 0.000000
0.999818 -0.019080 0.000000 21.252966 0.019080 0.999818 0.000000 -0.284766 0.000000 0.000000 1.000000 0.000000
0.999822 -0.018877 0.000000 21.876924 0.018877 0.999822 0.000000 -0.292925 0.000000 0.000000 1.000000 0.000000
0.999850 -0.017305 0.000000 22.464836 0.017305 0.999850 0.000000 -0.295557 0.000000 0.000000 1.000000 0.000000
0.999915 -0.013004 0.000000 23.100329 0.013004 0.999915 0.000000 -0.305577 0.000000 0.000000 1.000000 0.000000
0.999939 -0.011074 0.000000 23.691111 0.011074 0.999939 0.000000 -0.315583 0.000000 0.000000 1.000000 0.000000
0.999942 -0.010767 0.000000 24.322836 0.010767 0.999942 0.000000 -0.326165 0.000000 0.000000 1.000000 0.000000
0.999930 -0.011864 0.000000 24.960445 0.011864 0.999930 0.000000 -0.336765 0.000000 0.000000 1.000000 0.000000
0.999917 -0.012909 0.000000 25.790319 0.012909 0.999917 0.000000 -0.355019 0.000000 0.000000 1.000000 0.000000
0.999926 -0.012155 0.000000 26.422208 0.012155 0.999926 0.000000 -0.359486 0.000000 0.000000 1.000000 0.000000
0.999936 -0.011321 0.000000 27.061270 0.011321 0.999936 0.000000 -0.356614 0.000000 0.000000 1.000000 0.000000
0.999946 -0.010427 0.000000 27.696512 0.010427 0.999946 0.000000 -0.360476 0.000000 0.000000 1.000000 0.000000
0.999953 -0.009650 0.000000 28.327252 0.009650 0.999953 0.000000 -0.367872 0.000000 0.000000 1.000000 0.000000
0.999937 -0.011210 0.000000 28.969751 0.011210 0.999937 0.000000 -0.377732 0.000000 0.000000 1.000000 0.000000
0.999956 -0.009336 0.000000 29.609586 0.009336 0.999956 0.000000 -0.381250 0.000000 0.000000 1.000000 0.000000
0.999970 -0.007771 0.000000 30.256067 0.007771 0.999970 0.000000 -0.391380 0.000000 0.000000 1.000000 0.000000
0.999985 -0.005401 0.000000 30.890454 0.005401 0.999985 0.000000 -0.395124 0.000000 0.000000 1.000000 0.000000
0.999986 -0.005250 0.000000 31.533380 0.005250 0.999986 0.000000 -0.405954 0.000000 0.000000 1.000000 0.000000
0.999995 -0.003086 0.000000 32.169648 0.003086 0.999995 0.000000 -0.410625 0.000000 0.000000 1.000000 0.000000
0.999990 -0.004539 0.000000 32.802624 0.004539 0.999990 0.000000 -0.424493 0.000000 0.000000 1.000000 0.000000
0.999993 -0.003643 0.000000 33.439041 0.003643 0.999993 0.000000 -0.435325 0.000000 0.000000 1.000000 0.000000
0.999996 -0.002712 0.000000 34.078556 0.002712 0.999996 0.000000 -0.444453 0.000000 0.000000 1.000000 0.000000
0.999993 -0.003810 0.000000 34.682084 0.003810 0.999993 0.000000 -0.461432 0.000000 0.000000 1.000000 0.000000
0.999997 -0.002479 0.000000 35.329230 0.002479 0.999997 0.000000 -0.473843 0.000000 0.000000 1.000000 0.000000
1.000000 0.000385 0.000000 35.960381 -0.000385 1.000000 0.000000 -0.477013 0.000000 0.000000 1.000000 0.000000
1.000000 0.000146 0.000000 36.603155 -0.000146 1.000000 0.000000 -0.491353 0.000000 0.000000 1.000000 0.000000
0.999999 -0.001710 0.000000 37.241467 0.001710 0.999999 0.000000 -0.502476 0.000000 0.000000 1.000000 0.000000
1.000000 -0.000988 0.000000 37.874543 0.000988 1.000000 0.000000 -0.507451 0.000000 0.000000 1.000000 0.000000
1.000000 0.000634 0.000000 38.517274 -0.000634 1.000000 0.000000 -0.518793 0.000000 0.000000 1.000000 0.000000
0.999999 0.001254 0.000000 39.164234 -0.001254 0.999999 0.000000 -0.524003 0.000000 0.000000 1.000000 0.000000
0.999999 0.001655 0.000000 39.815400 -0.001655 0.999999 0.000000 -0.527696 0.000000 0.000000 1.000000 0.000000
0.999993 0.003826 0.000000 40.455067 -0.003826 0.999993 0.000000 -0.536524 0.000000 0.000000 1.000000 0.000000
0.999992 0.004006 0.000000 41.103780 -0.004006 0.999992 0.000000 -0.548173 0.000000 0.000000 1.000000 0.000000
0.999998 0.002186 0.000000 41.715263 -0.002186 0.999998 0.000000 -0.563674 0.000000 0.000000 1.000000 0.000000
0.999989 0.004769 0.000000 42.373472 -0.004769 0.999989 0.000000 -0.563726 0.000000 0.000000 1.000000 0.000000
0.999983 0.005814 0.000000 43.034804 -0.005814 0.999983 0.000000 -0.570791 0.000000 0.000000 1.000000 0.000000
0.999968 0.007965 0.000000 43.698710 -0.007965 0.999968 0.000000 -0.585337 0.000000 0.000000 1.000000 0.000000
0.999993 0.003839 0.000000 44.356883 -0.003839 0.999993 0.000000 -0.599265 0.000000 0.000000 1.000000 0.000000
0.999999 0.001216 0.000000 45.011340 -0.001216 0.999999 0.000000 -0.616984 0.000000 0.000000 1.000000 0.000000
0.999999 0.001183 0.000000 45.626689 -0.001183 0.999999 0.000000 -0.625697 0.000000 0.000000 1.000000 0.000000
0.999998 0.001794 0.000000 46.284581 -0.001794 0.999998 0.000000 -0.630755 0.000000 0.000000 1.000000 0.000000
0.999991 0.004181 0.000000 46.938861 -0.004181 0.999991 0.000000 -0.636745 0.000000 0.000000 1.000000 0.000000
0.999987 0.005081 0.000000 47.597735 -0.005081 0.999987 0.000000 -0.645737 0.000000 0.000000 1.000000 0.000000
0.999992 0.003882 0.000000 48.252820 -0.003882 0.999992 0.000000 -0.654428 0.000000 0.000000 1.000000 0.000000
1.000000 0.000674 0.000000 48.907684 -0.000674 1.000000 0.000000 -0.657354 0.000000 0.000000 1.000000 0.000000
0.999997 0.002353 0.000000 49.931950 -0.002353 0.999997 0.000000 -0.677984 0.000000 0.000000 1.000000 0.000000
1.000000 -0.000198 0.000000 50.614659 0.000198 1.000000 0.000000 -0.683971 0.000000 0.000000 1.000000 0.000000
0.999996 0.002711 0.000000 51.247332 -0.002711 0.999996 0.000000 -0.689699 0.000000 0.000000 1.000000 0.000000
0.999998 0.001869 0.000000 51.907220 -0.001869 0.999998 0.000000 -0.695264 0.000000 0.000000 1.000000 0.000000
0.999999 0.001710 0.000000 52.569875 -0.001710 0.999999 0.000000 -0.703192 0.000000 0.000000 1.000000 0.000000
1.000000 0.000817 0.000000 53.227728 -0.000817 1.000000 0.000000 -0.713418 0.000000 0.000000 1.000000 0.000000
0.999998 0.002036 0.000000 53.880356 -0.002036 0.999998 0.000000 -0.720947 0.000000 0.000000 1.000000 0.000000
1.000000 0.000990 0.000000 54.527972 -0.000990 1.000000 0.000000 -0.732198 0.000000 0.000000 1.000000 0.000000
1.000000 -0.000597 0.000000 55.866978 0.000597 1.000000 0.000000 -0.744265 0.000000 0.000000 1.000000 0.000000
1.000000 -0.000895 0.000000 56.512082 0.000895 1.000000 0.000000 -0.742556 0.000000 0.000000 1.000000 0.000000
0.999990 -0.004514 0.000000 57.148998 0.004514 0.999990 0.000000 -0.742668 0.000000 0.000000 1.000000 0.000000
0.999991 -0.004148 0.000000 57.789188 0.004148 0.999991 0.000000 -0.741919 0.000000 0.000000 1.000000 0.000000
0.999998 -0.001901 0.000000 58.427393 0.001901 0.999998 0.000000 -0.743419 0.000000 0.000000 1.000000 0.000000
1.000000 0.000222 0.000000 59.096089 -0.000222 1.000000 0.000000 -0.747573 0.000000 0.000000 1.000000 0.000000
1.000000 0.000756 0.000000 59.732748 -0.000756 1.000000 0.000000 -0.746737 0.000000 0.000000 1.000000 0.000000
0.999998 0.001966 0.000000 60.341542 -0.001966 0.999998 0.000000 -0.747560 0.000000 0.000000 1.000000 0.000000
0.999999 0.001618 0.000000 60.964655 -0.001618 0.999999 0.000000 -0.754737 0.000000 0.000000 1.000000 0.000000
0.999998 0.002133 0.000000 61.551283 -0.002133 0.999998 0.000000 -0.763666 0.000000 0.000000 1.000000 0.000000
0.999995 0.003081 0.000000 62.178496 -0.003081 0.999995 0.000000 -0.776697 0.000000 0.000000 1.000000 0.000000
0.999991 0.004236 0.000000 62.805588 -0.004236 0.999991 0.000000 -0.793327 0.000000 0.000000 1.000000 0.000000
0.999990 0.004504 0.000000 63.385503 -0.004504 0.999990 0.000000 -0.806839 0.000000 0.000000 1.000000 0.000000
0.999983 0.005803 0.000000 64.001465 -0.005803 0.999983 0.000000 -0.821367 0.000000 0.000000 1.000000 0.000000
0.999993 0.003816 0.000000 64.610019 -0.003816 0.999993 0.000000 -0.841873 0.000000 0.000000 1.000000 0.000000
0.999992 0.003955 0.000000 65.180918 -0.003955 0.999992 0.000000 -0.863701 0.000000 0.000000 1.000000 0.000000
0.999996 0.002685 0.000000 65.789058 -0.002685 0.999996 0.000000 -0.884476 0.000000 0.000000 1.000000 0.000000
0.999996 0.002834 0.000000 66.359188 -0.002834 0.999996 0.000000 -0.894898 0.000000 0.000000 1.000000 0.000000
0.999980 0.006289 0.000000 66.969200 -0.006289 0.999980 0.000000 -0.906146 0.000000 0.000000 1.000000 0.000000
0.999976 0.006931 0.000000 67.575317 -0.006931 0.999976 0.000000 -0.920552 0.000000 0.000000 1.000000 0.000000
0.999974 0.007249 0.000000 68.413262 -0.007249 0.999974 0.000000 -0.944556 0.000000 0.000000 1.000000 0.000000
0.999963 0.008621 0.000000 69.009064 -0.008621 0.999963 0.000000 -0.958092 0.000000 0.000000 1.000000 0.000000
0.999953 0.009738 0.000000 69.609017 -0.009738 0.999953 0.000000 -0.976525 0.000000 0.000000 1.000000 0.000000
0.999963 0.008559 0.000000 70.204983 -0.008559 0.999963 0.000000 -0.988436 0.000000 0.000000 1.000000 0.000000
0.999966 0.008185 0.000000 70.800722 -0.008185 0.999966 0.000000 -0.997931 0.000000 0.000000 1.000000 0.000000
0.999983 0.005894 0.000000 71.390575 -0.005894 0.999983 0.000000 -1.004726 0.000000 0.000000 1.000000 0.000000
0.999991 0.004196 0.000000 72.022866 -0.004196 0.999991 0.000000 -1.015184 0.000000 0.000000 1.000000 0.000000
0.999992 0.003945 0.000000 72.615116 -0.003945 0.999992 0.000000 -1.021947 0.000000 0.000000 1.000000 0.000000
0.999995 0.003015 0.000000 73.208201 -0.003015 0.999995 0.000000 -1.033454 0.000000 0.000000 1.000000 0.000000
0.999982 0.006014 0.000000 74.391596 -0.006014 0.999982 0.000000 -1.065842 0.000000 0.000000 1.000000 0.000000
0.999990 0.004491 0.000000 74.975576 -0.004491 0.999990 0.000000 -1.077219 0.000000 0.000000 1.000000 0.000000
0.999977 0.006789 0.000000 75.559242 -0.006789 0.999977 0.000000 -1.087849 0.000000 0.000000 1.000000 0.000000
0.999975 0.007106 0.000000 76.140421 -0.007106 0.999975 0.000000 -1.111136 0.000000 0.000000 1.000000 0.000000
0.999975 0.007115 0.000000 76.726524 -0.007115 0.999975 0.000000 -1.124932 0.000000 0.000000 1.000000 0.000000
0.999959 0.009014 0.000000 77.308798 -0.009014 0.999959 0.000000 -1.139015 0.000000 0.000000 1.000000 0.000000
0.999968 0.007957 0.000000 77.882663 -0.007957 0.999968 0.000000 -1.160439 0.000000 0.000000 1.000000 0.000000
0.999982 0.005995 0.000000 78.450726 -0.005995 0.999982 0.000000 -1.170809 0.000000 0.000000 1.000000 0.000000
0.999984 0.005609 0.000000 79.012360 -0.005609 0.999984 0.000000 -1.185477 0.000000 0.000000 1.000000 0.000000
0.999973 0.007370 0.000000 79.569050 -0.007370 0.999973 0.000000 -1.201258 0.000000 0.000000 1.000000 0.000000
0.999974 0.007173 0.000000 80.121251 -0.007173 0.999974 0.000000 -1.216647 0.000000 0.000000 1.000000 0.000000
0.999977 0.006810 0.000000 80.664837 -0.006810 0.999977 0.000000 -1.233278 0.000000 0.000000 1.000000 0.000000
0.999976 0.006958 0.000000 81.201679 -0.006958 0.999976 0.000000 -1.251401 0.000000 0.000000 1.000000 0.000000
0.999961 0.008865 0.000000 81.712410 -0.008865 0.999961 0.000000 -1.264596 0.000000 0.000000 1.000000 0.000000
0.999945 0.010520 0.000000 82.255151 -0.010520 0.999945 0.000000 -1.273513 0.000000 0.000000 1.000000 0.000000
0.999911 0.013307 0.000000 82.776628 -0.013307 0.999911 0.000000 -1.287432 0.000000 0.000000 1.000000 0.000000
0.999874 0.015904 0.000000 83.282986 -0.015904 0.999874 0.000000 -1.295286 0.000000 0.000000 1.000000 0.000000
0.999869 0.016199 0.000000 83.821008 -0.016199 0.999869 0.000000 -1.318194 0.000000 0.000000 1.000000 0.000000
0.999876 0.015763 0.000000 84.347024 -0.015763 0.999876 0.000000 -1.340770 0.000000 0.000000 1.000000 0.000000
0.999875 0.015806 0.000000 84.837005 -0.015806 0.999875 0.000000 -1.360192 0.000000 0.000000 1.000000 0.000000
0.999862 0.016639 0.000000 85.365602 -0.016639 0.999862 0.000000 -1.388533 0.000000 0.000000 1.000000 0.000000
0.999816 0.019163 0.000000 85.879651 -0.019163 0.999816 0.000000 -1.415084 0.000000 0.000000 1.000000 0.000000
0.999834 0.018202 0.000000 86.363674 -0.018202 0.999834 0.000000 -1.436243 0.000000 0.000000 1.000000 0.000000
0.999829 0.018492 0.000000 86.881803 -0.018492 0.999829 0.000000 -1.456788 0.000000 0.000000 1.000000 0.000000
0.999805 0.019745 0.000000 87.391714 -0.019745 0.999805 0.000000 -1.475621 0.000000 0.000000 1.000000 0.000000
0.999767 0.021605 0.000000 87.870109 -0.021605 0.999767 0.000000 -1.497893 0.000000 0.000000 1.000000 0.000000
0.999751 0.022319 0.000000 88.379316 -0.022319 0.999751 0.000000 -1.528510 0.000000 0.000000 1.000000 0.000000
0.999740 0.022804 0.000000 88.860085 -0.022804 0.999740 0.000000 -1.554006 0.000000 0.000000 1.000000 0.000000
0.999687 0.025013 0.000000 89.369335 -0.025013 0.999687 0.000000 -1.580667 0.000000 0.000000 1.000000 0.000000
0.999678 0.025392 0.000000 90.036234 -0.025392 0.999678 0.000000 -1.614723 0.000000 0.000000 1.000000 0.000000
0.999580 0.028990 0.000000 90.532605 -0.028990 0.999580 0.000000 -1.628747 0.000000 0.000000 1.000000 0.000000
0.999522 0.030912 0.000000 91.029931 -0.030912 0.999522 0.000000 -1.647938 0.000000 0.000000 1.000000 0.000000
0.999491 0.031905 0.000000 91.520297 -0.031905 0.999491 0.000000 -1.666943 0.000000 0.000000 1.000000 0.000000
0.999507 0.031401 0.000000 92.003328 -0.031401 0.999507 0.000000 -1.692271 0.000000 0.000000 1.000000 0.000000
0.999535 0.030498 0.000000 92.485446 -0.030498 0.999535 0.000000 -1.721983 0.000000 0.000000 1.000000 0.000000
0.999491 0.031901 0.000000 92.957068 -0.031901 0.999491 0.000000 -1.749460 0.000000 0.000000 1.000000 0.000000
0.999370 0.035481 0.000000 93.914882 -0.035481 0.999370 0.000000 -1.815161 0.000000 0.000000 1.000000 0.000000
0.999310 0.037136 0.000000 94.382874 -0.037136 0.999310 0.000000 -1.852288 0.000000 0.000000 1.000000 0.000000
0.999179 0.040506 0.000000 94.846903 -0.040506 0.999179 0.000000 -1.883044 0.000000 0.000000 1.000000 0.000000
0.999098 0.042457 0.000000 95.313689 -0.042457 0.999098 0.000000 -1.925319 0.000000 0.000000 1.000000 0.000000
0.999044 0.043718 0.000000 95.784598 -0.043718 0.999044 0.000000 -1.967825 0.000000 0.000000 1.000000 0.000000
0.998897 0.046966 0.000000 96.246672 -0.046966 0.998897 0.000000 -2.003005 0.000000 0.000000 1.000000 0.000000
0.998808 0.048812 0.000000 96.714029 -0.048812 0.998808 0.000000 -2.049849 0.000000 0.000000 1.000000 0.000000
0.998607 0.052761 0.000000 97.175897 -0.052761 0.998607 0.000000 -2.089661 0.000000 0.000000 1.000000 0.000000
0.998448 0.055686 0.000000 97.633734 -0.055686 0.998448 0.000000 -2.129051 0.000000 0.000000 1.000000 0.000000
0.998282 0.058592 0.000000 98.089318 -0.058592 0.998282 0.000000 -2.171227 0.000000 0.000000 1.000000 0.000000
0.998124 0.061222 0.000000 98.512157 -0.061222 0.998124 0.000000 -2.213879 0.000000 0.000000 1.000000 0.000000
0.997990 0.063371 0.000000 98.955265 -0.063371 0.997990 0.000000 -2.256204 0.000000 0.000000 1.000000 0.000000
0.997776 0.066655 0.000000 99.395697 -0.066655 0.997776 0.000000 -2.298482 0.000000 0.000000 1.000000 0.000000
0.997727 0.067391 0.000000 99.833483 -0.067391 0.997727 0.000000 -2.350983 0.000000 0.000000 1.000000 0.000000
0.997490 0.070812 0.000000 100.256955 -0.070812 0.997490 0.000000 -2.399284 0.000000 0.000000 1.000000 0.000000
0.997342 0.072861 0.000000 100.681367 -0.072861 0.997342 0.000000 -2.437534 0.000000 0.000000 1.000000 0.000000
0.996734 0.080752 0.000000 101.106153 -0.080752 0.996734 0.000000 -2.478114 0.000000 0.000000 1.000000 0.000000
0.996514 0.083423 0.000000 101.515211 -0.083423 0.996514 0.000000 -2.519705 0.000000 0.000000 1.000000 0.000000
0.996234 0.086704 0.000000 101.921364 -0.086704 0.996234 0.000000 -2.565201 0.000000 0.000000 1.000000 0.000000
0.996237 0.086667 0.000000 102.332321 -0.086667 0.996237 0.000000 -2.612402 0.000000 0.000000 1.000000 0.000000
0.995948 0.089927 0.000000 102.722411 -0.089927 0.995948 0.000000 -2.661783 0.000000 0.000000 1.000000 0.000000
0.996031 0.089012 0.000000 103.118279 -0.089012 0.996031 0.000000 -2.717389 0.000000 0.000000 1.000000 0.000000
0.995407 0.095732 0.000000 103.502961 -0.095732 0.995407 0.000000 -2.762255 0.000000 0.000000 1.000000 0.000000
0.995049 0.099386 0.000000 103.903732 -0.099386 0.995049 0.000000 -2.811414 0.000000 0.000000 1.000000 0.000000
0.995103 0.098842 0.000000 104.292366 -0.098842 0.995103 0.000000 -2.864271 0.000000 0.000000 1.000000 0.000000
0.994766 0.102176 0.000000 104.666463 -0.102176 0.994766 0.000000 -2.908523 0.000000 0.000000 1.000000 0.000000
0.994330 0.106336 0.000000 105.071877 -0.106336 0.994330 0.000000 -2.961743 0.000000 0.000000 1.000000 0.000000
0.993820 0.111002 0.000000 105.469719 -0.111002 0.993820 0.000000 -3.013360 0.000000 0.000000 1.000000 0.000000
0.993406 0.114645 0.000000 106.032220 -0.114645 0.993406 0.000000 -3.100877 0.000000 0.000000 1.000000 0.000000
0.993115 0.117144 0.000000 106.440240 -0.117144 0.993115 0.000000 -3.160909 0.000000 0.000000 1.000000 0.000000
0.992846 0.119403 0.000000 106.846574 -0.119403 0.992846 0.000000 -3.226377 0.000000 0.000000 1.000000 0.000000
0.992574 0.121643 0.000000 107.263607 -0.121643 0.992574 0.000000 -3.289533 0.000000 0.000000 1.000000 0.000000
0.992269 0.124107 0.000000 107.677622 -0.124107 0.992269 0.000000 -3.360709 0.000000 0.000000 1.000000 0.000000
0.992210 0.124577 0.000000 108.092901 -0.124577 0.992210 0.000000 -3.425948 0.000000 0.000000 1.000000 0.000000
0.992120 0.125290 0.000000 108.513480 -0.125290 0.992120 0.000000 -3.495238 0.000000 0.000000 1.000000 0.000000
0.991768 0.128051 0.000000 108.932584 -0.128051 0.991768 0.000000 -3.565043 0.000000 0.000000 1.000000 0.000000
0.990840 0.135043 0.000000 109.664719 -0.135043 0.990840 0.000000 -3.688076 0.000000 0.000000 1.000000 0.000000
0.990781 0.135476 0.000000 110.085936 -0.135476 0.990781 0.000000 -3.768338 0.000000 0.000000 1.000000 0.000000
0.990898 0.134618 0.000000 110.513535 -0.134618 0.990898 0.000000 -3.845517 0.000000 0.000000 1.000000 0.000000
0.990975 0.134046 0.000000 110.937541 -0.134046 0.990975 0.000000 -3.922302 0.000000 0.000000 1.000000 0.000000
0.991082 0.133250 0.000000 111.371713 -0.133250 0.991082 0.000000 -3.988276 0.000000 0.000000 1.000000 0.000000
0.990598 0.136804 0.000000 111.806640 -0.136804 0.990598 0.000000 -4.047097 0.000000 0.000000 1.000000 0.000000
0.990747 0.135719 0.000000 112.240992 -0.135719 0.990747 0.000000 -4.120927 0.000000 0.000000 1.000000 0.000000
0.990813 0.135235 0.000000 112.681969 -0.135235 0.990813 0.000000 -4.190166 0.000000 0.000000 1.000000 0.000000
0.990766 0.135584 0.000000 113.125414 -0.135584 0.990766 0.000000 -4.261965 0.000000 0.000000 1.000000 0.000000
0.990568 0.137019 0.000000 113.574559 -0.137019 0.990568 0.000000 -4.337553 0.000000 0.000000 1.000000 0.000000
0.989984 0.141181 0.000000 114.020303 -0.141181 0.989984 0.000000 -4.416266 0.000000 0.000000 1.000000 0.000000
0.989941 0.141482 0.000000 114.845242 -0.141482 0.989941 0.000000 -4.556649 0.000000 0.000000 1.000000 0.000000
0.989984 0.141181 0.000000 115.298864 -0.141181 0.989984 0.000000 -4.636729 0.000000 0.000000 1.000000 0.000000
0.989814 0.142369 0.000000 115.755441 -0.142369 0.989814 0.000000 -4.714016 0.000000 0.000000 1.000000 0.000000
0.989555 0.144154 0.000000 116.216887 -0.144154 0.989555 0.000000 -4.802878 0.000000 0.000000 1.000000 0.000000
0.989218 0.146449 0.000000 116.676241 -0.146449 0.989218 0.000000 -4.891305 0.000000 0.000000 1.000000 0.000000
0.989051 0.147573 0.000000 117.136368 -0.147573 0.989051 0.000000 -4.981763 0.000000 0.000000 1.000000 0.000000
0.988886 0.148675 0.000000 117.598825 -0.148675 0.988886 0.000000 -5.069524 0.000000 0.000000 1.000000 0.000000
0.988339 0.152268 0.000000 118.064240 -0.152268 0.988339 0.000000 -5.157081 0.000000 0.000000 1.000000 0.000000
0.987729 0.156179 0.000000 118.562599 -0.156179 0.987729 0.000000 -5.249359 0.000000 0.000000 1.000000 0.000000
0.987191 0.159541 0.000000 119.003001 -0.159541 0.987191 0.000000 -5.333425 0.000000 0.000000 1.000000 0.000000
0.987196 0.159512 0.000000 119.501926 -0.159512 0.987196 0.000000 -5.433451 0.000000 0.000000 1.000000 0.000000
0.986982 0.160831 0.000000 119.975046 -0.160831 0.986982 0.000000 -5.527864 0.000000 0.000000 1.000000 0.000000
0.986629 0.162984 0.000000 120.445603 -0.162984 0.986629 0.000000 -5.620928 0.000000 0.000000 1.000000 0.000000
0.986979 0.160849 0.000000 120.914459 -0.160849 0.986979 0.000000 -5.722147 0.000000 0.000000 1.000000 0.000000
0.986460 0.164001 0.000000 121.387544 -0.164001 0.986460 0.000000 -5.807560 0.000000 0.000000 1.000000 0.000000
0.986121 0.166030 0.000000 121.858324 -0.166030 0.986121 0.000000 -5.902778 0.000000 0.000000 1.000000 0.000000
0.985547 0.169401 0.000000 122.329488 -0.169401 0.985547 0.000000 -6.000304 0.000000 0.000000 1.000000 0.000000
0.984484 0.175476 0.000000 122.804363 -0.175476 0.984484 0.000000 -6.094697 0.000000 0.000000 1.000000 0.000000
0.984196 0.177085 0.000000 123.254383 -0.177085 0.984196 0.000000 -6.188758 0.000000 0.000000 1.000000 0.000000
0.984094 0.177647 0.000000 123.731915 -0.177647 0.984094 0.000000 -6.287327 0.000000 0.000000 1.000000 0.000000
0.983752 0.179531 0.000000 124.206926 -0.179531 0.983752 0.000000 -6.389125 0.000000 0.000000 1.000000 0.000000
0.983631 0.180196 0.000000 124.994603 -0.180196 0.983631 0.000000 -6.555561 0.000000 0.000000 1.000000 0.000000
0.983605 0.180335 0.000000 125.480407 -0.180335 0.983605 0.000000 -6.659369 0.000000 0.000000 1.000000 0.000000
0.985728 0.168348 0.000000 126.450054 -0.168348 0.985728 0.000000 -6.867413 0.000000 0.000000 1.000000 0.000000
0.985732 0.168324 0.000000 126.947016 -0.168324 0.985732 0.000000 -6.962918 0.000000 0.000000 1.000000 0.000000
0.985877 0.167472 0.000000 127.444230 -0.167472 0.985877 0.000000 -7.061720 0.000000 0.000000 1.000000 0.000000
0.985768 0.168111 0.000000 127.943331 -0.168111 0.985768 0.000000 -7.154379 0.000000 0.000000 1.000000 0.000000
0.986003 0.166726 0.000000 128.440689 -0.166726 0.986003 0.000000 -7.251934 0.000000 0.000000 1.000000 0.000000
0.985775 0.168072 0.000000 128.942840 -0.168072 0.985775 0.000000 -7.344618 0.000000 0.000000 1.000000 0.000000
0.985757 0.168173 0.000000 129.479671 -0.168173 0.985757 0.000000 -7.450447 0.000000 0.000000 1.000000 0.000000
0.985283 0.170932 0.000000 129.966913 -0.170932 0.985283 0.000000 -7.543468 0.000000 0.000000 1.000000 0.000000
0.984969 0.172732 0.000000 130.476698 -0.172732 0.984969 0.000000 -7.642202 0.000000 0.000000 1.000000 0.000000
0.985088 0.172053 0.000000 130.994791 -0.172053 0.985088 0.000000 -7.738121 0.000000 0.000000 1.000000 0.000000
0.985691 0.168564 0.000000 131.479269 -0.168564 0.985691 0.000000 -7.842640 0.000000 0.000000 1.000000 0.000000
0.985634 0.168898 0.000000 131.996339 -0.168898 0.985634 0.000000 -7.940272 0.000000 0.000000 1.000000 0.000000
0.985607 0.169052 0.000000 132.522309 -0.169052 0.985607 0.000000 -8.040199 0.000000 0.000000 1.000000 0.000000
0.985187 0.171484 0.000000 133.015077 -0.171484 0.985187 0.000000 -8.128009 0.000000 0.000000 1.000000 0.000000
0.985804 0.167898 0.000000 133.536131 -0.167898 0.985804 0.000000 -8.225150 0.000000 0.000000 1.000000 0.000000
0.985187 0.171481 0.000000 134.067521 -0.171481 0.985187 0.000000 -8.333296 0.000000 0.000000 1.000000 0.000000
0.984798 0.173704 0.000000 134.690471 -0.173704 0.984798 0.000000 -8.451142 0.000000 0.000000 1.000000 0.000000
0.984504 0.175362 0.000000 135.251329 -0.175362 0.984504 0.000000 -8.557053 0.000000 0.000000 1.000000 0.000000
0.984017 0.178076 0.000000 135.743577 -0.178076 0.984017 0.000000 -8.646390 0.000000 0.000000 1.000000 0.000000
0.983913 0.178648 0.000000 136.271762 -0.178648 0.983913 0.000000 -8.755271 0.000000 0.000000 1.000000 0.000000
0.982976 0.183733 0.000000 136.802712 -0.183733 0.982976 0.000000 -8.865335 0.000000 0.000000 1.000000 0.000000
0.982503 0.186246 0.000000 137.337748 -0.186246 0.982503 0.000000 -8.977394 0.000000 0.000000 1.000000 0.000000
0.981444 0.191747 0.000000 141.139548 -0.191747 0.981444 0.000000 -9.820562 0.000000 0.000000 1.000000 0.000000
0.981662 0.190628 0.000000 141.655691 -0.190628 0.981662 0.000000 -9.930849 0.000000 0.000000 1.000000 0.000000
0.982503 0.186249 0.000000 142.806391 -0.186249 0.982503 0.000000 -10.182949 0.000000 0.000000 1.000000 0.000000
0.981434 0.191799 0.000000 143.922774 -0.191799 0.981434 0.000000 -10.440807 0.000000 0.000000 1.000000 0.000000
0.981241 0.192786 0.000000 144.483398 -0.192786 0.981241 0.000000 -10.569766 0.000000 0.000000 1.000000 0.000000
0.981039 0.193808 0.000000 145.043511 -0.193808 0.981039 0.000000 -10.701125 0.000000 0.000000 1.000000 0.000000
0.980878 0.194626 0.000000 145.614434 -0.194626 0.980878 0.000000 -10.830760 0.000000 0.000000 1.000000 0.000000
0.981016 0.193924 0.000000 146.178443 -0.193924 0.981016 0.000000 -10.973572 0.000000 0.000000 1.000000 0.000000
0.981702 0.190425 0.000000 146.751784 -0.190425 0.981702 0.000000 -11.110193 0.000000 0.000000 1.000000 0.000000
0.981007 0.193975 0.000000 147.327988 -0.193975 0.981007 0.000000 -11.242093 0.000000 0.000000 1.000000 0.000000
0.980917 0.194427 0.000000 147.903129 -0.194427 0.980917 0.000000 -11.374594 0.000000 0.000000 1.000000 0.000000
0.981077 0.193617 0.000000 148.474243 -0.193617 0.981077 0.000000 -11.519838 0.000000 0.000000 1.000000 0.000000
0.980907 0.194478 0.000000 149.385980 -0.194478 0.980907 0.000000 -11.738998 0.000000 0.000000 1.000000 0.000000
0.980078 0.198611 0.000000 149.962993 -0.198611 0.980078 0.000000 -11.871601 0.000000 0.000000 1.000000 0.000000
0.980318 0.197426 0.000000 150.526081 -0.197426 0.980318 0.000000 -12.022828 0.000000 0.000000 1.000000 0.000000
0.979706 0.200439 0.000000 151.103072 -0.200439 0.979706 0.000000 -12.157689 0.000000 0.000000 1.000000 0.000000
0.979186 0.202967 0.000000 151.717329 -0.202967 0.979186 0.000000 -12.306500 0.000000 0.000000 1.000000 0.000000
0.978652 0.205526 0.000000 152.242838 -0.205526 0.978652 0.000000 -12.435647 0.000000 0.000000 1.000000 0.000000
0.978474 0.206368 0.000000 152.849709 -0.206368 0.978474 0.000000 -12.590144 0.000000 0.000000 1.000000 0.000000
0.978526 0.206123 0.000000 153.414987 -0.206123 0.978526 0.000000 -12.734760 0.000000 0.000000 1.000000 0.000000
0.978554 0.205990 0.000000 153.990262 -0.205990 0.978554 0.000000 -12.872794 0.000000 0.000000 1.000000 0.000000
0.978626 0.205650 0.000000 154.558988 -0.205650 0.978626 0.000000 -13.003391 0.000000 0.000000 1.000000 0.000000
0.978688 0.205355 0.000000 155.124868 -0.205355 0.978688 0.000000 -13.136705 0.000000 0.000000 1.000000 0.000000
0.979071 0.203520 0.000000 155.684084 -0.203520 0.979071 0.000000 -13.272911 0.000000 0.000000 1.000000 0.000000
0.979361 0.202117 0.000000 156.251295 -0.202117 0.979361 0.000000 -13.401615 0.000000 0.000000 1.000000 0.000000
0.979360 0.202122 0.000000 156.813090 -0.202122 0.979360 0.000000 -13.524645 0.000000 0.000000 1.000000 0.000000
0.979751 0.200220 0.000000 157.383827 -0.200220 0.979751 0.000000 -13.657402 0.000000 0.000000 1.000000 0.000000
0.979114 0.203311 0.000000 157.950414 -0.203311 0.979114 0.000000 -13.781463 0.000000 0.000000 1.000000 0.000000
0.978634 0.205609 0.000000 159.085677 -0.205609 0.978634 0.000000 -14.044507 0.000000 0.000000 1.000000 0.000000
0.978424 0.206609 0.000000 159.648101 -0.206609 0.978424 0.000000 -14.175711 0.000000 0.000000 1.000000 0.000000
0.978489 0.206300 0.000000 160.177786 -0.206300 0.978489 0.000000 -14.300592 0.000000 0.000000 1.000000 0.000000
0.978131 0.207989 0.000000 160.764540 -0.207989 0.978131 0.000000 -14.434190 0.000000 0.000000 1.000000 0.000000
0.977716 0.209932 0.000000 161.318691 -0.209932 0.977716 0.000000 -14.561690 0.000000 0.000000 1.000000 0.000000
0.978045 0.208394 0.000000 162.421686 -0.208394 0.978045 0.000000 -14.825616 0.000000 0.000000 1.000000 0.000000
0.978225 0.207547 0.000000 162.984760 -0.207547 0.978225 0.000000 -14.957606 0.000000 0.000000 1.000000 0.000000
0.977956 0.208811 0.000000 163.516941 -0.208811 0.977956 0.000000 -15.089698 0.000000 0.000000 1.000000 0.000000
0.977823 0.209431 0.000000 164.083152 -0.209431 0.977823 0.000000 -15.222927 0.000000 0.000000 1.000000 0.000000
0.978214 0.207599 0.000000 164.656240 -0.207599 0.978214 0.000000 -15.357270 0.000000 0.000000 1.000000 0.000000
0.977978 0.208709 0.000000 165.193956 -0.208709 0.977978 0.000000 -15.475174 0.000000 0.000000 1.000000 0.000000
0.977498 0.210945 0.000000 165.952729 -0.210945 0.977498 0.000000 -15.641326 0.000000 0.000000 1.000000 0.000000
0.976555 0.215270 0.000000 166.519603 -0.215270 0.976555 0.000000 -15.762158 0.000000 0.000000 1.000000 0.000000
0.976304 0.216402 0.000000 167.088447 -0.216402 0.976304 0.000000 -15.892020 0.000000 0.000000 1.000000 0.000000
0.975159 0.221508 0.000000 167.695916 -0.221508 0.975159 0.000000 -16.026054 0.000000 0.000000 1.000000 0.000000
0.975156 0.221517 0.000000 168.231859 -0.221517 0.975156 0.000000 -16.151894 0.000000 0.000000 1.000000 0.000000
0.975754 0.218872 0.000000 168.839526 -0.218872 0.975754 0.000000 -16.307482 0.000000 0.000000 1.000000 0.000000
0.974898 0.222651 0.000000 169.413731 -0.222651 0.974898 0.000000 -16.437089 0.000000 0.000000 1.000000 0.000000
0.975399 0.220445 0.000000 169.990109 -0.220445 0.975399 0.000000 -16.571556 0.000000 0.000000 1.000000 0.000000
0.974410 0.224780 0.000000 170.573498 -0.224780 0.974410 0.000000 -16.705310 0.000000 0.000000 1.000000 0.000000
0.975099 0.221769 0.000000 171.139584 -0.221769 0.975099 0.000000 -16.853859 0.000000 0.000000 1.000000 0.000000
0.975428 0.220318 0.000000 171.714943 -0.220318 0.975428 0.000000 -16.989886 0.000000 0.000000 1.000000 0.000000
0.975421 0.220352 0.000000 172.283967 -0.220352 0.975421 0.000000 -17.132402 0.000000 0.000000 1.000000 0.000000
0.976697 0.214623 0.000000 172.858840 -0.214623 0.976697 0.000000 -17.285340 0.000000 0.000000 1.000000 0.000000
0.977766 0.209701 0.000000 173.434203 -0.209701 0.977766 0.000000 -17.434069 0.000000 0.000000 1.000000 0.000000
0.977733 0.209854 0.000000 174.011923 -0.209854 0.977733 0.000000 -17.567215 0.000000 0.000000 1.000000 0.000000
0.977354 0.211611 0.000000 174.583594 -0.211611 0.977354 0.000000 -17.707852 0.000000 0.000000 1.000000 0.000000
0.977162 0.212494 0.000000 175.162328 -0.212494 0.977162 0.000000 -17.847119 0.000000 0.000000 1.000000 0.000000
0.976896 0.213713 0.000000 175.703123 -0.213713 0.976896 0.000000 -17.977754 0.000000 0.000000 1.000000 0.000000
0.976765 0.214311 0.000000 176.316145 -0.214311 0.976765 0.000000 -18.126762 0.000000 0.000000 1.000000 0.000000
0.977095 0.212805 0.000000 176.852928 -0.212805 0.977095 0.000000 -18.251171 0.000000 0.000000 1.000000 0.000000
0.976855 0.213904 0.000000 177.429006 -0.213904 0.976855 0.000000 -18.391993 0.000000 0.000000 1.000000 0.000000
0.976566 0.215216 0.000000 178.006831 -0.215216 0.976566 0.000000 -18.525997 0.000000 0.000000 1.000000 0.000000
0.975901 0.218215 0.000000 178.586703 -0.218215 0.975901 0.000000 -18.670161 0.000000 0.000000 1.000000 0.000000
0.974177 0.225786 0.000000 179.164675 -0.225786 0.974177 0.000000 -18.814553 0.000000 0.000000 1.000000 0.000000
0.974102 0.226108 0.000000 179.741026 -0.226108 0.974102 0.000000 -18.956041 0.000000 0.000000 1.000000 0.000000
0.974231 0.225554 0.000000 180.325059 -0.225554 0.974231 0.000000 -19.098154 0.000000 0.000000 1.000000 0.000000
0.974327 0.225139 0.000000 180.906494 -0.225139 0.974327 0.000000 -19.238706 0.000000 0.000000 1.000000 0.000000
0.974242 0.225506 0.000000 181.494009 -0.225506 0.974242 0.000000 -19.376281 0.000000 0.000000 1.000000 0.000000
0.973867 0.227118 0.000000 182.082627 -0.227118 0.973867 0.000000 -19.513721 0.000000 0.000000 1.000000 0.000000
0.974291 0.225291 0.000000 182.656174 -0.225291 0.974291 0.000000 -19.658243 0.000000 0.000000 1.000000 0.000000
0.974402 0.224812 0.000000 183.233700 -0.224812 0.974402 0.000000 -19.805575 0.000000 0.000000 1.000000 0.000000
0.973902 0.226971 0.000000 183.810140 -0.226971 0.973902 0.000000 -19.949335 0.000000 0.000000 1.000000 0.000000
0.973777 0.227506 0.000000 184.354094 -0.227506 0.973777 0.000000 -20.082843 0.000000 0.000000 1.000000 0.000000
0.973903 0.226964 0.000000 184.925227 -0.226964 0.973903 0.000000 -20.231035 0.000000 0.000000 1.000000 0.000000
0.973865 0.227128 0.000000 185.503436 -0.227128 0.973865 0.000000 -20.377987 0.000000 0.000000 1.000000 0.000000
0.973816 0.227336 0.000000 186.056842 -0.227336 0.973816 0.000000 -20.519702 0.000000 0.000000 1.000000 0.000000
0.974432 0.224681 0.000000 186.623406 -0.224681 0.974432 0.000000 -20.665082 0.000000 0.000000 1.000000 0.000000
0.974074 0.226230 0.000000 187.194567 -0.226230 0.974074 0.000000 -20.813734 0.000000 0.000000 1.000000 0.000000
0.974900 0.222644 0.000000 187.730881 -0.222644 0.974900 0.000000 -20.956155 0.000000 0.000000 1.000000 0.000000
0.974988 0.222257 0.000000 188.297142 -0.222257 0.974988 0.000000 -21.102302 0.000000 0.000000 1.000000 0.000000
0.974233 0.225545 0.000000 188.870224 -0.225545 0.974233 0.000000 -21.242257 0.000000 0.000000 1.000000 0.000000
0.974276 0.225359 0.000000 189.406734 -0.225359 0.974276 0.000000 -21.375405 0.000000 0.000000 1.000000 0.000000
0.973802 0.227396 0.000000 189.984709 -0.227396 0.973802 0.000000 -21.521896 0.000000 0.000000 1.000000 0.000000
0.973462 0.228847 0.000000 190.551554 -0.228847 0.973462 0.000000 -21.663546 0.000000 0.000000 1.000000 0.000000
0.973203 0.229946 0.000000 191.374625 -0.229946 0.973203 0.000000 -21.888411 0.000000 0.000000 1.000000 0.000000
0.972730 0.231939 0.000000 191.941429 -0.231939 0.972730 0.000000 -22.029416 0.000000 0.000000 1.000000 0.000000
0.972462 0.233061 0.000000 192.511692 -0.233061 0.972462 0.000000 -22.172874 0.000000 0.000000 1.000000 0.000000
0.972703 0.232055 0.000000 193.078105 -0.232055 0.972703 0.000000 -22.314384 0.000000 0.000000 1.000000 0.000000
0.972562 0.232646 0.000000 193.641843 -0.232646 0.972562 0.000000 -22.461069 0.000000 0.000000 1.000000 0.000000
0.973063 0.230541 0.000000 194.206398 -0.230541 0.973063 0.000000 -22.600983 0.000000 0.000000 1.000000 0.000000
0.974044 0.226357 0.000000 194.766617 -0.226357 0.974044 0.000000 -22.751070 0.000000 0.000000 1.000000 0.000000
0.974090 0.226162 0.000000 195.348210 -0.226162 0.974090 0.000000 -22.894577 0.000000 0.000000 1.000000 0.000000
0.974225 0.225579 0.000000 195.847375 -0.225579 0.974225 0.000000 -23.024500 0.000000 0.000000 1.000000 0.000000
0.974018 0.226471 0.000000 196.821008 -0.226471 0.974018 0.000000 -23.273666 0.000000 0.000000 1.000000 0.000000
0.974021 0.226457 0.000000 197.382215 -0.226457 0.974021 0.000000 -23.410945 0.000000 0.000000 1.000000 0.000000
0.973816 0.227338 0.000000 198.091860 -0.227338 0.973816 0.000000 -23.589779 0.000000 0.000000 1.000000 0.000000
0.973620 0.228176 0.000000 198.807002 -0.228176 0.973620 0.000000 -23.777135 0.000000 0.000000 1.000000 0.000000
0.973037 0.230650 0.000000 199.765484 -0.230650 0.973037 0.000000 -24.030904 0.000000 0.000000 1.000000 0.000000
0.973133 0.230244 0.000000 200.325378 -0.230244 0.973133 0.000000 -24.182055 0.000000 0.000000 1.000000 0.000000
0.973179 0.230050 0.000000 200.894519 -0.230050 0.973179 0.000000 -24.330951 0.000000 0.000000 1.000000 0.000000
0.973114 0.230325 0.000000 201.450185 -0.230325 0.973114 0.000000 -24.476565 0.000000 0.000000 1.000000 0.000000
0.973030 0.230680 0.000000 201.980239 -0.230680 0.973030 0.000000 -24.609646 0.000000 0.000000 1.000000 0.000000
0.973730 0.227704 0.000000 202.545953 -0.227704 0.973730 0.000000 -24.758757 0.000000 0.000000 1.000000 0.000000
0.973099 0.230387 0.000000 203.101563 -0.230387 0.973099 0.000000 -24.906920 0.000000 0.000000 1.000000 0.000000
0.973062 0.230546 0.000000 203.896532 -0.230546 0.973062 0.000000 -25.128751 0.000000 0.000000 1.000000 0.000000
0.973518 0.228610 0.000000 204.461359 -0.228610 0.973518 0.000000 -25.279023 0.000000 0.000000 1.000000 0.000000
0.973717 0.227760 0.000000 205.030690 -0.227760 0.973717 0.000000 -25.423105 0.000000 0.000000 1.000000 0.000000
0.973675 0.227943 0.000000 205.589722 -0.227943 0.973675 0.000000 -25.566143 0.000000 0.000000 1.000000 0.000000
0.974685 0.223584 0.000000 206.181508 -0.223584 0.974685 0.000000 -25.715141 0.000000 0.000000 1.000000 0.000000
0.974775 0.223192 0.000000 206.706240 -0.223192 0.974775 0.000000 -25.845862 0.000000 0.000000 1.000000 0.000000
0.974747 0.223312 0.000000 207.302720 -0.223312 0.974747 0.000000 -25.995131 0.000000 0.000000 1.000000 0.000000
0.974941 0.222465 0.000000 207.829904 -0.222465 0.974941 0.000000 -26.130199 0.000000 0.000000 1.000000 0.000000
0.975016 0.222134 0.000000 208.422705 -0.222134 0.975016 0.000000 -26.282512 0.000000 0.000000 1.000000 0.000000
0.975110 0.221724 0.000000 208.975764 -0.221724 0.975110 0.000000 -26.422238 0.000000 0.000000 1.000000 0.000000
0.974905 0.222623 0.000000 209.535823 -0.222623 0.974905 0.000000 -26.556405 0.000000 0.000000 1.000000 0.000000
0.975487 0.220055 0.000000 210.098720 -0.220055 0.975487 0.000000 -26.700958 0.000000 0.000000 1.000000 0.000000
0.975272 0.221009 0.000000 210.643795 -0.221009 0.975272 0.000000 -26.834404 0.000000 0.000000 1.000000 0.000000
0.975279 0.220977 0.000000 211.197401 -0.220977 0.975279 0.000000 -26.973961 0.000000 0.000000 1.000000 0.000000
0.975720 0.219022 0.000000 211.757810 -0.219022 0.975720 0.000000 -27.114519 0.000000 0.000000 1.000000 0.000000
0.976074 0.217439 0.000000 212.305292 -0.217439 0.976074 0.000000 -27.253857 0.000000 0.000000 1.000000 0.000000
0.974431 0.224688 0.000000 212.851810 -0.224688 0.974431 0.000000 -27.391055 0.000000 0.000000 1.000000 0.000000
0.974711 0.223469 0.000000 213.404270 -0.223469 0.974711 0.000000 -27.528771 0.000000 0.000000 1.000000 0.000000
0.975419 0.220359 0.000000 213.988167 -0.220359 0.975419 0.000000 -27.673865 0.000000 0.000000 1.000000 0.000000
0.975839 0.218490 0.000000 214.537913 -0.218490 0.975839 0.000000 -27.805632 0.000000 0.000000 1.000000 0.000000
0.976482 0.215598 0.000000 215.090964 -0.215598 0.976482 0.000000 -27.937154 0.000000 0.000000 1.000000 0.000000
0.976599 0.215069 0.000000 215.611934 -0.215069 0.976599 0.000000 -28.063839 0.000000 0.000000 1.000000 0.000000
0.976873 0.213819 0.000000 216.166366 -0.213819 0.976873 0.000000 -28.191329 0.000000 0.000000 1.000000 0.000000
0.976496 0.215536 0.000000 216.755009 -0.215536 0.976496 0.000000 -28.332225 0.000000 0.000000 1.000000 0.000000
0.976908 0.213660 0.000000 217.309021 -0.213660 0.976908 0.000000 -28.462272 0.000000 0.000000 1.000000 0.000000
0.977433 0.211244 0.000000 217.858553 -0.211244 0.977433 0.000000 -28.593841 0.000000 0.000000 1.000000 0.000000
0.977603 0.210455 0.000000 218.382306 -0.210455 0.977603 0.000000 -28.723166 0.000000 0.000000 1.000000 0.000000
0.978271 0.207329 0.000000 219.466983 -0.207329 0.978271 0.000000 -28.982783 0.000000 0.000000 1.000000 0.000000
0.979034 0.203695 0.000000 219.997797 -0.203695 0.979034 0.000000 -29.113577 0.000000 0.000000 1.000000 0.000000
0.979361 0.202117 0.000000 220.529740 -0.202117 0.979361 0.000000 -29.238624 0.000000 0.000000 1.000000 0.000000
0.979538 0.201261 0.000000 221.039886 -0.201261 0.979538 0.000000 -29.356819 0.000000 0.000000 1.000000 0.000000
0.979516 0.201368 0.000000 221.586719 -0.201368 0.979516 0.000000 -29.483265 0.000000 0.000000 1.000000 0.000000
0.979767 0.200143 0.000000 222.126608 -0.200143 0.979767 0.000000 -29.608064 0.000000 0.000000 1.000000 0.000000
0.980084 0.198583 0.000000 222.671618 -0.198583 0.980084 0.000000 -29.732513 0.000000 0.000000 1.000000 0.000000
0.980240 0.197811 0.000000 223.178363 -0.197811 0.980240 0.000000 -29.844197 0.000000 0.000000 1.000000 0.000000
0.980569 0.196172 0.000000 223.713792 -0.196172 0.980569 0.000000 -29.968328 0.000000 0.000000 1.000000 0.000000
0.980372 0.197156 0.000000 224.212046 -0.197156 0.980372 0.000000 -30.075942 0.000000 0.000000 1.000000 0.000000
0.980298 0.197523 0.000000 224.740502 -0.197523 0.980298 0.000000 -30.191966 0.000000 0.000000 1.000000 0.000000
0.980570 0.196171 0.000000 225.266624 -0.196171 0.980570 0.000000 -30.306237 0.000000 0.000000 1.000000 0.000000
0.980835 0.194839 0.000000 225.790338 -0.194839 0.980835 0.000000 -30.419049 0.000000 0.000000 1.000000 0.000000
0.981135 0.193322 0.000000 226.281874 -0.193322 0.981135 0.000000 -30.529566 0.000000 0.000000 1.000000 0.000000
0.981213 0.192929 0.000000 226.809971 -0.192929 0.981213 0.000000 -30.641997 0.000000 0.000000 1.000000 0.000000
0.981587 0.191017 0.000000 227.462462 -0.191017 0.981587 0.000000 -30.788494 0.000000 0.000000 1.000000 0.000000
0.981721 0.190325 0.000000 228.089640 -0.190325 0.981721 0.000000 -30.923422 0.000000 0.000000 1.000000 0.000000
0.981836 0.189730 0.000000 228.614481 -0.189730 0.981836 0.000000 -31.034869 0.000000 0.000000 1.000000 0.000000
0.981914 0.189328 0.000000 229.143121 -0.189328 0.981914 0.000000 -31.142072 0.000000 0.000000 1.000000 0.000000
0.982024 0.188758 0.000000 229.666464 -0.188758 0.982024 0.000000 -31.255648 0.000000 0.000000 1.000000 0.000000
0.982559 0.185952 0.000000 230.190442 -0.185952 0.982559 0.000000 -31.366764 0.000000 0.000000 1.000000 0.000000
0.982969 0.183771 0.000000 230.717019 -0.183771 0.982969 0.000000 -31.473266 0.000000 0.000000 1.000000 0.000000
0.983699 0.179824 0.000000 231.620252 -0.179824 0.983699 0.000000 -31.666878 0.000000 0.000000 1.000000 0.000000
0.983537 0.180708 0.000000 232.155400 -0.180708 0.983537 0.000000 -31.773462 0.000000 0.000000 1.000000 0.000000
0.983794 0.179301 0.000000 232.646968 -0.179301 0.983794 0.000000 -31.877410 0.000000 0.000000 1.000000 0.000000
0.983237 0.182334 0.000000 233.177380 -0.182334 0.983237 0.000000 -31.985537 0.000000 0.000000 1.000000 0.000000
0.982925 0.184006 0.000000 233.702867 -0.184006 0.982925 0.000000 -32.096344 0.000000 0.000000 1.000000 0.000000
0.982709 0.185157 0.000000 234.224522 -0.185157 0.982709 0.000000 -32.200121 0.000000 0.000000 1.000000 0.000000
0.982983 0.183694 0.000000 234.750176 -0.183694 0.982983 0.000000 -32.320338 0.000000 0.000000 1.000000 0.000000
0.982926 0.184004 0.000000 235.270144 -0.184004 0.982926 0.000000 -32.435501 0.000000 0.000000 1.000000 0.000000
0.982513 0.186195 0.000000 235.787376 -0.186195 0.982513 0.000000 -32.537709 0.000000 0.000000 1.000000 0.000000
0.982049 0.188627 0.000000 236.313092 -0.188627 0.982049 0.000000 -32.646015 0.000000 0.000000 1.000000 0.000000
0.982021 0.188774 0.000000 236.829641 -0.188774 0.982021 0.000000 -32.761975 0.000000 0.000000 1.000000 0.000000
0.981524 0.191342 0.000000 237.360497 -0.191342 0.981524 0.000000 -32.876414 0.000000 0.000000 1.000000 0.000000
0.981708 0.190395 0.000000 237.879218 -0.190395 0.981708 0.000000 -32.999569 0.000000 0.000000 1.000000 0.000000
0.981228 0.192851 0.000000 238.396908 -0.192851 0.981228 0.000000 -33.114015 0.000000 0.000000 1.000000 0.000000
0.981375 0.192099 0.000000 238.916100 -0.192099 0.981375 0.000000 -33.238265 0.000000 0.000000 1.000000 0.000000
0.981245 0.192766 0.000000 239.436488 -0.192766 0.981245 0.000000 -33.357411 0.000000 0.000000 1.000000 0.000000
0.981432 0.191812 0.000000 239.987687 -0.191812 0.981432 0.000000 -33.485212 0.000000 0.000000 1.000000 0.000000
0.981292 0.192527 0.000000 240.471989 -0.192527 0.981292 0.000000 -33.592939 0.000000 0.000000 1.000000 0.000000
0.981127 0.193363 0.000000 240.983230 -0.193363 0.981127 0.000000 -33.710944 0.000000 0.000000 1.000000 0.000000
0.980544 0.196301 0.000000 241.505944 -0.196301 0.980544 0.000000 -33.833287 0.000000 0.000000 1.000000 0.000000
0.980298 0.197526 0.000000 242.020012 -0.197526 0.980298 0.000000 -33.956903 0.000000 0.000000 1.000000 0.000000
0.980419 0.196923 0.000000 242.536407 -0.196923 0.980419 0.000000 -34.082778 0.000000 0.000000 1.000000 0.000000
0.980399 0.197022 0.000000 243.055724 -0.197022 0.980399 0.000000 -34.200454 0.000000 0.000000 1.000000 0.000000
0.980214 0.197940 0.000000 243.571283 -0.197940 0.980214 0.000000 -34.321724 0.000000 0.000000 1.000000 0.000000
0.980146 0.198277 0.000000 244.087441 -0.198277 0.980146 0.000000 -34.445105 0.000000 0.000000 1.000000 0.000000
0.980103 0.198491 0.000000 244.608167 -0.198491 0.980103 0.000000 -34.571155 0.000000 0.000000 1.000000 0.000000
0.979355 0.202148 0.000000 245.158641 -0.202148 0.979355 0.000000 -34.697646 0.000000 0.000000 1.000000 0.000000
0.979011 0.203809 0.000000 245.668295 -0.203809 0.979011 0.000000 -34.818279 0.000000 0.000000 1.000000 0.000000
0.978482 0.206334 0.000000 246.148026 -0.206334 0.978482 0.000000 -34.936363 0.000000 0.000000 1.000000 0.000000
0.978124 0.208024 0.000000 246.660640 -0.208024 0.978124 0.000000 -35.062319 0.000000 0.000000 1.000000 0.000000
0.976128 0.217198 0.000000 247.685721 -0.217198 0.976128 0.000000 -35.295390 0.000000 0.000000 1.000000 0.000000
0.975677 0.219214 0.000000 248.198803 -0.219214 0.975677 0.000000 -35.416983 0.000000 0.000000 1.000000 0.000000
0.975196 0.221344 0.000000 248.912367 -0.221344 0.975196 0.000000 -35.591401 0.000000 0.000000 1.000000 0.000000
0.975837 0.218502 0.000000 249.891896 -0.218502 0.975837 0.000000 -35.834608 0.000000 0.000000 1.000000 0.000000
0.975781 0.218751 0.000000 250.396313 -0.218751 0.975781 0.000000 -35.962327 0.000000 0.000000 1.000000 0.000000
0.975270 0.221018 0.000000 250.900180 -0.221018 0.975270 0.000000 -36.081846 0.000000 0.000000 1.000000 0.000000
0.975168 0.221466 0.000000 251.391438 -0.221466 0.975168 0.000000 -36.210768 0.000000 0.000000 1.000000 0.000000
0.974975 0.222314 0.000000 251.896892 -0.222314 0.974975 0.000000 -36.344144 0.000000 0.000000 1.000000 0.000000
0.974707 0.223487 0.000000 252.397207 -0.223487 0.974707 0.000000 -36.482892 0.000000 0.000000 1.000000 0.000000
0.974147 0.225915 0.000000 252.892040 -0.225915 0.974147 0.000000 -36.611707 0.000000 0.000000 1.000000 0.000000
0.974211 0.225638 0.000000 253.391592 -0.225638 0.974211 0.000000 -36.736162 0.000000 0.000000 1.000000 0.000000
0.974635 0.223801 0.000000 253.886039 -0.223801 0.974635 0.000000 -36.861181 0.000000 0.000000 1.000000 0.000000
0.975959 0.217952 0.000000 254.379122 -0.217952 0.975959 0.000000 -36.985194 0.000000 0.000000 1.000000 0.000000
0.976170 0.217007 0.000000 254.839582 -0.217007 0.976170 0.000000 -37.096553 0.000000 0.000000 1.000000 0.000000
0.976224 0.216766 0.000000 255.338534 -0.216766 0.976224 0.000000 -37.211403 0.000000 0.000000 1.000000 0.000000
0.975954 0.217976 0.000000 255.828378 -0.217976 0.975954 0.000000 -37.325216 0.000000 0.000000 1.000000 0.000000
0.975998 0.217778 0.000000 256.310799 -0.217778 0.975998 0.000000 -37.436482 0.000000 0.000000 1.000000 0.000000
0.976102 0.217314 0.000000 256.804436 -0.217314 0.976102 0.000000 -37.551759 0.000000 0.000000 1.000000 0.000000
0.976435 0.215814 0.000000 257.286096 -0.215814 0.976435 0.000000 -37.657273 0.000000 0.000000 1.000000 0.000000
0.976219 0.216787 0.000000 257.774034 -0.216787 0.976219 0.000000 -37.772173 0.000000 0.000000 1.000000 0.000000
0.975761 0.218839 0.000000 258.246671 -0.218839 0.975761 0.000000 -37.884000 0.000000 0.000000 1.000000 0.000000
0.975126 0.221650 0.000000 258.728892 -0.221650 0.975126 0.000000 -37.999759 0.000000 0.000000 1.000000 0.000000
0.974408 0.224788 0.000000 259.195773 -0.224788 0.974408 0.000000 -38.116153 0.000000 0.000000 1.000000 0.000000
0.974499 0.224393 0.000000 259.664099 -0.224393 0.974499 0.000000 -38.239849 0.000000 0.000000 1.000000 0.000000
0.974925 0.222532 0.000000 260.130108 -0.222532 0.974925 0.000000 -38.362096 0.000000 0.000000 1.000000 0.000000
0.974730 0.223388 0.000000 260.556065 -0.223388 0.974730 0.000000 -38.466669 0.000000 0.000000 1.000000 0.000000
0.974356 0.225012 0.000000 261.009859 -0.225012 0.974356 0.000000 -38.585807 0.000000 0.000000 1.000000 0.000000
0.974069 0.226253 0.000000 261.468223 -0.226253 0.974069 0.000000 -38.704170 0.000000 0.000000 1.000000 0.000000
0.974113 0.226060 0.000000 261.915240 -0.226060 0.974113 0.000000 -38.817294 0.000000 0.000000 1.000000 0.000000
0.974165 0.225836 0.000000 262.366676 -0.225836 0.974165 0.000000 -38.926043 0.000000 0.000000 1.000000 0.000000
0.974332 0.225116 0.000000 262.804297 -0.225116 0.974332 0.000000 -39.032317 0.000000 0.000000 1.000000 0.000000
0.974729 0.223392 0.000000 263.238169 -0.223392 0.974729 0.000000 -39.144563 0.000000 0.000000 1.000000 0.000000
0.974542 0.224204 0.000000 263.671022 -0.224204 0.974542 0.000000 -39.253309 0.000000 0.000000 1.000000 0.000000
0.974924 0.222540 0.000000 264.108351 -0.222540 0.974924 0.000000 -39.357802 0.000000 0.000000 1.000000 0.000000
0.975547 0.219792 0.000000 264.676894 -0.219792 0.975547 0.000000 -39.490369 0.000000 0.000000 1.000000 0.000000
0.975515 0.219933 0.000000 265.096457 -0.219933 0.975515 0.000000 -39.590854 0.000000 0.000000 1.000000 0.000000
0.974936 0.222487 0.000000 265.519614 -0.222487 0.974936 0.000000 -39.686299 0.000000 0.000000 1.000000 0.000000
0.975628 0.219432 0.000000 265.933650 -0.219432 0.975628 0.000000 -39.795734 0.000000 0.000000 1.000000 0.000000
0.975484 0.220071 0.000000 266.351144 -0.220071 0.975484 0.000000 -39.891994 0.000000 0.000000 1.000000 0.000000
0.975880 0.218307 0.000000 266.744382 -0.218307 0.975880 0.000000 -39.985322 0.000000 0.000000 1.000000 0.000000
0.975588 0.219607 0.000000 267.147186 -0.219607 0.975588 0.000000 -40.076540 0.000000 0.000000 1.000000 0.000000
0.975320 0.220796 0.000000 267.569617 -0.220796 0.975320 0.000000 -40.173863 0.000000 0.000000 1.000000 0.000000
0.975413 0.220384 0.000000 267.958411 -0.220384 0.975413 0.000000 -40.267207 0.000000 0.000000 1.000000 0.000000
0.975212 0.221272 0.000000 268.347348 -0.221272 0.975212 0.000000 -40.352705 0.000000 0.000000 1.000000 0.000000
0.975487 0.220055 0.000000 268.727295 -0.220055 0.975487 0.000000 -40.452480 0.000000 0.000000 1.000000 0.000000
0.975579 0.219649 0.000000 269.103518 -0.219649 0.975579 0.000000 -40.545486 0.000000 0.000000 1.000000 0.000000
0.975250 0.221104 0.000000 269.477753 -0.221104 0.975250 0.000000 -40.638218 0.000000 0.000000 1.000000 0.000000
0.975066 0.221915 0.000000 269.841873 -0.221915 0.975066 0.000000 -40.733200 0.000000 0.000000 1.000000 0.000000
0.975115 0.221699 0.000000 270.201557 -0.221699 0.975115 0.000000 -40.826990 0.000000 0.000000 1.000000 0.000000
0.975162 0.221491 0.000000 270.560146 -0.221491 0.975162 0.000000 -40.919857 0.000000 0.000000 1.000000 0.000000
0.975490 0.220045 0.000000 270.915230 -0.220045 0.975490 0.000000 -41.010727 0.000000 0.000000 1.000000 0.000000
0.975296 0.220902 0.000000 271.260837 -0.220902 0.975296 0.000000 -41.094216 0.000000 0.000000 1.000000 0.000000
0.975129 0.221636 0.000000 271.607598 -0.221636 0.975129 0.000000 -41.181132 0.000000 0.000000 1.000000 0.000000
0.975215 0.221258 0.000000 271.946412 -0.221258 0.975215 0.000000 -41.271503 0.000000 0.000000 1.000000 0.000000
0.975392 0.220480 0.000000 272.618417 -0.220480 0.975392 0.000000 -41.444704 0.000000 0.000000 1.000000 0.000000
0.975265 0.221040 0.000000 272.942624 -0.221040 0.975265 0.000000 -41.523219 0.000000 0.000000 1.000000 0.000000
0.975361 0.220614 0.000000 273.266575 -0.220614 0.975361 0.000000 -41.605651 0.000000 0.000000 1.000000 0.000000
0.975363 0.220605 0.000000 273.586525 -0.220605 0.975363 0.000000 -41.682324 0.000000 0.000000 1.000000 0.000000
0.975390 0.220488 0.000000 273.904333 -0.220488 0.975390 0.000000 -41.755309 0.000000 0.000000 1.000000 0.000000
0.974692 0.223553 0.000000 274.504305 -0.223553 0.974692 0.000000 -41.896214 0.000000 0.000000 1.000000 0.000000
0.974662 0.223683 0.000000 274.804557 -0.223683 0.974662 0.000000 -41.965468 0.000000 0.000000 1.000000 0.000000
0.974945 0.222445 0.000000 275.085923 -0.222445 0.974945 0.000000 -42.041096 0.000000 0.000000 1.000000 0.000000
0.975311 0.220836 0.000000 275.371022 -0.220836 0.975311 0.000000 -42.122341 0.000000 0.000000 1.000000 0.000000
0.975553 0.219763 0.000000 275.637853 -0.219763 0.975553 0.000000 -42.195384 0.000000 0.000000 1.000000 0.000000
0.898846 0.438264 0.000000 278.112714 -0.438264 0.898846 0.000000 -43.619189 0.000000 0.000000 1.000000 0.000000
0.897324 0.441373 0.000000 278.333109 -0.441373 0.897324 0.000000 -43.729029 0.000000 0.000000 1.000000 0.000000
0.896905 0.442223 0.000000 278.559087 -0.442223 0.896905 0.000000 -43.840298 0.000000 0.000000 1.000000 0.000000
0.898116 0.439759 0.000000 278.828285 -0.439759 0.898116 0.000000 -43.992140 0.000000 0.000000 1.000000 0.000000
0.900117 0.435648 0.000000 279.139584 -0.435648 0.900117 0.000000 -44.158659 0.000000 0.000000 1.000000 0.000000
0.899799 0.436305 0.000000 279.405552 -0.436305 0.899799 0.000000 -44.286130 0.000000 0.000000 1.000000 0.000000
0.899085 0.437774 0.000000 279.608643 -0.437774 0.899085 0.000000 -44.392773 0.000000 0.000000 1.000000 0.000000
0.899508 0.436905 0.000000 279.810705 -0.436905 0.899508 0.000000 -44.498146 0.000000 0.000000 1.000000 0.000000
0.899556 0.436806 0.000000 280.010326 -0.436806 0.899556 0.000000 -44.601611 0.000000 0.000000 1.000000 0.000000
0.899726 0.436455 0.000000 280.204358 -0.436455 0.899726 0.000000 -44.706232 0.000000 0.000000 1.000000 0.000000
0.898935 0.438083 0.000000 280.405489 -0.438083 0.898935 0.000000 -44.806585 0.000000 0.000000 1.000000 0.000000
0.898451 0.439074 0.000000 280.598981 -0.439074 0.898451 0.000000 -44.903962 0.000000 0.000000 1.000000 0.000000
0.899677 0.436555 0.000000 280.788026 -0.436555 0.899677 0.000000 -45.000106 0.000000 0.000000 1.000000 0.000000
0.899187 0.437566 0.000000 280.974078 -0.437566 0.899187 0.000000 -45.097393 0.000000 0.000000 1.000000 0.000000
0.898095 0.439801 0.000000 281.159605 -0.439801 0.898095 0.000000 -45.185567 0.000000 0.000000 1.000000 0.000000
0.897806 0.440390 0.000000 281.351988 -0.440390 0.897806 0.000000 -45.285285 0.000000 0.000000 1.000000 0.000000
0.898123 0.439745 0.000000 281.520909 -0.439745 0.898123 0.000000 -45.369712 0.000000 0.000000 1.000000 0.000000
0.898825 0.438308 0.000000 281.700765 -0.438308 0.898825 0.000000 -45.469402 0.000000 0.000000 1.000000 0.000000
0.899121 0.437700 0.000000 281.858722 -0.437700 0.899121 0.000000 -45.547786 0.000000 0.000000 1.000000 0.000000
0.898766 0.438428 0.000000 282.024939 -0.438428 0.898766 0.000000 -45.630758 0.000000 0.000000 1.000000 0.000000
0.897979 0.440038 0.000000 282.190927 -0.440038 0.897979 0.000000 -45.711955 0.000000 0.000000 1.000000 0.000000
0.898507 0.438959 0.000000 282.341559 -0.438959 0.898507 0.000000 -45.797576 0.000000 0.000000 1.000000 0.000000
0.897624 0.440763 0.000000 282.487794 -0.440763 0.897624 0.000000 -45.872163 0.000000 0.000000 1.000000 0.000000
0.895615 0.444830 0.000000 282.642147 -0.444830 0.895615 0.000000 -45.945951 0.000000 0.000000 1.000000 0.000000
0.895134 0.445798 0.000000 282.780429 -0.445798 0.895134 0.000000 -46.013135 0.000000 0.000000 1.000000 0.000000
0.897314 0.441393 0.000000 283.006713 -0.441393 0.897314 0.000000 -46.125849 0.000000 0.000000 1.000000 0.000000
0.897096 0.441835 0.000000 283.148572 -0.441835 0.897096 0.000000 -46.190247 0.000000 0.000000 1.000000 0.000000
0.896028 0.443997 0.000000 283.289755 -0.443997 0.896028 0.000000 -46.253303 0.000000 0.000000 1.000000 0.000000
0.896560 0.442923 0.000000 283.417435 -0.442923 0.896560 0.000000 -46.318456 0.000000 0.000000 1.000000 0.000000
0.896467 0.443111 0.000000 283.647321 -0.443111 0.896467 0.000000 -46.441498 0.000000 0.000000 1.000000 0.000000
0.898389 0.439200 0.000000 283.757685 -0.439200 0.898389 0.000000 -46.498597 0.000000 0.000000 1.000000 0.000000
0.897014 0.442002 0.000000 283.865681 -0.442002 0.897014 0.000000 -46.546949 0.000000 0.000000 1.000000 0.000000
0.897457 0.441102 0.000000 283.958456 -0.441102 0.897457 0.000000 -46.599002 0.000000 0.000000 1.000000 0.000000
0.896150 0.443751 0.000000 284.036120 -0.443751 0.896150 0.000000 -46.641233 0.000000 0.000000 1.000000 0.000000
0.897913 0.440173 0.000000 284.149164 -0.440173 0.897913 0.000000 -46.709550 0.000000 0.000000 1.000000 0.000000
0.898036 0.439923 0.000000 284.212687 -0.439923 0.898036 0.000000 -46.741172 0.000000 0.000000 1.000000 0.000000
0.896937 0.442158 0.000000 284.279673 -0.442158 0.896937 0.000000 -46.766996 0.000000 0.000000 1.000000 0.000000
0.896633 0.442774 0.000000 284.329738 -0.442774 0.896633 0.000000 -46.795631 0.000000 0.000000 1.000000 0.000000
0.896042 0.443969 0.000000 284.365168 -0.443969 0.896042 0.000000 -46.813112 0.000000 0.000000 1.000000 0.000000
0.895752 0.444554 0.000000 284.397443 -0.444554 0.895752 0.000000 -46.826273 0.000000 0.000000 1.000000 0.000000
0.895437 0.445189 0.000000 284.415774 -0.445189 0.895437 0.000000 -46.831752 0.000000 0.000000 1.000000 0.000000
0.895544 0.444973 0.000000 284.431029 -0.444973 0.895544 0.000000 -46.837617 0.000000 0.000000 1.000000 0.000000
0.895916 0.444223 0.000000 284.442136 -0.444223 0.895916 0.000000 -46.843863 0.000000 0.000000 1.000000 0.000000
0.896201 0.443648 0.000000 284.441408 -0.443648 0.896201 0.000000 -46.844662 0.000000 0.000000 1.000000 0.000000
0.896206 0.443639 0.000000 284.440957 -0.443639 0.896206 0.000000 -46.844030 0.000000 0.000000 1.000000 0.000000
0.896499 0.443046 0.000000 284.440975 -0.443046 0.896499 0.000000 -46.842114 0.000000 0.000000 1.000000 0.000000
0.896641 0.442759 0.000000 284.441015 -0.442759 0.896641 0.000000 -46.839391 0.000000 0.000000 1.000000 0.000000
0.896672 0.442696 0.000000 284.441761 -0.442696 0.896672 0.000000 -46.835932 0.000000 0.000000 1.000000 0.000000
0.896629 0.442784 0.000000 284.441930 -0.442784 0.896629 0.000000 -46.832374 0.000000 0.000000 1.000000 0.000000
0.896555 0.442932 0.000000 284.442141 -0.442932 0.896555 0.000000 -46.829282 0.000000 0.000000 1.000000 0.000000
0.896431 0.443182 0.000000 284.443706 -0.443182 0.896431 0.000000 -46.825719 0.000000 0.000000 1.000000 0.000000
0.896420 0.443205 0.000000 284.444478 -0.443205 0.896420 0.000000 -46.823992 0.000000 0.000000 1.000000 0.000000
0.896416 0.443215 0.000000 284.445461 -0.443215 0.896416 0.000000 -46.822686 0.000000 0.000000 1.000000 0.000000
0.896419 0.443207 0.000000 284.445907 -0.443207 0.896419 0.000000 -46.821021 0.000000 0.000000 1.000000 0.000000
0.896431 0.443183 0.000000 284.446021 -0.443183 0.896431 0.000000 -46.820663 0.000000 0.000000 1.000000 0.000000
0.896416 0.443214 0.000000 284.446382 -0.443214 0.896416 0.000000 -46.820156 0.000000 0.000000 1.000000 0.000000
0.896413 0.443219 0.000000 284.446865 -0.443219 0.896413 0.000000 -46.819744 0.000000 0.000000 1.000000 0.000000
0.896440 0.443165 0.000000 284.446887 -0.443165 0.896440 0.000000 -46.819675 0.000000 0.000000 1.000000 0.000000
0.896409 0.443227 0.000000 284.447205 -0.443227 0.896409 0.000000 -46.819139 0.000000 0.000000 1.000000 0.000000
0.896434 0.443177 0.000000 284.447252 -0.443177 0.896434 0.000000 -46.819300 0.000000 0.000000 1.000000 0.000000
0.896457 0.443130 0.000000 284.447446 -0.443130 0.896457 0.000000 -46.819691 0.000000 0.000000 1.000000 0.000000
0.896419 0.443207 0.000000 284.447487 -0.443207 0.896419 0.000000 -46.820340 0.000000 0.000000 1.000000 0.000000
0.896414 0.443217 0.000000 284.447462 -0.443217 0.896414 0.000000 -46.821003 0.000000 0.000000 1.000000 0.000000
0.896388 0.443270 0.000000 284.447689 -0.443270 0.896388 0.000000 -46.821551 0.000000 0.000000 1.000000 0.000000
0.896422 0.443202 0.000000 284.447733 -0.443202 0.896422 0.000000 -46.821977 0.000000 0.000000 1.000000 0.000000
0.896466 0.443113 0.000000 284.447622 -0.443113 0.896466 0.000000 -46.822893 0.000000 0.000000 1.000000 0.000000
0.896449 0.443147 0.000000 284.447588 -0.443147 0.896449 0.000000 -46.823612 0.000000 0.000000 1.000000 0.000000
0.896456 0.443132 0.000000 284.447487 -0.443132 0.896456 0.000000 -46.824156 0.000000 0.000000 1.000000 0.000000
0.896510 0.443024 0.000000 284.447385 -0.443024 0.896510 0.000000 -46.824719 0.000000 0.000000 1.000000 0.000000
0.896510 0.443024 0.000000 284.447321 -0.443024 0.896510 0.000000 -46.825068 0.000000 0.000000 1.000000 0.000000
0.896497 0.443050 0.000000 284.447347 -0.443050 0.896497 0.000000 -46.825384 0.000000 0.000000 1.000000 0.000000
0.896484 0.443076 0.000000 284.447390 -0.443076 0.896484 0.000000 -46.825445 0.000000 0.000000 1.000000 0.000000
0.896477 0.443090 0.000000 284.447510 -0.443090 0.896477 0.000000 -46.825480 0.000000 0.000000 1.000000 0.000000
0.896456 0.443133 0.000000 284.447351 -0.443133 0.896456 0.000000 -46.825636 0.000000 0.000000 1.000000 0.000000
0.896432 0.443181 0.000000 284.447191 -0.443181 0.896432 0.000000 -46.825875 0.000000 0.000000 1.000000 0.000000
0.896400 0.443245 0.000000 284.447603 -0.443245 0.896400 0.000000 -46.825525 0.000000 0.000000 1.000000 0.000000
0.896385 0.443276 0.000000 284.447769 -0.443276 0.896385 0.000000 -46.825442 0.000000 0.000000 1.000000 0.000000
0.896368 0.443310 0.000000 284.448028 -0.443310 0.896368 0.000000 -46.825247 0.000000 0.000000 1.000000 0.000000
0.896367 0.443312 0.000000 284.448371 -0.443312 0.896367 0.000000 -46.824806 0.000000 0.000000 1.000000 0.000000
0.896360 0.443327 0.000000 284.448695 -0.443327 0.896360 0.000000 -46.824509 0.000000 0.000000 1.000000 0.000000
0.896401 0.443245 0.000000 284.448820 -0.443245 0.896401 0.000000 -46.824641 0.000000 0.000000 1.000000 0.000000
0.896420 0.443206 0.000000 284.449094 -0.443206 0.896420 0.000000 -46.824528 0.000000 0.000000 1.000000 0.000000
0.896377 0.443293 0.000000 284.449588 -0.443293 0.896377 0.000000 -46.824014 0.000000 0.000000 1.000000 0.000000
0.896366 0.443316 0.000000 284.449862 -0.443316 0.896366 0.000000 -46.823628 0.000000 0.000000 1.000000 0.000000
0.896370 0.443307 0.000000 284.450208 -0.443307 0.896370 0.000000 -46.823319 0.000000 0.000000 1.000000 0.000000
0.896287 0.443474 0.000000 284.450269 -0.443474 0.896287 0.000000 -46.823177 0.000000 0.000000 1.000000 0.000000
0.896246 0.443558 0.000000 284.450546 -0.443558 0.896246 0.000000 -46.822767 0.000000 0.000000 1.000000 0.000000
0.896185 0.443681 0.000000 284.450952 -0.443681 0.896185 0.000000 -46.822301 0.000000 0.000000 1.000000 0.000000
0.896131 0.443789 0.000000 284.451117 -0.443789 0.896131 0.000000 -46.821641 0.000000 0.000000 1.000000 0.000000
0.895977 0.444100 0.000000 284.450834 -0.444100 0.895977 0.000000 -46.821258 0.000000 0.000000 1.000000 0.000000
0.896094 0.443865 0.000000 284.450312 -0.443865 0.896094 0.000000 -46.821212 0.000000 0.000000 1.000000 0.000000
0.896251 0.443546 0.000000 284.449265 -0.443546 0.896251 0.000000 -46.821685 0.000000 0.000000 1.000000 0.000000
0.896410 0.443225 0.000000 284.448031 -0.443225 0.896410 0.000000 -46.822211 0.000000 0.000000 1.000000 0.000000
0.896532 0.442978 0.000000 284.446953 -0.442978 0.896532 0.000000 -46.822614 0.000000 0.000000 1.000000 0.000000
0.896737 0.442565 0.000000 284.445860 -0.442565 0.896737 0.000000 -46.823396 0.000000 0.000000 1.000000 0.000000
0.896984 0.442063 0.000000 284.444512 -0.442063 0.896984 0.000000 -46.824936 0.000000 0.000000 1.000000 0.000000
0.897121 0.441785 0.000000 284.443268 -0.441785 0.897121 0.000000 -46.826389 0.000000 0.000000 1.000000 0.000000
0.897292 0.441437 0.000000 284.441769 -0.441437 0.897292 0.000000 -46.828468 0.000000 0.000000 1.000000 0.000000
0.897369 0.441282 0.000000 284.440298 -0.441282 0.897369 0.000000 -46.830797 0.000000 0.000000 1.000000 0.000000
0.897454 0.441109 0.000000 284.439597 -0.441109 0.897454 0.000000 -46.833326 0.000000 0.000000 1.000000 0.000000
0.897624 0.440762 0.000000 284.438958 -0.440762 0.897624 0.000000 -46.835862 0.000000 0.000000 1.000000 0.000000
0.897971 0.440054 0.000000 284.437423 -0.440054 0.897971 0.000000 -46.839852 0.000000 0.000000 1.000000 0.000000
0.897895 0.440209 0.000000 284.438337 -0.440209 0.897895 0.000000 -46.840279 0.000000 0.000000 1.000000 0.000000
0.897849 0.440303 0.000000 284.439292 -0.440303 0.897849 0.000000 -46.840834 0.000000 0.000000 1.000000 0.000000
0.897834 0.440333 0.000000 284.439804 -0.440333 0.897834 0.000000 -46.841285 0.000000 0.000000 1.000000 0.000000
0.897823 0.440356 0.000000 284.440307 -0.440356 0.897823 0.000000 -46.841855 0.000000 0.000000 1.000000 0.000000
0.897861 0.440280 0.000000 284.441210 -0.440280 0.897861 0.000000 -46.842066 0.000000 0.000000 1.000000 0.000000
0.897855 0.440291 0.000000 284.441855 -0.440291 0.897855 0.000000 -46.842347 0.000000 0.000000 1.000000 0.000000
0.897824 0.440353 0.000000 284.442605 -0.440353 0.897824 0.000000 -46.842598 0.000000 0.000000 1.000000 0.000000
0.897820 0.440362 0.000000 284.443144 -0.440362 0.897820 0.000000 -46.842711 0.000000 0.000000 1.000000 0.000000
0.897827 0.440348 0.000000 284.443103 -0.440348 0.897827 0.000000 -46.842860 0.000000 0.000000 1.000000 0.000000
0.897808 0.440388 0.000000 284.443029 -0.440388 0.897808 0.000000 -46.843027 0.000000 0.000000 1.000000 0.000000
0.897782 0.440440 0.000000 284.442982 -0.440440 0.897782 0.000000 -46.843106 0.000000 0.000000 1.000000 0.000000
0.897782 0.440440 0.000000 284.442983 -0.440440 0.897782 0.000000 -46.843110 0.000000 0.000000 1.000000 0.000000
0.897799 0.440406 0.000000 284.442938 -0.440406 0.897799 0.000000 -46.843363 0.000000 0.000000 1.000000 0.000000
0.897826 0.440350 0.000000 284.442920 -0.440350 0.897826 0.000000 -46.843712 0.000000 0.000000 1.000000 0.000000
0.897824 0.440354 0.000000 284.443133 -0.440354 0.897824 0.000000 -46.843769 0.000000 0.000000 1.000000 0.000000
0.897787 0.440430 0.000000 284.443453 -0.440430 0.897787 0.000000 -46.843798 0.000000 0.000000 1.000000 0.000000
0.897732 0.440543 0.000000 284.443895 -0.440543 0.897732 0.000000 -46.843771 0.000000 0.000000 1.000000 0.000000
0.897691 0.440625 0.000000 284.444145 -0.440625 0.897691 0.000000 -46.843847 0.000000 0.000000 1.000000 0.000000
0.897639 0.440731 0.000000 284.444442 -0.440731 0.897639 0.000000 -46.843926 0.000000 0.000000 1.000000 0.000000
0.897611 0.440789 0.000000 284.444654 -0.440789 0.897611 0.000000 -46.844028 0.000000 0.000000 1.000000 0.000000
0.897614 0.440782 0.000000 284.444533 -0.440782 0.897614 0.000000 -46.844159 0.000000 0.000000 1.000000 0.000000
0.897643 0.440722 0.000000 284.444293 -0.440722 0.897643 0.000000 -46.844339 0.000000 0.000000 1.000000 0.000000
0.897676 0.440655 0.000000 284.443875 -0.440655 0.897676 0.000000 -46.844604 0.000000 0.000000 1.000000 0.000000
0.897694 0.440620 0.000000 284.443414 -0.440620 0.897694 0.000000 -46.844735 0.000000 0.000000 1.000000 0.000000
0.897716 0.440575 0.000000 284.442899 -0.440575 0.897716 0.000000 -46.844931 0.000000 0.000000 1.000000 0.000000
0.897716 0.440575 0.000000 284.442892 -0.440575 0.897716 0.000000 -46.844926 0.000000 0.000000 1.000000 0.000000
0.897739 0.440527 0.000000 284.442727 -0.440527 0.897739 0.000000 -46.844947 0.000000 0.000000 1.000000 0.000000
0.897741 0.440524 0.000000 284.442720 -0.440524 0.897741 0.000000 -46.844959 0.000000 0.000000 1.000000 0.000000
0.897729 0.440549 0.000000 284.442716 -0.440549 0.897729 0.000000 -46.844966 0.000000 0.000000 1.000000 0.000000
0.897729 0.440548 0.000000 284.442713 -0.440548 0.897729 0.000000 -46.844975 0.000000 0.000000 1.000000 0.000000
0.897752 0.440501 0.000000 284.442672 -0.440501 0.897752 0.000000 -46.845060 0.000000 0.000000 1.000000 0.000000
0.897755 0.440495 0.000000 284.442696 -0.440495 0.897755 0.000000 -46.845190 0.000000 0.000000 1.000000 0.000000
0.897696 0.440616 0.000000 284.442859 -0.440616 0.897696 0.000000 -46.845145 0.000000 0.000000 1.000000 0.000000
0.897606 0.440798 0.000000 284.442974 -0.440798 0.897606 0.000000 -46.845033 0.000000 0.000000 1.000000 0.000000
0.897582 0.440847 0.000000 284.443192 -0.440847 0.897582 0.000000 -46.845025 0.000000 0.000000 1.000000 0.000000
0.897599 0.440814 0.000000 284.443474 -0.440814 0.897599 0.000000 -46.845017 0.000000 0.000000 1.000000 0.000000
0.897606 0.440798 0.000000 284.443652 -0.440798 0.897606 0.000000 -46.844992 0.000000 0.000000 1.000000 0.000000
0.897528 0.440958 0.000000 284.443996 -0.440958 0.897528 0.000000 -46.844722 0.000000 0.000000 1.000000 0.000000
0.897520 0.440973 0.000000 284.444214 -0.440973 0.897520 0.000000 -46.844564 0.000000 0.000000 1.000000 0.000000
0.897516 0.440982 0.000000 284.444533 -0.440982 0.897516 0.000000 -46.844482 0.000000 0.000000 1.000000 0.000000
0.897518 0.440979 0.000000 284.445011 -0.440979 0.897518 0.000000 -46.844351 0.000000 0.000000 1.000000 0.000000
0.897532 0.440950 0.000000 284.445428 -0.440950 0.897532 0.000000 -46.844271 0.000000 0.000000 1.000000 0.000000
0.897536 0.440942 0.000000 284.445597 -0.440942 0.897536 0.000000 -46.844153 0.000000 0.000000 1.000000 0.000000
0.897538 0.440938 0.000000 284.445617 -0.440938 0.897538 0.000000 -46.844137 0.000000 0.000000 1.000000 0.000000
0.897542 0.440928 0.000000 284.445600 -0.440928 0.897542 0.000000 -46.844104 0.000000 0.000000 1.000000 0.000000
0.897546 0.440920 0.000000 284.445506 -0.440920 0.897546 0.000000 -46.844022 0.000000 0.000000 1.000000 0.000000
0.897566 0.440881 0.000000 284.445465 -0.440881 0.897566 0.000000 -46.843981 0.000000 0.000000 1.000000 0.000000
0.897587 0.440837 0.000000 284.445601 -0.440837 0.897587 0.000000 -46.843899 0.000000 0.000000 1.000000 0.000000
0.897576 0.440861 0.000000 284.445536 -0.440861 0.897576 0.000000 -46.843916 0.000000 0.000000 1.000000 0.000000
0.897554 0.440904 0.000000 284.445613 -0.440904 0.897554 0.000000 -46.843743 0.000000 0.000000 1.000000 0.000000
0.897576 0.440860 0.000000 284.445710 -0.440860 0.897576 0.000000 -46.843703 0.000000 0.000000 1.000000 0.000000
0.897571 0.440870 0.000000 284.446027 -0.440870 0.897571 0.000000 -46.843587 0.000000 0.000000 1.000000 0.000000
0.897441 0.441135 0.000000 284.446020 -0.441135 0.897441 0.000000 -46.843128 0.000000 0.000000 1.000000 0.000000
0.897488 0.441039 0.000000 284.446250 -0.441039 0.897488 0.000000 -46.843224 0.000000 0.000000 1.000000 0.000000
0.897506 0.441002 0.000000 284.446695 -0.441002 0.897506 0.000000 -46.843135 0.000000 0.000000 1.000000 0.000000
0.897525 0.440964 0.000000 284.447066 -0.440964 0.897525 0.000000 -46.842921 0.000000 0.000000 1.000000 0.000000
0.897530 0.440954 0.000000 284.447562 -0.440954 0.897530 0.000000 -46.842741 0.000000 0.000000 1.000000 0.000000
0.897536 0.440941 0.000000 284.447820 -0.440941 0.897536 0.000000 -46.842591 0.000000 0.000000 1.000000 0.000000
0.897555 0.440903 0.000000 284.448193 -0.440903 0.897555 0.000000 -46.842273 0.000000 0.000000 1.000000 0.000000
0.897568 0.440877 0.000000 284.448368 -0.440877 0.897568 0.000000 -46.842029 0.000000 0.000000 1.000000 0.000000
0.897580 0.440851 0.000000 284.448719 -0.440851 0.897580 0.000000 -46.841912 0.000000 0.000000 1.000000 0.000000
0.897596 0.440819 0.000000 284.448976 -0.440819 0.897596 0.000000 -46.841784 0.000000 0.000000 1.000000 0.000000
0.897593 0.440825 0.000000 284.449198 -0.440825 0.897593 0.000000 -46.841709 0.000000 0.000000 1.000000 0.000000
0.897595 0.440821 0.000000 284.449440 -0.440821 0.897595 0.000000 -46.841598 0.000000 0.000000 1.000000 0.000000
0.897600 0.440811 0.000000 284.449787 -0.440811 0.897600 0.000000 -46.841453 0.000000 0.000000 1.000000 0.000000
0.897604 0.440802 0.000000 284.450065 -0.440802 0.897604 0.000000 -46.841360 0.000000 0.000000 1.000000 0.000000
0.897606 0.440798 0.000000 284.450443 -0.440798 0.897606 0.000000 -46.841291 0.000000 0.000000 1.000000 0.000000
0.897599 0.440813 0.000000 284.451027 -0.440813 0.897599 0.000000 -46.841184 0.000000 0.000000 1.000000 0.000000
0.897583 0.440846 0.000000 284.451203 -0.440846 0.897583 0.000000 -46.841094 0.000000 0.000000 1.000000 0.000000
0.897583 0.440846 0.000000 284.451206 -0.440846 0.897583 0.000000 -46.841094 0.000000 0.000000 1.000000 0.000000
0.897566 0.440880 0.000000 284.451303 -0.440880 0.897566 0.000000 -46.841080 0.000000 0.000000 1.000000 0.000000
0.897539 0.440936 0.000000 284.451415 -0.440936 0.897539 0.000000 -46.840972 0.000000 0.000000 1.000000 0.000000
0.897529 0.440956 0.000000 284.451471 -0.440956 0.897529 0.000000 -46.840911 0.000000 0.000000 1.000000 0.000000
0.897502 0.441010 0.000000 284.451460 -0.441010 0.897502 0.000000 -46.840922 0.000000 0.000000 1.000000 0.000000
0.897465 0.441085 0.000000 284.451480 -0.441085 0.897465 0.000000 -46.840899 0.000000 0.000000 1.000000 0.000000
0.897452 0.441112 0.000000 284.451539 -0.441112 0.897452 0.000000 -46.840862 0.000000 0.000000 1.000000 0.000000
0.897434 0.441148 0.000000 284.451633 -0.441148 0.897434 0.000000 -46.840897 0.000000 0.000000 1.000000 0.000000
0.897426 0.441165 0.000000 284.451712 -0.441165 0.897426 0.000000 -46.840762 0.000000 0.000000 1.000000 0.000000
0.897467 0.441081 0.000000 284.451636 -0.441081 0.897467 0.000000 -46.840681 0.000000 0.000000 1.000000 0.000000
0.897487 0.441041 0.000000 284.451562 -0.441041 0.897487 0.000000 -46.840760 0.000000 0.000000 1.000000 0.000000
0.897461 0.441093 0.000000 284.451529 -0.441093 0.897461 0.000000 -46.840662 0.000000 0.000000 1.000000 0.000000
0.897399 0.441219 0.000000 284.451321 -0.441219 0.897399 0.000000 -46.840718 0.000000 0.000000 1.000000 0.000000
0.897337 0.441345 0.000000 284.451385 -0.441345 0.897337 0.000000 -46.840539 0.000000 0.000000 1.000000 0.000000
0.897340 0.441341 0.000000 284.451291 -0.441341 0.897340 0.000000 -46.840611 0.000000 0.000000 1.000000 0.000000
0.897365 0.441290 0.000000 284.451307 -0.441290 0.897365 0.000000 -46.840565 0.000000 0.000000 1.000000 0.000000
0.897372 0.441275 0.000000 284.451286 -0.441275 0.897372 0.000000 -46.840550 0.000000 0.000000 1.000000 0.000000
0.897366 0.441287 0.000000 284.451201 -0.441287 0.897366 0.000000 -46.840478 0.000000 0.000000 1.000000 0.000000
0.897361 0.441298 0.000000 284.451129 -0.441298 0.897361 0.000000 -46.840437 0.000000 0.000000 1.000000 0.000000
0.897358 0.441304 0.000000 284.450921 -0.441304 0.897358 0.000000 -46.840488 0.000000 0.000000 1.000000 0.000000
0.897317 0.441386 0.000000 284.450901 -0.441386 0.897317 0.000000 -46.840222 0.000000 0.000000 1.000000 0.000000
0.897303 0.441415 0.000000 284.450934 -0.441415 0.897303 0.000000 -46.839905 0.000000 0.000000 1.000000 0.000000
0.897293 0.441435 0.000000 284.450908 -0.441435 0.897293 0.000000 -46.839696 0.000000 0.000000 1.000000 0.000000
0.897300 0.441420 0.000000 284.450965 -0.441420 0.897300 0.000000 -46.839285 0.000000 0.000000 1.000000 0.000000
0.897354 0.441312 0.000000 284.450871 -0.441312 0.897354 0.000000 -46.839076 0.000000 0.000000 1.000000 0.000000
0.897450 0.441117 0.000000 284.450526 -0.441117 0.897450 0.000000 -46.838865 0.000000 0.000000 1.000000 0.000000
0.897521 0.440971 0.000000 284.450245 -0.440971 0.897521 0.000000 -46.839064 0.000000 0.000000 1.000000 0.000000
0.897584 0.440843 0.000000 284.449747 -0.440843 0.897584 0.000000 -46.839282 0.000000 0.000000 1.000000 0.000000
0.897634 0.440741 0.000000 284.449453 -0.440741 0.897634 0.000000 -46.839622 0.000000 0.000000 1.000000 0.000000
0.897625 0.440760 0.000000 284.449399 -0.440760 0.897625 0.000000 -46.839673 0.000000 0.000000 1.000000 0.000000
0.897621 0.440768 0.000000 284.449332 -0.440768 0.897621 0.000000 -46.839791 0.000000 0.000000 1.000000 0.000000
0.897605 0.440800 0.000000 284.449470 -0.440800 0.897605 0.000000 -46.840094 0.000000 0.000000 1.000000 0.000000
0.897581 0.440849 0.000000 284.449527 -0.440849 0.897581 0.000000 -46.840408 0.000000 0.000000 1.000000 0.000000
0.897551 0.440910 0.000000 284.449603 -0.440910 0.897551 0.000000 -46.840740 0.000000 0.000000 1.000000 0.000000
0.897525 0.440964 0.000000 284.449717 -0.440964 0.897525 0.000000 -46.840877 0.000000 0.000000 1.000000 0.000000
0.897539 0.440936 0.000000 284.449756 -0.440936 0.897539 0.000000 -46.841272 0.000000 0.000000 1.000000 0.000000
0.897553 0.440906 0.000000 284.449684 -0.440906 0.897553 0.000000 -46.841660 0.000000 0.000000 1.000000 0.000000
0.897444 0.441128 0.000000 284.449838 -0.441128 0.897444 0.000000 -46.841755 0.000000 0.000000 1.000000 0.000000
0.897387 0.441245 0.000000 284.449785 -0.441245 0.897387 0.000000 -46.841969 0.000000 0.000000 1.000000 0.000000
0.897372 0.441275 0.000000 284.449597 -0.441275 0.897372 0.000000 -46.842174 0.000000 0.000000 1.000000 0.000000
0.897348 0.441324 0.000000 284.449517 -0.441324 0.897348 0.000000 -46.842166 0.000000 0.000000 1.000000 0.000000
0.897309 0.441403 0.000000 284.449293 -0.441403 0.897309 0.000000 -46.841890 0.000000 0.000000 1.000000 0.000000
0.897305 0.441411 0.000000 284.449165 -0.441411 0.897305 0.000000 -46.841642 0.000000 0.000000 1.000000 0.000000
0.897278 0.441467 0.000000 284.448979 -0.441467 0.897278 0.000000 -46.840513 0.000000 0.000000 1.000000 0.000000
0.897268 0.441486 0.000000 284.448963 -0.441486 0.897268 0.000000 -46.839304 0.000000 0.000000 1.000000 0.000000
0.897284 0.441454 0.000000 284.448650 -0.441454 0.897284 0.000000 -46.838386 0.000000 0.000000 1.000000 0.000000
0.897230 0.441563 0.000000 284.448532 -0.441563 0.897230 0.000000 -46.837559 0.000000 0.000000 1.000000 0.000000
0.897250 0.441523 0.000000 284.448688 -0.441523 0.897250 0.000000 -46.836939 0.000000 0.000000 1.000000 0.000000
0.897244 0.441535 0.000000 284.448884 -0.441535 0.897244 0.000000 -46.836681 0.000000 0.000000 1.000000 0.000000
0.897259 0.441504 0.000000 284.449015 -0.441504 0.897259 0.000000 -46.836658 0.000000 0.000000 1.000000 0.000000
0.897284 0.441454 0.000000 284.449175 -0.441454 0.897284 0.000000 -46.836634 0.000000 0.000000 1.000000 0.000000
0.897329 0.441363 0.000000 284.449276 -0.441363 0.897329 0.000000 -46.836618 0.000000 0.000000 1.000000 0.000000
0.897341 0.441338 0.000000 284.449184 -0.441338 0.897341 0.000000 -46.836602 0.000000 0.000000 1.000000 0.000000
0.897333 0.441354 0.000000 284.449402 -0.441354 0.897333 0.000000 -46.836500 0.000000 0.000000 1.000000 0.000000
0.897323 0.441374 0.000000 284.449441 -0.441374 0.897323 0.000000 -46.836400 0.000000 0.000000 1.000000 0.000000
0.897332 0.441355 0.000000 284.449640 -0.441355 0.897332 0.000000 -46.836153 0.000000 0.000000 1.000000 0.000000
0.897359 0.441301 0.000000 284.449769 -0.441301 0.897359 0.000000 -46.836068 0.000000 0.000000 1.000000 0.000000
0.897384 0.441251 0.000000 284.449876 -0.441251 0.897384 0.000000 -46.836058 0.000000 0.000000 1.000000 0.000000
0.897404 0.441210 0.000000 284.449725 -0.441210 0.897404 0.000000 -46.836114 0.000000 0.000000 1.000000 0.000000
0.897410 0.441197 0.000000 284.450157 -0.441197 0.897410 0.000000 -46.836186 0.000000 0.000000 1.000000 0.000000
0.897434 0.441149 0.000000 284.450608 -0.441149 0.897434 0.000000 -46.836220 0.000000 0.000000 1.000000 0.000000
0.897501 0.441013 0.000000 284.451102 -0.441013 0.897501 0.000000 -46.836114 0.000000 0.000000 1.000000 0.000000
0.897546 0.440920 0.000000 284.451322 -0.440920 0.897546 0.000000 -46.836298 0.000000 0.000000 1.000000 0.000000
0.897535 0.440944 0.000000 284.451554 -0.440944 0.897535 0.000000 -46.836232 0.000000 0.000000 1.000000 0.000000
0.897493 0.441029 0.000000 284.451378 -0.441029 0.897493 0.000000 -46.835996 0.000000 0.000000 1.000000 0.000000
0.897453 0.441109 0.000000 284.451507 -0.441109 0.897453 0.000000 -46.835914 0.000000 0.000000 1.000000 0.000000
0.897421 0.441176 0.000000 284.451718 -0.441176 0.897421 0.000000 -46.835933 0.000000 0.000000 1.000000 0.000000
0.897418 0.441182 0.000000 284.451856 -0.441182 0.897418 0.000000 -46.836046 0.000000 0.000000 1.000000 0.000000
