1.000000 -0.000004 0.000000 0.820019 0.000004 1.000000 0.000000 -0.023234 0.000000 0.000000 1.000000 0.000000
1.000000 0.000685 0.000000 1.403505 -0.000685 1.000000 0.000000 -0.032578 0.000000 0.000000 1.000000 0.000000
1.000000 0.000500 0.000000 2.025560 -0.000500 1.000000 0.000000 -0.049118 0.000000 0.000000 1.000000 0.000000
0.999992 -0.004030 0.000000 2.945326 0.004030 0.999992 0.000000 -0.082823 0.000000 0.000000 1.000000 0.000000
0.999982 -0.006001 0.000000 3.566164 0.006001 0.999982 0.000000 -0.100374 0.000000 0.000000 1.000000 0.000000
0.999966 -0.008216 0.000000 4.203477 0.008216 0.999966 0.000000 -0.112887 0.000000 0.000000 1.000000 0.000000
0.999972 -0.007488 0.000000 4.831738 0.007488 0.999972 0.000000 -0.121499 0.000000 0.000000 1.000000 0.000000
0.999985 -0.005389 0.000000 6.087104 0.005389 0.999985 0.000000 -0.153827 0.000000 0.000000 1.000000 0.000000
0.999958 -0.009147 0.000000 6.705185 0.009147 0.999958 0.000000 -0.166044 0.000000 0.000000 1.000000 0.000000
0.999935 -0.011433 0.000000 7.339502 0.011433 0.999935 0.000000 -0.175918 0.000000 0.000000 1.000000 0.000000
0.999924 -0.012304 0.000000 7.969161 0.012304 0.999924 0.000000 -0.183459 0.000000 0.000000 1.000000 0.000000
0.999913 -0.013183 0.000000 8.639510 0.013183 0.999913 0.000000 -0.196528 0.000000 0.000000 1.000000 0.000000
0.999915 -0.013024 0.000000 9.265533 0.013024 0.999915 0.000000 -0.207445 0.000000 0.000000 1.000000 0.000000
0.999918 -0.012844 0.000000 9.890730 0.012844 0.999918 0.000000 -0.208982 0.000000 0.000000 1.000000 0.000000
0.999901 -0.014037 0.000000 10.515760 0.014037 0.999901 0.000000 -0.214337 0.000000 0.000000 1.000000 0.000000
0.999872 -0.015983 0.000000 11.136281 0.015983 0.999872 0.000000 -0.223228 0.000000 0.000000 1.000000 0.000000
0.999870 -0.016098 0.000000 11.756467 0.016098 0.999870 0.000000 -0.226358 0.000000 0.000000 1.000000 0.000000
0.999867 -0.016287 0.000000 12.380886 0.016287 0.999867 0.000000 -0.235356 0.000000 0.000000 1.000000 0.000000
0.999868 -0.016226 0.000000 12.993500 0.016226 0.999868 0.000000 -0.244586 0.000000 0.000000 1.000000 0.000000
0.999865 -0.016460 0.000000 13.642833 0.016460 0.999865 0.000000 -0.254049 0.000000 0.000000 1.000000 0.000000
0.999856 -0.016942 0.000000 14.231072 0.016942 0.999856 0.000000 -0.256675 0.000000 0.000000 1.000000 0.000000
0.999860 -0.016727 0.000000 14.851701 0.016727 0.999860 0.000000 -0.262611 0.000000 0.000000 1.000000 0.000000
0.999824 -0.018748 0.000000 15.472811 0.018748 0.999824 0.000000 -0.276022 0.000000 0.000000 1.000000 0.000000
0.999768 -0.021558 0.000000 16.124554 0.021558 0.999768 0.000000 -0.280225 0.000000 0.000000 1.000000 0.000000
0.999677 -0.025396 0.000000 16.752677 0.025396 0.999677 0.000000 -0.289463 0.000000 0.000000 1.000000 0.000000
0.999604 -0.028151 0.000000 17.378823 0.028151 0.999604 0.000000 -0.293185 0.000000 0.000000 1.000000 0.000000
0.999660 -0.026076 0.000000 18.002259 0.026076 0.999660 0.000000 -0.288683 0.000000 0.000000 1.000000 0.000000
0.999671 -0.025661 0.000000 18.631343 0.025661 0.999671 0.000000 -0.291134 0.000000 0.000000 1.000000 0.000000
0.999654 -0.026285 0.000000 19.252739 0.026285 0.999654 0.000000 -0.288023 0.000000 0.000000 1.000000 0.000000
0.999652 -0.026392 0.000000 19.855312 0.026392 0.999652 0.000000 -0.289474 0.000000 0.000000 1.000000 0.000000
0.999646 -0.026601 0.000000 20.474628 0.026601 0.999646 0.000000 -0.290214 0.000000 0.000000 1.000000 0.000000
0.999661 -0.026036 0.000000 21.101819 0.026036 0.999661 0.000000 -0.291961 0.000000 0.000000 1.000000 0.000000
0.999636 -0.026984 0.000000 21.687082 0.026984 0.999636 0.000000 -0.298853 0.000000 0.000000 1.000000 0.000000
0.999565 -0.029488 0.000000 22.315247 0.029488 0.999565 0.000000 -0.304023 0.000000 0.000000 1.000000 0.000000
0.999500 -0.031614 0.000000 22.926916 0.031614 0.999500 0.000000 -0.307576 0.000000 0.000000 1.000000 0.000000
0.999470 -0.032564 0.000000 23.522595 0.032564 0.999470 0.000000 -0.311098 0.000000 0.000000 1.000000 0.000000
0.999473 -0.032449 0.000000 24.147598 0.032449 0.999473 0.000000 -0.313294 0.000000 0.000000 1.000000 0.000000
0.999492 -0.031865 0.000000 24.784008 0.031865 0.999492 0.000000 -0.310291 0.000000 0.000000 1.000000 0.000000
0.999538 -0.030401 0.000000 25.408715 0.030401 0.999538 0.000000 -0.307583 0.000000 0.000000 1.000000 0.000000
0.999632 -0.027137 0.000000 25.998781 0.027137 0.999632 0.000000 -0.303044 0.000000 0.000000 1.000000 0.000000
0.999711 -0.024027 0.000000 26.637859 0.024027 0.999711 0.000000 -0.304312 0.000000 0.000000 1.000000 0.000000
0.999738 -0.022880 0.000000 27.229216 0.022880 0.999738 0.000000 -0.302423 0.000000 0.000000 1.000000 0.000000
0.999726 -0.023390 0.000000 27.849854 0.023390 0.999726 0.000000 -0.308405 0.000000 0.000000 1.000000 0.000000
0.999702 -0.024425 0.000000 28.483402 0.024425 0.999702 0.000000 -0.317935 0.000000 0.000000 1.000000 0.000000
0.999724 -0.023484 0.000000 29.307268 0.023484 0.999724 0.000000 -0.322740 0.000000 0.000000 1.000000 0.000000
0.999761 -0.021875 0.000000 29.942257 0.021875 0.999761 0.000000 -0.318415 0.000000 0.000000 1.000000 0.000000
0.999789 -0.020537 0.000000 30.579252 0.020537 0.999789 0.000000 -0.316579 0.000000 0.000000 1.000000 0.000000
0.999826 -0.018671 0.000000 31.212948 0.018671 0.999826 0.000000 -0.316765 0.000000 0.000000 1.000000 0.000000
0.999831 -0.018379 0.000000 31.841584 0.018379 0.999831 0.000000 -0.324871 0.000000 0.000000 1.000000 0.000000
0.999854 -0.017093 0.000000 32.482177 0.017093 0.999854 0.000000 -0.323094 0.000000 0.000000 1.000000 0.000000
0.999898 -0.014294 0.000000 33.119257 0.014294 0.999898 0.000000 -0.324868 0.000000 0.000000 1.000000 0.000000
0.999935 -0.011398 0.000000 33.767252 0.011398 0.999935 0.000000 -0.329542 0.000000 0.000000 1.000000 0.000000
0.999947 -0.010256 0.000000 34.393445 0.010256 0.999947 0.000000 -0.341933 0.000000 0.000000 1.000000 0.000000
0.999960 -0.008992 0.000000 35.027461 0.008992 0.999960 0.000000 -0.352079 0.000000 0.000000 1.000000 0.000000
0.999969 -0.007854 0.000000 35.666169 0.007854 0.999969 0.000000 -0.364742 0.000000 0.000000 1.000000 0.000000
0.999971 -0.007567 0.000000 36.295514 0.007567 0.999971 0.000000 -0.380742 0.000000 0.000000 1.000000 0.000000
0.999982 -0.005989 0.000000 36.932733 0.005989 0.999982 0.000000 -0.391037 0.000000 0.000000 1.000000 0.000000
0.999983 -0.005852 0.000000 37.567386 0.005852 0.999983 0.000000 -0.404776 0.000000 0.000000 1.000000 0.000000
0.999985 -0.005395 0.000000 38.163184 0.005395 0.999985 0.000000 -0.414342 0.000000 0.000000 1.000000 0.000000
0.999997 -0.002286 0.000000 38.809512 0.002286 0.999997 0.000000 -0.421920 0.000000 0.000000 1.000000 0.000000
1.000000 -0.000450 0.000000 39.435386 0.000450 1.000000 0.000000 -0.432144 0.000000 0.000000 1.000000 0.000000
1.000000 -0.000833 0.000000 40.083681 0.000833 1.000000 0.000000 -0.449935 0.000000 0.000000 1.000000 0.000000
1.000000 -0.000538 0.000000 40.722288 0.000538 1.000000 0.000000 -0.464114 0.000000 0.000000 1.000000 0.000000
1.000000 0.000263 0.000000 41.343196 -0.000263 1.000000 0.000000 -0.479915 0.000000 0.000000 1.000000 0.000000
1.000000 0.000368 0.000000 41.978172 -0.000368 1.000000 0.000000 -0.499699 0.000000 0.000000 1.000000 0.000000
1.000000 0.000737 0.000000 42.626233 -0.000737 1.000000 0.000000 -0.515540 0.000000 0.000000 1.000000 0.000000
0.999996 0.002652 0.000000 43.274067 -0.002652 0.999996 0.000000 -0.524001 0.000000 0.000000 1.000000 0.000000
0.999991 0.004251 0.000000 43.913017 -0.004251 0.999991 0.000000 -0.537448 0.000000 0.000000 1.000000 0.000000
0.999993 0.003860 0.000000 44.574388 -0.003860 0.999993 0.000000 -0.555065 0.000000 0.000000 1.000000 0.000000
0.999992 0.004021 0.000000 45.186220 -0.004021 0.999992 0.000000 -0.563392 0.000000 0.000000 1.000000 0.000000
0.999995 0.003118 0.000000 45.834601 -0.003118 0.999995 0.000000 -0.575154 0.000000 0.000000 1.000000 0.000000
0.999997 0.002515 0.000000 46.487550 -0.002515 0.999997 0.000000 -0.582179 0.000000 0.000000 1.000000 0.000000
0.999996 0.002681 0.000000 47.150915 -0.002681 0.999996 0.000000 -0.602244 0.000000 0.000000 1.000000 0.000000
1.000000 0.000011 0.000000 47.806214 -0.000011 1.000000 0.000000 -0.617729 0.000000 0.000000 1.000000 0.000000
1.000000 -0.000647 0.000000 48.449575 0.000647 1.000000 0.000000 -0.626841 0.000000 0.000000 1.000000 0.000000
1.000000 0.000124 0.000000 49.062469 -0.000124 1.000000 0.000000 -0.634378 0.000000 0.000000 1.000000 0.000000
0.999998 0.002107 0.000000 49.713243 -0.002107 0.999998 0.000000 -0.637449 0.000000 0.000000 1.000000 0.000000
0.999991 0.004149 0.000000 50.366377 -0.004149 0.999991 0.000000 -0.643426 0.000000 0.000000 1.000000 0.000000
0.999987 0.005132 0.000000 51.032111 -0.005132 0.999987 0.000000 -0.652398 0.000000 0.000000 1.000000 0.000000
0.999996 0.002929 0.000000 51.697321 -0.002929 0.999996 0.000000 -0.661969 0.000000 0.000000 1.000000 0.000000
1.000000 0.000890 0.000000 52.354376 -0.000890 1.000000 0.000000 -0.668528 0.000000 0.000000 1.000000 0.000000
0.999999 0.001531 0.000000 53.389150 -0.001531 0.999999 0.000000 -0.699092 0.000000 0.000000 1.000000 0.000000
1.000000 0.000485 0.000000 54.077918 -0.000485 1.000000 0.000000 -0.713438 0.000000 0.000000 1.000000 0.000000
1.000000 -0.000038 0.000000 54.712185 0.000038 1.000000 0.000000 -0.728562 0.000000 0.000000 1.000000 0.000000
1.000000 0.000187 0.000000 55.370320 -0.000187 1.000000 0.000000 -0.746285 0.000000 0.000000 1.000000 0.000000
1.000000 0.000666 0.000000 56.028153 -0.000666 1.000000 0.000000 -0.762390 0.000000 0.000000 1.000000 0.000000
1.000000 -0.000079 0.000000 56.683135 0.000079 1.000000 0.000000 -0.776439 0.000000 0.000000 1.000000 0.000000
1.000000 -0.000934 0.000000 57.336796 0.000934 1.000000 0.000000 -0.794015 0.000000 0.000000 1.000000 0.000000
0.999999 -0.001330 0.000000 57.986803 0.001330 0.999999 0.000000 -0.809806 0.000000 0.000000 1.000000 0.000000
0.999994 -0.003325 0.000000 59.322771 0.003325 0.999994 0.000000 -0.833416 0.000000 0.000000 1.000000 0.000000
0.999983 -0.005794 0.000000 59.969211 0.005794 0.999983 0.000000 -0.837616 0.000000 0.000000 1.000000 0.000000
0.999973 -0.007395 0.000000 60.614240 0.007395 0.999973 0.000000 -0.845059 0.000000 0.000000 1.000000 0.000000
0.999977 -0.006781 0.000000 61.255704 0.006781 0.999977 0.000000 -0.852196 0.000000 0.000000 1.000000 0.000000
0.999987 -0.005166 0.000000 61.888920 0.005166 0.999987 0.000000 -0.862285 0.000000 0.000000 1.000000 0.000000
0.999986 -0.005212 0.000000 62.563227 0.005212 0.999986 0.000000 -0.873825 0.000000 0.000000 1.000000 0.000000
0.999988 -0.004908 0.000000 63.199511 0.004908 0.999988 0.000000 -0.881932 0.000000 0.000000 1.000000 0.000000
0.999993 -0.003777 0.000000 63.800560 0.003777 0.999993 0.000000 -0.890501 0.000000 0.000000 1.000000 0.000000
0.999995 -0.003132 0.000000 64.430593 0.003132 0.999995 0.000000 -0.903745 0.000000 0.000000 1.000000 0.000000
0.999997 -0.002562 0.000000 65.024515 0.002562 0.999997 0.000000 -0.920964 0.000000 0.000000 1.000000 0.000000
0.999997 -0.002322 0.000000 65.651765 0.002322 0.999997 0.000000 -0.940831 0.000000 0.000000 1.000000 0.000000
0.999996 -0.002720 0.000000 66.276233 0.002720 0.999996 0.000000 -0.961762 0.000000 0.000000 1.000000 0.000000
0.999995 -0.003025 0.000000 66.859754 0.003025 0.999995 0.000000 -0.978549 0.000000 0.000000 1.000000 0.000000
0.999992 -0.003984 0.000000 67.481604 0.003984 0.999992 0.000000 -0.997060 0.000000 0.000000 1.000000 0.000000
0.999990 -0.004396 0.000000 68.090369 0.004396 0.999990 0.000000 -1.014564 0.000000 0.000000 1.000000 0.000000
0.999989 -0.004617 0.000000 68.655846 0.004617 0.999989 0.000000 -1.032293 0.000000 0.000000 1.000000 0.000000
0.999989 -0.004693 0.000000 69.253646 0.004693 0.999989 0.000000 -1.047351 0.000000 0.000000 1.000000 0.000000
0.999997 -0.002619 0.000000 69.820159 0.002619 0.999997 0.000000 -1.057264 0.000000 0.000000 1.000000 0.000000
1.000000 -0.000712 0.000000 70.427413 0.000712 1.000000 0.000000 -1.070697 0.000000 0.000000 1.000000 0.000000
1.000000 -0.000416 0.000000 71.031152 0.000416 1.000000 0.000000 -1.087188 0.000000 0.000000 1.000000 0.000000
1.000000 0.000352 0.000000 71.874447 -0.000352 1.000000 0.000000 -1.112351 0.000000 0.000000 1.000000 0.000000
0.999999 0.001408 0.000000 72.477826 -0.001408 0.999999 0.000000 -1.133654 0.000000 0.000000 1.000000 0.000000
1.000000 -0.000002 0.000000 73.079022 0.000002 1.000000 0.000000 -1.153277 0.000000 0.000000 1.000000 0.000000
0.999999 -0.001702 0.000000 73.676560 0.001702 0.999999 0.000000 -1.162730 0.000000 0.000000 1.000000 0.000000
0.999995 -0.003196 0.000000 74.269688 0.003196 0.999995 0.000000 -1.174465 0.000000 0.000000 1.000000 0.000000
0.999987 -0.005181 0.000000 74.863747 0.005181 0.999987 0.000000 -1.187927 0.000000 0.000000 1.000000 0.000000
0.999986 -0.005244 0.000000 75.497009 0.005244 0.999986 0.000000 -1.197787 0.000000 0.000000 1.000000 0.000000
0.999987 -0.005175 0.000000 76.092137 0.005175 0.999987 0.000000 -1.212235 0.000000 0.000000 1.000000 0.000000
0.999991 -0.004356 0.000000 76.687919 0.004356 0.999991 0.000000 -1.228179 0.000000 0.000000 1.000000 0.000000
0.999992 -0.003946 0.000000 77.870739 0.003946 0.999992 0.000000 -1.261238 0.000000 0.000000 1.000000 0.000000
0.999993 -0.003826 0.000000 78.459002 0.003826 0.999993 0.000000 -1.275446 0.000000 0.000000 1.000000 0.000000
0.999998 -0.002118 0.000000 79.043446 0.002118 0.999998 0.000000 -1.299218 0.000000 0.000000 1.000000 0.000000
0.999999 -0.001572 0.000000 79.624763 0.001572 0.999999 0.000000 -1.321040 0.000000 0.000000 1.000000 0.000000
1.000000 -0.000618 0.000000 80.204502 0.000618 1.000000 0.000000 -1.339474 0.000000 0.000000 1.000000 0.000000
1.000000 -0.000114 0.000000 80.775972 0.000114 1.000000 0.000000 -1.361291 0.000000 0.000000 1.000000 0.000000
0.999999 -0.001649 0.000000 81.345439 0.001649 0.999999 0.000000 -1.379691 0.000000 0.000000 1.000000 0.000000
0.999996 -0.002700 0.000000 81.909226 0.002700 0.999996 0.000000 -1.396183 0.000000 0.000000 1.000000 0.000000
0.999998 -0.002172 0.000000 82.466258 0.002172 0.999998 0.000000 -1.411633 0.000000 0.000000 1.000000 0.000000
0.999999 -0.001667 0.000000 83.013007 0.001667 0.999999 0.000000 -1.427783 0.000000 0.000000 1.000000 0.000000
0.999999 -0.001613 0.000000 83.560653 0.001613 0.999999 0.000000 -1.442101 0.000000 0.000000 1.000000 0.000000
0.999999 -0.001455 0.000000 84.099928 0.001455 0.999999 0.000000 -1.458042 0.000000 0.000000 1.000000 0.000000
1.000000 -0.000201 0.000000 84.636518 0.000201 1.000000 0.000000 -1.476736 0.000000 0.000000 1.000000 0.000000
0.999999 0.001442 0.000000 85.149575 -0.001442 0.999999 0.000000 -1.494329 0.000000 0.000000 1.000000 0.000000
0.999993 0.003647 0.000000 85.694515 -0.003647 0.999993 0.000000 -1.512089 0.000000 0.000000 1.000000 0.000000
0.999979 0.006412 0.000000 86.218837 -0.006412 0.999979 0.000000 -1.530531 0.000000 0.000000 1.000000 0.000000
0.999974 0.007156 0.000000 86.727995 -0.007156 0.999974 0.000000 -1.550945 0.000000 0.000000 1.000000 0.000000
0.999979 0.006507 0.000000 87.258971 -0.006507 0.999979 0.000000 -1.575566 0.000000 0.000000 1.000000 0.000000
0.999980 0.006314 0.000000 87.784532 -0.006314 0.999980 0.000000 -1.596367 0.000000 0.000000 1.000000 0.000000
0.999976 0.006891 0.000000 88.266483 -0.006891 0.999976 0.000000 -1.618222 0.000000 0.000000 1.000000 0.000000
0.999962 0.008693 0.000000 88.793521 -0.008693 0.999962 0.000000 -1.642588 0.000000 0.000000 1.000000 0.000000
0.999956 0.009428 0.000000 89.312771 -0.009428 0.999956 0.000000 -1.667169 0.000000 0.000000 1.000000 0.000000
0.999954 0.009560 0.000000 89.799360 -0.009560 0.999954 0.000000 -1.684931 0.000000 0.000000 1.000000 0.000000
0.999943 0.010683 0.000000 90.322315 -0.010683 0.999943 0.000000 -1.701271 0.000000 0.000000 1.000000 0.000000
0.999922 0.012478 0.000000 90.838435 -0.012478 0.999922 0.000000 -1.716109 0.000000 0.000000 1.000000 0.000000
0.999905 0.013776 0.000000 91.318095 -0.013776 0.999905 0.000000 -1.737436 0.000000 0.000000 1.000000 0.000000
0.999900 0.014171 0.000000 91.825860 -0.014171 0.999900 0.000000 -1.762712 0.000000 0.000000 1.000000 0.000000
0.999882 0.015387 0.000000 92.306073 -0.015387 0.999882 0.000000 -1.787125 0.000000 0.000000 1.000000 0.000000
0.999868 0.016272 0.000000 92.819972 -0.016272 0.999868 0.000000 -1.811797 0.000000 0.000000 1.000000 0.000000
0.999872 0.015971 0.000000 93.482149 -0.015971 0.999872 0.000000 -1.840382 0.000000 0.000000 1.000000 0.000000
0.999871 0.016073 0.000000 93.977646 -0.016073 0.999871 0.000000 -1.857528 0.000000 0.000000 1.000000 0.000000
0.999859 0.016795 0.000000 94.463377 -0.016795 0.999859 0.000000 -1.874162 0.000000 0.000000 1.000000 0.000000
0.999857 0.016905 0.000000 94.954004 -0.016905 0.999857 0.000000 -1.890498 0.000000 0.000000 1.000000 0.000000
0.999874 0.015855 0.000000 95.441036 -0.015855 0.999874 0.000000 -1.914816 0.000000 0.000000 1.000000 0.000000
0.999884 0.015249 0.000000 95.913261 -0.015249 0.999884 0.000000 -1.940494 0.000000 0.000000 1.000000 0.000000
0.999860 0.016761 0.000000 96.379643 -0.016761 0.999860 0.000000 -1.959295 0.000000 0.000000 1.000000 0.000000
0.999755 0.022122 0.000000 97.332170 -0.022122 0.999755 0.000000 -2.006402 0.000000 0.000000 1.000000 0.000000
0.999707 0.024205 0.000000 97.803259 -0.024205 0.999707 0.000000 -2.031143 0.000000 0.000000 1.000000 0.000000
0.999637 0.026935 0.000000 98.281025 -0.026935 0.999637 0.000000 -2.061013 0.000000 0.000000 1.000000 0.000000
0.999578 0.029064 0.000000 98.752285 -0.029064 0.999578 0.000000 -2.093854 0.000000 0.000000 1.000000 0.000000
0.999519 0.031020 0.000000 99.230306 -0.031020 0.999519 0.000000 -2.126635 0.000000 0.000000 1.000000 0.000000
0.999458 0.032933 0.000000 99.691785 -0.032933 0.999458 0.000000 -2.159513 0.000000 0.000000 1.000000 0.000000
0.999374 0.035364 0.000000 100.161622 -0.035364 0.999374 0.000000 -2.196155 0.000000 0.000000 1.000000 0.000000
0.999205 0.039858 0.000000 100.621538 -0.039858 0.999205 0.000000 -2.226684 0.000000 0.000000 1.000000 0.000000
0.999043 0.043731 0.000000 101.083844 -0.043731 0.999043 0.000000 -2.262674 0.000000 0.000000 1.000000 0.000000
0.998935 0.046135 0.000000 101.536487 -0.046135 0.998935 0.000000 -2.302035 0.000000 0.000000 1.000000 0.000000
0.998848 0.047992 0.000000 101.960860 -0.047992 0.998848 0.000000 -2.340449 0.000000 0.000000 1.000000 0.000000
0.998791 0.049161 0.000000 102.406597 -0.049161 0.998791 0.000000 -2.379588 0.000000 0.000000 1.000000 0.000000
0.998759 0.049813 0.000000 102.846038 -0.049813 0.998759 0.000000 -2.424748 0.000000 0.000000 1.000000 0.000000
0.998649 0.051970 0.000000 103.276987 -0.051970 0.998649 0.000000 -2.468487 0.000000 0.000000 1.000000 0.000000
0.998513 0.054511 0.000000 103.701803 -0.054511 0.998513 0.000000 -2.505462 0.000000 0.000000 1.000000 0.000000
0.998261 0.058944 0.000000 104.125268 -0.058944 0.998261 0.000000 -2.540135 0.000000 0.000000 1.000000 0.000000
0.997925 0.064382 0.000000 104.542546 -0.064382 0.997925 0.000000 -2.569421 0.000000 0.000000 1.000000 0.000000
0.997775 0.066667 0.000000 104.954789 -0.066667 0.997775 0.000000 -2.609274 0.000000 0.000000 1.000000 0.000000
0.997843 0.065641 0.000000 105.363359 -0.065641 0.997843 0.000000 -2.655291 0.000000 0.000000 1.000000 0.000000
0.997771 0.066731 0.000000 105.773698 -0.066731 0.997771 0.000000 -2.693174 0.000000 0.000000 1.000000 0.000000
0.997715 0.067559 0.000000 106.169032 -0.067559 0.997715 0.000000 -2.746658 0.000000 0.000000 1.000000 0.000000
0.997489 0.070819 0.000000 106.570668 -0.070819 0.997489 0.000000 -2.783394 0.000000 0.000000 1.000000 0.000000
0.997094 0.076179 0.000000 106.957786 -0.076179 0.997094 0.000000 -2.817046 0.000000 0.000000 1.000000 0.000000
0.996926 0.078349 0.000000 107.367297 -0.078349 0.996926 0.000000 -2.865641 0.000000 0.000000 1.000000 0.000000
0.996843 0.079398 0.000000 107.757858 -0.079398 0.996843 0.000000 -2.907820 0.000000 0.000000 1.000000 0.000000
0.996594 0.082462 0.000000 108.137714 -0.082462 0.996594 0.000000 -2.945238 0.000000 0.000000 1.000000 0.000000
0.996271 0.086279 0.000000 108.552450 -0.086279 0.996271 0.000000 -2.988631 0.000000 0.000000 1.000000 0.000000
0.995942 0.089999 0.000000 108.953027 -0.089999 0.995942 0.000000 -3.033026 0.000000 0.000000 1.000000 0.000000
0.995617 0.093526 0.000000 109.526884 -0.093526 0.995617 0.000000 -3.106802 0.000000 0.000000 1.000000 0.000000
0.995450 0.095281 0.000000 109.942455 -0.095281 0.995450 0.000000 -3.159301 0.000000 0.000000 1.000000 0.000000
0.995262 0.097225 0.000000 110.357736 -0.097225 0.995262 0.000000 -3.214821 0.000000 0.000000 1.000000 0.000000
0.995062 0.099258 0.000000 110.777837 -0.099258 0.995062 0.000000 -3.267711 0.000000 0.000000 1.000000 0.000000
0.994889 0.100974 0.000000 111.200291 -0.100974 0.994889 0.000000 -3.320220 0.000000 0.000000 1.000000 0.000000
0.994847 0.101385 0.000000 111.615714 -0.101385 0.994847 0.000000 -3.375328 0.000000 0.000000 1.000000 0.000000
0.994690 0.102916 0.000000 112.034366 -0.102916 0.994690 0.000000 -3.431813 0.000000 0.000000 1.000000 0.000000
0.994249 0.107093 0.000000 112.457335 -0.107093 0.994249 0.000000 -3.482130 0.000000 0.000000 1.000000 0.000000
0.993872 0.110535 0.000000 113.184630 -0.110535 0.993872 0.000000 -3.592733 0.000000 0.000000 1.000000 0.000000
0.993969 0.109663 0.000000 113.609995 -0.109663 0.993969 0.000000 -3.655947 0.000000 0.000000 1.000000 0.000000
0.993961 0.109737 0.000000 114.046588 -0.109737 0.993961 0.000000 -3.717374 0.000000 0.000000 1.000000 0.000000
0.993989 0.109481 0.000000 114.474564 -0.109481 0.993989 0.000000 -3.775716 0.000000 0.000000 1.000000 0.000000
0.993841 0.110814 0.000000 114.916648 -0.110814 0.993841 0.000000 -3.820137 0.000000 0.000000 1.000000 0.000000
0.993633 0.112668 0.000000 115.357083 -0.112668 0.993633 0.000000 -3.874775 0.000000 0.000000 1.000000 0.000000
0.993664 0.112390 0.000000 115.796368 -0.112390 0.993664 0.000000 -3.934727 0.000000 0.000000 1.000000 0.000000
0.993681 0.112244 0.000000 116.238979 -0.112244 0.993681 0.000000 -3.998144 0.000000 0.000000 1.000000 0.000000
0.993659 0.112437 0.000000 116.681063 -0.112437 0.993659 0.000000 -4.062822 0.000000 0.000000 1.000000 0.000000
0.993393 0.114761 0.000000 117.129386 -0.114761 0.993393 0.000000 -4.131299 0.000000 0.000000 1.000000 0.000000
0.993155 0.116804 0.000000 117.574040 -0.116804 0.993155 0.000000 -4.198039 0.000000 0.000000 1.000000 0.000000
0.993180 0.116592 0.000000 118.403458 -0.116592 0.993180 0.000000 -4.322343 0.000000 0.000000 1.000000 0.000000
0.992993 0.118175 0.000000 118.863520 -0.118175 0.992993 0.000000 -4.386462 0.000000 0.000000 1.000000 0.000000
0.992825 0.119580 0.000000 119.318652 -0.119580 0.992825 0.000000 -4.459018 0.000000 0.000000 1.000000 0.000000
0.992656 0.120970 0.000000 119.775654 -0.120970 0.992656 0.000000 -4.535022 0.000000 0.000000 1.000000 0.000000
0.992462 0.122556 0.000000 120.233215 -0.122556 0.992462 0.000000 -4.615212 0.000000 0.000000 1.000000 0.000000
0.992335 0.123573 0.000000 120.697943 -0.123573 0.992335 0.000000 -4.692511 0.000000 0.000000 1.000000 0.000000
0.992007 0.126184 0.000000 121.164672 -0.126184 0.992007 0.000000 -4.768675 0.000000 0.000000 1.000000 0.000000
0.991448 0.130503 0.000000 121.636996 -0.130503 0.991448 0.000000 -4.841441 0.000000 0.000000 1.000000 0.000000
0.990868 0.134837 0.000000 122.138523 -0.134837 0.990868 0.000000 -4.922549 0.000000 0.000000 1.000000 0.000000
0.990677 0.136232 0.000000 122.581880 -0.136232 0.990677 0.000000 -4.997338 0.000000 0.000000 1.000000 0.000000
0.990533 0.137278 0.000000 123.089749 -0.137278 0.990533 0.000000 -5.086811 0.000000 0.000000 1.000000 0.000000
0.990404 0.138200 0.000000 123.569605 -0.138200 0.990404 0.000000 -5.165399 0.000000 0.000000 1.000000 0.000000
0.990619 0.136649 0.000000 124.041870 -0.136649 0.990619 0.000000 -5.251944 0.000000 0.000000 1.000000 0.000000
0.990625 0.136611 0.000000 124.510117 -0.136611 0.990625 0.000000 -5.335258 0.000000 0.000000 1.000000 0.000000
0.990332 0.138714 0.000000 124.983972 -0.138714 0.990332 0.000000 -5.413155 0.000000 0.000000 1.000000 0.000000
0.989896 0.141796 0.000000 125.458939 -0.141796 0.989896 0.000000 -5.491793 0.000000 0.000000 1.000000 0.000000
0.989042 0.147638 0.000000 125.934022 -0.147638 0.989042 0.000000 -5.571404 0.000000 0.000000 1.000000 0.000000
0.988335 0.152294 0.000000 126.407161 -0.152294 0.988335 0.000000 -5.659567 0.000000 0.000000 1.000000 0.000000
0.988097 0.153831 0.000000 126.859785 -0.153831 0.988097 0.000000 -5.745422 0.000000 0.000000 1.000000 0.000000
0.987740 0.156109 0.000000 127.345820 -0.156109 0.987740 0.000000 -5.833298 0.000000 0.000000 1.000000 0.000000
0.987467 0.157825 0.000000 127.832105 -0.157825 0.987467 0.000000 -5.925610 0.000000 0.000000 1.000000 0.000000
0.987321 0.158739 0.000000 128.632172 -0.158739 0.987321 0.000000 -6.073856 0.000000 0.000000 1.000000 0.000000
0.987752 0.156032 0.000000 129.127174 -0.156032 0.987752 0.000000 -6.174126 0.000000 0.000000 1.000000 0.000000
0.989208 0.146521 0.000000 130.113633 -0.146521 0.989208 0.000000 -6.376734 0.000000 0.000000 1.000000 0.000000
0.989745 0.142848 0.000000 130.609843 -0.142848 0.989745 0.000000 -6.477681 0.000000 0.000000 1.000000 0.000000
0.989926 0.141587 0.000000 131.104404 -0.141587 0.989926 0.000000 -6.572128 0.000000 0.000000 1.000000 0.000000
0.990135 0.140119 0.000000 131.612542 -0.140119 0.990135 0.000000 -6.664064 0.000000 0.000000 1.000000 0.000000
0.990035 0.140823 0.000000 132.115302 -0.140823 0.990035 0.000000 -6.746732 0.000000 0.000000 1.000000 0.000000
0.988816 0.149139 0.000000 132.610986 -0.149139 0.988816 0.000000 -6.832088 0.000000 0.000000 1.000000 0.000000
0.989083 0.147360 0.000000 133.143427 -0.147360 0.989083 0.000000 -6.917419 0.000000 0.000000 1.000000 0.000000
0.988737 0.149666 0.000000 133.631011 -0.149666 0.988737 0.000000 -6.998740 0.000000 0.000000 1.000000 0.000000
0.988543 0.150943 0.000000 134.142196 -0.150943 0.988543 0.000000 -7.084201 0.000000 0.000000 1.000000 0.000000
0.988530 0.151023 0.000000 134.662771 -0.151023 0.988530 0.000000 -7.175094 0.000000 0.000000 1.000000 0.000000
0.988554 0.150867 0.000000 135.144482 -0.150867 0.988554 0.000000 -7.255224 0.000000 0.000000 1.000000 0.000000
0.988642 0.150293 0.000000 135.659326 -0.150293 0.988642 0.000000 -7.349350 0.000000 0.000000 1.000000 0.000000
0.988508 0.151167 0.000000 136.185010 -0.151167 0.988508 0.000000 -7.436802 0.000000 0.000000 1.000000 0.000000
0.988617 0.150451 0.000000 136.670384 -0.150451 0.988617 0.000000 -7.513517 0.000000 0.000000 1.000000 0.000000
0.988753 0.149559 0.000000 137.191747 -0.149559 0.988753 0.000000 -7.595740 0.000000 0.000000 1.000000 0.000000
0.988313 0.152441 0.000000 137.726287 -0.152441 0.988313 0.000000 -7.682968 0.000000 0.000000 1.000000 0.000000
0.987921 0.154961 0.000000 138.352961 -0.154961 0.987921 0.000000 -7.783707 0.000000 0.000000 1.000000 0.000000
0.987221 0.159355 0.000000 138.919164 -0.159355 0.987221 0.000000 -7.877516 0.000000 0.000000 1.000000 0.000000
0.986555 0.163432 0.000000 139.414946 -0.163432 0.986555 0.000000 -7.976631 0.000000 0.000000 1.000000 0.000000
0.986097 0.166173 0.000000 139.944461 -0.166173 0.986097 0.000000 -8.075297 0.000000 0.000000 1.000000 0.000000
0.985502 0.169662 0.000000 140.472266 -0.169662 0.985502 0.000000 -8.181581 0.000000 0.000000 1.000000 0.000000
0.985293 0.170871 0.000000 141.000368 -0.170871 0.985293 0.000000 -8.293237 0.000000 0.000000 1.000000 0.000000
0.984598 0.174834 0.000000 144.861415 -0.174834 0.984598 0.000000 -9.059822 0.000000 0.000000 1.000000 0.000000
0.985155 0.171668 0.000000 145.373564 -0.171668 0.985155 0.000000 -9.167515 0.000000 0.000000 1.000000 0.000000
0.985674 0.168663 0.000000 146.530012 -0.168663 0.985674 0.000000 -9.401196 0.000000 0.000000 1.000000 0.000000
0.984987 0.172627 0.000000 147.659432 -0.172627 0.984987 0.000000 -9.634257 0.000000 0.000000 1.000000 0.000000
0.984728 0.174098 0.000000 148.221557 -0.174098 0.984728 0.000000 -9.754772 0.000000 0.000000 1.000000 0.000000
0.984644 0.174576 0.000000 148.785255 -0.174576 0.984644 0.000000 -9.876948 0.000000 0.000000 1.000000 0.000000
0.984711 0.174194 0.000000 149.342698 -0.174194 0.984711 0.000000 -10.007060 0.000000 0.000000 1.000000 0.000000
0.985165 0.171607 0.000000 149.903585 -0.171607 0.985165 0.000000 -10.142989 0.000000 0.000000 1.000000 0.000000
0.985120 0.171869 0.000000 150.476860 -0.171869 0.985120 0.000000 -10.263969 0.000000 0.000000 1.000000 0.000000
0.984696 0.174281 0.000000 151.049178 -0.174281 0.984696 0.000000 -10.387206 0.000000 0.000000 1.000000 0.000000
0.984769 0.173868 0.000000 151.627111 -0.173868 0.984769 0.000000 -10.518641 0.000000 0.000000 1.000000 0.000000
0.984817 0.173594 0.000000 152.203673 -0.173594 0.984817 0.000000 -10.649207 0.000000 0.000000 1.000000 0.000000
0.983935 0.178529 0.000000 153.118782 -0.178529 0.983935 0.000000 -10.842027 0.000000 0.000000 1.000000 0.000000
0.983680 0.179927 0.000000 153.694105 -0.179927 0.983680 0.000000 -10.976188 0.000000 0.000000 1.000000 0.000000
0.983434 0.181264 0.000000 154.259392 -0.181264 0.983434 0.000000 -11.103000 0.000000 0.000000 1.000000 0.000000
0.982715 0.185123 0.000000 154.832375 -0.185123 0.982715 0.000000 -11.224585 0.000000 0.000000 1.000000 0.000000
0.981965 0.189061 0.000000 155.441012 -0.189061 0.981965 0.000000 -11.358991 0.000000 0.000000 1.000000 0.000000
0.981613 0.190884 0.000000 155.972912 -0.190884 0.981613 0.000000 -11.480939 0.000000 0.000000 1.000000 0.000000
0.981481 0.191559 0.000000 156.585193 -0.191559 0.981481 0.000000 -11.628998 0.000000 0.000000 1.000000 0.000000
0.981437 0.191787 0.000000 157.156724 -0.191787 0.981437 0.000000 -11.763185 0.000000 0.000000 1.000000 0.000000
0.981207 0.192957 0.000000 157.737067 -0.192957 0.981207 0.000000 -11.886333 0.000000 0.000000 1.000000 0.000000
0.980848 0.194777 0.000000 158.309766 -0.194777 0.980848 0.000000 -12.005040 0.000000 0.000000 1.000000 0.000000
0.980853 0.194750 0.000000 158.878351 -0.194750 0.980853 0.000000 -12.135286 0.000000 0.000000 1.000000 0.000000
0.980939 0.194316 0.000000 159.445695 -0.194316 0.980939 0.000000 -12.260752 0.000000 0.000000 1.000000 0.000000
0.980765 0.195192 0.000000 160.017914 -0.195192 0.980765 0.000000 -12.382939 0.000000 0.000000 1.000000 0.000000
0.980754 0.195245 0.000000 160.581442 -0.195245 0.980754 0.000000 -12.507215 0.000000 0.000000 1.000000 0.000000
0.980435 0.196845 0.000000 161.159717 -0.196845 0.980435 0.000000 -12.632093 0.000000 0.000000 1.000000 0.000000
0.979981 0.199093 0.000000 161.730609 -0.199093 0.979981 0.000000 -12.754188 0.000000 0.000000 1.000000 0.000000
0.979382 0.202019 0.000000 162.866225 -0.202019 0.979382 0.000000 -13.009524 0.000000 0.000000 1.000000 0.000000
0.979512 0.201386 0.000000 163.432655 -0.201386 0.979512 0.000000 -13.144905 0.000000 0.000000 1.000000 0.000000
0.979171 0.203036 0.000000 163.963118 -0.203036 0.979171 0.000000 -13.271137 0.000000 0.000000 1.000000 0.000000
0.978401 0.206715 0.000000 164.550724 -0.206715 0.978401 0.000000 -13.401731 0.000000 0.000000 1.000000 0.000000
0.978351 0.206951 0.000000 165.113793 -0.206951 0.978351 0.000000 -13.530003 0.000000 0.000000 1.000000 0.000000
0.978532 0.206093 0.000000 166.222206 -0.206093 0.978532 0.000000 -13.788700 0.000000 0.000000 1.000000 0.000000
0.978485 0.206318 0.000000 166.785948 -0.206318 0.978485 0.000000 -13.922034 0.000000 0.000000 1.000000 0.000000
0.978294 0.207224 0.000000 167.327960 -0.207224 0.978294 0.000000 -14.052163 0.000000 0.000000 1.000000 0.000000
0.978322 0.207092 0.000000 167.895697 -0.207092 0.978322 0.000000 -14.183133 0.000000 0.000000 1.000000 0.000000
0.978056 0.208342 0.000000 168.465002 -0.208342 0.978056 0.000000 -14.312308 0.000000 0.000000 1.000000 0.000000
0.977397 0.211411 0.000000 169.003603 -0.211411 0.977397 0.000000 -14.422921 0.000000 0.000000 1.000000 0.000000
0.976556 0.215265 0.000000 169.759175 -0.215265 0.976556 0.000000 -14.589410 0.000000 0.000000 1.000000 0.000000
0.976054 0.217527 0.000000 170.328251 -0.217527 0.976054 0.000000 -14.715900 0.000000 0.000000 1.000000 0.000000
0.975099 0.221771 0.000000 170.896296 -0.221771 0.975099 0.000000 -14.841334 0.000000 0.000000 1.000000 0.000000
0.974652 0.223727 0.000000 171.503121 -0.223727 0.974652 0.000000 -14.989395 0.000000 0.000000 1.000000 0.000000
0.974997 0.222218 0.000000 172.035871 -0.222218 0.974997 0.000000 -15.128877 0.000000 0.000000 1.000000 0.000000
0.974686 0.223576 0.000000 172.644762 -0.223576 0.974686 0.000000 -15.282762 0.000000 0.000000 1.000000 0.000000
0.974459 0.224567 0.000000 173.212323 -0.224567 0.974459 0.000000 -15.427815 0.000000 0.000000 1.000000 0.000000
0.973954 0.226744 0.000000 173.787266 -0.226744 0.973954 0.000000 -15.568963 0.000000 0.000000 1.000000 0.000000
0.973768 0.227542 0.000000 174.370090 -0.227542 0.973768 0.000000 -15.720535 0.000000 0.000000 1.000000 0.000000
0.974316 0.225186 0.000000 174.934432 -0.225186 0.974316 0.000000 -15.868036 0.000000 0.000000 1.000000 0.000000
0.974332 0.225115 0.000000 175.507467 -0.225115 0.974332 0.000000 -16.016868 0.000000 0.000000 1.000000 0.000000
0.974662 0.223682 0.000000 176.072502 -0.223682 0.974662 0.000000 -16.170192 0.000000 0.000000 1.000000 0.000000
0.975747 0.218900 0.000000 176.642454 -0.218900 0.975747 0.000000 -16.323435 0.000000 0.000000 1.000000 0.000000
0.976560 0.215247 0.000000 177.212722 -0.215247 0.976560 0.000000 -16.468508 0.000000 0.000000 1.000000 0.000000
0.976523 0.215412 0.000000 177.786600 -0.215412 0.976523 0.000000 -16.597278 0.000000 0.000000 1.000000 0.000000
0.976631 0.214922 0.000000 178.360777 -0.214922 0.976631 0.000000 -16.740199 0.000000 0.000000 1.000000 0.000000
0.976380 0.216061 0.000000 178.938576 -0.216061 0.976380 0.000000 -16.878286 0.000000 0.000000 1.000000 0.000000
0.976001 0.217764 0.000000 179.474729 -0.217764 0.976001 0.000000 -17.009092 0.000000 0.000000 1.000000 0.000000
0.976020 0.217681 0.000000 180.086270 -0.217681 0.976020 0.000000 -17.154119 0.000000 0.000000 1.000000 0.000000
0.976053 0.217533 0.000000 180.619999 -0.217533 0.976053 0.000000 -17.287188 0.000000 0.000000 1.000000 0.000000
0.975782 0.218746 0.000000 181.198791 -0.218746 0.975782 0.000000 -17.428983 0.000000 0.000000 1.000000 0.000000
0.975210 0.221283 0.000000 181.781604 -0.221283 0.975210 0.000000 -17.568030 0.000000 0.000000 1.000000 0.000000
0.973966 0.226696 0.000000 182.364567 -0.226696 0.973966 0.000000 -17.711647 0.000000 0.000000 1.000000 0.000000
0.973089 0.230428 0.000000 182.941436 -0.230428 0.973089 0.000000 -17.860300 0.000000 0.000000 1.000000 0.000000
0.973060 0.230553 0.000000 183.515467 -0.230553 0.973060 0.000000 -18.009006 0.000000 0.000000 1.000000 0.000000
0.973028 0.230687 0.000000 184.089296 -0.230687 0.973028 0.000000 -18.158601 0.000000 0.000000 1.000000 0.000000
0.972805 0.231624 0.000000 184.668805 -0.231624 0.972805 0.000000 -18.301687 0.000000 0.000000 1.000000 0.000000
0.972310 0.233697 0.000000 185.250450 -0.233697 0.972310 0.000000 -18.447542 0.000000 0.000000 1.000000 0.000000
0.972256 0.233920 0.000000 185.830706 -0.233920 0.972256 0.000000 -18.604123 0.000000 0.000000 1.000000 0.000000
0.972509 0.232867 0.000000 186.401591 -0.232867 0.972509 0.000000 -18.756024 0.000000 0.000000 1.000000 0.000000
0.972217 0.234082 0.000000 186.992408 -0.234082 0.972217 0.000000 -18.903173 0.000000 0.000000 1.000000 0.000000
0.971687 0.236273 0.000000 187.581077 -0.236273 0.971687 0.000000 -19.045708 0.000000 0.000000 1.000000 0.000000
0.971568 0.236762 0.000000 188.128581 -0.236762 0.971568 0.000000 -19.187082 0.000000 0.000000 1.000000 0.000000
0.971024 0.238980 0.000000 188.693918 -0.238980 0.971024 0.000000 -19.338692 0.000000 0.000000 1.000000 0.000000
0.970467 0.241236 0.000000 189.273427 -0.241236 0.970467 0.000000 -19.485881 0.000000 0.000000 1.000000 0.000000
0.970781 0.239968 0.000000 189.828031 -0.239968 0.970781 0.000000 -19.636322 0.000000 0.000000 1.000000 0.000000
0.970667 0.240426 0.000000 190.402144 -0.240426 0.970667 0.000000 -19.791230 0.000000 0.000000 1.000000 0.000000
0.970746 0.240111 0.000000 190.982482 -0.240111 0.970746 0.000000 -19.955908 0.000000 0.000000 1.000000 0.000000
0.971068 0.238804 0.000000 191.524012 -0.238804 0.971068 0.000000 -20.106022 0.000000 0.000000 1.000000 0.000000
0.970463 0.241249 0.000000 192.092097 -0.241249 0.970463 0.000000 -20.258289 0.000000 0.000000 1.000000 0.000000
0.969958 0.243271 0.000000 192.662799 -0.243271 0.969958 0.000000 -20.405310 0.000000 0.000000 1.000000 0.000000
0.969702 0.244290 0.000000 193.202322 -0.244290 0.969702 0.000000 -20.539644 0.000000 0.000000 1.000000 0.000000
0.969263 0.246029 0.000000 193.775049 -0.246029 0.969263 0.000000 -20.690912 0.000000 0.000000 1.000000 0.000000
0.968812 0.247798 0.000000 194.340685 -0.247798 0.968812 0.000000 -20.845526 0.000000 0.000000 1.000000 0.000000
0.967968 0.251072 0.000000 195.156426 -0.251072 0.967968 0.000000 -21.076628 0.000000 0.000000 1.000000 0.000000
0.967297 0.253646 0.000000 195.716774 -0.253646 0.967297 0.000000 -21.231567 0.000000 0.000000 1.000000 0.000000
0.967198 0.254022 0.000000 196.282644 -0.254022 0.967198 0.000000 -21.386270 0.000000 0.000000 1.000000 0.000000
0.967128 0.254291 0.000000 196.839452 -0.254291 0.967128 0.000000 -21.547726 0.000000 0.000000 1.000000 0.000000
0.967234 0.253888 0.000000 197.402668 -0.253888 0.967234 0.000000 -21.706861 0.000000 0.000000 1.000000 0.000000
0.967892 0.251367 0.000000 197.966101 -0.251367 0.967892 0.000000 -21.866199 0.000000 0.000000 1.000000 0.000000
0.968080 0.250640 0.000000 198.526106 -0.250640 0.968080 0.000000 -22.021420 0.000000 0.000000 1.000000 0.000000
0.967997 0.250961 0.000000 199.101448 -0.250961 0.967997 0.000000 -22.186794 0.000000 0.000000 1.000000 0.000000
0.967854 0.251513 0.000000 199.593694 -0.251513 0.967854 0.000000 -22.325269 0.000000 0.000000 1.000000 0.000000
0.967560 0.252643 0.000000 200.571550 -0.252643 0.967560 0.000000 -22.598497 0.000000 0.000000 1.000000 0.000000
0.967339 0.253488 0.000000 201.140912 -0.253488 0.967339 0.000000 -22.761058 0.000000 0.000000 1.000000 0.000000
0.966985 0.254832 0.000000 201.853602 -0.254832 0.966985 0.000000 -22.964928 0.000000 0.000000 1.000000 0.000000
0.966496 0.256680 0.000000 202.564375 -0.256680 0.966496 0.000000 -23.167261 0.000000 0.000000 1.000000 0.000000
0.966251 0.257603 0.000000 203.519442 -0.257603 0.966251 0.000000 -23.437622 0.000000 0.000000 1.000000 0.000000
0.966444 0.256878 0.000000 204.074397 -0.256878 0.966444 0.000000 -23.595608 0.000000 0.000000 1.000000 0.000000
0.966426 0.256947 0.000000 204.643256 -0.256947 0.966426 0.000000 -23.762197 0.000000 0.000000 1.000000 0.000000
0.966165 0.257927 0.000000 205.194090 -0.257927 0.966165 0.000000 -23.924688 0.000000 0.000000 1.000000 0.000000
0.966549 0.256481 0.000000 205.712039 -0.256481 0.966549 0.000000 -24.082699 0.000000 0.000000 1.000000 0.000000
0.966609 0.256257 0.000000 206.268947 -0.256257 0.966609 0.000000 -24.239408 0.000000 0.000000 1.000000 0.000000
0.966263 0.257558 0.000000 206.820707 -0.257558 0.966263 0.000000 -24.405292 0.000000 0.000000 1.000000 0.000000
0.966555 0.256461 0.000000 207.617674 -0.256461 0.966555 0.000000 -24.645461 0.000000 0.000000 1.000000 0.000000
0.966817 0.255470 0.000000 208.180647 -0.255470 0.966817 0.000000 -24.804992 0.000000 0.000000 1.000000 0.000000
0.966799 0.255537 0.000000 208.738524 -0.255537 0.966799 0.000000 -24.963368 0.000000 0.000000 1.000000 0.000000
0.967369 0.253370 0.000000 209.288409 -0.253370 0.967369 0.000000 -25.127404 0.000000 0.000000 1.000000 0.000000
0.967863 0.251477 0.000000 209.873935 -0.251477 0.967863 0.000000 -25.288917 0.000000 0.000000 1.000000 0.000000
0.967836 0.251583 0.000000 210.393070 -0.251583 0.967836 0.000000 -25.436828 0.000000 0.000000 1.000000 0.000000
0.968169 0.250296 0.000000 210.979600 -0.250296 0.968169 0.000000 -25.601409 0.000000 0.000000 1.000000 0.000000
0.968400 0.249404 0.000000 211.490493 -0.249404 0.968400 0.000000 -25.741547 0.000000 0.000000 1.000000 0.000000
0.968688 0.248283 0.000000 212.072701 -0.248283 0.968688 0.000000 -25.909759 0.000000 0.000000 1.000000 0.000000
0.968712 0.248187 0.000000 212.616388 -0.248187 0.968712 0.000000 -26.061015 0.000000 0.000000 1.000000 0.000000
0.968846 0.247666 0.000000 213.163497 -0.247666 0.968846 0.000000 -26.212836 0.000000 0.000000 1.000000 0.000000
0.968922 0.247367 0.000000 213.714537 -0.247367 0.968922 0.000000 -26.362568 0.000000 0.000000 1.000000 0.000000
0.968877 0.247543 0.000000 214.256178 -0.247543 0.968877 0.000000 -26.513990 0.000000 0.000000 1.000000 0.000000
0.969237 0.246131 0.000000 214.808396 -0.246131 0.969237 0.000000 -26.667697 0.000000 0.000000 1.000000 0.000000
0.969789 0.243946 0.000000 215.363445 -0.243946 0.969789 0.000000 -26.824969 0.000000 0.000000 1.000000 0.000000
0.969342 0.245714 0.000000 215.914468 -0.245714 0.969342 0.000000 -26.966324 0.000000 0.000000 1.000000 0.000000
0.968855 0.247629 0.000000 216.450622 -0.247629 0.968855 0.000000 -27.130818 0.000000 0.000000 1.000000 0.000000
0.969561 0.244851 0.000000 216.994467 -0.244851 0.969561 0.000000 -27.284819 0.000000 0.000000 1.000000 0.000000
0.970174 0.242411 0.000000 217.571916 -0.242411 0.970174 0.000000 -27.442026 0.000000 0.000000 1.000000 0.000000
0.970862 0.239640 0.000000 218.120802 -0.239640 0.970862 0.000000 -27.588776 0.000000 0.000000 1.000000 0.000000
0.971330 0.237735 0.000000 218.667973 -0.237735 0.971330 0.000000 -27.734194 0.000000 0.000000 1.000000 0.000000
0.971295 0.237879 0.000000 219.177389 -0.237879 0.971295 0.000000 -27.866208 0.000000 0.000000 1.000000 0.000000
0.970879 0.239570 0.000000 219.727676 -0.239570 0.970879 0.000000 -28.003129 0.000000 0.000000 1.000000 0.000000
0.971132 0.238541 0.000000 220.312436 -0.238541 0.971132 0.000000 -28.155852 0.000000 0.000000 1.000000 0.000000
0.971841 0.235639 0.000000 220.859206 -0.235639 0.971841 0.000000 -28.296307 0.000000 0.000000 1.000000 0.000000
0.972190 0.234192 0.000000 221.407610 -0.234192 0.972190 0.000000 -28.431761 0.000000 0.000000 1.000000 0.000000
0.972369 0.233449 0.000000 221.924998 -0.233449 0.972369 0.000000 -28.568167 0.000000 0.000000 1.000000 0.000000
0.973511 0.228639 0.000000 222.981778 -0.228639 0.973511 0.000000 -28.858557 0.000000 0.000000 1.000000 0.000000
0.974117 0.226044 0.000000 223.510932 -0.226044 0.974117 0.000000 -28.999525 0.000000 0.000000 1.000000 0.000000
0.974641 0.223775 0.000000 224.041070 -0.223775 0.974641 0.000000 -29.138269 0.000000 0.000000 1.000000 0.000000
0.974832 0.222941 0.000000 224.544802 -0.222941 0.974832 0.000000 -29.269969 0.000000 0.000000 1.000000 0.000000
0.975097 0.221780 0.000000 225.084957 -0.221780 0.975097 0.000000 -29.412760 0.000000 0.000000 1.000000 0.000000
0.975534 0.219849 0.000000 225.618246 -0.219849 0.975534 0.000000 -29.543766 0.000000 0.000000 1.000000 0.000000
0.975829 0.218536 0.000000 226.157402 -0.218536 0.975829 0.000000 -29.674661 0.000000 0.000000 1.000000 0.000000
0.976159 0.217055 0.000000 226.657245 -0.217055 0.976159 0.000000 -29.798313 0.000000 0.000000 1.000000 0.000000
0.976267 0.216568 0.000000 227.190517 -0.216568 0.976267 0.000000 -29.922742 0.000000 0.000000 1.000000 0.000000
0.976151 0.217091 0.000000 227.687276 -0.217091 0.976151 0.000000 -30.043885 0.000000 0.000000 1.000000 0.000000
0.976216 0.216800 0.000000 228.207185 -0.216800 0.976216 0.000000 -30.170483 0.000000 0.000000 1.000000 0.000000
0.976448 0.215754 0.000000 228.733615 -0.215754 0.976448 0.000000 -30.300719 0.000000 0.000000 1.000000 0.000000
0.976869 0.213837 0.000000 229.262776 -0.213837 0.976869 0.000000 -30.434538 0.000000 0.000000 1.000000 0.000000
0.977153 0.212536 0.000000 229.759331 -0.212536 0.977153 0.000000 -30.557714 0.000000 0.000000 1.000000 0.000000
0.977551 0.210699 0.000000 230.285966 -0.210699 0.977551 0.000000 -30.684405 0.000000 0.000000 1.000000 0.000000
0.977840 0.209354 0.000000 230.941080 -0.209354 0.977840 0.000000 -30.845945 0.000000 0.000000 1.000000 0.000000
0.977910 0.209027 0.000000 231.572557 -0.209027 0.977910 0.000000 -30.998015 0.000000 0.000000 1.000000 0.000000
0.978021 0.208504 0.000000 232.098826 -0.208504 0.978021 0.000000 -31.117470 0.000000 0.000000 1.000000 0.000000
0.978423 0.206612 0.000000 232.623507 -0.206612 0.978423 0.000000 -31.238457 0.000000 0.000000 1.000000 0.000000
0.978906 0.204313 0.000000 233.144164 -0.204313 0.978906 0.000000 -31.359183 0.000000 0.000000 1.000000 0.000000
0.979325 0.202292 0.000000 233.667447 -0.202292 0.979325 0.000000 -31.475377 0.000000 0.000000 1.000000 0.000000
0.979843 0.199768 0.000000 234.191634 -0.199768 0.979843 0.000000 -31.597616 0.000000 0.000000 1.000000 0.000000
0.980049 0.198755 0.000000 235.093256 -0.198755 0.980049 0.000000 -31.802815 0.000000 0.000000 1.000000 0.000000
0.979830 0.199835 0.000000 235.618028 -0.199835 0.979830 0.000000 -31.925101 0.000000 0.000000 1.000000 0.000000
0.979481 0.201538 0.000000 236.108376 -0.201538 0.979481 0.000000 -32.039191 0.000000 0.000000 1.000000 0.000000
0.978995 0.203883 0.000000 236.626413 -0.203883 0.978995 0.000000 -32.159808 0.000000 0.000000 1.000000 0.000000
0.978593 0.205807 0.000000 237.146661 -0.205807 0.978593 0.000000 -32.277304 0.000000 0.000000 1.000000 0.000000
0.978751 0.205052 0.000000 237.663333 -0.205052 0.978751 0.000000 -32.404406 0.000000 0.000000 1.000000 0.000000
0.979002 0.203850 0.000000 238.184339 -0.203850 0.979002 0.000000 -32.536667 0.000000 0.000000 1.000000 0.000000
0.978662 0.205477 0.000000 238.701120 -0.205477 0.978662 0.000000 -32.657054 0.000000 0.000000 1.000000 0.000000
0.978208 0.207627 0.000000 239.218196 -0.207627 0.978208 0.000000 -32.777470 0.000000 0.000000 1.000000 0.000000
0.978028 0.208473 0.000000 239.743196 -0.208473 0.978028 0.000000 -32.904241 0.000000 0.000000 1.000000 0.000000
0.977680 0.210099 0.000000 240.261724 -0.210099 0.977680 0.000000 -33.027486 0.000000 0.000000 1.000000 0.000000
0.977605 0.210446 0.000000 240.786795 -0.210446 0.977605 0.000000 -33.160301 0.000000 0.000000 1.000000 0.000000
0.977512 0.210881 0.000000 241.307082 -0.210881 0.977512 0.000000 -33.285137 0.000000 0.000000 1.000000 0.000000
0.977368 0.211545 0.000000 241.818272 -0.211545 0.977368 0.000000 -33.412372 0.000000 0.000000 1.000000 0.000000
0.977222 0.212219 0.000000 242.336609 -0.212219 0.977222 0.000000 -33.539833 0.000000 0.000000 1.000000 0.000000
0.977190 0.212369 0.000000 242.851277 -0.212369 0.977190 0.000000 -33.669045 0.000000 0.000000 1.000000 0.000000
0.977133 0.212628 0.000000 243.406007 -0.212628 0.977133 0.000000 -33.805986 0.000000 0.000000 1.000000 0.000000
0.976907 0.213664 0.000000 243.884929 -0.213664 0.976907 0.000000 -33.928565 0.000000 0.000000 1.000000 0.000000
0.976272 0.216546 0.000000 244.398258 -0.216546 0.976272 0.000000 -34.057548 0.000000 0.000000 1.000000 0.000000
0.975657 0.219304 0.000000 244.925049 -0.219304 0.975657 0.000000 -34.195472 0.000000 0.000000 1.000000 0.000000
0.975767 0.218812 0.000000 245.445357 -0.218812 0.975767 0.000000 -34.334045 0.000000 0.000000 1.000000 0.000000
0.975949 0.218001 0.000000 245.962043 -0.218001 0.975949 0.000000 -34.471703 0.000000 0.000000 1.000000 0.000000
0.975780 0.218753 0.000000 246.478513 -0.218753 0.975780 0.000000 -34.599699 0.000000 0.000000 1.000000 0.000000
0.975462 0.220167 0.000000 246.992915 -0.220167 0.975462 0.000000 -34.731451 0.000000 0.000000 1.000000 0.000000
0.975370 0.220576 0.000000 247.507279 -0.220576 0.975370 0.000000 -34.867364 0.000000 0.000000 1.000000 0.000000
0.974798 0.223088 0.000000 248.027459 -0.223088 0.974798 0.000000 -34.988270 0.000000 0.000000 1.000000 0.000000
0.973972 0.226666 0.000000 248.575909 -0.226666 0.973972 0.000000 -35.124912 0.000000 0.000000 1.000000 0.000000
0.973426 0.229003 0.000000 249.075684 -0.229003 0.973426 0.000000 -35.258304 0.000000 0.000000 1.000000 0.000000
0.972999 0.230808 0.000000 249.550570 -0.230808 0.972999 0.000000 -35.388707 0.000000 0.000000 1.000000 0.000000
0.972410 0.233279 0.000000 250.059354 -0.233279 0.972410 0.000000 -35.517791 0.000000 0.000000 1.000000 0.000000
0.970946 0.239299 0.000000 251.078156 -0.239299 0.970946 0.000000 -35.777798 0.000000 0.000000 1.000000 0.000000
0.970134 0.242571 0.000000 251.588977 -0.242571 0.970134 0.000000 -35.906827 0.000000 0.000000 1.000000 0.000000
0.969883 0.243571 0.000000 252.293650 -0.243571 0.969883 0.000000 -36.097506 0.000000 0.000000 1.000000 0.000000
0.970174 0.242410 0.000000 253.267377 -0.242410 0.970174 0.000000 -36.358333 0.000000 0.000000 1.000000 0.000000
0.969735 0.244160 0.000000 253.776349 -0.244160 0.969735 0.000000 -36.494057 0.000000 0.000000 1.000000 0.000000
0.969209 0.246239 0.000000 254.282530 -0.246239 0.969209 0.000000 -36.630090 0.000000 0.000000 1.000000 0.000000
0.968886 0.247508 0.000000 254.776344 -0.247508 0.968886 0.000000 -36.770681 0.000000 0.000000 1.000000 0.000000
0.968522 0.248929 0.000000 255.288926 -0.248929 0.968522 0.000000 -36.912201 0.000000 0.000000 1.000000 0.000000
0.968223 0.250089 0.000000 255.791671 -0.250089 0.968223 0.000000 -37.060360 0.000000 0.000000 1.000000 0.000000
0.968076 0.250658 0.000000 256.293054 -0.250658 0.968076 0.000000 -37.205416 0.000000 0.000000 1.000000 0.000000
0.968174 0.250276 0.000000 256.789221 -0.250276 0.968174 0.000000 -37.343517 0.000000 0.000000 1.000000 0.000000
0.968878 0.247538 0.000000 257.278785 -0.247538 0.968878 0.000000 -37.487975 0.000000 0.000000 1.000000 0.000000
0.969789 0.243944 0.000000 257.771712 -0.243944 0.969789 0.000000 -37.623550 0.000000 0.000000 1.000000 0.000000
0.970067 0.242838 0.000000 258.235632 -0.242838 0.970067 0.000000 -37.737353 0.000000 0.000000 1.000000 0.000000
0.969891 0.243539 0.000000 258.735937 -0.243539 0.969891 0.000000 -37.855998 0.000000 0.000000 1.000000 0.000000
0.969932 0.243375 0.000000 259.224243 -0.243375 0.969932 0.000000 -37.977468 0.000000 0.000000 1.000000 0.000000
0.970088 0.242755 0.000000 259.712694 -0.242755 0.970088 0.000000 -38.099537 0.000000 0.000000 1.000000 0.000000
0.970439 0.241348 0.000000 260.215089 -0.241348 0.970439 0.000000 -38.231036 0.000000 0.000000 1.000000 0.000000
0.970518 0.241027 0.000000 260.702460 -0.241027 0.970518 0.000000 -38.354945 0.000000 0.000000 1.000000 0.000000
0.970186 0.242361 0.000000 261.192583 -0.242361 0.970186 0.000000 -38.483824 0.000000 0.000000 1.000000 0.000000
0.969737 0.244151 0.000000 261.671154 -0.244151 0.969737 0.000000 -38.611146 0.000000 0.000000 1.000000 0.000000
0.969001 0.247055 0.000000 262.153472 -0.247055 0.969001 0.000000 -38.737323 0.000000 0.000000 1.000000 0.000000
0.968660 0.248390 0.000000 262.613596 -0.248390 0.968660 0.000000 -38.865604 0.000000 0.000000 1.000000 0.000000
0.969241 0.246115 0.000000 263.080324 -0.246115 0.969241 0.000000 -39.000161 0.000000 0.000000 1.000000 0.000000
0.969473 0.245199 0.000000 263.541907 -0.245199 0.969473 0.000000 -39.119911 0.000000 0.000000 1.000000 0.000000
0.969160 0.246432 0.000000 263.964576 -0.246432 0.969160 0.000000 -39.232328 0.000000 0.000000 1.000000 0.000000
0.968944 0.247281 0.000000 264.418164 -0.247281 0.968944 0.000000 -39.358299 0.000000 0.000000 1.000000 0.000000
0.968896 0.247468 0.000000 264.868472 -0.247468 0.968896 0.000000 -39.483748 0.000000 0.000000 1.000000 0.000000
0.968946 0.247273 0.000000 265.304396 -0.247273 0.968946 0.000000 -39.600297 0.000000 0.000000 1.000000 0.000000
0.969091 0.246705 0.000000 265.750446 -0.246705 0.969091 0.000000 -39.716832 0.000000 0.000000 1.000000 0.000000
0.969088 0.246717 0.000000 266.174850 -0.246717 0.969088 0.000000 -39.831613 0.000000 0.000000 1.000000 0.000000
0.969269 0.246002 0.000000 266.602362 -0.246002 0.969269 0.000000 -39.953472 0.000000 0.000000 1.000000 0.000000
0.969785 0.243963 0.000000 267.031494 -0.243963 0.969785 0.000000 -40.071157 0.000000 0.000000 1.000000 0.000000
0.970335 0.241762 0.000000 267.474376 -0.241762 0.970335 0.000000 -40.193913 0.000000 0.000000 1.000000 0.000000
0.970647 0.240510 0.000000 268.029504 -0.240510 0.970647 0.000000 -40.336464 0.000000 0.000000 1.000000 0.000000
0.970288 0.241952 0.000000 268.443465 -0.241952 0.970288 0.000000 -40.434490 0.000000 0.000000 1.000000 0.000000
0.970375 0.241605 0.000000 268.858171 -0.241605 0.970375 0.000000 -40.544861 0.000000 0.000000 1.000000 0.000000
0.970487 0.241152 0.000000 269.261561 -0.241152 0.970487 0.000000 -40.645581 0.000000 0.000000 1.000000 0.000000
0.970681 0.240372 0.000000 269.672987 -0.240372 0.970681 0.000000 -40.751212 0.000000 0.000000 1.000000 0.000000
0.970850 0.239687 0.000000 270.066805 -0.239687 0.970850 0.000000 -40.846205 0.000000 0.000000 1.000000 0.000000
0.970465 0.241241 0.000000 270.467252 -0.241241 0.970465 0.000000 -40.947463 0.000000 0.000000 1.000000 0.000000
0.970069 0.242831 0.000000 270.882277 -0.242831 0.970069 0.000000 -41.054386 0.000000 0.000000 1.000000 0.000000
0.969572 0.244806 0.000000 271.264817 -0.244806 0.969572 0.000000 -41.154503 0.000000 0.000000 1.000000 0.000000
0.969463 0.245237 0.000000 271.645835 -0.245237 0.969463 0.000000 -41.255205 0.000000 0.000000 1.000000 0.000000
0.969731 0.244177 0.000000 272.020163 -0.244177 0.969731 0.000000 -41.358467 0.000000 0.000000 1.000000 0.000000
0.969587 0.244747 0.000000 272.390094 -0.244747 0.969587 0.000000 -41.459483 0.000000 0.000000 1.000000 0.000000
0.969216 0.246212 0.000000 272.756756 -0.246212 0.969216 0.000000 -41.560623 0.000000 0.000000 1.000000 0.000000
0.969162 0.246425 0.000000 273.120628 -0.246425 0.969162 0.000000 -41.663885 0.000000 0.000000 1.000000 0.000000
0.969385 0.245545 0.000000 273.474161 -0.245545 0.969385 0.000000 -41.766044 0.000000 0.000000 1.000000 0.000000
0.969651 0.244494 0.000000 273.827881 -0.244494 0.969651 0.000000 -41.859683 0.000000 0.000000 1.000000 0.000000
0.969631 0.244573 0.000000 274.182774 -0.244573 0.969631 0.000000 -41.951873 0.000000 0.000000 1.000000 0.000000
0.969419 0.245410 0.000000 274.528382 -0.245410 0.969419 0.000000 -42.041566 0.000000 0.000000 1.000000 0.000000
0.969782 0.243974 0.000000 274.873476 -0.243974 0.969782 0.000000 -42.140779 0.000000 0.000000 1.000000 0.000000
0.970146 0.242523 0.000000 275.207092 -0.242523 0.970146 0.000000 -42.231073 0.000000 0.000000 1.000000 0.000000
0.969994 0.243130 0.000000 275.870151 -0.243130 0.969994 0.000000 -42.410389 0.000000 0.000000 1.000000 0.000000
0.969967 0.243238 0.000000 276.192052 -0.243238 0.969967 0.000000 -42.497308 0.000000 0.000000 1.000000 0.000000
0.970084 0.242769 0.000000 276.516105 -0.242769 0.970084 0.000000 -42.586203 0.000000 0.000000 1.000000 0.000000
0.970025 0.243007 0.000000 276.828322 -0.243007 0.970025 0.000000 -42.669169 0.000000 0.000000 1.000000 0.000000
0.969516 0.245030 0.000000 277.141800 -0.245030 0.969516 0.000000 -42.749882 0.000000 0.000000 1.000000 0.000000
0.968893 0.247481 0.000000 277.733103 -0.247481 0.968893 0.000000 -42.913608 0.000000 0.000000 1.000000 0.000000
0.969162 0.246423 0.000000 278.027208 -0.246423 0.969162 0.000000 -42.997308 0.000000 0.000000 1.000000 0.000000
0.969639 0.244540 0.000000 278.303955 -0.244540 0.969639 0.000000 -43.080564 0.000000 0.000000 1.000000 0.000000
0.970100 0.242706 0.000000 278.586899 -0.242706 0.970100 0.000000 -43.168076 0.000000 0.000000 1.000000 0.000000
0.970265 0.242043 0.000000 278.843688 -0.242043 0.970265 0.000000 -43.239130 0.000000 0.000000 1.000000 0.000000
0.972661 0.232230 0.000000 281.492008 -0.232230 0.972661 0.000000 -43.838233 0.000000 0.000000 1.000000 0.000000
0.972011 0.234936 0.000000 281.735617 -0.234936 0.972011 0.000000 -43.902305 0.000000 0.000000 1.000000 0.000000
0.972071 0.234688 0.000000 281.969769 -0.234688 0.972071 0.000000 -43.965330 0.000000 0.000000 1.000000 0.000000
0.972806 0.231623 0.000000 282.269751 -0.231623 0.972806 0.000000 -44.043424 0.000000 0.000000 1.000000 0.000000
0.973195 0.229980 0.000000 282.613011 -0.229980 0.973195 0.000000 -44.129574 0.000000 0.000000 1.000000 0.000000
0.972980 0.230890 0.000000 282.903519 -0.230890 0.972980 0.000000 -44.208405 0.000000 0.000000 1.000000 0.000000
0.972981 0.230885 0.000000 283.125218 -0.230885 0.972981 0.000000 -44.279566 0.000000 0.000000 1.000000 0.000000
0.973252 0.229741 0.000000 283.348268 -0.229741 0.973252 0.000000 -44.340663 0.000000 0.000000 1.000000 0.000000
0.973403 0.229100 0.000000 283.565265 -0.229100 0.973403 0.000000 -44.397397 0.000000 0.000000 1.000000 0.000000
0.973120 0.230300 0.000000 283.785136 -0.230300 0.973120 0.000000 -44.449071 0.000000 0.000000 1.000000 0.000000
0.972676 0.232167 0.000000 283.995327 -0.232167 0.972676 0.000000 -44.499747 0.000000 0.000000 1.000000 0.000000
0.972837 0.231493 0.000000 284.199595 -0.231493 0.972837 0.000000 -44.565104 0.000000 0.000000 1.000000 0.000000
0.973127 0.230270 0.000000 284.406341 -0.230270 0.973127 0.000000 -44.612777 0.000000 0.000000 1.000000 0.000000
0.972726 0.231956 0.000000 284.608202 -0.231956 0.972726 0.000000 -44.664961 0.000000 0.000000 1.000000 0.000000
0.972362 0.233478 0.000000 284.804401 -0.233478 0.972362 0.000000 -44.713654 0.000000 0.000000 1.000000 0.000000
0.972407 0.233291 0.000000 285.008276 -0.233291 0.972407 0.000000 -44.765188 0.000000 0.000000 1.000000 0.000000
0.972648 0.232285 0.000000 285.182989 -0.232285 0.972648 0.000000 -44.813379 0.000000 0.000000 1.000000 0.000000
0.972846 0.231455 0.000000 285.376453 -0.231455 0.972846 0.000000 -44.869193 0.000000 0.000000 1.000000 0.000000
0.972758 0.231824 0.000000 285.540798 -0.231824 0.972758 0.000000 -44.911201 0.000000 0.000000 1.000000 0.000000
0.972249 0.233949 0.000000 285.718637 -0.233949 0.972249 0.000000 -44.950670 0.000000 0.000000 1.000000 0.000000
0.972073 0.234681 0.000000 285.900652 -0.234681 0.972073 0.000000 -45.001470 0.000000 0.000000 1.000000 0.000000
0.971943 0.235215 0.000000 286.073184 -0.235215 0.971943 0.000000 -45.039240 0.000000 0.000000 1.000000 0.000000
0.971249 0.238067 0.000000 286.237891 -0.238067 0.971249 0.000000 -45.076784 0.000000 0.000000 1.000000 0.000000
0.970821 0.239805 0.000000 286.401169 -0.239805 0.970821 0.000000 -45.113661 0.000000 0.000000 1.000000 0.000000
0.971027 0.238971 0.000000 286.547810 -0.238971 0.971027 0.000000 -45.149849 0.000000 0.000000 1.000000 0.000000
0.971130 0.238552 0.000000 286.789360 -0.238552 0.971130 0.000000 -45.208486 0.000000 0.000000 1.000000 0.000000
0.970519 0.241024 0.000000 286.939309 -0.241024 0.970519 0.000000 -45.238634 0.000000 0.000000 1.000000 0.000000
0.970304 0.241888 0.000000 287.087831 -0.241888 0.970304 0.000000 -45.273703 0.000000 0.000000 1.000000 0.000000
0.970207 0.242276 0.000000 287.222894 -0.242276 0.970207 0.000000 -45.303211 0.000000 0.000000 1.000000 0.000000
0.968869 0.247573 0.000000 287.464918 -0.247573 0.968869 0.000000 -45.360545 0.000000 0.000000 1.000000 0.000000
0.969689 0.244343 0.000000 287.601747 -0.244343 0.969689 0.000000 -45.374216 0.000000 0.000000 1.000000 0.000000
0.969223 0.246186 0.000000 287.722766 -0.246186 0.969223 0.000000 -45.399134 0.000000 0.000000 1.000000 0.000000
0.968957 0.247229 0.000000 287.822904 -0.247229 0.968957 0.000000 -45.418289 0.000000 0.000000 1.000000 0.000000
0.968867 0.247583 0.000000 287.905203 -0.247583 0.968867 0.000000 -45.455018 0.000000 0.000000 1.000000 0.000000
0.969249 0.246084 0.000000 288.015598 -0.246084 0.969249 0.000000 -45.488334 0.000000 0.000000 1.000000 0.000000
0.968952 0.247249 0.000000 288.077837 -0.247249 0.968952 0.000000 -45.497700 0.000000 0.000000 1.000000 0.000000
0.968593 0.248652 0.000000 288.137966 -0.248652 0.968593 0.000000 -45.512445 0.000000 0.000000 1.000000 0.000000
0.968386 0.249458 0.000000 288.178776 -0.249458 0.968386 0.000000 -45.519303 0.000000 0.000000 1.000000 0.000000
0.968417 0.249336 0.000000 288.203192 -0.249336 0.968417 0.000000 -45.525462 0.000000 0.000000 1.000000 0.000000
0.968502 0.249005 0.000000 288.222840 -0.249005 0.968502 0.000000 -45.524714 0.000000 0.000000 1.000000 0.000000
0.968459 0.249173 0.000000 288.235823 -0.249173 0.968459 0.000000 -45.529252 0.000000 0.000000 1.000000 0.000000
0.968593 0.248653 0.000000 288.247999 -0.248653 0.968593 0.000000 -45.533839 0.000000 0.000000 1.000000 0.000000
0.968781 0.247916 0.000000 288.252834 -0.247916 0.968781 0.000000 -45.538496 0.000000 0.000000 1.000000 0.000000
0.968846 0.247665 0.000000 288.252674 -0.247665 0.968846 0.000000 -45.539040 0.000000 0.000000 1.000000 0.000000
0.968914 0.247398 0.000000 288.251670 -0.247398 0.968914 0.000000 -45.539870 0.000000 0.000000 1.000000 0.000000
0.969024 0.246967 0.000000 288.252322 -0.246967 0.969024 0.000000 -45.540425 0.000000 0.000000 1.000000 0.000000
0.969055 0.246845 0.000000 288.252492 -0.246845 0.969055 0.000000 -45.540270 0.000000 0.000000 1.000000 0.000000
0.969045 0.246885 0.000000 288.253338 -0.246885 0.969045 0.000000 -45.540494 0.000000 0.000000 1.000000 0.000000
0.969027 0.246955 0.000000 288.253705 -0.246955 0.969027 0.000000 -45.540735 0.000000 0.000000 1.000000 0.000000
0.968988 0.247106 0.000000 288.253816 -0.247106 0.968988 0.000000 -45.539891 0.000000 0.000000 1.000000 0.000000
0.969001 0.247057 0.000000 288.253611 -0.247057 0.969001 0.000000 -45.540061 0.000000 0.000000 1.000000 0.000000
0.969007 0.247032 0.000000 288.253595 -0.247032 0.969007 0.000000 -45.539932 0.000000 0.000000 1.000000 0.000000
0.969018 0.246988 0.000000 288.253847 -0.246988 0.969018 0.000000 -45.538628 0.000000 0.000000 1.000000 0.000000
0.969020 0.246980 0.000000 288.253974 -0.246980 0.969020 0.000000 -45.537236 0.000000 0.000000 1.000000 0.000000
0.969019 0.246987 0.000000 288.253836 -0.246987 0.969019 0.000000 -45.537061 0.000000 0.000000 1.000000 0.000000
0.969016 0.246998 0.000000 288.254278 -0.246998 0.969016 0.000000 -45.537010 0.000000 0.000000 1.000000 0.000000
0.969037 0.246914 0.000000 288.254445 -0.246914 0.969037 0.000000 -45.537182 0.000000 0.000000 1.000000 0.000000
0.969044 0.246889 0.000000 288.254637 -0.246889 0.969044 0.000000 -45.537749 0.000000 0.000000 1.000000 0.000000
0.969040 0.246904 0.000000 288.254463 -0.246904 0.969040 0.000000 -45.537832 0.000000 0.000000 1.000000 0.000000
0.969051 0.246862 0.000000 288.254450 -0.246862 0.969051 0.000000 -45.537699 0.000000 0.000000 1.000000 0.000000
0.969046 0.246882 0.000000 288.254858 -0.246882 0.969046 0.000000 -45.537888 0.000000 0.000000 1.000000 0.000000
0.969053 0.246852 0.000000 288.254917 -0.246852 0.969053 0.000000 -45.537877 0.000000 0.000000 1.000000 0.000000
0.969031 0.246938 0.000000 288.254786 -0.246938 0.969031 0.000000 -45.537797 0.000000 0.000000 1.000000 0.000000
0.969024 0.246967 0.000000 288.254441 -0.246967 0.969024 0.000000 -45.538336 0.000000 0.000000 1.000000 0.000000
0.969054 0.246848 0.000000 288.254443 -0.246848 0.969054 0.000000 -45.538668 0.000000 0.000000 1.000000 0.000000
0.969066 0.246800 0.000000 288.254543 -0.246800 0.969066 0.000000 -45.539774 0.000000 0.000000 1.000000 0.000000
0.969052 0.246857 0.000000 288.254576 -0.246857 0.969052 0.000000 -45.540478 0.000000 0.000000 1.000000 0.000000
0.969069 0.246789 0.000000 288.254584 -0.246789 0.969069 0.000000 -45.541531 0.000000 0.000000 1.000000 0.000000
0.969090 0.246709 0.000000 288.254087 -0.246709 0.969090 0.000000 -45.542311 0.000000 0.000000 1.000000 0.000000
0.969081 0.246744 0.000000 288.254159 -0.246744 0.969081 0.000000 -45.542450 0.000000 0.000000 1.000000 0.000000
0.969070 0.246786 0.000000 288.254914 -0.246786 0.969070 0.000000 -45.541884 0.000000 0.000000 1.000000 0.000000
0.969058 0.246834 0.000000 288.255365 -0.246834 0.969058 0.000000 -45.540904 0.000000 0.000000 1.000000 0.000000
0.969049 0.246870 0.000000 288.255581 -0.246870 0.969049 0.000000 -45.540493 0.000000 0.000000 1.000000 0.000000
0.969034 0.246927 0.000000 288.255481 -0.246927 0.969034 0.000000 -45.540533 0.000000 0.000000 1.000000 0.000000
0.969011 0.247016 0.000000 288.255640 -0.247016 0.969011 0.000000 -45.540452 0.000000 0.000000 1.000000 0.000000
0.969008 0.247030 0.000000 288.255855 -0.247030 0.969008 0.000000 -45.540428 0.000000 0.000000 1.000000 0.000000
0.969005 0.247040 0.000000 288.256360 -0.247040 0.969005 0.000000 -45.540070 0.000000 0.000000 1.000000 0.000000
0.969002 0.247051 0.000000 288.256753 -0.247051 0.969002 0.000000 -45.539731 0.000000 0.000000 1.000000 0.000000
0.968997 0.247073 0.000000 288.256699 -0.247073 0.968997 0.000000 -45.539721 0.000000 0.000000 1.000000 0.000000
0.968993 0.247089 0.000000 288.256748 -0.247089 0.968993 0.000000 -45.539767 0.000000 0.000000 1.000000 0.000000
0.969016 0.246998 0.000000 288.256895 -0.246998 0.969016 0.000000 -45.539873 0.000000 0.000000 1.000000 0.000000
0.969004 0.247046 0.000000 288.256983 -0.247046 0.969004 0.000000 -45.539821 0.000000 0.000000 1.000000 0.000000
0.968970 0.247179 0.000000 288.257792 -0.247179 0.968970 0.000000 -45.539294 0.000000 0.000000 1.000000 0.000000
0.968960 0.247217 0.000000 288.258422 -0.247217 0.968960 0.000000 -45.538456 0.000000 0.000000 1.000000 0.000000
0.968940 0.247297 0.000000 288.258586 -0.247297 0.968940 0.000000 -45.537553 0.000000 0.000000 1.000000 0.000000
0.968846 0.247665 0.000000 288.258764 -0.247665 0.968846 0.000000 -45.536161 0.000000 0.000000 1.000000 0.000000
0.968802 0.247836 0.000000 288.259200 -0.247836 0.968802 0.000000 -45.535572 0.000000 0.000000 1.000000 0.000000
0.968755 0.248018 0.000000 288.259243 -0.248018 0.968755 0.000000 -45.535303 0.000000 0.000000 1.000000 0.000000
0.968716 0.248174 0.000000 288.258947 -0.248174 0.968716 0.000000 -45.535028 0.000000 0.000000 1.000000 0.000000
0.968732 0.248108 0.000000 288.257242 -0.248108 0.968732 0.000000 -45.536145 0.000000 0.000000 1.000000 0.000000
0.968798 0.247854 0.000000 288.256306 -0.247854 0.968798 0.000000 -45.536931 0.000000 0.000000 1.000000 0.000000
0.968884 0.247514 0.000000 288.255326 -0.247514 0.968884 0.000000 -45.537333 0.000000 0.000000 1.000000 0.000000
0.968958 0.247227 0.000000 288.254707 -0.247227 0.968958 0.000000 -45.537104 0.000000 0.000000 1.000000 0.000000
0.969041 0.246901 0.000000 288.253875 -0.246901 0.969041 0.000000 -45.538117 0.000000 0.000000 1.000000 0.000000
0.969166 0.246409 0.000000 288.253005 -0.246409 0.969166 0.000000 -45.540178 0.000000 0.000000 1.000000 0.000000
0.969279 0.245965 0.000000 288.251847 -0.245965 0.969279 0.000000 -45.542290 0.000000 0.000000 1.000000 0.000000
0.969381 0.245562 0.000000 288.250985 -0.245562 0.969381 0.000000 -45.545593 0.000000 0.000000 1.000000 0.000000
0.969465 0.245231 0.000000 288.249994 -0.245231 0.969465 0.000000 -45.547910 0.000000 0.000000 1.000000 0.000000
0.969528 0.244982 0.000000 288.249375 -0.244982 0.969528 0.000000 -45.550358 0.000000 0.000000 1.000000 0.000000
0.969625 0.244596 0.000000 288.247874 -0.244596 0.969625 0.000000 -45.553183 0.000000 0.000000 1.000000 0.000000
0.969740 0.244139 0.000000 288.247659 -0.244139 0.969740 0.000000 -45.555794 0.000000 0.000000 1.000000 0.000000
0.969843 0.243729 0.000000 288.247142 -0.243729 0.969843 0.000000 -45.557840 0.000000 0.000000 1.000000 0.000000
0.969819 0.243826 0.000000 288.247967 -0.243826 0.969819 0.000000 -45.558129 0.000000 0.000000 1.000000 0.000000
0.969814 0.243845 0.000000 288.248840 -0.243845 0.969814 0.000000 -45.558260 0.000000 0.000000 1.000000 0.000000
0.969815 0.243840 0.000000 288.249581 -0.243840 0.969815 0.000000 -45.557979 0.000000 0.000000 1.000000 0.000000
0.969832 0.243773 0.000000 288.249728 -0.243773 0.969832 0.000000 -45.557946 0.000000 0.000000 1.000000 0.000000
0.969851 0.243698 0.000000 288.249764 -0.243698 0.969851 0.000000 -45.558114 0.000000 0.000000 1.000000 0.000000
0.969841 0.243738 0.000000 288.249921 -0.243738 0.969841 0.000000 -45.558063 0.000000 0.000000 1.000000 0.000000
0.969835 0.243763 0.000000 288.249780 -0.243763 0.969835 0.000000 -45.558440 0.000000 0.000000 1.000000 0.000000
0.969849 0.243708 0.000000 288.249680 -0.243708 0.969849 0.000000 -45.558462 0.000000 0.000000 1.000000 0.000000
0.969856 0.243680 0.000000 288.249745 -0.243680 0.969856 0.000000 -45.558555 0.000000 0.000000 1.000000 0.000000
0.969835 0.243763 0.000000 288.249768 -0.243763 0.969835 0.000000 -45.558525 0.000000 0.000000 1.000000 0.000000
0.969837 0.243756 0.000000 288.249855 -0.243756 0.969837 0.000000 -45.558466 0.000000 0.000000 1.000000 0.000000
0.969837 0.243756 0.000000 288.249856 -0.243756 0.969837 0.000000 -45.558465 0.000000 0.000000 1.000000 0.000000
0.969809 0.243864 0.000000 288.250101 -0.243864 0.969809 0.000000 -45.558845 0.000000 0.000000 1.000000 0.000000
0.969808 0.243868 0.000000 288.250408 -0.243868 0.969808 0.000000 -45.558983 0.000000 0.000000 1.000000 0.000000
0.969806 0.243878 0.000000 288.250642 -0.243878 0.969806 0.000000 -45.558982 0.000000 0.000000 1.000000 0.000000
0.969756 0.244077 0.000000 288.251179 -0.244077 0.969756 0.000000 -45.558782 0.000000 0.000000 1.000000 0.000000
0.969739 0.244146 0.000000 288.251686 -0.244146 0.969739 0.000000 -45.558680 0.000000 0.000000 1.000000 0.000000
0.969703 0.244287 0.000000 288.252070 -0.244287 0.969703 0.000000 -45.558664 0.000000 0.000000 1.000000 0.000000
0.969674 0.244404 0.000000 288.252451 -0.244404 0.969674 0.000000 -45.558695 0.000000 0.000000 1.000000 0.000000
0.969659 0.244462 0.000000 288.252746 -0.244462 0.969659 0.000000 -45.558743 0.000000 0.000000 1.000000 0.000000
0.969666 0.244435 0.000000 288.252839 -0.244435 0.969666 0.000000 -45.558832 0.000000 0.000000 1.000000 0.000000
0.969684 0.244362 0.000000 288.252925 -0.244362 0.969684 0.000000 -45.558911 0.000000 0.000000 1.000000 0.000000
0.969685 0.244359 0.000000 288.252926 -0.244359 0.969685 0.000000 -45.558910 0.000000 0.000000 1.000000 0.000000
0.969695 0.244319 0.000000 288.252862 -0.244319 0.969695 0.000000 -45.558938 0.000000 0.000000 1.000000 0.000000
0.969684 0.244361 0.000000 288.252840 -0.244361 0.969684 0.000000 -45.558894 0.000000 0.000000 1.000000 0.000000
0.969684 0.244361 0.000000 288.252845 -0.244361 0.969684 0.000000 -45.558890 0.000000 0.000000 1.000000 0.000000
0.969701 0.244296 0.000000 288.252864 -0.244296 0.969701 0.000000 -45.559035 0.000000 0.000000 1.000000 0.000000
0.969703 0.244285 0.000000 288.253117 -0.244285 0.969703 0.000000 -45.558934 0.000000 0.000000 1.000000 0.000000
0.969697 0.244312 0.000000 288.253119 -0.244312 0.969697 0.000000 -45.558939 0.000000 0.000000 1.000000 0.000000
0.969697 0.244311 0.000000 288.253114 -0.244311 0.969697 0.000000 -45.558947 0.000000 0.000000 1.000000 0.000000
0.969710 0.244260 0.000000 288.253091 -0.244260 0.969710 0.000000 -45.559035 0.000000 0.000000 1.000000 0.000000
0.969690 0.244337 0.000000 288.253219 -0.244337 0.969690 0.000000 -45.558958 0.000000 0.000000 1.000000 0.000000
0.969653 0.244487 0.000000 288.253336 -0.244487 0.969653 0.000000 -45.558889 0.000000 0.000000 1.000000 0.000000
0.969606 0.244672 0.000000 288.253356 -0.244672 0.969606 0.000000 -45.558714 0.000000 0.000000 1.000000 0.000000
0.969595 0.244715 0.000000 288.253604 -0.244715 0.969595 0.000000 -45.558688 0.000000 0.000000 1.000000 0.000000
0.969618 0.244624 0.000000 288.253796 -0.244624 0.969618 0.000000 -45.558668 0.000000 0.000000 1.000000 0.000000
0.969600 0.244695 0.000000 288.253886 -0.244695 0.969600 0.000000 -45.558566 0.000000 0.000000 1.000000 0.000000
0.969551 0.244889 0.000000 288.254113 -0.244889 0.969551 0.000000 -45.558197 0.000000 0.000000 1.000000 0.000000
0.969557 0.244867 0.000000 288.254171 -0.244867 0.969557 0.000000 -45.558199 0.000000 0.000000 1.000000 0.000000
0.969543 0.244922 0.000000 288.254417 -0.244922 0.969543 0.000000 -45.558112 0.000000 0.000000 1.000000 0.000000
0.969547 0.244906 0.000000 288.254583 -0.244906 0.969547 0.000000 -45.558154 0.000000 0.000000 1.000000 0.000000
0.969527 0.244986 0.000000 288.254658 -0.244986 0.969527 0.000000 -45.557902 0.000000 0.000000 1.000000 0.000000
0.969524 0.244998 0.000000 288.255153 -0.244998 0.969524 0.000000 -45.557568 0.000000 0.000000 1.000000 0.000000
0.969524 0.244998 0.000000 288.255158 -0.244998 0.969524 0.000000 -45.557565 0.000000 0.000000 1.000000 0.000000
0.969525 0.244993 0.000000 288.255689 -0.244993 0.969525 0.000000 -45.557140 0.000000 0.000000 1.000000 0.000000
0.969523 0.245001 0.000000 288.255972 -0.245001 0.969523 0.000000 -45.556869 0.000000 0.000000 1.000000 0.000000
0.969547 0.244907 0.000000 288.256037 -0.244907 0.969547 0.000000 -45.556886 0.000000 0.000000 1.000000 0.000000
0.969557 0.244867 0.000000 288.255871 -0.244867 0.969557 0.000000 -45.556987 0.000000 0.000000 1.000000 0.000000
0.969532 0.244966 0.000000 288.255666 -0.244966 0.969532 0.000000 -45.556800 0.000000 0.000000 1.000000 0.000000
0.969535 0.244954 0.000000 288.255546 -0.244954 0.969535 0.000000 -45.556728 0.000000 0.000000 1.000000 0.000000
0.969544 0.244919 0.000000 288.255489 -0.244919 0.969544 0.000000 -45.556745 0.000000 0.000000 1.000000 0.000000
0.969523 0.244999 0.000000 288.255926 -0.244999 0.969523 0.000000 -45.556355 0.000000 0.000000 1.000000 0.000000
0.969516 0.245028 0.000000 288.255670 -0.245028 0.969516 0.000000 -45.556112 0.000000 0.000000 1.000000 0.000000
0.969533 0.244959 0.000000 288.255830 -0.244959 0.969533 0.000000 -45.556133 0.000000 0.000000 1.000000 0.000000
0.969541 0.244928 0.000000 288.255779 -0.244928 0.969541 0.000000 -45.556128 0.000000 0.000000 1.000000 0.000000
0.969541 0.244927 0.000000 288.255781 -0.244927 0.969541 0.000000 -45.556125 0.000000 0.000000 1.000000 0.000000
0.969535 0.244954 0.000000 288.255736 -0.244954 0.969535 0.000000 -45.556096 0.000000 0.000000 1.000000 0.000000
0.969540 0.244934 0.000000 288.255686 -0.244934 0.969540 0.000000 -45.556060 0.000000 0.000000 1.000000 0.000000
0.969544 0.244919 0.000000 288.255436 -0.244919 0.969544 0.000000 -45.556019 0.000000 0.000000 1.000000 0.000000
0.969545 0.244914 0.000000 288.255221 -0.244914 0.969545 0.000000 -45.556071 0.000000 0.000000 1.000000 0.000000
0.969554 0.244878 0.000000 288.255155 -0.244878 0.969554 0.000000 -45.556093 0.000000 0.000000 1.000000 0.000000
0.969554 0.244879 0.000000 288.255157 -0.244879 0.969554 0.000000 -45.556086 0.000000 0.000000 1.000000 0.000000
0.969554 0.244879 0.000000 288.255160 -0.244879 0.969554 0.000000 -45.556085 0.000000 0.000000 1.000000 0.000000
0.969554 0.244879 0.000000 288.255161 -0.244879 0.969554 0.000000 -45.556085 0.000000 0.000000 1.000000 0.000000
0.969558 0.244860 0.000000 288.255118 -0.244860 0.969558 0.000000 -45.556049 0.000000 0.000000 1.000000 0.000000
0.969558 0.244860 0.000000 288.255120 -0.244860 0.969558 0.000000 -45.556048 0.000000 0.000000 1.000000 0.000000
0.969562 0.244847 0.000000 288.255219 -0.244847 0.969562 0.000000 -45.556136 0.000000 0.000000 1.000000 0.000000
0.969543 0.244920 0.000000 288.255223 -0.244920 0.969543 0.000000 -45.555956 0.000000 0.000000 1.000000 0.000000
0.969543 0.244921 0.000000 288.255224 -0.244921 0.969543 0.000000 -45.555956 0.000000 0.000000 1.000000 0.000000
0.969543 0.244921 0.000000 288.255226 -0.244921 0.969543 0.000000 -45.555956 0.000000 0.000000 1.000000 0.000000
0.969532 0.244963 0.000000 288.255298 -0.244963 0.969532 0.000000 -45.555930 0.000000 0.000000 1.000000 0.000000
0.969515 0.245033 0.000000 288.255293 -0.245033 0.969515 0.000000 -45.555771 0.000000 0.000000 1.000000 0.000000
0.969511 0.245050 0.000000 288.255312 -0.245050 0.969511 0.000000 -45.555717 0.000000 0.000000 1.000000 0.000000
0.969496 0.245109 0.000000 288.255299 -0.245109 0.969496 0.000000 -45.555730 0.000000 0.000000 1.000000 0.000000
0.969465 0.245230 0.000000 288.255369 -0.245230 0.969465 0.000000 -45.555515 0.000000 0.000000 1.000000 0.000000
0.969465 0.245230 0.000000 288.255371 -0.245230 0.969465 0.000000 -45.555512 0.000000 0.000000 1.000000 0.000000
0.969443 0.245317 0.000000 288.255508 -0.245317 0.969443 0.000000 -45.555444 0.000000 0.000000 1.000000 0.000000
0.969442 0.245322 0.000000 288.255468 -0.245322 0.969442 0.000000 -45.555236 0.000000 0.000000 1.000000 0.000000
0.969465 0.245229 0.000000 288.255377 -0.245229 0.969465 0.000000 -45.555171 0.000000 0.000000 1.000000 0.000000
0.969439 0.245333 0.000000 288.255438 -0.245333 0.969439 0.000000 -45.554996 0.000000 0.000000 1.000000 0.000000
0.969425 0.245389 0.000000 288.255385 -0.245389 0.969425 0.000000 -45.554902 0.000000 0.000000 1.000000 0.000000
0.969360 0.245644 0.000000 288.255336 -0.245644 0.969360 0.000000 -45.554565 0.000000 0.000000 1.000000 0.000000
0.969337 0.245735 0.000000 288.255292 -0.245735 0.969337 0.000000 -45.554212 0.000000 0.000000 1.000000 0.000000
0.969341 0.245720 0.000000 288.255037 -0.245720 0.969341 0.000000 -45.554620 0.000000 0.000000 1.000000 0.000000
0.969356 0.245660 0.000000 288.255057 -0.245660 0.969356 0.000000 -45.554458 0.000000 0.000000 1.000000 0.000000
0.969356 0.245659 0.000000 288.255058 -0.245659 0.969356 0.000000 -45.554458 0.000000 0.000000 1.000000 0.000000
0.969302 0.245873 0.000000 288.255037 -0.245873 0.969302 0.000000 -45.554267 0.000000 0.000000 1.000000 0.000000
0.969302 0.245875 0.000000 288.255040 -0.245875 0.969302 0.000000 -45.554267 0.000000 0.000000 1.000000 0.000000
0.969287 0.245933 0.000000 288.255132 -0.245933 0.969287 0.000000 -45.554450 0.000000 0.000000 1.000000 0.000000
0.969241 0.246114 0.000000 288.255185 -0.246114 0.969241 0.000000 -45.554285 0.000000 0.000000 1.000000 0.000000
0.969227 0.246169 0.000000 288.255339 -0.246169 0.969227 0.000000 -45.553947 0.000000 0.000000 1.000000 0.000000
0.969184 0.246337 0.000000 288.255284 -0.246337 0.969184 0.000000 -45.553817 0.000000 0.000000 1.000000 0.000000
0.969193 0.246304 0.000000 288.255344 -0.246304 0.969193 0.000000 -45.553748 0.000000 0.000000 1.000000 0.000000
0.969246 0.246093 0.000000 288.255157 -0.246093 0.969246 0.000000 -45.553951 0.000000 0.000000 1.000000 0.000000
0.969296 0.245898 0.000000 288.254723 -0.245898 0.969296 0.000000 -45.553745 0.000000 0.000000 1.000000 0.000000
0.969335 0.245742 0.000000 288.254157 -0.245742 0.969335 0.000000 -45.554157 0.000000 0.000000 1.000000 0.000000
0.969371 0.245601 0.000000 288.253397 -0.245601 0.969371 0.000000 -45.554631 0.000000 0.000000 1.000000 0.000000
0.969363 0.245634 0.000000 288.253051 -0.245634 0.969363 0.000000 -45.554803 0.000000 0.000000 1.000000 0.000000
0.969355 0.245663 0.000000 288.253147 -0.245663 0.969355 0.000000 -45.554578 0.000000 0.000000 1.000000 0.000000
0.969354 0.245669 0.000000 288.253646 -0.245669 0.969354 0.000000 -45.554971 0.000000 0.000000 1.000000 0.000000
0.969344 0.245708 0.000000 288.253876 -0.245708 0.969344 0.000000 -45.554894 0.000000 0.000000 1.000000 0.000000
0.969333 0.245751 0.000000 288.253790 -0.245751 0.969333 0.000000 -45.554853 0.000000 0.000000 1.000000 0.000000
0.969308 0.245849 0.000000 288.253818 -0.245849 0.969308 0.000000 -45.554597 0.000000 0.000000 1.000000 0.000000
0.969308 0.245850 0.000000 288.253822 -0.245850 0.969308 0.000000 -45.554600 0.000000 0.000000 1.000000 0.000000
0.969340 0.245724 0.000000 288.253611 -0.245724 0.969340 0.000000 -45.555000 0.000000 0.000000 1.000000 0.000000
0.969328 0.245772 0.000000 288.254059 -0.245772 0.969328 0.000000 -45.555302 0.000000 0.000000 1.000000 0.000000
0.969267 0.246011 0.000000 288.254226 -0.246011 0.969267 0.000000 -45.555362 0.000000 0.000000 1.000000 0.000000
0.969238 0.246124 0.000000 288.253126 -0.246124 0.969238 0.000000 -45.554798 0.000000 0.000000 1.000000 0.000000
0.969232 0.246150 0.000000 288.252487 -0.246150 0.969232 0.000000 -45.554217 0.000000 0.000000 1.000000 0.000000
0.969228 0.246165 0.000000 288.252182 -0.246165 0.969228 0.000000 -45.552556 0.000000 0.000000 1.000000 0.000000
0.969218 0.246206 0.000000 288.251953 -0.246206 0.969218 0.000000 -45.551372 0.000000 0.000000 1.000000 0.000000
0.969214 0.246219 0.000000 288.252028 -0.246219 0.969214 0.000000 -45.549777 0.000000 0.000000 1.000000 0.000000
0.969202 0.246267 0.000000 288.252182 -0.246267 0.969202 0.000000 -45.548750 0.000000 0.000000 1.000000 0.000000
0.969211 0.246230 0.000000 288.252501 -0.246230 0.969211 0.000000 -45.548216 0.000000 0.000000 1.000000 0.000000
0.969197 0.246286 0.000000 288.252903 -0.246286 0.969197 0.000000 -45.547814 0.000000 0.000000 1.000000 0.000000
0.969186 0.246329 0.000000 288.252889 -0.246329 0.969186 0.000000 -45.547464 0.000000 0.000000 1.000000 0.000000
0.969178 0.246363 0.000000 288.253174 -0.246363 0.969178 0.000000 -45.547222 0.000000 0.000000 1.000000 0.000000
0.969176 0.246370 0.000000 288.253391 -0.246370 0.969176 0.000000 -45.547076 0.000000 0.000000 1.000000 0.000000
0.969184 0.246339 0.000000 288.253524 -0.246339 0.969184 0.000000 -45.547069 0.000000 0.000000 1.000000 0.000000
0.969200 0.246277 0.000000 288.253511 -0.246277 0.969200 0.000000 -45.547084 0.000000 0.000000 1.000000 0.000000
0.969226 0.246172 0.000000 288.253283 -0.246172 0.969226 0.000000 -45.547429 0.000000 0.000000 1.000000 0.000000
0.969237 0.246127 0.000000 288.252818 -0.246127 0.969237 0.000000 -45.547928 0.000000 0.000000 1.000000 0.000000
0.969228 0.246163 0.000000 288.252597 -0.246163 0.969228 0.000000 -45.547969 0.000000 0.000000 1.000000 0.000000
0.969231 0.246153 0.000000 288.252489 -0.246153 0.969231 0.000000 -45.547901 0.000000 0.000000 1.000000 0.000000
0.969249 0.246083 0.000000 288.252326 -0.246083 0.969249 0.000000 -45.547837 0.000000 0.000000 1.000000 0.000000
0.969265 0.246019 0.000000 288.252259 -0.246019 0.969265 0.000000 -45.547834 0.000000 0.000000 1.000000 0.000000
0.969281 0.245957 0.000000 288.252567 -0.245957 0.969281 0.000000 -45.547545 0.000000 0.000000 1.000000 0.000000
0.969292 0.245913 0.000000 288.252431 -0.245913 0.969292 0.000000 -45.547635 0.000000 0.000000 1.000000 0.000000
0.969306 0.245856 0.000000 288.252173 -0.245856 0.969306 0.000000 -45.547830 0.000000 0.000000 1.000000 0.000000
0.969330 0.245763 0.000000 288.252181 -0.245763 0.969330 0.000000 -45.547805 0.000000 0.000000 1.000000 0.000000
0.969387 0.245539 0.000000 288.252144 -0.245539 0.969387 0.000000 -45.548094 0.000000 0.000000 1.000000 0.000000
0.969400 0.245485 0.000000 288.252004 -0.245485 0.969400 0.000000 -45.548198 0.000000 0.000000 1.000000 0.000000
0.969387 0.245538 0.000000 288.251916 -0.245538 0.969387 0.000000 -45.548290 0.000000 0.000000 1.000000 0.000000
0.969370 0.245604 0.000000 288.251610 -0.245604 0.969370 0.000000 -45.548122 0.000000 0.000000 1.000000 0.000000
0.969349 0.245689 0.000000 288.251762 -0.245689 0.969349 0.000000 -45.548056 0.000000 0.000000 1.000000 0.000000
0.969335 0.245744 0.000000 288.251872 -0.245744 0.969335 0.000000 -45.547940 0.000000 0.000000 1.000000 0.000000
0.969355 0.245663 0.000000 288.252046 -0.245663 0.969355 0.000000 -45.547434 0.000000 0.000000 1.000000 0.000000
