0.999997 -0.002333 0.000000 0.626600 0.002333 0.999997 0.000000 -0.022366 0.000000 0.000000 1.000000 0.000000
0.999999 -0.001698 0.000000 1.250914 0.001698 0.999999 0.000000 -0.037459 0.000000 0.000000 1.000000 0.000000
1.000000 -0.000359 0.000000 2.503839 0.000359 1.000000 0.000000 -0.072132 0.000000 0.000000 1.000000 0.000000
0.999991 -0.004347 0.000000 3.126690 0.004347 0.999991 0.000000 -0.085765 0.000000 0.000000 1.000000 0.000000
0.999980 -0.006296 0.000000 3.750591 0.006296 0.999980 0.000000 -0.092923 0.000000 0.000000 1.000000 0.000000
0.999975 -0.007073 0.000000 4.381402 0.007073 0.999975 0.000000 -0.099661 0.000000 0.000000 1.000000 0.000000
0.999971 -0.007602 0.000000 5.055255 0.007602 0.999971 0.000000 -0.118004 0.000000 0.000000 1.000000 0.000000
0.999972 -0.007502 0.000000 5.686430 0.007502 0.999972 0.000000 -0.129460 0.000000 0.000000 1.000000 0.000000
0.999973 -0.007344 0.000000 6.313209 0.007344 0.999973 0.000000 -0.136117 0.000000 0.000000 1.000000 0.000000
0.999964 -0.008481 0.000000 6.937568 0.008481 0.999964 0.000000 -0.145102 0.000000 0.000000 1.000000 0.000000
0.999946 -0.010424 0.000000 7.560731 0.010424 0.999946 0.000000 -0.155351 0.000000 0.000000 1.000000 0.000000
0.999944 -0.010560 0.000000 8.183429 0.010560 0.999944 0.000000 -0.158404 0.000000 0.000000 1.000000 0.000000
0.999943 -0.010678 0.000000 8.810835 0.010678 0.999943 0.000000 -0.167912 0.000000 0.000000 1.000000 0.000000
0.999945 -0.010440 0.000000 9.428444 0.010440 0.999945 0.000000 -0.178776 0.000000 0.000000 1.000000 0.000000
0.999944 -0.010611 0.000000 10.084125 0.010611 0.999944 0.000000 -0.189673 0.000000 0.000000 1.000000 0.000000
0.999941 -0.010896 0.000000 10.670423 0.010896 0.999941 0.000000 -0.197324 0.000000 0.000000 1.000000 0.000000
0.999946 -0.010413 0.000000 11.290293 0.010413 0.999946 0.000000 -0.207123 0.000000 0.000000 1.000000 0.000000
0.999922 -0.012519 0.000000 11.914355 0.012519 0.999922 0.000000 -0.223078 0.000000 0.000000 1.000000 0.000000
0.999885 -0.015141 0.000000 12.565698 0.015141 0.999885 0.000000 -0.232988 0.000000 0.000000 1.000000 0.000000
0.999810 -0.019511 0.000000 13.197399 0.019511 0.999810 0.000000 -0.244478 0.000000 0.000000 1.000000 0.000000
0.999747 -0.022513 0.000000 13.821152 0.022513 0.999747 0.000000 -0.253061 0.000000 0.000000 1.000000 0.000000
0.999786 -0.020695 0.000000 14.441851 0.020695 0.999786 0.000000 -0.256621 0.000000 0.000000 1.000000 0.000000
0.999783 -0.020840 0.000000 15.068311 0.020840 0.999783 0.000000 -0.259794 0.000000 0.000000 1.000000 0.000000
0.999772 -0.021345 0.000000 15.691699 0.021345 0.999772 0.000000 -0.264727 0.000000 0.000000 1.000000 0.000000
0.999772 -0.021343 0.000000 16.293453 0.021343 0.999772 0.000000 -0.269477 0.000000 0.000000 1.000000 0.000000
0.999776 -0.021151 0.000000 16.914783 0.021151 0.999776 0.000000 -0.273250 0.000000 0.000000 1.000000 0.000000
0.999797 -0.020148 0.000000 17.538036 0.020148 0.999797 0.000000 -0.273596 0.000000 0.000000 1.000000 0.000000
0.999782 -0.020881 0.000000 18.121134 0.020881 0.999782 0.000000 -0.282371 0.000000 0.000000 1.000000 0.000000
0.999732 -0.023130 0.000000 18.749629 0.023130 0.999732 0.000000 -0.291097 0.000000 0.000000 1.000000 0.000000
0.999685 -0.025092 0.000000 19.360321 0.025092 0.999685 0.000000 -0.298196 0.000000 0.000000 1.000000 0.000000
0.999658 -0.026133 0.000000 19.953645 0.026133 0.999658 0.000000 -0.307004 0.000000 0.000000 1.000000 0.000000
0.999658 -0.026134 0.000000 20.575131 0.026134 0.999658 0.000000 -0.313667 0.000000 0.000000 1.000000 0.000000
0.999672 -0.025597 0.000000 21.208356 0.025597 0.999672 0.000000 -0.319055 0.000000 0.000000 1.000000 0.000000
0.999709 -0.024112 0.000000 21.835207 0.024112 0.999709 0.000000 -0.321824 0.000000 0.000000 1.000000 0.000000
0.999787 -0.020660 0.000000 22.426112 0.020660 0.999787 0.000000 -0.324277 0.000000 0.000000 1.000000 0.000000
0.999852 -0.017189 0.000000 23.064824 0.017189 0.999852 0.000000 -0.331532 0.000000 0.000000 1.000000 0.000000
0.999881 -0.015442 0.000000 23.661877 0.015442 0.999881 0.000000 -0.338146 0.000000 0.000000 1.000000 0.000000
0.999882 -0.015346 0.000000 24.289488 0.015346 0.999882 0.000000 -0.346452 0.000000 0.000000 1.000000 0.000000
0.999872 -0.016028 0.000000 24.925665 0.016028 0.999872 0.000000 -0.355915 0.000000 0.000000 1.000000 0.000000
0.999894 -0.014555 0.000000 25.747325 0.014555 0.999894 0.000000 -0.365555 0.000000 0.000000 1.000000 0.000000
0.999917 -0.012914 0.000000 26.380729 0.012914 0.999917 0.000000 -0.371002 0.000000 0.000000 1.000000 0.000000
0.999932 -0.011625 0.000000 27.014452 0.011625 0.999932 0.000000 -0.376809 0.000000 0.000000 1.000000 0.000000
0.999952 -0.009824 0.000000 27.640669 0.009824 0.999952 0.000000 -0.388042 0.000000 0.000000 1.000000 0.000000
0.999954 -0.009629 0.000000 28.267969 0.009629 0.999954 0.000000 -0.405321 0.000000 0.000000 1.000000 0.000000
0.999966 -0.008296 0.000000 28.911739 0.008296 0.999966 0.000000 -0.416069 0.000000 0.000000 1.000000 0.000000
0.999984 -0.005620 0.000000 29.547125 0.005620 0.999984 0.000000 -0.425100 0.000000 0.000000 1.000000 0.000000
0.999997 -0.002631 0.000000 30.192513 0.002631 0.999997 0.000000 -0.436133 0.000000 0.000000 1.000000 0.000000
0.999999 -0.001561 0.000000 30.825726 0.001561 0.999999 0.000000 -0.455302 0.000000 0.000000 1.000000 0.000000
1.000000 0.000071 0.000000 31.458366 -0.000071 1.000000 0.000000 -0.471109 0.000000 0.000000 1.000000 0.000000
0.999999 0.001122 0.000000 32.097404 -0.001122 0.999999 0.000000 -0.487618 0.000000 0.000000 1.000000 0.000000
0.999999 0.001529 0.000000 32.734631 -0.001529 0.999999 0.000000 -0.507296 0.000000 0.000000 1.000000 0.000000
0.999996 0.002980 0.000000 33.373654 -0.002980 0.999996 0.000000 -0.525511 0.000000 0.000000 1.000000 0.000000
0.999995 0.003028 0.000000 34.008222 -0.003028 0.999995 0.000000 -0.550250 0.000000 0.000000 1.000000 0.000000
0.999994 0.003468 0.000000 34.602967 -0.003468 0.999994 0.000000 -0.571864 0.000000 0.000000 1.000000 0.000000
0.999979 0.006451 0.000000 35.251435 -0.006451 0.999979 0.000000 -0.590717 0.000000 0.000000 1.000000 0.000000
0.999966 0.008204 0.000000 35.879297 -0.008204 0.999966 0.000000 -0.610864 0.000000 0.000000 1.000000 0.000000
0.999970 0.007799 0.000000 36.527253 -0.007799 0.999970 0.000000 -0.635335 0.000000 0.000000 1.000000 0.000000
0.999968 0.007945 0.000000 37.169693 -0.007945 0.999968 0.000000 -0.653755 0.000000 0.000000 1.000000 0.000000
0.999962 0.008730 0.000000 37.803244 -0.008730 0.999962 0.000000 -0.672305 0.000000 0.000000 1.000000 0.000000
0.999961 0.008802 0.000000 38.448458 -0.008802 0.999961 0.000000 -0.690014 0.000000 0.000000 1.000000 0.000000
0.999960 0.008961 0.000000 39.092518 -0.008961 0.999960 0.000000 -0.707127 0.000000 0.000000 1.000000 0.000000
0.999942 0.010764 0.000000 39.741345 -0.010764 0.999942 0.000000 -0.725656 0.000000 0.000000 1.000000 0.000000
0.999924 0.012355 0.000000 40.381543 -0.012355 0.999924 0.000000 -0.749938 0.000000 0.000000 1.000000 0.000000
0.999929 0.011878 0.000000 41.037658 -0.011878 0.999929 0.000000 -0.781872 0.000000 0.000000 1.000000 0.000000
0.999928 0.011988 0.000000 41.645713 -0.011988 0.999928 0.000000 -0.804501 0.000000 0.000000 1.000000 0.000000
0.999940 0.010989 0.000000 42.294373 -0.010989 0.999940 0.000000 -0.831018 0.000000 0.000000 1.000000 0.000000
0.999940 0.010920 0.000000 42.949488 -0.010920 0.999940 0.000000 -0.849169 0.000000 0.000000 1.000000 0.000000
0.999944 0.010589 0.000000 43.609729 -0.010589 0.999944 0.000000 -0.874023 0.000000 0.000000 1.000000 0.000000
0.999969 0.007832 0.000000 44.266765 -0.007832 0.999969 0.000000 -0.896822 0.000000 0.000000 1.000000 0.000000
0.999974 0.007168 0.000000 44.912751 -0.007168 0.999974 0.000000 -0.914405 0.000000 0.000000 1.000000 0.000000
0.999969 0.007930 0.000000 45.525481 -0.007930 0.999969 0.000000 -0.925645 0.000000 0.000000 1.000000 0.000000
0.999950 0.010012 0.000000 46.174692 -0.010012 0.999950 0.000000 -0.937810 0.000000 0.000000 1.000000 0.000000
0.999927 0.012095 0.000000 46.829407 -0.012095 0.999927 0.000000 -0.955875 0.000000 0.000000 1.000000 0.000000
0.999910 0.013396 0.000000 47.493001 -0.013396 0.999910 0.000000 -0.974947 0.000000 0.000000 1.000000 0.000000
0.999935 0.011388 0.000000 48.147094 -0.011388 0.999935 0.000000 -0.992740 0.000000 0.000000 1.000000 0.000000
0.999949 0.010074 0.000000 48.802968 -0.010074 0.999949 0.000000 -1.010785 0.000000 0.000000 1.000000 0.000000
0.999942 0.010813 0.000000 49.826714 -0.010813 0.999942 0.000000 -1.049677 0.000000 0.000000 1.000000 0.000000
0.999952 0.009798 0.000000 50.511762 -0.009798 0.999952 0.000000 -1.067073 0.000000 0.000000 1.000000 0.000000
0.999958 0.009134 0.000000 51.143489 -0.009134 0.999958 0.000000 -1.084931 0.000000 0.000000 1.000000 0.000000
0.999958 0.009177 0.000000 51.803864 -0.009177 0.999958 0.000000 -1.105826 0.000000 0.000000 1.000000 0.000000
0.999954 0.009606 0.000000 52.458637 -0.009606 0.999954 0.000000 -1.126282 0.000000 0.000000 1.000000 0.000000
0.999963 0.008545 0.000000 53.114861 -0.008545 0.999963 0.000000 -1.145710 0.000000 0.000000 1.000000 0.000000
0.999971 0.007619 0.000000 53.765871 -0.007619 0.999971 0.000000 -1.165771 0.000000 0.000000 1.000000 0.000000
0.999974 0.007278 0.000000 54.417938 -0.007278 0.999974 0.000000 -1.184552 0.000000 0.000000 1.000000 0.000000
0.999986 0.005313 0.000000 55.745887 -0.005313 0.999986 0.000000 -1.221837 0.000000 0.000000 1.000000 0.000000
0.999997 0.002501 0.000000 56.390124 -0.002501 0.999997 0.000000 -1.233943 0.000000 0.000000 1.000000 0.000000
1.000000 0.000592 0.000000 57.030399 -0.000592 1.000000 0.000000 -1.247739 0.000000 0.000000 1.000000 0.000000
0.999999 0.001052 0.000000 57.674340 -0.001052 0.999999 0.000000 -1.264932 0.000000 0.000000 1.000000 0.000000
0.999997 0.002363 0.000000 58.315122 -0.002363 0.999997 0.000000 -1.283948 0.000000 0.000000 1.000000 0.000000
0.999998 0.002107 0.000000 58.987929 -0.002107 0.999998 0.000000 -1.304544 0.000000 0.000000 1.000000 0.000000
0.999997 0.002568 0.000000 59.623528 -0.002568 0.999997 0.000000 -1.317255 0.000000 0.000000 1.000000 0.000000
0.999992 0.004033 0.000000 60.225363 -0.004033 0.999992 0.000000 -1.328925 0.000000 0.000000 1.000000 0.000000
0.999987 0.005047 0.000000 60.849963 -0.005047 0.999987 0.000000 -1.346148 0.000000 0.000000 1.000000 0.000000
0.999982 0.006014 0.000000 61.436005 -0.006014 0.999982 0.000000 -1.366618 0.000000 0.000000 1.000000 0.000000
0.999978 0.006650 0.000000 62.062610 -0.006650 0.999978 0.000000 -1.389511 0.000000 0.000000 1.000000 0.000000
0.999979 0.006486 0.000000 62.687407 -0.006486 0.999979 0.000000 -1.415468 0.000000 0.000000 1.000000 0.000000
0.999981 0.006226 0.000000 63.270592 -0.006226 0.999981 0.000000 -1.438343 0.000000 0.000000 1.000000 0.000000
0.999986 0.005284 0.000000 63.891203 -0.005284 0.999986 0.000000 -1.464050 0.000000 0.000000 1.000000 0.000000
0.999988 0.004841 0.000000 64.505021 -0.004841 0.999988 0.000000 -1.489204 0.000000 0.000000 1.000000 0.000000
0.999989 0.004597 0.000000 65.081268 -0.004597 0.999989 0.000000 -1.515759 0.000000 0.000000 1.000000 0.000000
0.999990 0.004483 0.000000 65.690908 -0.004483 0.999990 0.000000 -1.538279 0.000000 0.000000 1.000000 0.000000
0.999977 0.006740 0.000000 66.259543 -0.006740 0.999977 0.000000 -1.553824 0.000000 0.000000 1.000000 0.000000
0.999962 0.008712 0.000000 66.863452 -0.008712 0.999962 0.000000 -1.572992 0.000000 0.000000 1.000000 0.000000
0.999958 0.009175 0.000000 67.465666 -0.009175 0.999958 0.000000 -1.594459 0.000000 0.000000 1.000000 0.000000
0.999949 0.010148 0.000000 68.300334 -0.010148 0.999949 0.000000 -1.626892 0.000000 0.000000 1.000000 0.000000
0.999934 0.011478 0.000000 68.892648 -0.011478 0.999934 0.000000 -1.653458 0.000000 0.000000 1.000000 0.000000
0.999951 0.009870 0.000000 69.490944 -0.009870 0.999951 0.000000 -1.678685 0.000000 0.000000 1.000000 0.000000
0.999964 0.008427 0.000000 70.086968 -0.008427 0.999964 0.000000 -1.698641 0.000000 0.000000 1.000000 0.000000
0.999977 0.006767 0.000000 70.677778 -0.006767 0.999977 0.000000 -1.718486 0.000000 0.000000 1.000000 0.000000
0.999990 0.004494 0.000000 71.274560 -0.004494 0.999990 0.000000 -1.737940 0.000000 0.000000 1.000000 0.000000
0.999992 0.004071 0.000000 71.908144 -0.004071 0.999992 0.000000 -1.755534 0.000000 0.000000 1.000000 0.000000
0.999993 0.003670 0.000000 72.495745 -0.003670 0.999993 0.000000 -1.772970 0.000000 0.000000 1.000000 0.000000
0.999990 0.004391 0.000000 73.085801 -0.004391 0.999990 0.000000 -1.793007 0.000000 0.000000 1.000000 0.000000
0.999990 0.004509 0.000000 74.256456 -0.004509 0.999990 0.000000 -1.832082 0.000000 0.000000 1.000000 0.000000
0.999988 0.004878 0.000000 74.842418 -0.004878 0.999988 0.000000 -1.851646 0.000000 0.000000 1.000000 0.000000
0.999977 0.006813 0.000000 75.427747 -0.006813 0.999977 0.000000 -1.875889 0.000000 0.000000 1.000000 0.000000
0.999970 0.007725 0.000000 76.008760 -0.007725 0.999970 0.000000 -1.903631 0.000000 0.000000 1.000000 0.000000
0.999959 0.009064 0.000000 76.590889 -0.009064 0.999959 0.000000 -1.928710 0.000000 0.000000 1.000000 0.000000
0.999953 0.009695 0.000000 77.164560 -0.009695 0.999953 0.000000 -1.958539 0.000000 0.000000 1.000000 0.000000
0.999967 0.008179 0.000000 77.735154 -0.008179 0.999967 0.000000 -1.985065 0.000000 0.000000 1.000000 0.000000
0.999975 0.007003 0.000000 78.301417 -0.007003 0.999975 0.000000 -2.009538 0.000000 0.000000 1.000000 0.000000
0.999973 0.007292 0.000000 78.860744 -0.007292 0.999973 0.000000 -2.033105 0.000000 0.000000 1.000000 0.000000
0.999971 0.007675 0.000000 79.412451 -0.007675 0.999971 0.000000 -2.055830 0.000000 0.000000 1.000000 0.000000
0.999971 0.007608 0.000000 79.959285 -0.007608 0.999971 0.000000 -2.077510 0.000000 0.000000 1.000000 0.000000
0.999971 0.007672 0.000000 80.500444 -0.007672 0.999971 0.000000 -2.101492 0.000000 0.000000 1.000000 0.000000
0.999960 0.008995 0.000000 81.037422 -0.008995 0.999960 0.000000 -2.126977 0.000000 0.000000 1.000000 0.000000
0.999942 0.010755 0.000000 81.548319 -0.010755 0.999942 0.000000 -2.146691 0.000000 0.000000 1.000000 0.000000
0.999914 0.013096 0.000000 82.089567 -0.013096 0.999914 0.000000 -2.166397 0.000000 0.000000 1.000000 0.000000
0.999872 0.015994 0.000000 82.611225 -0.015994 0.999872 0.000000 -2.184819 0.000000 0.000000 1.000000 0.000000
0.999857 0.016931 0.000000 83.116710 -0.016931 0.999857 0.000000 -2.207336 0.000000 0.000000 1.000000 0.000000
0.999865 0.016449 0.000000 83.649755 -0.016449 0.999865 0.000000 -2.236408 0.000000 0.000000 1.000000 0.000000
0.999867 0.016311 0.000000 84.177556 -0.016311 0.999867 0.000000 -2.262799 0.000000 0.000000 1.000000 0.000000
0.999859 0.016779 0.000000 84.665038 -0.016779 0.999859 0.000000 -2.288656 0.000000 0.000000 1.000000 0.000000
0.999830 0.018444 0.000000 85.190646 -0.018444 0.999830 0.000000 -2.319214 0.000000 0.000000 1.000000 0.000000
0.999823 0.018810 0.000000 85.707772 -0.018810 0.999823 0.000000 -2.348232 0.000000 0.000000 1.000000 0.000000
0.999825 0.018688 0.000000 86.191439 -0.018688 0.999825 0.000000 -2.371715 0.000000 0.000000 1.000000 0.000000
0.999805 0.019732 0.000000 86.709848 -0.019732 0.999805 0.000000 -2.394175 0.000000 0.000000 1.000000 0.000000
0.999768 0.021547 0.000000 87.220778 -0.021547 0.999768 0.000000 -2.418491 0.000000 0.000000 1.000000 0.000000
0.999741 0.022737 0.000000 87.696299 -0.022737 0.999741 0.000000 -2.445610 0.000000 0.000000 1.000000 0.000000
0.999733 0.023127 0.000000 88.207645 -0.023127 0.999733 0.000000 -2.477045 0.000000 0.000000 1.000000 0.000000
0.999701 0.024443 0.000000 88.687344 -0.024443 0.999701 0.000000 -2.506219 0.000000 0.000000 1.000000 0.000000
0.999677 0.025428 0.000000 89.192285 -0.025428 0.999677 0.000000 -2.537049 0.000000 0.000000 1.000000 0.000000
0.999687 0.025017 0.000000 89.852258 -0.025017 0.999687 0.000000 -2.572469 0.000000 0.000000 1.000000 0.000000
0.999687 0.025010 0.000000 90.348551 -0.025010 0.999687 0.000000 -2.596156 0.000000 0.000000 1.000000 0.000000
0.999670 0.025670 0.000000 90.837408 -0.025670 0.999670 0.000000 -2.618022 0.000000 0.000000 1.000000 0.000000
0.999674 0.025542 0.000000 91.319915 -0.025542 0.999674 0.000000 -2.641029 0.000000 0.000000 1.000000 0.000000
0.999707 0.024217 0.000000 91.807783 -0.024217 0.999707 0.000000 -2.671147 0.000000 0.000000 1.000000 0.000000
0.999726 0.023425 0.000000 92.289947 -0.023425 0.999726 0.000000 -2.704148 0.000000 0.000000 1.000000 0.000000
0.999685 0.025087 0.000000 92.761161 -0.025087 0.999685 0.000000 -2.731404 0.000000 0.000000 1.000000 0.000000
0.999535 0.030502 0.000000 93.713543 -0.030502 0.999535 0.000000 -2.791316 0.000000 0.000000 1.000000 0.000000
0.999470 0.032559 0.000000 94.183192 -0.032559 0.999470 0.000000 -2.822320 0.000000 0.000000 1.000000 0.000000
0.999372 0.035433 0.000000 94.654566 -0.035433 0.999372 0.000000 -2.855540 0.000000 0.000000 1.000000 0.000000
0.999294 0.037564 0.000000 95.122935 -0.037564 0.999294 0.000000 -2.892908 0.000000 0.000000 1.000000 0.000000
0.999212 0.039691 0.000000 95.596032 -0.039691 0.999212 0.000000 -2.929417 0.000000 0.000000 1.000000 0.000000
0.999140 0.041475 0.000000 96.056587 -0.041475 0.999140 0.000000 -2.965956 0.000000 0.000000 1.000000 0.000000
0.999039 0.043841 0.000000 96.525640 -0.043841 0.999039 0.000000 -3.006927 0.000000 0.000000 1.000000 0.000000
0.998830 0.048363 0.000000 96.986318 -0.048363 0.998830 0.000000 -3.041239 0.000000 0.000000 1.000000 0.000000
0.998644 0.052065 0.000000 97.450252 -0.052065 0.998644 0.000000 -3.076408 0.000000 0.000000 1.000000 0.000000
0.998516 0.054450 0.000000 97.905715 -0.054450 0.998516 0.000000 -3.116200 0.000000 0.000000 1.000000 0.000000
0.998409 0.056390 0.000000 98.328434 -0.056390 0.998409 0.000000 -3.156312 0.000000 0.000000 1.000000 0.000000
0.998333 0.057715 0.000000 98.770663 -0.057715 0.998333 0.000000 -3.199462 0.000000 0.000000 1.000000 0.000000
0.998301 0.058268 0.000000 99.205552 -0.058268 0.998301 0.000000 -3.247501 0.000000 0.000000 1.000000 0.000000
0.998182 0.060269 0.000000 99.634554 -0.060269 0.998182 0.000000 -3.294443 0.000000 0.000000 1.000000 0.000000
0.998049 0.062441 0.000000 100.058050 -0.062441 0.998049 0.000000 -3.335773 0.000000 0.000000 1.000000 0.000000
0.997768 0.066780 0.000000 100.479640 -0.066780 0.997768 0.000000 -3.373684 0.000000 0.000000 1.000000 0.000000
0.997400 0.072068 0.000000 100.897820 -0.072068 0.997400 0.000000 -3.410655 0.000000 0.000000 1.000000 0.000000
0.997261 0.073958 0.000000 101.306705 -0.073958 0.997261 0.000000 -3.453059 0.000000 0.000000 1.000000 0.000000
0.997355 0.072685 0.000000 101.713103 -0.072685 0.997355 0.000000 -3.500430 0.000000 0.000000 1.000000 0.000000
0.997285 0.073637 0.000000 102.121084 -0.073637 0.997285 0.000000 -3.546278 0.000000 0.000000 1.000000 0.000000
0.997263 0.073929 0.000000 102.511743 -0.073929 0.997263 0.000000 -3.598304 0.000000 0.000000 1.000000 0.000000
0.997006 0.077323 0.000000 102.917511 -0.077323 0.997006 0.000000 -3.646747 0.000000 0.000000 1.000000 0.000000
0.996568 0.082776 0.000000 103.301336 -0.082776 0.996568 0.000000 -3.687071 0.000000 0.000000 1.000000 0.000000
0.996460 0.084071 0.000000 103.703494 -0.084071 0.996460 0.000000 -3.734384 0.000000 0.000000 1.000000 0.000000
0.996345 0.085418 0.000000 104.095176 -0.085418 0.996345 0.000000 -3.780462 0.000000 0.000000 1.000000 0.000000
0.996081 0.088441 0.000000 104.471859 -0.088441 0.996081 0.000000 -3.821787 0.000000 0.000000 1.000000 0.000000
0.995705 0.092587 0.000000 104.878438 -0.092587 0.995705 0.000000 -3.869788 0.000000 0.000000 1.000000 0.000000
0.995338 0.096446 0.000000 105.277120 -0.096446 0.995338 0.000000 -3.918475 0.000000 0.000000 1.000000 0.000000
0.994979 0.100084 0.000000 105.845174 -0.100084 0.994979 0.000000 -3.995879 0.000000 0.000000 1.000000 0.000000
0.994775 0.102092 0.000000 106.256862 -0.102092 0.994775 0.000000 -4.053857 0.000000 0.000000 1.000000 0.000000
0.994566 0.104105 0.000000 106.668253 -0.104105 0.994566 0.000000 -4.110720 0.000000 0.000000 1.000000 0.000000
0.994348 0.106172 0.000000 107.086243 -0.106172 0.994348 0.000000 -4.168307 0.000000 0.000000 1.000000 0.000000
0.994159 0.107928 0.000000 107.504260 -0.107928 0.994159 0.000000 -4.226422 0.000000 0.000000 1.000000 0.000000
0.994111 0.108363 0.000000 107.922688 -0.108363 0.994111 0.000000 -4.285334 0.000000 0.000000 1.000000 0.000000
0.993946 0.109867 0.000000 108.349671 -0.109867 0.993946 0.000000 -4.341606 0.000000 0.000000 1.000000 0.000000
0.993460 0.114185 0.000000 108.772524 -0.114185 0.993460 0.000000 -4.395567 0.000000 0.000000 1.000000 0.000000
0.993059 0.117621 0.000000 109.506587 -0.117621 0.993059 0.000000 -4.504190 0.000000 0.000000 1.000000 0.000000
0.993149 0.116857 0.000000 109.934403 -0.116857 0.993149 0.000000 -4.569495 0.000000 0.000000 1.000000 0.000000
0.993127 0.117045 0.000000 110.370000 -0.117045 0.993127 0.000000 -4.630320 0.000000 0.000000 1.000000 0.000000
0.993146 0.116876 0.000000 110.799794 -0.116876 0.993146 0.000000 -4.691723 0.000000 0.000000 1.000000 0.000000
0.992955 0.118491 0.000000 111.239751 -0.118491 0.992955 0.000000 -4.741072 0.000000 0.000000 1.000000 0.000000
0.992767 0.120055 0.000000 111.673209 -0.120055 0.992767 0.000000 -4.798156 0.000000 0.000000 1.000000 0.000000
0.992822 0.119601 0.000000 112.110058 -0.119601 0.992822 0.000000 -4.859945 0.000000 0.000000 1.000000 0.000000
0.992857 0.119308 0.000000 112.550041 -0.119308 0.992857 0.000000 -4.923936 0.000000 0.000000 1.000000 0.000000
0.992852 0.119355 0.000000 112.989008 -0.119355 0.992852 0.000000 -4.991487 0.000000 0.000000 1.000000 0.000000
0.992580 0.121590 0.000000 113.438212 -0.121590 0.992580 0.000000 -5.062291 0.000000 0.000000 1.000000 0.000000
0.992363 0.123350 0.000000 113.883988 -0.123350 0.992363 0.000000 -5.131947 0.000000 0.000000 1.000000 0.000000
0.992410 0.122975 0.000000 114.711922 -0.122975 0.992410 0.000000 -5.261554 0.000000 0.000000 1.000000 0.000000
0.992212 0.124562 0.000000 115.168453 -0.124562 0.992212 0.000000 -5.328109 0.000000 0.000000 1.000000 0.000000
0.992046 0.125876 0.000000 115.628444 -0.125876 0.992046 0.000000 -5.403694 0.000000 0.000000 1.000000 0.000000
0.991867 0.127281 0.000000 116.085131 -0.127281 0.991867 0.000000 -5.483187 0.000000 0.000000 1.000000 0.000000
0.991650 0.128958 0.000000 116.541008 -0.128958 0.991650 0.000000 -5.561165 0.000000 0.000000 1.000000 0.000000
0.991498 0.130121 0.000000 117.002609 -0.130121 0.991498 0.000000 -5.642310 0.000000 0.000000 1.000000 0.000000
0.991129 0.132900 0.000000 117.465707 -0.132900 0.991129 0.000000 -5.720217 0.000000 0.000000 1.000000 0.000000
0.990538 0.137239 0.000000 117.931503 -0.137239 0.990538 0.000000 -5.796684 0.000000 0.000000 1.000000 0.000000
0.989904 0.141740 0.000000 118.427818 -0.141740 0.989904 0.000000 -5.881690 0.000000 0.000000 1.000000 0.000000
0.989688 0.143241 0.000000 118.865542 -0.143241 0.989688 0.000000 -5.957958 0.000000 0.000000 1.000000 0.000000
0.989514 0.144436 0.000000 119.366290 -0.144436 0.989514 0.000000 -6.048460 0.000000 0.000000 1.000000 0.000000
0.989355 0.145521 0.000000 119.840700 -0.145521 0.989355 0.000000 -6.132040 0.000000 0.000000 1.000000 0.000000
0.989609 0.143783 0.000000 120.310458 -0.143783 0.989609 0.000000 -6.218539 0.000000 0.000000 1.000000 0.000000
0.989614 0.143752 0.000000 120.780051 -0.143752 0.989614 0.000000 -6.304910 0.000000 0.000000 1.000000 0.000000
0.989346 0.145580 0.000000 121.251385 -0.145580 0.989346 0.000000 -6.386599 0.000000 0.000000 1.000000 0.000000
0.988905 0.148549 0.000000 121.724937 -0.148549 0.988905 0.000000 -6.468913 0.000000 0.000000 1.000000 0.000000
0.988036 0.154226 0.000000 122.201931 -0.154226 0.988036 0.000000 -6.550204 0.000000 0.000000 1.000000 0.000000
0.987282 0.158977 0.000000 122.677563 -0.158977 0.987282 0.000000 -6.635287 0.000000 0.000000 1.000000 0.000000
0.986978 0.160855 0.000000 123.132295 -0.160855 0.986978 0.000000 -6.718495 0.000000 0.000000 1.000000 0.000000
0.986550 0.163462 0.000000 123.614215 -0.163462 0.986550 0.000000 -6.807410 0.000000 0.000000 1.000000 0.000000
0.986237 0.165337 0.000000 124.097261 -0.165337 0.986237 0.000000 -6.901845 0.000000 0.000000 1.000000 0.000000
0.986044 0.166485 0.000000 124.896784 -0.166485 0.986044 0.000000 -7.058865 0.000000 0.000000 1.000000 0.000000
0.986589 0.163222 0.000000 125.387215 -0.163222 0.986589 0.000000 -7.160422 0.000000 0.000000 1.000000 0.000000
0.988210 0.153105 0.000000 126.369717 -0.153105 0.988210 0.000000 -7.366622 0.000000 0.000000 1.000000 0.000000
0.988874 0.148753 0.000000 126.868246 -0.148753 0.988874 0.000000 -7.464705 0.000000 0.000000 1.000000 0.000000
0.989184 0.146682 0.000000 127.368661 -0.146682 0.989184 0.000000 -7.557281 0.000000 0.000000 1.000000 0.000000
0.989502 0.144520 0.000000 127.872221 -0.144520 0.989502 0.000000 -7.646508 0.000000 0.000000 1.000000 0.000000
0.989324 0.145730 0.000000 128.377578 -0.145730 0.989324 0.000000 -7.734892 0.000000 0.000000 1.000000 0.000000
0.989525 0.144365 0.000000 128.872389 -0.144365 0.989525 0.000000 -7.820128 0.000000 0.000000 1.000000 0.000000
0.989670 0.143365 0.000000 129.411871 -0.143365 0.989670 0.000000 -7.908069 0.000000 0.000000 1.000000 0.000000
0.989355 0.145524 0.000000 129.900359 -0.145524 0.989355 0.000000 -7.988726 0.000000 0.000000 1.000000 0.000000
0.989160 0.146839 0.000000 130.412598 -0.146839 0.989160 0.000000 -8.073255 0.000000 0.000000 1.000000 0.000000
0.989121 0.147102 0.000000 130.934168 -0.147102 0.989121 0.000000 -8.163514 0.000000 0.000000 1.000000 0.000000
0.989126 0.147068 0.000000 131.415647 -0.147068 0.989126 0.000000 -8.247823 0.000000 0.000000 1.000000 0.000000
0.989172 0.146761 0.000000 131.928173 -0.146761 0.989172 0.000000 -8.341058 0.000000 0.000000 1.000000 0.000000
0.988999 0.147919 0.000000 132.454954 -0.147919 0.988999 0.000000 -8.426410 0.000000 0.000000 1.000000 0.000000
0.989160 0.146841 0.000000 132.942540 -0.146841 0.989160 0.000000 -8.504092 0.000000 0.000000 1.000000 0.000000
0.989236 0.146331 0.000000 133.464139 -0.146331 0.989236 0.000000 -8.591296 0.000000 0.000000 1.000000 0.000000
0.988805 0.149212 0.000000 133.998596 -0.149212 0.988805 0.000000 -8.676861 0.000000 0.000000 1.000000 0.000000
0.988447 0.151565 0.000000 134.625552 -0.151565 0.988447 0.000000 -8.778265 0.000000 0.000000 1.000000 0.000000
0.987616 0.156889 0.000000 135.192368 -0.156889 0.987616 0.000000 -8.864398 0.000000 0.000000 1.000000 0.000000
0.986971 0.160896 0.000000 135.693317 -0.160896 0.986971 0.000000 -8.959146 0.000000 0.000000 1.000000 0.000000
0.986400 0.164365 0.000000 136.229917 -0.164365 0.986400 0.000000 -9.057135 0.000000 0.000000 1.000000 0.000000
0.985780 0.168039 0.000000 136.760994 -0.168039 0.985780 0.000000 -9.161630 0.000000 0.000000 1.000000 0.000000
0.985569 0.169272 0.000000 137.292971 -0.169272 0.985569 0.000000 -9.273079 0.000000 0.000000 1.000000 0.000000
0.984916 0.173035 0.000000 141.145438 -0.173035 0.984916 0.000000 -10.035684 0.000000 0.000000 1.000000 0.000000
0.985563 0.169307 0.000000 141.653124 -0.169307 0.985563 0.000000 -10.143912 0.000000 0.000000 1.000000 0.000000
0.986066 0.166354 0.000000 142.805039 -0.166354 0.986066 0.000000 -10.375614 0.000000 0.000000 1.000000 0.000000
0.985520 0.169558 0.000000 143.921136 -0.169558 0.985520 0.000000 -10.610725 0.000000 0.000000 1.000000 0.000000
0.985333 0.170643 0.000000 144.477607 -0.170643 0.985333 0.000000 -10.728250 0.000000 0.000000 1.000000 0.000000
0.985278 0.170961 0.000000 145.035936 -0.170961 0.985278 0.000000 -10.849178 0.000000 0.000000 1.000000 0.000000
0.985351 0.170536 0.000000 145.593193 -0.170536 0.985351 0.000000 -10.977591 0.000000 0.000000 1.000000 0.000000
0.985726 0.168358 0.000000 146.154811 -0.168358 0.985726 0.000000 -11.107674 0.000000 0.000000 1.000000 0.000000
0.985567 0.169284 0.000000 146.727436 -0.169284 0.985567 0.000000 -11.227718 0.000000 0.000000 1.000000 0.000000
0.985110 0.171924 0.000000 147.299138 -0.171924 0.985110 0.000000 -11.345518 0.000000 0.000000 1.000000 0.000000
0.985160 0.171640 0.000000 147.879332 -0.171640 0.985160 0.000000 -11.474930 0.000000 0.000000 1.000000 0.000000
0.985174 0.171559 0.000000 148.454465 -0.171559 0.985174 0.000000 -11.601833 0.000000 0.000000 1.000000 0.000000
0.984242 0.176826 0.000000 149.368088 -0.176826 0.984242 0.000000 -11.794291 0.000000 0.000000 1.000000 0.000000
0.983920 0.178608 0.000000 149.943628 -0.178608 0.983920 0.000000 -11.928670 0.000000 0.000000 1.000000 0.000000
0.983520 0.180800 0.000000 150.510712 -0.180800 0.983520 0.000000 -12.055841 0.000000 0.000000 1.000000 0.000000
0.982709 0.185156 0.000000 151.088643 -0.185156 0.982709 0.000000 -12.175047 0.000000 0.000000 1.000000 0.000000
0.981856 0.189628 0.000000 151.705137 -0.189628 0.981856 0.000000 -12.305267 0.000000 0.000000 1.000000 0.000000
0.981453 0.191705 0.000000 152.235796 -0.191705 0.981453 0.000000 -12.426053 0.000000 0.000000 1.000000 0.000000
0.981281 0.192582 0.000000 152.845751 -0.192582 0.981281 0.000000 -12.572354 0.000000 0.000000 1.000000 0.000000
0.981171 0.193141 0.000000 153.414845 -0.193141 0.981171 0.000000 -12.708752 0.000000 0.000000 1.000000 0.000000
0.980881 0.194609 0.000000 153.992184 -0.194609 0.980881 0.000000 -12.834831 0.000000 0.000000 1.000000 0.000000
0.980486 0.196590 0.000000 154.563771 -0.196590 0.980486 0.000000 -12.958426 0.000000 0.000000 1.000000 0.000000
0.980489 0.196573 0.000000 155.133434 -0.196573 0.980489 0.000000 -13.090101 0.000000 0.000000 1.000000 0.000000
0.980550 0.196271 0.000000 155.699152 -0.196271 0.980550 0.000000 -13.215765 0.000000 0.000000 1.000000 0.000000
0.980375 0.197142 0.000000 156.268141 -0.197142 0.980375 0.000000 -13.338665 0.000000 0.000000 1.000000 0.000000
0.980382 0.197106 0.000000 156.829760 -0.197106 0.980382 0.000000 -13.466332 0.000000 0.000000 1.000000 0.000000
0.980055 0.198727 0.000000 157.403001 -0.198727 0.980055 0.000000 -13.589215 0.000000 0.000000 1.000000 0.000000
0.979629 0.200816 0.000000 157.974376 -0.200816 0.979629 0.000000 -13.713676 0.000000 0.000000 1.000000 0.000000
0.978973 0.203992 0.000000 159.107518 -0.203992 0.978973 0.000000 -13.969524 0.000000 0.000000 1.000000 0.000000
0.979084 0.203456 0.000000 159.672302 -0.203456 0.979084 0.000000 -14.105684 0.000000 0.000000 1.000000 0.000000
0.978585 0.205844 0.000000 160.200982 -0.205844 0.978585 0.000000 -14.222583 0.000000 0.000000 1.000000 0.000000
0.977735 0.209843 0.000000 160.787002 -0.209843 0.977735 0.000000 -14.350767 0.000000 0.000000 1.000000 0.000000
0.977626 0.210350 0.000000 161.347200 -0.210350 0.977626 0.000000 -14.481068 0.000000 0.000000 1.000000 0.000000
0.977810 0.209492 0.000000 162.453550 -0.209492 0.977810 0.000000 -14.741871 0.000000 0.000000 1.000000 0.000000
0.977760 0.209728 0.000000 163.018811 -0.209728 0.977760 0.000000 -14.873526 0.000000 0.000000 1.000000 0.000000
0.977569 0.210617 0.000000 163.559735 -0.210617 0.977569 0.000000 -14.998207 0.000000 0.000000 1.000000 0.000000
0.977675 0.210125 0.000000 164.130257 -0.210125 0.977675 0.000000 -15.131775 0.000000 0.000000 1.000000 0.000000
0.977443 0.211197 0.000000 164.707523 -0.211197 0.977443 0.000000 -15.259505 0.000000 0.000000 1.000000 0.000000
0.976793 0.214185 0.000000 165.249576 -0.214185 0.976793 0.000000 -15.373949 0.000000 0.000000 1.000000 0.000000
0.975926 0.218102 0.000000 166.014514 -0.218102 0.975926 0.000000 -15.542482 0.000000 0.000000 1.000000 0.000000
0.975387 0.220499 0.000000 166.589725 -0.220499 0.975387 0.000000 -15.668403 0.000000 0.000000 1.000000 0.000000
0.974338 0.225091 0.000000 167.161679 -0.225091 0.974338 0.000000 -15.791009 0.000000 0.000000 1.000000 0.000000
0.973780 0.227490 0.000000 167.770427 -0.227490 0.973780 0.000000 -15.941184 0.000000 0.000000 1.000000 0.000000
0.974079 0.226208 0.000000 168.302036 -0.226208 0.974079 0.000000 -16.080278 0.000000 0.000000 1.000000 0.000000
0.973621 0.228173 0.000000 168.914004 -0.228173 0.973621 0.000000 -16.229479 0.000000 0.000000 1.000000 0.000000
0.973394 0.229137 0.000000 169.486259 -0.229137 0.973394 0.000000 -16.371581 0.000000 0.000000 1.000000 0.000000
0.972662 0.232226 0.000000 170.060964 -0.232226 0.972662 0.000000 -16.509080 0.000000 0.000000 1.000000 0.000000
0.972639 0.232320 0.000000 170.643330 -0.232320 0.972639 0.000000 -16.663513 0.000000 0.000000 1.000000 0.000000
0.973182 0.230037 0.000000 171.208267 -0.230037 0.973182 0.000000 -16.813306 0.000000 0.000000 1.000000 0.000000
0.973217 0.229889 0.000000 171.780483 -0.229889 0.973217 0.000000 -16.964718 0.000000 0.000000 1.000000 0.000000
0.973630 0.228133 0.000000 172.344996 -0.228133 0.973630 0.000000 -17.120267 0.000000 0.000000 1.000000 0.000000
0.974816 0.223010 0.000000 172.913915 -0.223010 0.974816 0.000000 -17.280950 0.000000 0.000000 1.000000 0.000000
0.975755 0.218866 0.000000 173.487640 -0.218866 0.975755 0.000000 -17.438636 0.000000 0.000000 1.000000 0.000000
0.975808 0.218630 0.000000 174.064691 -0.218630 0.975808 0.000000 -17.581233 0.000000 0.000000 1.000000 0.000000
0.976012 0.217715 0.000000 174.637983 -0.217715 0.976012 0.000000 -17.728815 0.000000 0.000000 1.000000 0.000000
0.975775 0.218776 0.000000 175.217286 -0.218776 0.975775 0.000000 -17.868330 0.000000 0.000000 1.000000 0.000000
0.975430 0.220309 0.000000 175.756346 -0.220309 0.975430 0.000000 -17.997606 0.000000 0.000000 1.000000 0.000000
0.975368 0.220582 0.000000 176.369385 -0.220582 0.975368 0.000000 -18.139871 0.000000 0.000000 1.000000 0.000000
0.975304 0.220869 0.000000 176.907126 -0.220869 0.975304 0.000000 -18.269453 0.000000 0.000000 1.000000 0.000000
0.974958 0.222391 0.000000 177.487070 -0.222391 0.974958 0.000000 -18.410496 0.000000 0.000000 1.000000 0.000000
0.974262 0.225417 0.000000 178.070137 -0.225417 0.974262 0.000000 -18.552628 0.000000 0.000000 1.000000 0.000000
0.972766 0.231790 0.000000 178.653101 -0.231790 0.972766 0.000000 -18.698161 0.000000 0.000000 1.000000 0.000000
0.971783 0.235876 0.000000 179.231545 -0.235876 0.971783 0.000000 -18.851754 0.000000 0.000000 1.000000 0.000000
0.971666 0.236360 0.000000 179.811414 -0.236360 0.971666 0.000000 -19.001118 0.000000 0.000000 1.000000 0.000000
0.971612 0.236581 0.000000 180.389038 -0.236581 0.971612 0.000000 -19.154433 0.000000 0.000000 1.000000 0.000000
0.971346 0.237669 0.000000 180.965705 -0.237669 0.971346 0.000000 -19.300909 0.000000 0.000000 1.000000 0.000000
0.970804 0.239873 0.000000 181.546218 -0.239873 0.970804 0.000000 -19.446438 0.000000 0.000000 1.000000 0.000000
0.970764 0.240035 0.000000 182.127364 -0.240035 0.970764 0.000000 -19.598342 0.000000 0.000000 1.000000 0.000000
0.971010 0.239037 0.000000 182.694511 -0.239037 0.971010 0.000000 -19.752506 0.000000 0.000000 1.000000 0.000000
0.970658 0.240466 0.000000 183.278876 -0.240466 0.970658 0.000000 -19.904867 0.000000 0.000000 1.000000 0.000000
0.970130 0.242584 0.000000 183.859742 -0.242584 0.970130 0.000000 -20.053458 0.000000 0.000000 1.000000 0.000000
0.970048 0.242912 0.000000 184.402929 -0.242912 0.970048 0.000000 -20.195533 0.000000 0.000000 1.000000 0.000000
0.969406 0.245463 0.000000 184.970363 -0.245463 0.969406 0.000000 -20.346259 0.000000 0.000000 1.000000 0.000000
0.968812 0.247796 0.000000 185.548092 -0.247796 0.968812 0.000000 -20.503036 0.000000 0.000000 1.000000 0.000000
0.969104 0.246653 0.000000 186.099192 -0.246653 0.969104 0.000000 -20.655119 0.000000 0.000000 1.000000 0.000000
0.968813 0.247794 0.000000 186.674904 -0.247794 0.968813 0.000000 -20.811320 0.000000 0.000000 1.000000 0.000000
0.968943 0.247282 0.000000 187.246015 -0.247282 0.968943 0.000000 -20.971793 0.000000 0.000000 1.000000 0.000000
0.969198 0.246283 0.000000 187.786161 -0.246283 0.969198 0.000000 -21.126129 0.000000 0.000000 1.000000 0.000000
0.968591 0.248659 0.000000 188.353524 -0.248659 0.968591 0.000000 -21.275415 0.000000 0.000000 1.000000 0.000000
0.968115 0.250506 0.000000 188.925898 -0.250506 0.968115 0.000000 -21.423661 0.000000 0.000000 1.000000 0.000000
0.967842 0.251561 0.000000 189.467362 -0.251561 0.967842 0.000000 -21.567661 0.000000 0.000000 1.000000 0.000000
0.967384 0.253314 0.000000 190.042963 -0.253314 0.967384 0.000000 -21.727065 0.000000 0.000000 1.000000 0.000000
0.966905 0.255137 0.000000 190.612813 -0.255137 0.966905 0.000000 -21.890330 0.000000 0.000000 1.000000 0.000000
0.965991 0.258577 0.000000 191.432886 -0.258577 0.965991 0.000000 -22.124334 0.000000 0.000000 1.000000 0.000000
0.965269 0.261257 0.000000 191.995687 -0.261257 0.965269 0.000000 -22.280670 0.000000 0.000000 1.000000 0.000000
0.965120 0.261809 0.000000 192.562280 -0.261809 0.965120 0.000000 -22.439229 0.000000 0.000000 1.000000 0.000000
0.965003 0.262237 0.000000 193.122212 -0.262237 0.965003 0.000000 -22.602046 0.000000 0.000000 1.000000 0.000000
0.965168 0.261631 0.000000 193.683770 -0.261631 0.965168 0.000000 -22.760213 0.000000 0.000000 1.000000 0.000000
0.965921 0.258838 0.000000 194.247009 -0.258838 0.965921 0.000000 -22.925199 0.000000 0.000000 1.000000 0.000000
0.966197 0.257804 0.000000 194.806263 -0.257804 0.966197 0.000000 -23.083516 0.000000 0.000000 1.000000 0.000000
0.966250 0.257605 0.000000 195.387237 -0.257605 0.966250 0.000000 -23.253512 0.000000 0.000000 1.000000 0.000000
0.966207 0.257766 0.000000 195.883174 -0.257766 0.966207 0.000000 -23.398741 0.000000 0.000000 1.000000 0.000000
0.965956 0.258706 0.000000 196.854135 -0.258706 0.965956 0.000000 -23.675362 0.000000 0.000000 1.000000 0.000000
0.965766 0.259414 0.000000 197.413398 -0.259414 0.965766 0.000000 -23.833610 0.000000 0.000000 1.000000 0.000000
0.965330 0.261032 0.000000 198.125238 -0.261032 0.965330 0.000000 -24.040113 0.000000 0.000000 1.000000 0.000000
0.964776 0.263071 0.000000 198.837492 -0.263071 0.964776 0.000000 -24.249853 0.000000 0.000000 1.000000 0.000000
0.964436 0.264316 0.000000 199.791684 -0.264316 0.964436 0.000000 -24.532828 0.000000 0.000000 1.000000 0.000000
0.964593 0.263744 0.000000 200.342004 -0.263744 0.964593 0.000000 -24.696904 0.000000 0.000000 1.000000 0.000000
0.964553 0.263889 0.000000 200.904283 -0.263889 0.964553 0.000000 -24.861774 0.000000 0.000000 1.000000 0.000000
0.964330 0.264704 0.000000 201.455238 -0.264704 0.964330 0.000000 -25.022940 0.000000 0.000000 1.000000 0.000000
0.964805 0.262967 0.000000 201.977592 -0.262967 0.964805 0.000000 -25.172407 0.000000 0.000000 1.000000 0.000000
0.964928 0.262516 0.000000 202.536769 -0.262516 0.964928 0.000000 -25.335280 0.000000 0.000000 1.000000 0.000000
0.964656 0.263512 0.000000 203.089707 -0.263512 0.964656 0.000000 -25.499893 0.000000 0.000000 1.000000 0.000000
0.964979 0.262326 0.000000 203.879338 -0.262326 0.964979 0.000000 -25.740188 0.000000 0.000000 1.000000 0.000000
0.965254 0.261313 0.000000 204.439883 -0.261313 0.965254 0.000000 -25.902993 0.000000 0.000000 1.000000 0.000000
0.965260 0.261293 0.000000 205.001123 -0.261293 0.965260 0.000000 -26.066656 0.000000 0.000000 1.000000 0.000000
0.965871 0.259022 0.000000 205.550248 -0.259022 0.965871 0.000000 -26.232396 0.000000 0.000000 1.000000 0.000000
0.966408 0.257012 0.000000 206.135803 -0.257012 0.966408 0.000000 -26.398280 0.000000 0.000000 1.000000 0.000000
0.966418 0.256974 0.000000 206.656715 -0.256974 0.966418 0.000000 -26.546858 0.000000 0.000000 1.000000 0.000000
0.966804 0.255519 0.000000 207.243602 -0.255519 0.966804 0.000000 -26.720058 0.000000 0.000000 1.000000 0.000000
0.967058 0.254557 0.000000 207.761536 -0.254557 0.967058 0.000000 -26.869951 0.000000 0.000000 1.000000 0.000000
0.967408 0.253224 0.000000 208.348135 -0.253224 0.967408 0.000000 -27.043039 0.000000 0.000000 1.000000 0.000000
0.967420 0.253175 0.000000 208.894999 -0.253175 0.967420 0.000000 -27.194277 0.000000 0.000000 1.000000 0.000000
0.967602 0.252480 0.000000 209.442781 -0.252480 0.967602 0.000000 -27.348715 0.000000 0.000000 1.000000 0.000000
0.967654 0.252283 0.000000 209.997446 -0.252283 0.967654 0.000000 -27.501768 0.000000 0.000000 1.000000 0.000000
0.967597 0.252500 0.000000 210.537081 -0.252500 0.967597 0.000000 -27.653356 0.000000 0.000000 1.000000 0.000000
0.967955 0.251125 0.000000 211.084868 -0.251125 0.967955 0.000000 -27.811985 0.000000 0.000000 1.000000 0.000000
0.968509 0.248978 0.000000 211.635928 -0.248978 0.968509 0.000000 -27.968673 0.000000 0.000000 1.000000 0.000000
0.967873 0.251438 0.000000 212.182082 -0.251438 0.967873 0.000000 -28.121734 0.000000 0.000000 1.000000 0.000000
0.967473 0.252976 0.000000 212.712099 -0.252976 0.967473 0.000000 -28.278823 0.000000 0.000000 1.000000 0.000000
0.968169 0.250297 0.000000 213.257464 -0.250297 0.968169 0.000000 -28.435432 0.000000 0.000000 1.000000 0.000000
0.968753 0.248027 0.000000 213.840988 -0.248027 0.968753 0.000000 -28.603428 0.000000 0.000000 1.000000 0.000000
0.969420 0.245408 0.000000 214.389559 -0.245408 0.969420 0.000000 -28.757808 0.000000 0.000000 1.000000 0.000000
0.969826 0.243799 0.000000 214.935733 -0.243799 0.969826 0.000000 -28.909942 0.000000 0.000000 1.000000 0.000000
0.969808 0.243868 0.000000 215.442362 -0.243868 0.969808 0.000000 -29.047992 0.000000 0.000000 1.000000 0.000000
0.969394 0.245511 0.000000 215.988171 -0.245511 0.969394 0.000000 -29.195017 0.000000 0.000000 1.000000 0.000000
0.969617 0.244628 0.000000 216.571512 -0.244628 0.969617 0.000000 -29.358063 0.000000 0.000000 1.000000 0.000000
0.970330 0.241784 0.000000 217.119729 -0.241784 0.970330 0.000000 -29.505497 0.000000 0.000000 1.000000 0.000000
0.970687 0.240349 0.000000 217.665370 -0.240349 0.970687 0.000000 -29.649923 0.000000 0.000000 1.000000 0.000000
0.970827 0.239780 0.000000 218.181102 -0.239780 0.970827 0.000000 -29.786079 0.000000 0.000000 1.000000 0.000000
0.971975 0.235082 0.000000 219.246186 -0.235082 0.971975 0.000000 -30.080257 0.000000 0.000000 1.000000 0.000000
0.972632 0.232349 0.000000 219.773489 -0.232349 0.972632 0.000000 -30.222117 0.000000 0.000000 1.000000 0.000000
0.973197 0.229972 0.000000 220.297332 -0.229972 0.973197 0.000000 -30.361428 0.000000 0.000000 1.000000 0.000000
0.973414 0.229052 0.000000 220.799671 -0.229052 0.973414 0.000000 -30.492362 0.000000 0.000000 1.000000 0.000000
0.973748 0.227627 0.000000 221.340740 -0.227627 0.973748 0.000000 -30.636969 0.000000 0.000000 1.000000 0.000000
0.974253 0.225459 0.000000 221.871954 -0.225459 0.974253 0.000000 -30.771439 0.000000 0.000000 1.000000 0.000000
0.974546 0.224188 0.000000 222.414581 -0.224188 0.974546 0.000000 -30.904539 0.000000 0.000000 1.000000 0.000000
0.974850 0.222862 0.000000 222.916282 -0.222862 0.974850 0.000000 -31.034327 0.000000 0.000000 1.000000 0.000000
0.974915 0.222577 0.000000 223.446459 -0.222577 0.974915 0.000000 -31.164708 0.000000 0.000000 1.000000 0.000000
0.974761 0.223253 0.000000 223.939271 -0.223253 0.974761 0.000000 -31.286961 0.000000 0.000000 1.000000 0.000000
0.974755 0.223277 0.000000 224.464335 -0.223277 0.974755 0.000000 -31.414737 0.000000 0.000000 1.000000 0.000000
0.974935 0.222490 0.000000 224.987793 -0.222490 0.974935 0.000000 -31.545173 0.000000 0.000000 1.000000 0.000000
0.975344 0.220689 0.000000 225.508127 -0.220689 0.975344 0.000000 -31.678396 0.000000 0.000000 1.000000 0.000000
0.975616 0.219483 0.000000 226.001800 -0.219483 0.975616 0.000000 -31.799847 0.000000 0.000000 1.000000 0.000000
0.976022 0.217674 0.000000 226.527137 -0.217674 0.976022 0.000000 -31.927315 0.000000 0.000000 1.000000 0.000000
0.976378 0.216067 0.000000 227.176031 -0.216067 0.976378 0.000000 -32.087568 0.000000 0.000000 1.000000 0.000000
0.976485 0.215583 0.000000 227.806786 -0.215583 0.976485 0.000000 -32.244660 0.000000 0.000000 1.000000 0.000000
0.976609 0.215024 0.000000 228.331834 -0.215024 0.976609 0.000000 -32.371478 0.000000 0.000000 1.000000 0.000000
0.977071 0.212915 0.000000 228.852765 -0.212915 0.977071 0.000000 -32.499428 0.000000 0.000000 1.000000 0.000000
0.977575 0.210589 0.000000 229.372950 -0.210589 0.977575 0.000000 -32.621473 0.000000 0.000000 1.000000 0.000000
0.977990 0.208651 0.000000 229.893026 -0.208651 0.977990 0.000000 -32.741169 0.000000 0.000000 1.000000 0.000000
0.978545 0.206032 0.000000 230.413733 -0.206032 0.978545 0.000000 -32.864698 0.000000 0.000000 1.000000 0.000000
0.978722 0.205193 0.000000 231.311673 -0.205193 0.978722 0.000000 -33.073126 0.000000 0.000000 1.000000 0.000000
0.978518 0.206163 0.000000 231.837200 -0.206163 0.978518 0.000000 -33.199496 0.000000 0.000000 1.000000 0.000000
0.978123 0.208027 0.000000 232.321639 -0.208027 0.978123 0.000000 -33.313571 0.000000 0.000000 1.000000 0.000000
0.977592 0.210507 0.000000 232.842292 -0.210507 0.977592 0.000000 -33.438063 0.000000 0.000000 1.000000 0.000000
0.977119 0.212693 0.000000 233.361373 -0.212693 0.977119 0.000000 -33.558314 0.000000 0.000000 1.000000 0.000000
0.977197 0.212334 0.000000 233.873296 -0.212334 0.977197 0.000000 -33.686453 0.000000 0.000000 1.000000 0.000000
0.977381 0.211487 0.000000 234.392665 -0.211487 0.977381 0.000000 -33.822087 0.000000 0.000000 1.000000 0.000000
0.976983 0.213315 0.000000 234.912529 -0.213315 0.976983 0.000000 -33.945560 0.000000 0.000000 1.000000 0.000000
0.976461 0.215692 0.000000 235.427596 -0.215692 0.976461 0.000000 -34.071071 0.000000 0.000000 1.000000 0.000000
0.976238 0.216703 0.000000 235.950769 -0.216703 0.976238 0.000000 -34.201465 0.000000 0.000000 1.000000 0.000000
0.975833 0.218518 0.000000 236.465697 -0.218518 0.975833 0.000000 -34.329399 0.000000 0.000000 1.000000 0.000000
0.975722 0.219014 0.000000 236.985984 -0.219014 0.975722 0.000000 -34.463298 0.000000 0.000000 1.000000 0.000000
0.975546 0.219794 0.000000 237.502718 -0.219794 0.975546 0.000000 -34.595584 0.000000 0.000000 1.000000 0.000000
0.975409 0.220403 0.000000 238.012008 -0.220403 0.975409 0.000000 -34.726023 0.000000 0.000000 1.000000 0.000000
0.975255 0.221083 0.000000 238.529561 -0.221083 0.975255 0.000000 -34.856512 0.000000 0.000000 1.000000 0.000000
0.975257 0.221073 0.000000 239.049489 -0.221073 0.975257 0.000000 -34.988821 0.000000 0.000000 1.000000 0.000000
0.975182 0.221406 0.000000 239.598889 -0.221406 0.975182 0.000000 -35.127598 0.000000 0.000000 1.000000 0.000000
0.974928 0.222522 0.000000 240.077584 -0.222522 0.974928 0.000000 -35.249994 0.000000 0.000000 1.000000 0.000000
0.974180 0.225771 0.000000 240.582070 -0.225771 0.974180 0.000000 -35.380726 0.000000 0.000000 1.000000 0.000000
0.973483 0.228760 0.000000 241.102795 -0.228760 0.973483 0.000000 -35.520801 0.000000 0.000000 1.000000 0.000000
0.973584 0.228328 0.000000 241.616800 -0.228328 0.973584 0.000000 -35.663927 0.000000 0.000000 1.000000 0.000000
0.973807 0.227375 0.000000 242.135766 -0.227375 0.973807 0.000000 -35.807244 0.000000 0.000000 1.000000 0.000000
0.973654 0.228029 0.000000 242.652490 -0.228029 0.973654 0.000000 -35.943887 0.000000 0.000000 1.000000 0.000000
0.973329 0.229414 0.000000 243.163235 -0.229414 0.973329 0.000000 -36.083253 0.000000 0.000000 1.000000 0.000000
0.973285 0.229599 0.000000 243.674202 -0.229599 0.973285 0.000000 -36.224589 0.000000 0.000000 1.000000 0.000000
0.972637 0.232328 0.000000 244.185435 -0.232328 0.972637 0.000000 -36.356881 0.000000 0.000000 1.000000 0.000000
0.971769 0.235934 0.000000 244.731697 -0.235934 0.971769 0.000000 -36.501557 0.000000 0.000000 1.000000 0.000000
0.971149 0.238472 0.000000 245.236483 -0.238472 0.971149 0.000000 -36.639577 0.000000 0.000000 1.000000 0.000000
0.970689 0.240341 0.000000 245.711396 -0.240341 0.970689 0.000000 -36.773811 0.000000 0.000000 1.000000 0.000000
0.970023 0.243012 0.000000 246.223852 -0.243012 0.970023 0.000000 -36.906760 0.000000 0.000000 1.000000 0.000000
0.968410 0.249365 0.000000 247.244502 -0.249365 0.968410 0.000000 -37.175741 0.000000 0.000000 1.000000 0.000000
0.967501 0.252867 0.000000 247.758177 -0.252867 0.967501 0.000000 -37.309143 0.000000 0.000000 1.000000 0.000000
0.967347 0.253454 0.000000 248.465013 -0.253454 0.967347 0.000000 -37.503944 0.000000 0.000000 1.000000 0.000000
0.967538 0.252724 0.000000 249.435145 -0.252724 0.967538 0.000000 -37.773917 0.000000 0.000000 1.000000 0.000000
0.967039 0.254629 0.000000 249.941174 -0.254629 0.967039 0.000000 -37.910495 0.000000 0.000000 1.000000 0.000000
0.966527 0.256565 0.000000 250.444551 -0.256565 0.966527 0.000000 -38.051223 0.000000 0.000000 1.000000 0.000000
0.966235 0.257661 0.000000 250.936802 -0.257661 0.966235 0.000000 -38.197310 0.000000 0.000000 1.000000 0.000000
0.965931 0.258799 0.000000 251.441829 -0.258799 0.965931 0.000000 -38.348825 0.000000 0.000000 1.000000 0.000000
0.965658 0.259816 0.000000 251.938132 -0.259816 0.965658 0.000000 -38.500411 0.000000 0.000000 1.000000 0.000000
0.965531 0.260288 0.000000 252.432899 -0.260288 0.965531 0.000000 -38.647092 0.000000 0.000000 1.000000 0.000000
0.965680 0.259736 0.000000 252.928890 -0.259736 0.965680 0.000000 -38.791395 0.000000 0.000000 1.000000 0.000000
0.966608 0.256260 0.000000 253.418826 -0.256260 0.966608 0.000000 -38.943433 0.000000 0.000000 1.000000 0.000000
0.967611 0.252445 0.000000 253.918863 -0.252445 0.967611 0.000000 -39.085662 0.000000 0.000000 1.000000 0.000000
0.968015 0.250893 0.000000 254.380570 -0.250893 0.968015 0.000000 -39.206751 0.000000 0.000000 1.000000 0.000000
0.967937 0.251192 0.000000 254.877345 -0.251192 0.967937 0.000000 -39.336036 0.000000 0.000000 1.000000 0.000000
0.968011 0.250906 0.000000 255.365463 -0.250906 0.968011 0.000000 -39.467274 0.000000 0.000000 1.000000 0.000000
0.968198 0.250184 0.000000 255.856100 -0.250184 0.968198 0.000000 -39.591447 0.000000 0.000000 1.000000 0.000000
0.968588 0.248671 0.000000 256.354426 -0.248671 0.968588 0.000000 -39.716771 0.000000 0.000000 1.000000 0.000000
0.968633 0.248497 0.000000 256.843940 -0.248497 0.968633 0.000000 -39.837116 0.000000 0.000000 1.000000 0.000000
0.968251 0.249980 0.000000 257.337411 -0.249980 0.968251 0.000000 -39.960014 0.000000 0.000000 1.000000 0.000000
0.967755 0.251893 0.000000 257.816675 -0.251893 0.967755 0.000000 -40.078639 0.000000 0.000000 1.000000 0.000000
0.966927 0.255053 0.000000 258.300503 -0.255053 0.966927 0.000000 -40.203212 0.000000 0.000000 1.000000 0.000000
0.966562 0.256434 0.000000 258.759388 -0.256434 0.966562 0.000000 -40.331054 0.000000 0.000000 1.000000 0.000000
0.967109 0.254362 0.000000 259.223065 -0.254362 0.967109 0.000000 -40.468125 0.000000 0.000000 1.000000 0.000000
0.967258 0.253796 0.000000 259.684101 -0.253796 0.967258 0.000000 -40.595972 0.000000 0.000000 1.000000 0.000000
0.966916 0.255097 0.000000 260.106678 -0.255097 0.966916 0.000000 -40.711350 0.000000 0.000000 1.000000 0.000000
0.966683 0.255978 0.000000 260.558990 -0.255978 0.966683 0.000000 -40.839363 0.000000 0.000000 1.000000 0.000000
0.966673 0.256016 0.000000 261.010473 -0.256016 0.966673 0.000000 -40.967144 0.000000 0.000000 1.000000 0.000000
0.966735 0.255781 0.000000 261.451261 -0.255781 0.966735 0.000000 -41.088968 0.000000 0.000000 1.000000 0.000000
0.966893 0.255181 0.000000 261.896075 -0.255181 0.966893 0.000000 -41.207498 0.000000 0.000000 1.000000 0.000000
0.966885 0.255211 0.000000 262.322285 -0.255211 0.966885 0.000000 -41.325387 0.000000 0.000000 1.000000 0.000000
0.967122 0.254313 0.000000 262.749031 -0.254313 0.967122 0.000000 -41.447980 0.000000 0.000000 1.000000 0.000000
0.967643 0.252325 0.000000 263.172757 -0.252325 0.967643 0.000000 -41.560494 0.000000 0.000000 1.000000 0.000000
0.968248 0.249990 0.000000 263.605294 -0.249990 0.968248 0.000000 -41.677599 0.000000 0.000000 1.000000 0.000000
0.968554 0.248804 0.000000 264.161061 -0.248804 0.968554 0.000000 -41.823056 0.000000 0.000000 1.000000 0.000000
0.968146 0.250387 0.000000 264.573839 -0.250387 0.968146 0.000000 -41.929756 0.000000 0.000000 1.000000 0.000000
0.968264 0.249931 0.000000 264.984156 -0.249931 0.968264 0.000000 -42.046738 0.000000 0.000000 1.000000 0.000000
0.968355 0.249577 0.000000 265.388830 -0.249577 0.968355 0.000000 -42.157214 0.000000 0.000000 1.000000 0.000000
0.968615 0.248568 0.000000 265.795993 -0.248568 0.968615 0.000000 -42.266559 0.000000 0.000000 1.000000 0.000000
0.968698 0.248241 0.000000 266.187832 -0.248241 0.968698 0.000000 -42.365855 0.000000 0.000000 1.000000 0.000000
0.968273 0.249894 0.000000 266.586989 -0.249894 0.968273 0.000000 -42.464771 0.000000 0.000000 1.000000 0.000000
0.967851 0.251524 0.000000 267.003819 -0.251524 0.967851 0.000000 -42.570655 0.000000 0.000000 1.000000 0.000000
0.967264 0.253773 0.000000 267.389979 -0.253773 0.967264 0.000000 -42.671321 0.000000 0.000000 1.000000 0.000000
0.967101 0.254392 0.000000 267.771738 -0.254392 0.967101 0.000000 -42.771802 0.000000 0.000000 1.000000 0.000000
0.967340 0.253484 0.000000 268.147996 -0.253484 0.967340 0.000000 -42.876236 0.000000 0.000000 1.000000 0.000000
0.967072 0.254504 0.000000 268.515020 -0.254504 0.967072 0.000000 -42.978717 0.000000 0.000000 1.000000 0.000000
0.966618 0.256222 0.000000 268.878269 -0.256222 0.966618 0.000000 -43.083187 0.000000 0.000000 1.000000 0.000000
0.966542 0.256509 0.000000 269.236300 -0.256509 0.966542 0.000000 -43.190485 0.000000 0.000000 1.000000 0.000000
0.966779 0.255614 0.000000 269.589441 -0.255614 0.966779 0.000000 -43.293835 0.000000 0.000000 1.000000 0.000000
0.967091 0.254431 0.000000 269.942107 -0.254431 0.967091 0.000000 -43.393504 0.000000 0.000000 1.000000 0.000000
0.967085 0.254452 0.000000 270.289576 -0.254452 0.967085 0.000000 -43.489371 0.000000 0.000000 1.000000 0.000000
0.966895 0.255175 0.000000 270.632099 -0.255175 0.966895 0.000000 -43.586669 0.000000 0.000000 1.000000 0.000000
0.967364 0.253390 0.000000 270.972631 -0.253390 0.967364 0.000000 -43.692742 0.000000 0.000000 1.000000 0.000000
0.967765 0.251856 0.000000 271.304700 -0.251856 0.967765 0.000000 -43.792660 0.000000 0.000000 1.000000 0.000000
0.967653 0.252283 0.000000 271.965282 -0.252283 0.967653 0.000000 -43.978497 0.000000 0.000000 1.000000 0.000000
0.967666 0.252236 0.000000 272.286602 -0.252236 0.967666 0.000000 -44.067986 0.000000 0.000000 1.000000 0.000000
0.967814 0.251666 0.000000 272.609482 -0.251666 0.967814 0.000000 -44.160017 0.000000 0.000000 1.000000 0.000000
0.967764 0.251860 0.000000 272.923850 -0.251860 0.967764 0.000000 -44.244800 0.000000 0.000000 1.000000 0.000000
0.967179 0.254095 0.000000 273.238055 -0.254095 0.967179 0.000000 -44.325321 0.000000 0.000000 1.000000 0.000000
0.966470 0.256780 0.000000 273.823533 -0.256780 0.966470 0.000000 -44.485612 0.000000 0.000000 1.000000 0.000000
0.966683 0.255978 0.000000 274.115682 -0.255978 0.966683 0.000000 -44.570896 0.000000 0.000000 1.000000 0.000000
0.967099 0.254399 0.000000 274.393022 -0.254399 0.967099 0.000000 -44.657223 0.000000 0.000000 1.000000 0.000000
0.967524 0.252778 0.000000 274.674401 -0.252778 0.967524 0.000000 -44.746385 0.000000 0.000000 1.000000 0.000000
0.967692 0.252136 0.000000 274.935576 -0.252136 0.967692 0.000000 -44.822318 0.000000 0.000000 1.000000 0.000000
0.965681 0.259732 0.000000 277.537598 -0.259732 0.965681 0.000000 -45.495531 0.000000 0.000000 1.000000 0.000000
0.965031 0.262135 0.000000 277.777528 -0.262135 0.965031 0.000000 -45.558844 0.000000 0.000000 1.000000 0.000000
0.965211 0.261474 0.000000 278.009956 -0.261474 0.965211 0.000000 -45.625452 0.000000 0.000000 1.000000 0.000000
0.966078 0.258249 0.000000 278.301550 -0.258249 0.966078 0.000000 -45.714827 0.000000 0.000000 1.000000 0.000000
0.966522 0.256582 0.000000 278.640613 -0.256582 0.966522 0.000000 -45.810758 0.000000 0.000000 1.000000 0.000000
0.966230 0.257681 0.000000 278.924290 -0.257681 0.966230 0.000000 -45.892735 0.000000 0.000000 1.000000 0.000000
0.966231 0.257679 0.000000 279.143398 -0.257679 0.966231 0.000000 -45.962221 0.000000 0.000000 1.000000 0.000000
0.966518 0.256598 0.000000 279.361131 -0.256598 0.966518 0.000000 -46.028812 0.000000 0.000000 1.000000 0.000000
0.966660 0.256062 0.000000 279.576913 -0.256062 0.966660 0.000000 -46.092983 0.000000 0.000000 1.000000 0.000000
0.966259 0.257574 0.000000 279.789070 -0.257574 0.966259 0.000000 -46.153006 0.000000 0.000000 1.000000 0.000000
0.965736 0.259525 0.000000 279.996562 -0.259525 0.965736 0.000000 -46.212981 0.000000 0.000000 1.000000 0.000000
0.966034 0.258414 0.000000 280.198609 -0.258414 0.966034 0.000000 -46.282916 0.000000 0.000000 1.000000 0.000000
0.966219 0.257722 0.000000 280.405464 -0.257722 0.966219 0.000000 -46.341804 0.000000 0.000000 1.000000 0.000000
0.965681 0.259730 0.000000 280.607729 -0.259730 0.965681 0.000000 -46.401471 0.000000 0.000000 1.000000 0.000000
0.965217 0.261451 0.000000 280.802903 -0.261451 0.965217 0.000000 -46.457332 0.000000 0.000000 1.000000 0.000000
0.965258 0.261298 0.000000 281.003904 -0.261298 0.965258 0.000000 -46.518122 0.000000 0.000000 1.000000 0.000000
0.965512 0.260357 0.000000 281.175941 -0.260357 0.965512 0.000000 -46.571277 0.000000 0.000000 1.000000 0.000000
0.965718 0.259593 0.000000 281.369778 -0.259593 0.965718 0.000000 -46.629906 0.000000 0.000000 1.000000 0.000000
0.965626 0.259935 0.000000 281.536595 -0.259935 0.965626 0.000000 -46.675612 0.000000 0.000000 1.000000 0.000000
0.965078 0.261964 0.000000 281.713840 -0.261964 0.965078 0.000000 -46.722253 0.000000 0.000000 1.000000 0.000000
0.964955 0.262417 0.000000 281.881773 -0.262417 0.964955 0.000000 -46.775799 0.000000 0.000000 1.000000 0.000000
0.964666 0.263474 0.000000 282.047973 -0.263474 0.964666 0.000000 -46.822571 0.000000 0.000000 1.000000 0.000000
0.963812 0.266582 0.000000 282.204272 -0.266582 0.963812 0.000000 -46.864092 0.000000 0.000000 1.000000 0.000000
0.963258 0.268579 0.000000 282.362046 -0.268579 0.963258 0.000000 -46.907042 0.000000 0.000000 1.000000 0.000000
0.963444 0.267909 0.000000 282.504573 -0.267909 0.963444 0.000000 -46.947460 0.000000 0.000000 1.000000 0.000000
0.963353 0.268236 0.000000 282.743579 -0.268236 0.963353 0.000000 -47.011351 0.000000 0.000000 1.000000 0.000000
0.962629 0.270823 0.000000 282.891862 -0.270823 0.962629 0.000000 -47.045227 0.000000 0.000000 1.000000 0.000000
0.962458 0.271431 0.000000 283.033405 -0.271431 0.962458 0.000000 -47.080859 0.000000 0.000000 1.000000 0.000000
0.962365 0.271762 0.000000 283.167894 -0.271762 0.962365 0.000000 -47.118348 0.000000 0.000000 1.000000 0.000000
0.962941 0.269713 0.000000 283.396220 -0.269713 0.962941 0.000000 -47.196514 0.000000 0.000000 1.000000 0.000000
0.963000 0.269502 0.000000 283.515707 -0.269502 0.963000 0.000000 -47.212060 0.000000 0.000000 1.000000 0.000000
0.962602 0.270921 0.000000 283.625291 -0.270921 0.962602 0.000000 -47.239396 0.000000 0.000000 1.000000 0.000000
0.962247 0.272177 0.000000 283.721017 -0.272177 0.962247 0.000000 -47.264278 0.000000 0.000000 1.000000 0.000000
0.962272 0.272088 0.000000 283.802762 -0.272088 0.962272 0.000000 -47.294236 0.000000 0.000000 1.000000 0.000000
0.962697 0.270583 0.000000 283.917021 -0.270583 0.962697 0.000000 -47.331663 0.000000 0.000000 1.000000 0.000000
0.962345 0.271831 0.000000 283.976880 -0.271831 0.962345 0.000000 -47.344964 0.000000 0.000000 1.000000 0.000000
0.961950 0.273225 0.000000 284.039408 -0.273225 0.961950 0.000000 -47.363122 0.000000 0.000000 1.000000 0.000000
0.961742 0.273956 0.000000 284.082166 -0.273956 0.961742 0.000000 -47.376899 0.000000 0.000000 1.000000 0.000000
0.961821 0.273680 0.000000 284.113928 -0.273680 0.961821 0.000000 -47.388549 0.000000 0.000000 1.000000 0.000000
0.961847 0.273588 0.000000 284.138117 -0.273588 0.961847 0.000000 -47.397321 0.000000 0.000000 1.000000 0.000000
0.961810 0.273717 0.000000 284.152845 -0.273717 0.961810 0.000000 -47.400521 0.000000 0.000000 1.000000 0.000000
0.961973 0.273145 0.000000 284.165344 -0.273145 0.961973 0.000000 -47.405238 0.000000 0.000000 1.000000 0.000000
0.962200 0.272345 0.000000 284.166992 -0.272345 0.962200 0.000000 -47.408004 0.000000 0.000000 1.000000 0.000000
0.962283 0.272052 0.000000 284.165057 -0.272052 0.962283 0.000000 -47.408508 0.000000 0.000000 1.000000 0.000000
0.962396 0.271651 0.000000 284.163246 -0.271651 0.962396 0.000000 -47.409732 0.000000 0.000000 1.000000 0.000000
0.962546 0.271120 0.000000 284.162351 -0.271120 0.962546 0.000000 -47.408712 0.000000 0.000000 1.000000 0.000000
0.962593 0.270951 0.000000 284.162856 -0.270951 0.962593 0.000000 -47.408037 0.000000 0.000000 1.000000 0.000000
0.962587 0.270973 0.000000 284.163790 -0.270973 0.962587 0.000000 -47.407149 0.000000 0.000000 1.000000 0.000000
0.962561 0.271064 0.000000 284.164131 -0.271064 0.962561 0.000000 -47.406183 0.000000 0.000000 1.000000 0.000000
0.962506 0.271260 0.000000 284.164929 -0.271260 0.962506 0.000000 -47.405436 0.000000 0.000000 1.000000 0.000000
0.962477 0.271362 0.000000 284.165981 -0.271362 0.962477 0.000000 -47.405217 0.000000 0.000000 1.000000 0.000000
0.962467 0.271398 0.000000 284.166508 -0.271398 0.962467 0.000000 -47.405050 0.000000 0.000000 1.000000 0.000000
0.962463 0.271414 0.000000 284.166967 -0.271414 0.962463 0.000000 -47.404147 0.000000 0.000000 1.000000 0.000000
0.962479 0.271357 0.000000 284.166831 -0.271357 0.962479 0.000000 -47.404140 0.000000 0.000000 1.000000 0.000000
0.962477 0.271364 0.000000 284.166686 -0.271364 0.962477 0.000000 -47.403963 0.000000 0.000000 1.000000 0.000000
0.962475 0.271371 0.000000 284.166823 -0.271371 0.962475 0.000000 -47.403929 0.000000 0.000000 1.000000 0.000000
0.962508 0.271254 0.000000 284.167113 -0.271254 0.962508 0.000000 -47.404448 0.000000 0.000000 1.000000 0.000000
0.962515 0.271230 0.000000 284.167457 -0.271230 0.962515 0.000000 -47.404312 0.000000 0.000000 1.000000 0.000000
0.962501 0.271276 0.000000 284.167731 -0.271276 0.962501 0.000000 -47.403323 0.000000 0.000000 1.000000 0.000000
0.962535 0.271159 0.000000 284.167674 -0.271159 0.962535 0.000000 -47.403547 0.000000 0.000000 1.000000 0.000000
0.962530 0.271176 0.000000 284.168087 -0.271176 0.962530 0.000000 -47.403946 0.000000 0.000000 1.000000 0.000000
0.962518 0.271216 0.000000 284.168085 -0.271216 0.962518 0.000000 -47.404835 0.000000 0.000000 1.000000 0.000000
0.962502 0.271275 0.000000 284.167716 -0.271275 0.962502 0.000000 -47.406037 0.000000 0.000000 1.000000 0.000000
0.962494 0.271302 0.000000 284.167375 -0.271302 0.962494 0.000000 -47.407272 0.000000 0.000000 1.000000 0.000000
0.962515 0.271229 0.000000 284.167234 -0.271229 0.962515 0.000000 -47.408104 0.000000 0.000000 1.000000 0.000000
0.962527 0.271184 0.000000 284.166612 -0.271184 0.962527 0.000000 -47.409311 0.000000 0.000000 1.000000 0.000000
0.962512 0.271238 0.000000 284.166214 -0.271238 0.962512 0.000000 -47.410300 0.000000 0.000000 1.000000 0.000000
0.962530 0.271174 0.000000 284.165458 -0.271174 0.962530 0.000000 -47.411028 0.000000 0.000000 1.000000 0.000000
0.962553 0.271092 0.000000 284.164584 -0.271092 0.962553 0.000000 -47.411899 0.000000 0.000000 1.000000 0.000000
0.962552 0.271097 0.000000 284.164065 -0.271097 0.962552 0.000000 -47.412502 0.000000 0.000000 1.000000 0.000000
0.962549 0.271109 0.000000 284.163883 -0.271109 0.962549 0.000000 -47.413177 0.000000 0.000000 1.000000 0.000000
0.962540 0.271138 0.000000 284.163917 -0.271138 0.962540 0.000000 -47.413368 0.000000 0.000000 1.000000 0.000000
0.962536 0.271153 0.000000 284.164043 -0.271153 0.962536 0.000000 -47.413383 0.000000 0.000000 1.000000 0.000000
0.962525 0.271191 0.000000 284.163685 -0.271191 0.962525 0.000000 -47.413927 0.000000 0.000000 1.000000 0.000000
0.962504 0.271269 0.000000 284.163653 -0.271269 0.962504 0.000000 -47.413855 0.000000 0.000000 1.000000 0.000000
0.962491 0.271315 0.000000 284.163841 -0.271315 0.962491 0.000000 -47.412933 0.000000 0.000000 1.000000 0.000000
0.962483 0.271343 0.000000 284.164170 -0.271343 0.962483 0.000000 -47.412421 0.000000 0.000000 1.000000 0.000000
0.962476 0.271366 0.000000 284.164634 -0.271366 0.962476 0.000000 -47.411838 0.000000 0.000000 1.000000 0.000000
0.962476 0.271368 0.000000 284.165018 -0.271368 0.962476 0.000000 -47.411572 0.000000 0.000000 1.000000 0.000000
0.962473 0.271379 0.000000 284.165365 -0.271379 0.962473 0.000000 -47.411816 0.000000 0.000000 1.000000 0.000000
0.962490 0.271316 0.000000 284.166022 -0.271316 0.962490 0.000000 -47.412277 0.000000 0.000000 1.000000 0.000000
0.962501 0.271279 0.000000 284.166668 -0.271279 0.962501 0.000000 -47.413140 0.000000 0.000000 1.000000 0.000000
0.962471 0.271386 0.000000 284.167610 -0.271386 0.962471 0.000000 -47.413104 0.000000 0.000000 1.000000 0.000000
0.962474 0.271376 0.000000 284.167973 -0.271376 0.962474 0.000000 -47.413182 0.000000 0.000000 1.000000 0.000000
0.962460 0.271424 0.000000 284.168574 -0.271424 0.962460 0.000000 -47.413106 0.000000 0.000000 1.000000 0.000000
0.962358 0.271785 0.000000 284.169409 -0.271785 0.962358 0.000000 -47.412354 0.000000 0.000000 1.000000 0.000000
0.962303 0.271981 0.000000 284.170893 -0.271981 0.962303 0.000000 -47.411738 0.000000 0.000000 1.000000 0.000000
0.962249 0.272171 0.000000 284.172222 -0.272171 0.962249 0.000000 -47.410806 0.000000 0.000000 1.000000 0.000000
0.962191 0.272375 0.000000 284.172794 -0.272375 0.962191 0.000000 -47.410090 0.000000 0.000000 1.000000 0.000000
0.962198 0.272353 0.000000 284.171561 -0.272353 0.962198 0.000000 -47.411481 0.000000 0.000000 1.000000 0.000000
0.962263 0.272120 0.000000 284.170812 -0.272120 0.962263 0.000000 -47.412422 0.000000 0.000000 1.000000 0.000000
0.962360 0.271777 0.000000 284.169786 -0.271777 0.962360 0.000000 -47.413730 0.000000 0.000000 1.000000 0.000000
0.962456 0.271439 0.000000 284.168465 -0.271439 0.962456 0.000000 -47.415124 0.000000 0.000000 1.000000 0.000000
0.962592 0.270953 0.000000 284.167183 -0.270953 0.962592 0.000000 -47.416635 0.000000 0.000000 1.000000 0.000000
0.962758 0.270364 0.000000 284.166223 -0.270364 0.962758 0.000000 -47.418230 0.000000 0.000000 1.000000 0.000000
0.962889 0.269897 0.000000 284.165197 -0.269897 0.962889 0.000000 -47.419499 0.000000 0.000000 1.000000 0.000000
0.963056 0.269303 0.000000 284.164027 -0.269303 0.963056 0.000000 -47.421189 0.000000 0.000000 1.000000 0.000000
0.963157 0.268941 0.000000 284.163062 -0.268941 0.963157 0.000000 -47.422485 0.000000 0.000000 1.000000 0.000000
0.963237 0.268653 0.000000 284.162057 -0.268653 0.963237 0.000000 -47.424672 0.000000 0.000000 1.000000 0.000000
0.963347 0.268259 0.000000 284.161333 -0.268259 0.963347 0.000000 -47.427186 0.000000 0.000000 1.000000 0.000000
0.963476 0.267794 0.000000 284.160676 -0.267794 0.963476 0.000000 -47.429560 0.000000 0.000000 1.000000 0.000000
0.963602 0.267343 0.000000 284.160433 -0.267343 0.963602 0.000000 -47.432493 0.000000 0.000000 1.000000 0.000000
0.963582 0.267414 0.000000 284.160986 -0.267414 0.963582 0.000000 -47.432577 0.000000 0.000000 1.000000 0.000000
0.963614 0.267297 0.000000 284.161090 -0.267297 0.963614 0.000000 -47.432829 0.000000 0.000000 1.000000 0.000000
0.963608 0.267319 0.000000 284.160765 -0.267319 0.963608 0.000000 -47.432983 0.000000 0.000000 1.000000 0.000000
0.963613 0.267301 0.000000 284.161270 -0.267301 0.963613 0.000000 -47.432858 0.000000 0.000000 1.000000 0.000000
0.963627 0.267251 0.000000 284.162081 -0.267251 0.963627 0.000000 -47.432429 0.000000 0.000000 1.000000 0.000000
0.963614 0.267298 0.000000 284.162606 -0.267298 0.963614 0.000000 -47.432280 0.000000 0.000000 1.000000 0.000000
0.963594 0.267369 0.000000 284.163219 -0.267369 0.963594 0.000000 -47.431904 0.000000 0.000000 1.000000 0.000000
0.963589 0.267389 0.000000 284.163682 -0.267389 0.963589 0.000000 -47.431297 0.000000 0.000000 1.000000 0.000000
0.963586 0.267399 0.000000 284.163543 -0.267399 0.963586 0.000000 -47.431056 0.000000 0.000000 1.000000 0.000000
0.963563 0.267481 0.000000 284.163561 -0.267481 0.963563 0.000000 -47.431025 0.000000 0.000000 1.000000 0.000000
0.963559 0.267497 0.000000 284.163537 -0.267497 0.963559 0.000000 -47.430974 0.000000 0.000000 1.000000 0.000000
0.963559 0.267497 0.000000 284.163534 -0.267497 0.963559 0.000000 -47.430974 0.000000 0.000000 1.000000 0.000000
0.963529 0.267605 0.000000 284.163766 -0.267605 0.963529 0.000000 -47.431361 0.000000 0.000000 1.000000 0.000000
0.963545 0.267547 0.000000 284.163807 -0.267547 0.963545 0.000000 -47.431710 0.000000 0.000000 1.000000 0.000000
0.963542 0.267557 0.000000 284.164042 -0.267557 0.963542 0.000000 -47.431715 0.000000 0.000000 1.000000 0.000000
0.963487 0.267755 0.000000 284.164583 -0.267755 0.963487 0.000000 -47.431524 0.000000 0.000000 1.000000 0.000000
0.963476 0.267793 0.000000 284.164999 -0.267793 0.963476 0.000000 -47.431578 0.000000 0.000000 1.000000 0.000000
0.963437 0.267934 0.000000 284.165384 -0.267934 0.963437 0.000000 -47.431572 0.000000 0.000000 1.000000 0.000000
0.963405 0.268051 0.000000 284.165764 -0.268051 0.963405 0.000000 -47.431615 0.000000 0.000000 1.000000 0.000000
0.963389 0.268109 0.000000 284.166053 -0.268109 0.963389 0.000000 -47.431673 0.000000 0.000000 1.000000 0.000000
0.963396 0.268082 0.000000 284.166145 -0.268082 0.963396 0.000000 -47.431764 0.000000 0.000000 1.000000 0.000000
0.963416 0.268010 0.000000 284.166229 -0.268010 0.963416 0.000000 -47.431847 0.000000 0.000000 1.000000 0.000000
0.963419 0.267998 0.000000 284.166151 -0.267998 0.963419 0.000000 -47.431905 0.000000 0.000000 1.000000 0.000000
0.963431 0.267958 0.000000 284.166080 -0.267958 0.963431 0.000000 -47.431937 0.000000 0.000000 1.000000 0.000000
0.963416 0.268010 0.000000 284.166123 -0.268010 0.963416 0.000000 -47.431871 0.000000 0.000000 1.000000 0.000000
0.963416 0.268010 0.000000 284.166116 -0.268010 0.963416 0.000000 -47.431871 0.000000 0.000000 1.000000 0.000000
0.963434 0.267945 0.000000 284.166126 -0.267945 0.963434 0.000000 -47.432018 0.000000 0.000000 1.000000 0.000000
0.963433 0.267950 0.000000 284.166128 -0.267950 0.963433 0.000000 -47.432019 0.000000 0.000000 1.000000 0.000000
0.963426 0.267974 0.000000 284.166176 -0.267974 0.963426 0.000000 -47.432004 0.000000 0.000000 1.000000 0.000000
0.963427 0.267972 0.000000 284.166178 -0.267972 0.963427 0.000000 -47.432009 0.000000 0.000000 1.000000 0.000000
0.963436 0.267939 0.000000 284.166344 -0.267939 0.963436 0.000000 -47.431964 0.000000 0.000000 1.000000 0.000000
0.963414 0.268016 0.000000 284.166475 -0.268016 0.963414 0.000000 -47.431889 0.000000 0.000000 1.000000 0.000000
0.963373 0.268165 0.000000 284.166596 -0.268165 0.963373 0.000000 -47.431818 0.000000 0.000000 1.000000 0.000000
0.963321 0.268350 0.000000 284.166622 -0.268350 0.963321 0.000000 -47.431640 0.000000 0.000000 1.000000 0.000000
0.963310 0.268393 0.000000 284.166870 -0.268393 0.963310 0.000000 -47.431622 0.000000 0.000000 1.000000 0.000000
0.963327 0.268329 0.000000 284.167193 -0.268329 0.963327 0.000000 -47.431556 0.000000 0.000000 1.000000 0.000000
0.963308 0.268400 0.000000 284.167288 -0.268400 0.963308 0.000000 -47.431454 0.000000 0.000000 1.000000 0.000000
0.963254 0.268593 0.000000 284.167529 -0.268593 0.963254 0.000000 -47.431089 0.000000 0.000000 1.000000 0.000000
0.963259 0.268573 0.000000 284.167596 -0.268573 0.963259 0.000000 -47.431080 0.000000 0.000000 1.000000 0.000000
0.963244 0.268627 0.000000 284.167850 -0.268627 0.963244 0.000000 -47.430996 0.000000 0.000000 1.000000 0.000000
0.963247 0.268616 0.000000 284.168184 -0.268616 0.963247 0.000000 -47.430903 0.000000 0.000000 1.000000 0.000000
0.963244 0.268629 0.000000 284.168849 -0.268629 0.963244 0.000000 -47.430588 0.000000 0.000000 1.000000 0.000000
0.963244 0.268629 0.000000 284.169113 -0.268629 0.963244 0.000000 -47.430420 0.000000 0.000000 1.000000 0.000000
0.963244 0.268628 0.000000 284.169113 -0.268628 0.963244 0.000000 -47.430420 0.000000 0.000000 1.000000 0.000000
0.963246 0.268622 0.000000 284.169055 -0.268622 0.963246 0.000000 -47.430414 0.000000 0.000000 1.000000 0.000000
0.963245 0.268625 0.000000 284.168783 -0.268625 0.963245 0.000000 -47.430369 0.000000 0.000000 1.000000 0.000000
0.963278 0.268506 0.000000 284.168728 -0.268506 0.963278 0.000000 -47.430471 0.000000 0.000000 1.000000 0.000000
0.963307 0.268402 0.000000 284.168938 -0.268402 0.963307 0.000000 -47.430439 0.000000 0.000000 1.000000 0.000000
0.963280 0.268500 0.000000 284.168743 -0.268500 0.963280 0.000000 -47.430242 0.000000 0.000000 1.000000 0.000000
0.963273 0.268525 0.000000 284.169064 -0.268525 0.963273 0.000000 -47.429842 0.000000 0.000000 1.000000 0.000000
0.963283 0.268488 0.000000 284.169429 -0.268488 0.963283 0.000000 -47.429571 0.000000 0.000000 1.000000 0.000000
0.963259 0.268574 0.000000 284.169989 -0.268574 0.963259 0.000000 -47.429055 0.000000 0.000000 1.000000 0.000000
0.963245 0.268625 0.000000 284.169904 -0.268625 0.963245 0.000000 -47.428606 0.000000 0.000000 1.000000 0.000000
0.963264 0.268556 0.000000 284.170181 -0.268556 0.963264 0.000000 -47.428567 0.000000 0.000000 1.000000 0.000000
0.963272 0.268526 0.000000 284.170131 -0.268526 0.963272 0.000000 -47.428561 0.000000 0.000000 1.000000 0.000000
0.963273 0.268525 0.000000 284.170133 -0.268525 0.963273 0.000000 -47.428558 0.000000 0.000000 1.000000 0.000000
0.963267 0.268544 0.000000 284.170164 -0.268544 0.963267 0.000000 -47.428482 0.000000 0.000000 1.000000 0.000000
0.963273 0.268524 0.000000 284.170115 -0.268524 0.963273 0.000000 -47.428443 0.000000 0.000000 1.000000 0.000000
0.963278 0.268508 0.000000 284.169867 -0.268508 0.963278 0.000000 -47.428394 0.000000 0.000000 1.000000 0.000000
0.963278 0.268507 0.000000 284.169865 -0.268507 0.963278 0.000000 -47.428390 0.000000 0.000000 1.000000 0.000000
0.963288 0.268470 0.000000 284.169803 -0.268470 0.963288 0.000000 -47.428405 0.000000 0.000000 1.000000 0.000000
0.963288 0.268471 0.000000 284.169804 -0.268471 0.963288 0.000000 -47.428398 0.000000 0.000000 1.000000 0.000000
0.963288 0.268471 0.000000 284.169806 -0.268471 0.963288 0.000000 -47.428396 0.000000 0.000000 1.000000 0.000000
0.963288 0.268471 0.000000 284.169810 -0.268471 0.963288 0.000000 -47.428393 0.000000 0.000000 1.000000 0.000000
0.963293 0.268452 0.000000 284.169769 -0.268452 0.963293 0.000000 -47.428355 0.000000 0.000000 1.000000 0.000000
0.963293 0.268452 0.000000 284.169775 -0.268452 0.963293 0.000000 -47.428352 0.000000 0.000000 1.000000 0.000000
0.963296 0.268442 0.000000 284.169968 -0.268442 0.963296 0.000000 -47.428367 0.000000 0.000000 1.000000 0.000000
0.963284 0.268483 0.000000 284.170486 -0.268483 0.963284 0.000000 -47.428066 0.000000 0.000000 1.000000 0.000000
0.963282 0.268491 0.000000 284.170542 -0.268491 0.963282 0.000000 -47.428026 0.000000 0.000000 1.000000 0.000000
0.963282 0.268492 0.000000 284.170547 -0.268492 0.963282 0.000000 -47.428023 0.000000 0.000000 1.000000 0.000000
0.963270 0.268533 0.000000 284.170622 -0.268533 0.963270 0.000000 -47.427997 0.000000 0.000000 1.000000 0.000000
0.963251 0.268603 0.000000 284.170627 -0.268603 0.963251 0.000000 -47.427835 0.000000 0.000000 1.000000 0.000000
0.963246 0.268620 0.000000 284.170650 -0.268620 0.963246 0.000000 -47.427781 0.000000 0.000000 1.000000 0.000000
0.963230 0.268679 0.000000 284.170640 -0.268679 0.963230 0.000000 -47.427793 0.000000 0.000000 1.000000 0.000000
0.963196 0.268799 0.000000 284.170712 -0.268799 0.963196 0.000000 -47.427581 0.000000 0.000000 1.000000 0.000000
0.963196 0.268800 0.000000 284.170713 -0.268800 0.963196 0.000000 -47.427579 0.000000 0.000000 1.000000 0.000000
0.963172 0.268886 0.000000 284.170848 -0.268886 0.963172 0.000000 -47.427516 0.000000 0.000000 1.000000 0.000000
0.963171 0.268890 0.000000 284.170812 -0.268890 0.963171 0.000000 -47.427307 0.000000 0.000000 1.000000 0.000000
0.963196 0.268798 0.000000 284.170720 -0.268798 0.963196 0.000000 -47.427241 0.000000 0.000000 1.000000 0.000000
0.963167 0.268904 0.000000 284.170787 -0.268904 0.963167 0.000000 -47.427062 0.000000 0.000000 1.000000 0.000000
0.963151 0.268960 0.000000 284.170736 -0.268960 0.963151 0.000000 -47.426966 0.000000 0.000000 1.000000 0.000000
0.963078 0.269224 0.000000 284.170632 -0.269224 0.963078 0.000000 -47.426697 0.000000 0.000000 1.000000 0.000000
0.963063 0.269278 0.000000 284.170584 -0.269278 0.963063 0.000000 -47.426576 0.000000 0.000000 1.000000 0.000000
0.963062 0.269281 0.000000 284.170512 -0.269281 0.963062 0.000000 -47.426626 0.000000 0.000000 1.000000 0.000000
0.963078 0.269223 0.000000 284.170530 -0.269223 0.963078 0.000000 -47.426454 0.000000 0.000000 1.000000 0.000000
0.963085 0.269197 0.000000 284.170334 -0.269197 0.963085 0.000000 -47.426626 0.000000 0.000000 1.000000 0.000000
0.963059 0.269291 0.000000 284.170004 -0.269291 0.963059 0.000000 -47.426851 0.000000 0.000000 1.000000 0.000000
0.963035 0.269376 0.000000 284.169660 -0.269376 0.963035 0.000000 -47.427259 0.000000 0.000000 1.000000 0.000000
0.963024 0.269414 0.000000 284.169295 -0.269414 0.963024 0.000000 -47.427834 0.000000 0.000000 1.000000 0.000000
0.962974 0.269595 0.000000 284.169183 -0.269595 0.962974 0.000000 -47.427715 0.000000 0.000000 1.000000 0.000000
0.962965 0.269625 0.000000 284.169201 -0.269625 0.962965 0.000000 -47.427453 0.000000 0.000000 1.000000 0.000000
0.962919 0.269792 0.000000 284.169146 -0.269792 0.962919 0.000000 -47.427317 0.000000 0.000000 1.000000 0.000000
0.962930 0.269750 0.000000 284.169192 -0.269750 0.962930 0.000000 -47.427305 0.000000 0.000000 1.000000 0.000000
0.962988 0.269545 0.000000 284.168981 -0.269545 0.962988 0.000000 -47.427511 0.000000 0.000000 1.000000 0.000000
0.963045 0.269342 0.000000 284.168535 -0.269342 0.963045 0.000000 -47.426848 0.000000 0.000000 1.000000 0.000000
0.963091 0.269177 0.000000 284.167836 -0.269177 0.963091 0.000000 -47.427081 0.000000 0.000000 1.000000 0.000000
0.963134 0.269021 0.000000 284.166776 -0.269021 0.963134 0.000000 -47.427069 0.000000 0.000000 1.000000 0.000000
0.963135 0.269020 0.000000 284.166330 -0.269020 0.963135 0.000000 -47.426891 0.000000 0.000000 1.000000 0.000000
0.963126 0.269049 0.000000 284.166125 -0.269049 0.963126 0.000000 -47.426145 0.000000 0.000000 1.000000 0.000000
0.963125 0.269054 0.000000 284.166086 -0.269054 0.963125 0.000000 -47.425528 0.000000 0.000000 1.000000 0.000000
0.963115 0.269090 0.000000 284.166240 -0.269090 0.963115 0.000000 -47.425392 0.000000 0.000000 1.000000 0.000000
0.963102 0.269137 0.000000 284.166625 -0.269137 0.963102 0.000000 -47.425423 0.000000 0.000000 1.000000 0.000000
0.963079 0.269219 0.000000 284.167453 -0.269219 0.963079 0.000000 -47.425330 0.000000 0.000000 1.000000 0.000000
0.963062 0.269278 0.000000 284.168314 -0.269278 0.963062 0.000000 -47.425307 0.000000 0.000000 1.000000 0.000000
0.963079 0.269220 0.000000 284.168855 -0.269220 0.963079 0.000000 -47.425962 0.000000 0.000000 1.000000 0.000000
0.963062 0.269279 0.000000 284.169391 -0.269279 0.963062 0.000000 -47.426358 0.000000 0.000000 1.000000 0.000000
0.962997 0.269512 0.000000 284.169841 -0.269512 0.962997 0.000000 -47.426545 0.000000 0.000000 1.000000 0.000000
0.962971 0.269605 0.000000 284.169840 -0.269605 0.962971 0.000000 -47.426709 0.000000 0.000000 1.000000 0.000000
0.962961 0.269640 0.000000 284.169726 -0.269640 0.962961 0.000000 -47.427034 0.000000 0.000000 1.000000 0.000000
0.962945 0.269698 0.000000 284.169661 -0.269698 0.962945 0.000000 -47.427046 0.000000 0.000000 1.000000 0.000000
0.962931 0.269747 0.000000 284.169413 -0.269747 0.962931 0.000000 -47.427467 0.000000 0.000000 1.000000 0.000000
0.962921 0.269785 0.000000 284.169091 -0.269785 0.962921 0.000000 -47.427115 0.000000 0.000000 1.000000 0.000000
0.962902 0.269851 0.000000 284.168230 -0.269851 0.962902 0.000000 -47.426125 0.000000 0.000000 1.000000 0.000000
0.962907 0.269835 0.000000 284.168039 -0.269835 0.962907 0.000000 -47.425061 0.000000 0.000000 1.000000 0.000000
0.962892 0.269889 0.000000 284.167814 -0.269889 0.962892 0.000000 -47.424018 0.000000 0.000000 1.000000 0.000000
0.962897 0.269868 0.000000 284.167877 -0.269868 0.962897 0.000000 -47.423913 0.000000 0.000000 1.000000 0.000000
0.962898 0.269864 0.000000 284.168126 -0.269864 0.962898 0.000000 -47.423047 0.000000 0.000000 1.000000 0.000000
0.962899 0.269862 0.000000 284.168313 -0.269862 0.962899 0.000000 -47.422890 0.000000 0.000000 1.000000 0.000000
0.962908 0.269830 0.000000 284.168479 -0.269830 0.962908 0.000000 -47.422873 0.000000 0.000000 1.000000 0.000000
0.962925 0.269769 0.000000 284.168500 -0.269769 0.962925 0.000000 -47.422927 0.000000 0.000000 1.000000 0.000000
0.962962 0.269639 0.000000 284.168456 -0.269639 0.962962 0.000000 -47.423027 0.000000 0.000000 1.000000 0.000000
0.962965 0.269626 0.000000 284.168338 -0.269626 0.962965 0.000000 -47.423039 0.000000 0.000000 1.000000 0.000000
0.962955 0.269661 0.000000 284.168116 -0.269661 0.962955 0.000000 -47.423065 0.000000 0.000000 1.000000 0.000000
0.962946 0.269695 0.000000 284.167492 -0.269695 0.962946 0.000000 -47.423254 0.000000 0.000000 1.000000 0.000000
0.962965 0.269625 0.000000 284.167323 -0.269625 0.962965 0.000000 -47.423182 0.000000 0.000000 1.000000 0.000000
0.962983 0.269561 0.000000 284.167254 -0.269561 0.962983 0.000000 -47.423177 0.000000 0.000000 1.000000 0.000000
0.963010 0.269467 0.000000 284.167117 -0.269467 0.963010 0.000000 -47.423242 0.000000 0.000000 1.000000 0.000000
0.963022 0.269424 0.000000 284.166973 -0.269424 0.963022 0.000000 -47.423330 0.000000 0.000000 1.000000 0.000000
0.963038 0.269367 0.000000 284.166710 -0.269367 0.963038 0.000000 -47.423519 0.000000 0.000000 1.000000 0.000000
0.963055 0.269306 0.000000 284.167065 -0.269306 0.963055 0.000000 -47.423821 0.000000 0.000000 1.000000 0.000000
0.963103 0.269132 0.000000 284.167825 -0.269132 0.963103 0.000000 -47.424223 0.000000 0.000000 1.000000 0.000000
0.963124 0.269059 0.000000 284.168725 -0.269059 0.963124 0.000000 -47.424685 0.000000 0.000000 1.000000 0.000000
0.963110 0.269109 0.000000 284.169393 -0.269109 0.963110 0.000000 -47.424909 0.000000 0.000000 1.000000 0.000000
0.963086 0.269195 0.000000 284.169367 -0.269195 0.963086 0.000000 -47.424776 0.000000 0.000000 1.000000 0.000000
0.963062 0.269280 0.000000 284.169520 -0.269280 0.963062 0.000000 -47.424716 0.000000 0.000000 1.000000 0.000000
0.963048 0.269331 0.000000 284.169529 -0.269331 0.963048 0.000000 -47.424732 0.000000 0.000000 1.000000 0.000000
0.963064 0.269274 0.000000 284.169681 -0.269274 0.963064 0.000000 -47.424618 0.000000 0.000000 1.000000 0.000000
