0.999998 0.001933 0.000000 0.829737 -0.001933 0.999998 0.000000 -0.021929 0.000000 0.000000 1.000000 0.000000
1.000000 0.000063 0.000000 1.410483 -0.000063 1.000000 0.000000 -0.033518 0.000000 0.000000 1.000000 0.000000
0.999999 0.001505 0.000000 2.036556 -0.001505 0.999999 0.000000 -0.043204 0.000000 0.000000 1.000000 0.000000
1.000000 -0.000102 0.000000 2.967811 0.000102 1.000000 0.000000 -0.066190 0.000000 0.000000 1.000000 0.000000
0.999996 -0.002722 0.000000 3.587980 0.002722 0.999996 0.000000 -0.089461 0.000000 0.000000 1.000000 0.000000
0.999996 -0.002921 0.000000 4.228653 0.002921 0.999996 0.000000 -0.102454 0.000000 0.000000 1.000000 0.000000
0.999984 -0.005737 0.000000 4.860755 0.005737 0.999984 0.000000 -0.121854 0.000000 0.000000 1.000000 0.000000
0.999959 -0.009096 0.000000 6.116657 0.009096 0.999959 0.000000 -0.143037 0.000000 0.000000 1.000000 0.000000
0.999962 -0.008755 0.000000 6.744457 0.008755 0.999962 0.000000 -0.153739 0.000000 0.000000 1.000000 0.000000
0.999968 -0.008016 0.000000 7.383749 0.008016 0.999968 0.000000 -0.162324 0.000000 0.000000 1.000000 0.000000
0.999977 -0.006848 0.000000 8.019203 0.006848 0.999977 0.000000 -0.168038 0.000000 0.000000 1.000000 0.000000
0.999967 -0.008141 0.000000 8.688858 0.008141 0.999967 0.000000 -0.182737 0.000000 0.000000 1.000000 0.000000
0.999964 -0.008480 0.000000 9.310437 0.008480 0.999964 0.000000 -0.208160 0.000000 0.000000 1.000000 0.000000
0.999962 -0.008757 0.000000 9.937613 0.008757 0.999962 0.000000 -0.215094 0.000000 0.000000 1.000000 0.000000
0.999951 -0.009947 0.000000 10.565075 0.009947 0.999951 0.000000 -0.218349 0.000000 0.000000 1.000000 0.000000
0.999937 -0.011198 0.000000 11.189706 0.011198 0.999937 0.000000 -0.227830 0.000000 0.000000 1.000000 0.000000
0.999940 -0.010945 0.000000 11.806202 0.010945 0.999940 0.000000 -0.229847 0.000000 0.000000 1.000000 0.000000
0.999951 -0.009867 0.000000 12.432483 0.009867 0.999951 0.000000 -0.239134 0.000000 0.000000 1.000000 0.000000
0.999940 -0.010979 0.000000 13.048628 0.010979 0.999940 0.000000 -0.258497 0.000000 0.000000 1.000000 0.000000
0.999947 -0.010316 0.000000 13.690979 0.010316 0.999947 0.000000 -0.268878 0.000000 0.000000 1.000000 0.000000
0.999936 -0.011273 0.000000 14.272742 0.011273 0.999936 0.000000 -0.272835 0.000000 0.000000 1.000000 0.000000
0.999935 -0.011378 0.000000 14.891395 0.011378 0.999935 0.000000 -0.283185 0.000000 0.000000 1.000000 0.000000
0.999940 -0.010940 0.000000 15.506896 0.010940 0.999940 0.000000 -0.297150 0.000000 0.000000 1.000000 0.000000
0.999918 -0.012811 0.000000 16.152199 0.012811 0.999918 0.000000 -0.306161 0.000000 0.000000 1.000000 0.000000
0.999901 -0.014047 0.000000 16.770475 0.014047 0.999901 0.000000 -0.308861 0.000000 0.000000 1.000000 0.000000
0.999888 -0.014978 0.000000 17.392099 0.014978 0.999888 0.000000 -0.316552 0.000000 0.000000 1.000000 0.000000
0.999873 -0.015909 0.000000 18.013765 0.015909 0.999873 0.000000 -0.324007 0.000000 0.000000 1.000000 0.000000
0.999891 -0.014739 0.000000 18.641705 0.014739 0.999891 0.000000 -0.331627 0.000000 0.000000 1.000000 0.000000
0.999855 -0.017014 0.000000 19.261183 0.017014 0.999855 0.000000 -0.335845 0.000000 0.000000 1.000000 0.000000
0.999852 -0.017223 0.000000 19.860071 0.017223 0.999852 0.000000 -0.343253 0.000000 0.000000 1.000000 0.000000
0.999827 -0.018587 0.000000 20.487931 0.018587 0.999827 0.000000 -0.346731 0.000000 0.000000 1.000000 0.000000
0.999854 -0.017077 0.000000 21.115177 0.017077 0.999854 0.000000 -0.350850 0.000000 0.000000 1.000000 0.000000
0.999883 -0.015292 0.000000 21.693822 0.015292 0.999883 0.000000 -0.353077 0.000000 0.000000 1.000000 0.000000
0.999842 -0.017802 0.000000 22.320053 0.017802 0.999842 0.000000 -0.364966 0.000000 0.000000 1.000000 0.000000
0.999797 -0.020140 0.000000 22.929458 0.020140 0.999797 0.000000 -0.369858 0.000000 0.000000 1.000000 0.000000
0.999759 -0.021944 0.000000 23.521688 0.021944 0.999759 0.000000 -0.378101 0.000000 0.000000 1.000000 0.000000
0.999767 -0.021563 0.000000 24.143074 0.021563 0.999767 0.000000 -0.378546 0.000000 0.000000 1.000000 0.000000
0.999784 -0.020792 0.000000 24.769424 0.020792 0.999784 0.000000 -0.384544 0.000000 0.000000 1.000000 0.000000
0.999788 -0.020605 0.000000 25.387142 0.020605 0.999788 0.000000 -0.390037 0.000000 0.000000 1.000000 0.000000
0.999814 -0.019310 0.000000 25.972457 0.019310 0.999814 0.000000 -0.389332 0.000000 0.000000 1.000000 0.000000
0.999879 -0.015580 0.000000 26.604592 0.015580 0.999879 0.000000 -0.397318 0.000000 0.000000 1.000000 0.000000
0.999893 -0.014606 0.000000 27.193354 0.014606 0.999893 0.000000 -0.406202 0.000000 0.000000 1.000000 0.000000
0.999884 -0.015236 0.000000 27.830066 0.015236 0.999884 0.000000 -0.411228 0.000000 0.000000 1.000000 0.000000
0.999857 -0.016938 0.000000 28.464204 0.016938 0.999857 0.000000 -0.419221 0.000000 0.000000 1.000000 0.000000
0.999831 -0.018404 0.000000 29.288717 0.018404 0.999831 0.000000 -0.433660 0.000000 0.000000 1.000000 0.000000
0.999844 -0.017668 0.000000 29.936329 0.017668 0.999844 0.000000 -0.429827 0.000000 0.000000 1.000000 0.000000
0.999862 -0.016587 0.000000 30.575036 0.016587 0.999862 0.000000 -0.426146 0.000000 0.000000 1.000000 0.000000
0.999878 -0.015612 0.000000 31.211156 0.015612 0.999878 0.000000 -0.425173 0.000000 0.000000 1.000000 0.000000
0.999894 -0.014591 0.000000 31.835966 0.014591 0.999894 0.000000 -0.426901 0.000000 0.000000 1.000000 0.000000
0.999873 -0.015943 0.000000 32.480090 0.015943 0.999873 0.000000 -0.432985 0.000000 0.000000 1.000000 0.000000
0.999902 -0.013994 0.000000 33.121486 0.013994 0.999902 0.000000 -0.438160 0.000000 0.000000 1.000000 0.000000
0.999921 -0.012563 0.000000 33.769119 0.012563 0.999921 0.000000 -0.441187 0.000000 0.000000 1.000000 0.000000
0.999949 -0.010130 0.000000 34.405268 0.010130 0.999949 0.000000 -0.440946 0.000000 0.000000 1.000000 0.000000
0.999951 -0.009865 0.000000 35.046565 0.009865 0.999951 0.000000 -0.449297 0.000000 0.000000 1.000000 0.000000
0.999971 -0.007611 0.000000 35.686100 0.007611 0.999971 0.000000 -0.451808 0.000000 0.000000 1.000000 0.000000
0.999961 -0.008854 0.000000 36.316969 0.008854 0.999961 0.000000 -0.463737 0.000000 0.000000 1.000000 0.000000
0.999968 -0.007964 0.000000 36.950661 0.007964 0.999968 0.000000 -0.472616 0.000000 0.000000 1.000000 0.000000
0.999977 -0.006843 0.000000 37.580906 0.006843 0.999977 0.000000 -0.478547 0.000000 0.000000 1.000000 0.000000
0.999970 -0.007787 0.000000 38.181251 0.007787 0.999970 0.000000 -0.489998 0.000000 0.000000 1.000000 0.000000
0.999981 -0.006152 0.000000 38.824403 0.006152 0.999981 0.000000 -0.497904 0.000000 0.000000 1.000000 0.000000
0.999994 -0.003328 0.000000 39.451202 0.003328 0.999994 0.000000 -0.501605 0.000000 0.000000 1.000000 0.000000
0.999994 -0.003462 0.000000 40.098025 0.003462 0.999994 0.000000 -0.511027 0.000000 0.000000 1.000000 0.000000
0.999987 -0.005097 0.000000 40.728248 0.005097 0.999987 0.000000 -0.521047 0.000000 0.000000 1.000000 0.000000
0.999990 -0.004528 0.000000 41.364928 0.004528 0.999990 0.000000 -0.526832 0.000000 0.000000 1.000000 0.000000
0.999996 -0.002963 0.000000 42.006057 0.002963 0.999996 0.000000 -0.539928 0.000000 0.000000 1.000000 0.000000
0.999998 -0.001984 0.000000 42.651471 0.001984 0.999998 0.000000 -0.548303 0.000000 0.000000 1.000000 0.000000
0.999999 -0.001447 0.000000 43.297765 0.001447 0.999999 0.000000 -0.551005 0.000000 0.000000 1.000000 0.000000
1.000000 0.000603 0.000000 43.936347 -0.000603 1.000000 0.000000 -0.556479 0.000000 0.000000 1.000000 0.000000
1.000000 0.000809 0.000000 44.585939 -0.000809 1.000000 0.000000 -0.568186 0.000000 0.000000 1.000000 0.000000
1.000000 -0.000945 0.000000 45.196855 0.000945 1.000000 0.000000 -0.583250 0.000000 0.000000 1.000000 0.000000
0.999999 0.001449 0.000000 45.854036 -0.001449 0.999999 0.000000 -0.578691 0.000000 0.000000 1.000000 0.000000
0.999998 0.001970 0.000000 46.511930 -0.001970 0.999998 0.000000 -0.584560 0.000000 0.000000 1.000000 0.000000
0.999991 0.004127 0.000000 47.173461 -0.004127 0.999991 0.000000 -0.597968 0.000000 0.000000 1.000000 0.000000
1.000000 0.000070 0.000000 47.842764 -0.000070 1.000000 0.000000 -0.613850 0.000000 0.000000 1.000000 0.000000
0.999997 -0.002449 0.000000 48.487942 0.002449 0.999997 0.000000 -0.629497 0.000000 0.000000 1.000000 0.000000
0.999997 -0.002352 0.000000 49.102145 0.002352 0.999997 0.000000 -0.639498 0.000000 0.000000 1.000000 0.000000
0.999999 -0.001450 0.000000 49.752986 0.001450 0.999999 0.000000 -0.643782 0.000000 0.000000 1.000000 0.000000
0.999999 0.001163 0.000000 50.406453 -0.001163 0.999999 0.000000 -0.645430 0.000000 0.000000 1.000000 0.000000
0.999998 0.001912 0.000000 51.072153 -0.001912 0.999998 0.000000 -0.653891 0.000000 0.000000 1.000000 0.000000
1.000000 0.000655 0.000000 51.734787 -0.000655 1.000000 0.000000 -0.666248 0.000000 0.000000 1.000000 0.000000
0.999996 -0.002694 0.000000 52.393939 0.002694 0.999996 0.000000 -0.674225 0.000000 0.000000 1.000000 0.000000
0.999999 -0.001153 0.000000 53.423266 0.001153 0.999999 0.000000 -0.695907 0.000000 0.000000 1.000000 0.000000
0.999993 -0.003634 0.000000 54.109910 0.003634 0.999993 0.000000 -0.710219 0.000000 0.000000 1.000000 0.000000
1.000000 -0.000543 0.000000 54.746040 0.000543 1.000000 0.000000 -0.723023 0.000000 0.000000 1.000000 0.000000
0.999999 -0.001212 0.000000 55.402200 0.001212 0.999999 0.000000 -0.735199 0.000000 0.000000 1.000000 0.000000
0.999999 -0.001329 0.000000 56.068897 0.001329 0.999999 0.000000 -0.745693 0.000000 0.000000 1.000000 0.000000
0.999998 -0.002147 0.000000 56.724224 0.002147 0.999998 0.000000 -0.758030 0.000000 0.000000 1.000000 0.000000
0.999999 -0.001090 0.000000 57.377551 0.001090 0.999999 0.000000 -0.769248 0.000000 0.000000 1.000000 0.000000
0.999998 -0.002102 0.000000 58.027483 0.002102 0.999998 0.000000 -0.784684 0.000000 0.000000 1.000000 0.000000
0.999993 -0.003642 0.000000 59.369205 0.003642 0.999993 0.000000 -0.791882 0.000000 0.000000 1.000000 0.000000
0.999995 -0.003298 0.000000 60.014660 0.003298 0.999995 0.000000 -0.785383 0.000000 0.000000 1.000000 0.000000
0.999981 -0.006186 0.000000 60.654634 0.006186 0.999981 0.000000 -0.781744 0.000000 0.000000 1.000000 0.000000
0.999987 -0.005074 0.000000 61.293111 0.005074 0.999987 0.000000 -0.781743 0.000000 0.000000 1.000000 0.000000
0.999997 -0.002367 0.000000 61.927035 0.002367 0.999997 0.000000 -0.781193 0.000000 0.000000 1.000000 0.000000
1.000000 -0.000094 0.000000 62.592280 0.000094 1.000000 0.000000 -0.787803 0.000000 0.000000 1.000000 0.000000
1.000000 0.000321 0.000000 63.225705 -0.000321 1.000000 0.000000 -0.794401 0.000000 0.000000 1.000000 0.000000
0.999999 0.001145 0.000000 63.828659 -0.001145 0.999999 0.000000 -0.798651 0.000000 0.000000 1.000000 0.000000
1.000000 0.000224 0.000000 64.456093 -0.000224 1.000000 0.000000 -0.811041 0.000000 0.000000 1.000000 0.000000
1.000000 0.000324 0.000000 65.048432 -0.000324 1.000000 0.000000 -0.821780 0.000000 0.000000 1.000000 0.000000
0.999999 0.001068 0.000000 65.678160 -0.001068 0.999999 0.000000 -0.841845 0.000000 0.000000 1.000000 0.000000
0.999998 0.002022 0.000000 66.302161 -0.002022 0.999998 0.000000 -0.858078 0.000000 0.000000 1.000000 0.000000
0.999998 0.002154 0.000000 66.882994 -0.002154 0.999998 0.000000 -0.869750 0.000000 0.000000 1.000000 0.000000
0.999995 0.003289 0.000000 67.500502 -0.003289 0.999995 0.000000 -0.880628 0.000000 0.000000 1.000000 0.000000
0.999999 0.001205 0.000000 68.108434 -0.001205 0.999999 0.000000 -0.898997 0.000000 0.000000 1.000000 0.000000
0.999999 0.001337 0.000000 68.672984 -0.001337 0.999999 0.000000 -0.918078 0.000000 0.000000 1.000000 0.000000
1.000000 0.000024 0.000000 69.278412 -0.000024 1.000000 0.000000 -0.936141 0.000000 0.000000 1.000000 0.000000
1.000000 0.000050 0.000000 69.846965 -0.000050 1.000000 0.000000 -0.943378 0.000000 0.000000 1.000000 0.000000
0.999994 0.003554 0.000000 70.458650 -0.003554 0.999994 0.000000 -0.950854 0.000000 0.000000 1.000000 0.000000
0.999991 0.004148 0.000000 71.063204 -0.004148 0.999991 0.000000 -0.960683 0.000000 0.000000 1.000000 0.000000
0.999992 0.004051 0.000000 71.901639 -0.004051 0.999992 0.000000 -0.980236 0.000000 0.000000 1.000000 0.000000
0.999987 0.005038 0.000000 72.504465 -0.005038 0.999987 0.000000 -0.991863 0.000000 0.000000 1.000000 0.000000
0.999983 0.005783 0.000000 73.102266 -0.005783 0.999983 0.000000 -1.006850 0.000000 0.000000 1.000000 0.000000
0.999991 0.004318 0.000000 73.694655 -0.004318 0.999991 0.000000 -1.019090 0.000000 0.000000 1.000000 0.000000
0.999992 0.004017 0.000000 74.288222 -0.004017 0.999992 0.000000 -1.028167 0.000000 0.000000 1.000000 0.000000
0.999998 0.001899 0.000000 74.878137 -0.001899 0.999998 0.000000 -1.034983 0.000000 0.000000 1.000000 0.000000
1.000000 0.000836 0.000000 75.510567 -0.000836 1.000000 0.000000 -1.047683 0.000000 0.000000 1.000000 0.000000
0.999999 0.001480 0.000000 76.109233 -0.001480 0.999999 0.000000 -1.059228 0.000000 0.000000 1.000000 0.000000
0.999999 0.001177 0.000000 76.704951 -0.001177 0.999999 0.000000 -1.076253 0.000000 0.000000 1.000000 0.000000
0.999990 0.004491 0.000000 77.896571 -0.004491 0.999990 0.000000 -1.112477 0.000000 0.000000 1.000000 0.000000
0.999995 0.003069 0.000000 78.485248 -0.003069 0.999995 0.000000 -1.126446 0.000000 0.000000 1.000000 0.000000
0.999987 0.005096 0.000000 79.071157 -0.005096 0.999987 0.000000 -1.139705 0.000000 0.000000 1.000000 0.000000
0.999987 0.005112 0.000000 79.649804 -0.005112 0.999987 0.000000 -1.161518 0.000000 0.000000 1.000000 0.000000
0.999989 0.004606 0.000000 80.233711 -0.004606 0.999989 0.000000 -1.178462 0.000000 0.000000 1.000000 0.000000
0.999980 0.006400 0.000000 80.814215 -0.006400 0.999980 0.000000 -1.195897 0.000000 0.000000 1.000000 0.000000
0.999986 0.005326 0.000000 81.390735 -0.005326 0.999986 0.000000 -1.221084 0.000000 0.000000 1.000000 0.000000
0.999993 0.003691 0.000000 81.958811 -0.003691 0.999993 0.000000 -1.231352 0.000000 0.000000 1.000000 0.000000
0.999994 0.003580 0.000000 82.524430 -0.003580 0.999994 0.000000 -1.240950 0.000000 0.000000 1.000000 0.000000
0.999984 0.005671 0.000000 83.074804 -0.005671 0.999984 0.000000 -1.253977 0.000000 0.000000 1.000000 0.000000
0.999983 0.005824 0.000000 83.630039 -0.005824 0.999983 0.000000 -1.263474 0.000000 0.000000 1.000000 0.000000
0.999983 0.005823 0.000000 84.168376 -0.005823 0.999983 0.000000 -1.274339 0.000000 0.000000 1.000000 0.000000
0.999983 0.005780 0.000000 84.702723 -0.005780 0.999983 0.000000 -1.291757 0.000000 0.000000 1.000000 0.000000
0.999972 0.007534 0.000000 85.219148 -0.007534 0.999972 0.000000 -1.308803 0.000000 0.000000 1.000000 0.000000
0.999958 0.009110 0.000000 85.764584 -0.009110 0.999958 0.000000 -1.323848 0.000000 0.000000 1.000000 0.000000
0.999932 0.011640 0.000000 86.291393 -0.011640 0.999932 0.000000 -1.341789 0.000000 0.000000 1.000000 0.000000
0.999904 0.013882 0.000000 86.799636 -0.013882 0.999904 0.000000 -1.352965 0.000000 0.000000 1.000000 0.000000
0.999902 0.014003 0.000000 87.338202 -0.014003 0.999902 0.000000 -1.376247 0.000000 0.000000 1.000000 0.000000
0.999911 0.013357 0.000000 87.860098 -0.013357 0.999911 0.000000 -1.397300 0.000000 0.000000 1.000000 0.000000
0.999910 0.013385 0.000000 88.345691 -0.013385 0.999910 0.000000 -1.415621 0.000000 0.000000 1.000000 0.000000
0.999898 0.014274 0.000000 88.873774 -0.014274 0.999898 0.000000 -1.443065 0.000000 0.000000 1.000000 0.000000
0.999852 0.017232 0.000000 89.392991 -0.017232 0.999852 0.000000 -1.466519 0.000000 0.000000 1.000000 0.000000
0.999860 0.016711 0.000000 89.878985 -0.016711 0.999860 0.000000 -1.489496 0.000000 0.000000 1.000000 0.000000
0.999854 0.017060 0.000000 90.402835 -0.017060 0.999854 0.000000 -1.509954 0.000000 0.000000 1.000000 0.000000
0.999830 0.018452 0.000000 90.924196 -0.018452 0.999830 0.000000 -1.525099 0.000000 0.000000 1.000000 0.000000
0.999789 0.020560 0.000000 91.412673 -0.020560 0.999789 0.000000 -1.548019 0.000000 0.000000 1.000000 0.000000
0.999770 0.021427 0.000000 91.919692 -0.021427 0.999770 0.000000 -1.574946 0.000000 0.000000 1.000000 0.000000
0.999764 0.021734 0.000000 92.403547 -0.021734 0.999764 0.000000 -1.595809 0.000000 0.000000 1.000000 0.000000
0.999715 0.023879 0.000000 92.912475 -0.023879 0.999715 0.000000 -1.619730 0.000000 0.000000 1.000000 0.000000
0.999706 0.024259 0.000000 93.576289 -0.024259 0.999706 0.000000 -1.648836 0.000000 0.000000 1.000000 0.000000
0.999613 0.027806 0.000000 94.076404 -0.027806 0.999613 0.000000 -1.660428 0.000000 0.000000 1.000000 0.000000
0.999559 0.029698 0.000000 94.573934 -0.029698 0.999559 0.000000 -1.679127 0.000000 0.000000 1.000000 0.000000
0.999525 0.030811 0.000000 95.069799 -0.030811 0.999525 0.000000 -1.700404 0.000000 0.000000 1.000000 0.000000
0.999531 0.030619 0.000000 95.557879 -0.030619 0.999531 0.000000 -1.727066 0.000000 0.000000 1.000000 0.000000
0.999561 0.029632 0.000000 96.035993 -0.029632 0.999561 0.000000 -1.755564 0.000000 0.000000 1.000000 0.000000
0.999522 0.030904 0.000000 96.500019 -0.030904 0.999522 0.000000 -1.779728 0.000000 0.000000 1.000000 0.000000
0.999402 0.034568 0.000000 97.459109 -0.034568 0.999402 0.000000 -1.842283 0.000000 0.000000 1.000000 0.000000
0.999341 0.036286 0.000000 97.929629 -0.036286 0.999341 0.000000 -1.879145 0.000000 0.000000 1.000000 0.000000
0.999213 0.039676 0.000000 98.399477 -0.039676 0.999213 0.000000 -1.906488 0.000000 0.000000 1.000000 0.000000
0.999130 0.041708 0.000000 98.869626 -0.041708 0.999130 0.000000 -1.945611 0.000000 0.000000 1.000000 0.000000
0.999084 0.042781 0.000000 99.348983 -0.042781 0.999084 0.000000 -1.984082 0.000000 0.000000 1.000000 0.000000
0.998936 0.046116 0.000000 99.807498 -0.046116 0.998936 0.000000 -2.015287 0.000000 0.000000 1.000000 0.000000
0.998849 0.047969 0.000000 100.273510 -0.047969 0.998849 0.000000 -2.057127 0.000000 0.000000 1.000000 0.000000
0.998650 0.051948 0.000000 100.734268 -0.051948 0.998650 0.000000 -2.094175 0.000000 0.000000 1.000000 0.000000
0.998491 0.054920 0.000000 101.197521 -0.054920 0.998491 0.000000 -2.134110 0.000000 0.000000 1.000000 0.000000
0.998339 0.057605 0.000000 101.657900 -0.057605 0.998339 0.000000 -2.170694 0.000000 0.000000 1.000000 0.000000
0.998196 0.060032 0.000000 102.083878 -0.060032 0.998196 0.000000 -2.210458 0.000000 0.000000 1.000000 0.000000
0.998092 0.061742 0.000000 102.531433 -0.061742 0.998092 0.000000 -2.248468 0.000000 0.000000 1.000000 0.000000
0.997876 0.065140 0.000000 102.975593 -0.065140 0.997876 0.000000 -2.289872 0.000000 0.000000 1.000000 0.000000
0.997826 0.065905 0.000000 103.417361 -0.065905 0.997826 0.000000 -2.337029 0.000000 0.000000 1.000000 0.000000
0.997570 0.069664 0.000000 103.841379 -0.069664 0.997570 0.000000 -2.383762 0.000000 0.000000 1.000000 0.000000
0.997424 0.071735 0.000000 104.265121 -0.071735 0.997424 0.000000 -2.420037 0.000000 0.000000 1.000000 0.000000
0.996805 0.079871 0.000000 104.687174 -0.079871 0.996805 0.000000 -2.459180 0.000000 0.000000 1.000000 0.000000
0.996569 0.082763 0.000000 105.103374 -0.082763 0.996569 0.000000 -2.498123 0.000000 0.000000 1.000000 0.000000
0.996275 0.086229 0.000000 105.515932 -0.086229 0.996275 0.000000 -2.545683 0.000000 0.000000 1.000000 0.000000
0.996270 0.086292 0.000000 105.930906 -0.086292 0.996270 0.000000 -2.589604 0.000000 0.000000 1.000000 0.000000
0.995965 0.089744 0.000000 106.329604 -0.089744 0.995965 0.000000 -2.640778 0.000000 0.000000 1.000000 0.000000
0.996027 0.089053 0.000000 106.725020 -0.089053 0.996027 0.000000 -2.695243 0.000000 0.000000 1.000000 0.000000
0.995412 0.095678 0.000000 107.110317 -0.095678 0.995412 0.000000 -2.733045 0.000000 0.000000 1.000000 0.000000
0.995053 0.099349 0.000000 107.516400 -0.099349 0.995053 0.000000 -2.776018 0.000000 0.000000 1.000000 0.000000
0.995121 0.098661 0.000000 107.900907 -0.098661 0.995121 0.000000 -2.825860 0.000000 0.000000 1.000000 0.000000
0.994783 0.102015 0.000000 108.278041 -0.102015 0.994783 0.000000 -2.863845 0.000000 0.000000 1.000000 0.000000
0.994391 0.105767 0.000000 108.693208 -0.105767 0.994391 0.000000 -2.917356 0.000000 0.000000 1.000000 0.000000
0.993897 0.110310 0.000000 109.090654 -0.110310 0.993897 0.000000 -2.966557 0.000000 0.000000 1.000000 0.000000
0.993516 0.113690 0.000000 109.658639 -0.113690 0.993516 0.000000 -3.052197 0.000000 0.000000 1.000000 0.000000
0.993272 0.115804 0.000000 110.074348 -0.115804 0.993272 0.000000 -3.110281 0.000000 0.000000 1.000000 0.000000
0.993050 0.117696 0.000000 110.486063 -0.117696 0.993050 0.000000 -3.176854 0.000000 0.000000 1.000000 0.000000
0.992800 0.119784 0.000000 110.907130 -0.119784 0.992800 0.000000 -3.232772 0.000000 0.000000 1.000000 0.000000
0.992518 0.122101 0.000000 111.325926 -0.122101 0.992518 0.000000 -3.301411 0.000000 0.000000 1.000000 0.000000
0.992464 0.122535 0.000000 111.744382 -0.122535 0.992464 0.000000 -3.361722 0.000000 0.000000 1.000000 0.000000
0.992384 0.123179 0.000000 112.161162 -0.123179 0.992384 0.000000 -3.430829 0.000000 0.000000 1.000000 0.000000
0.992074 0.125655 0.000000 112.584321 -0.125655 0.992074 0.000000 -3.494994 0.000000 0.000000 1.000000 0.000000
0.991226 0.132179 0.000000 113.315934 -0.132179 0.991226 0.000000 -3.614452 0.000000 0.000000 1.000000 0.000000
0.991210 0.132301 0.000000 113.733844 -0.132301 0.991210 0.000000 -3.694214 0.000000 0.000000 1.000000 0.000000
0.991360 0.131172 0.000000 114.166320 -0.131172 0.991360 0.000000 -3.769580 0.000000 0.000000 1.000000 0.000000
0.991448 0.130503 0.000000 114.593431 -0.130503 0.991448 0.000000 -3.841110 0.000000 0.000000 1.000000 0.000000
0.991568 0.129585 0.000000 115.029308 -0.129585 0.991568 0.000000 -3.905899 0.000000 0.000000 1.000000 0.000000
0.991032 0.133626 0.000000 115.467075 -0.133626 0.991032 0.000000 -3.961784 0.000000 0.000000 1.000000 0.000000
0.991136 0.132853 0.000000 115.908121 -0.132853 0.991136 0.000000 -4.031585 0.000000 0.000000 1.000000 0.000000
0.991177 0.132549 0.000000 116.350477 -0.132549 0.991177 0.000000 -4.098452 0.000000 0.000000 1.000000 0.000000
0.991104 0.133088 0.000000 116.793840 -0.133088 0.991104 0.000000 -4.168058 0.000000 0.000000 1.000000 0.000000
0.990895 0.134637 0.000000 117.243386 -0.134637 0.990895 0.000000 -4.241432 0.000000 0.000000 1.000000 0.000000
0.990305 0.138912 0.000000 117.689527 -0.138912 0.990305 0.000000 -4.317450 0.000000 0.000000 1.000000 0.000000
0.990260 0.139234 0.000000 118.512764 -0.139234 0.990260 0.000000 -4.455198 0.000000 0.000000 1.000000 0.000000
0.990314 0.138843 0.000000 118.965098 -0.138843 0.990314 0.000000 -4.534337 0.000000 0.000000 1.000000 0.000000
0.990174 0.139839 0.000000 119.418698 -0.139839 0.990174 0.000000 -4.607595 0.000000 0.000000 1.000000 0.000000
0.989927 0.141582 0.000000 119.874838 -0.141582 0.989927 0.000000 -4.694675 0.000000 0.000000 1.000000 0.000000
0.989580 0.143983 0.000000 120.332973 -0.143983 0.989580 0.000000 -4.780124 0.000000 0.000000 1.000000 0.000000
0.989424 0.145051 0.000000 120.790338 -0.145051 0.989424 0.000000 -4.864719 0.000000 0.000000 1.000000 0.000000
0.989288 0.145974 0.000000 121.255697 -0.145974 0.989288 0.000000 -4.951913 0.000000 0.000000 1.000000 0.000000
0.988780 0.149376 0.000000 121.720321 -0.149376 0.988780 0.000000 -5.035922 0.000000 0.000000 1.000000 0.000000
0.988245 0.152881 0.000000 122.223944 -0.152881 0.988245 0.000000 -5.125580 0.000000 0.000000 1.000000 0.000000
0.987791 0.155784 0.000000 122.668008 -0.155784 0.987791 0.000000 -5.206653 0.000000 0.000000 1.000000 0.000000
0.987875 0.155251 0.000000 123.175857 -0.155251 0.987875 0.000000 -5.307522 0.000000 0.000000 1.000000 0.000000
0.987730 0.156168 0.000000 123.651464 -0.156168 0.987730 0.000000 -5.400201 0.000000 0.000000 1.000000 0.000000
0.987374 0.158407 0.000000 124.119473 -0.158407 0.987374 0.000000 -5.490073 0.000000 0.000000 1.000000 0.000000
0.987697 0.156380 0.000000 124.585588 -0.156380 0.987697 0.000000 -5.589346 0.000000 0.000000 1.000000 0.000000
0.987141 0.159851 0.000000 125.062318 -0.159851 0.987141 0.000000 -5.673500 0.000000 0.000000 1.000000 0.000000
0.986814 0.161858 0.000000 125.528911 -0.161858 0.986814 0.000000 -5.766607 0.000000 0.000000 1.000000 0.000000
0.986231 0.165376 0.000000 126.000346 -0.165376 0.986231 0.000000 -5.862928 0.000000 0.000000 1.000000 0.000000
0.985235 0.171209 0.000000 126.476818 -0.171209 0.985235 0.000000 -5.958615 0.000000 0.000000 1.000000 0.000000
0.985051 0.172265 0.000000 126.925993 -0.172265 0.985051 0.000000 -6.047777 0.000000 0.000000 1.000000 0.000000
0.984998 0.172564 0.000000 127.405861 -0.172564 0.984998 0.000000 -6.139882 0.000000 0.000000 1.000000 0.000000
0.984693 0.174300 0.000000 127.882412 -0.174300 0.984693 0.000000 -6.236934 0.000000 0.000000 1.000000 0.000000
0.984637 0.174616 0.000000 128.671355 -0.174616 0.984637 0.000000 -6.394734 0.000000 0.000000 1.000000 0.000000
0.984546 0.175124 0.000000 129.156913 -0.175124 0.984546 0.000000 -6.495228 0.000000 0.000000 1.000000 0.000000
0.986369 0.164548 0.000000 130.132648 -0.164548 0.986369 0.000000 -6.702940 0.000000 0.000000 1.000000 0.000000
0.986118 0.166045 0.000000 130.624793 -0.166045 0.986118 0.000000 -6.797389 0.000000 0.000000 1.000000 0.000000
0.986101 0.166147 0.000000 131.122987 -0.166147 0.986101 0.000000 -6.895403 0.000000 0.000000 1.000000 0.000000
0.985920 0.167219 0.000000 131.626886 -0.167219 0.985920 0.000000 -6.992605 0.000000 0.000000 1.000000 0.000000
0.986156 0.165818 0.000000 132.124992 -0.165818 0.986156 0.000000 -7.091467 0.000000 0.000000 1.000000 0.000000
0.985944 0.167073 0.000000 132.623138 -0.167073 0.985944 0.000000 -7.181724 0.000000 0.000000 1.000000 0.000000
0.985955 0.167009 0.000000 133.159254 -0.167009 0.985955 0.000000 -7.285088 0.000000 0.000000 1.000000 0.000000
0.985528 0.169513 0.000000 133.644332 -0.169513 0.985528 0.000000 -7.375456 0.000000 0.000000 1.000000 0.000000
0.985248 0.171134 0.000000 134.156010 -0.171134 0.985248 0.000000 -7.473316 0.000000 0.000000 1.000000 0.000000
0.985450 0.169964 0.000000 134.669249 -0.169964 0.985450 0.000000 -7.567158 0.000000 0.000000 1.000000 0.000000
0.986064 0.166369 0.000000 135.150439 -0.166369 0.986064 0.000000 -7.668265 0.000000 0.000000 1.000000 0.000000
0.986006 0.166708 0.000000 135.661451 -0.166708 0.986006 0.000000 -7.763704 0.000000 0.000000 1.000000 0.000000
0.985969 0.166926 0.000000 136.183799 -0.166926 0.985969 0.000000 -7.859996 0.000000 0.000000 1.000000 0.000000
0.985496 0.169698 0.000000 136.669937 -0.169698 0.985496 0.000000 -7.943085 0.000000 0.000000 1.000000 0.000000
0.986091 0.166204 0.000000 137.191028 -0.166204 0.986091 0.000000 -8.030555 0.000000 0.000000 1.000000 0.000000
0.985498 0.169689 0.000000 137.724060 -0.169689 0.985498 0.000000 -8.137681 0.000000 0.000000 1.000000 0.000000
0.985132 0.171797 0.000000 138.357108 -0.171797 0.985132 0.000000 -8.253888 0.000000 0.000000 1.000000 0.000000
0.984901 0.173121 0.000000 138.920032 -0.173121 0.984901 0.000000 -8.361094 0.000000 0.000000 1.000000 0.000000
0.984489 0.175448 0.000000 139.408680 -0.175448 0.984489 0.000000 -8.452339 0.000000 0.000000 1.000000 0.000000
0.984447 0.175681 0.000000 139.933100 -0.175681 0.984447 0.000000 -8.562310 0.000000 0.000000 1.000000 0.000000
0.983548 0.180648 0.000000 140.468855 -0.180648 0.983548 0.000000 -8.672031 0.000000 0.000000 1.000000 0.000000
0.983059 0.183290 0.000000 141.005786 -0.183290 0.983059 0.000000 -8.784854 0.000000 0.000000 1.000000 0.000000
0.981915 0.189323 0.000000 144.817151 -0.189323 0.981915 0.000000 -9.618662 0.000000 0.000000 1.000000 0.000000
0.982115 0.188283 0.000000 145.339395 -0.188283 0.982115 0.000000 -9.724872 0.000000 0.000000 1.000000 0.000000
0.982849 0.184411 0.000000 146.494030 -0.184411 0.982849 0.000000 -9.970037 0.000000 0.000000 1.000000 0.000000
0.981707 0.190396 0.000000 147.610906 -0.190396 0.981707 0.000000 -10.223293 0.000000 0.000000 1.000000 0.000000
0.981502 0.191451 0.000000 148.174396 -0.191451 0.981502 0.000000 -10.350109 0.000000 0.000000 1.000000 0.000000
0.981334 0.192310 0.000000 148.736285 -0.192310 0.981334 0.000000 -10.479688 0.000000 0.000000 1.000000 0.000000
0.981239 0.192796 0.000000 149.305110 -0.192796 0.981239 0.000000 -10.606702 0.000000 0.000000 1.000000 0.000000
0.981521 0.191353 0.000000 149.874692 -0.191353 0.981521 0.000000 -10.750473 0.000000 0.000000 1.000000 0.000000
0.982297 0.187329 0.000000 150.449774 -0.187329 0.982297 0.000000 -10.885550 0.000000 0.000000 1.000000 0.000000
0.981653 0.190675 0.000000 151.024439 -0.190675 0.981653 0.000000 -11.016424 0.000000 0.000000 1.000000 0.000000
0.981617 0.190861 0.000000 151.604325 -0.190861 0.981617 0.000000 -11.145953 0.000000 0.000000 1.000000 0.000000
0.981804 0.189895 0.000000 152.175451 -0.189895 0.981804 0.000000 -11.289220 0.000000 0.000000 1.000000 0.000000
0.981683 0.190519 0.000000 153.092593 -0.190519 0.981683 0.000000 -11.506800 0.000000 0.000000 1.000000 0.000000
0.981036 0.193826 0.000000 153.670637 -0.193826 0.981036 0.000000 -11.638987 0.000000 0.000000 1.000000 0.000000
0.981439 0.191775 0.000000 154.229870 -0.191775 0.981439 0.000000 -11.784556 0.000000 0.000000 1.000000 0.000000
0.980977 0.194122 0.000000 154.805107 -0.194122 0.980977 0.000000 -11.920893 0.000000 0.000000 1.000000 0.000000
0.980639 0.195823 0.000000 155.419047 -0.195823 0.980639 0.000000 -12.066944 0.000000 0.000000 1.000000 0.000000
0.980220 0.197910 0.000000 155.947231 -0.197910 0.980220 0.000000 -12.191411 0.000000 0.000000 1.000000 0.000000
0.980104 0.198484 0.000000 156.550930 -0.198484 0.980104 0.000000 -12.349395 0.000000 0.000000 1.000000 0.000000
0.980221 0.197904 0.000000 157.118584 -0.197904 0.980221 0.000000 -12.492401 0.000000 0.000000 1.000000 0.000000
0.980285 0.197587 0.000000 157.698272 -0.197587 0.980285 0.000000 -12.627716 0.000000 0.000000 1.000000 0.000000
0.980411 0.196962 0.000000 158.269964 -0.196962 0.980411 0.000000 -12.752210 0.000000 0.000000 1.000000 0.000000
0.980444 0.196797 0.000000 158.835510 -0.196797 0.980444 0.000000 -12.880489 0.000000 0.000000 1.000000 0.000000
0.980788 0.195078 0.000000 159.403649 -0.195078 0.980788 0.000000 -13.008660 0.000000 0.000000 1.000000 0.000000
0.981038 0.193814 0.000000 159.974972 -0.193814 0.981038 0.000000 -13.131230 0.000000 0.000000 1.000000 0.000000
0.980962 0.194200 0.000000 160.541757 -0.194200 0.980962 0.000000 -13.249343 0.000000 0.000000 1.000000 0.000000
0.981302 0.192473 0.000000 161.116893 -0.192473 0.981302 0.000000 -13.380343 0.000000 0.000000 1.000000 0.000000
0.980645 0.195793 0.000000 161.689182 -0.195793 0.980645 0.000000 -13.501658 0.000000 0.000000 1.000000 0.000000
0.980247 0.197778 0.000000 162.821872 -0.197778 0.980247 0.000000 -13.756204 0.000000 0.000000 1.000000 0.000000
0.980134 0.198335 0.000000 163.393623 -0.198335 0.980134 0.000000 -13.884260 0.000000 0.000000 1.000000 0.000000
0.980255 0.197740 0.000000 163.924884 -0.197740 0.980255 0.000000 -14.006627 0.000000 0.000000 1.000000 0.000000
0.980040 0.198801 0.000000 164.514847 -0.198801 0.980040 0.000000 -14.138962 0.000000 0.000000 1.000000 0.000000
0.979732 0.200313 0.000000 165.076920 -0.200313 0.979732 0.000000 -14.259861 0.000000 0.000000 1.000000 0.000000
0.980033 0.198835 0.000000 166.186508 -0.198835 0.980033 0.000000 -14.513746 0.000000 0.000000 1.000000 0.000000
0.980214 0.197940 0.000000 166.753619 -0.197940 0.980214 0.000000 -14.638914 0.000000 0.000000 1.000000 0.000000
0.979936 0.199313 0.000000 167.287806 -0.199313 0.979936 0.000000 -14.766424 0.000000 0.000000 1.000000 0.000000
0.979759 0.200178 0.000000 167.851320 -0.200178 0.979759 0.000000 -14.893718 0.000000 0.000000 1.000000 0.000000
0.980049 0.198757 0.000000 168.422817 -0.198757 0.980049 0.000000 -15.023268 0.000000 0.000000 1.000000 0.000000
0.979826 0.199850 0.000000 168.961118 -0.199850 0.979826 0.000000 -15.132977 0.000000 0.000000 1.000000 0.000000
0.979424 0.201815 0.000000 169.720277 -0.201815 0.979424 0.000000 -15.293697 0.000000 0.000000 1.000000 0.000000
0.978545 0.206034 0.000000 170.293378 -0.206034 0.978545 0.000000 -15.407677 0.000000 0.000000 1.000000 0.000000
0.978396 0.206741 0.000000 170.863766 -0.206741 0.978396 0.000000 -15.530709 0.000000 0.000000 1.000000 0.000000
0.977418 0.211316 0.000000 171.475470 -0.211316 0.977418 0.000000 -15.656951 0.000000 0.000000 1.000000 0.000000
0.977473 0.211060 0.000000 172.015446 -0.211060 0.977473 0.000000 -15.775546 0.000000 0.000000 1.000000 0.000000
0.978101 0.208132 0.000000 172.625038 -0.208132 0.978101 0.000000 -15.925578 0.000000 0.000000 1.000000 0.000000
0.977320 0.211770 0.000000 173.198998 -0.211770 0.977320 0.000000 -16.052870 0.000000 0.000000 1.000000 0.000000
0.977853 0.209292 0.000000 173.774738 -0.209292 0.977853 0.000000 -16.185224 0.000000 0.000000 1.000000 0.000000
0.976894 0.213725 0.000000 174.359649 -0.213725 0.976894 0.000000 -16.312634 0.000000 0.000000 1.000000 0.000000
0.977518 0.210854 0.000000 174.927206 -0.210854 0.977518 0.000000 -16.450101 0.000000 0.000000 1.000000 0.000000
0.977778 0.209643 0.000000 175.508158 -0.209643 0.977778 0.000000 -16.583122 0.000000 0.000000 1.000000 0.000000
0.977639 0.210289 0.000000 176.081817 -0.210289 0.977639 0.000000 -16.722336 0.000000 0.000000 1.000000 0.000000
0.978695 0.205318 0.000000 176.661967 -0.205318 0.978695 0.000000 -16.867964 0.000000 0.000000 1.000000 0.000000
0.979486 0.201513 0.000000 177.232862 -0.201513 0.979486 0.000000 -17.008906 0.000000 0.000000 1.000000 0.000000
0.979315 0.202342 0.000000 177.809156 -0.202342 0.979315 0.000000 -17.136787 0.000000 0.000000 1.000000 0.000000
0.978844 0.204606 0.000000 178.381048 -0.204606 0.978844 0.000000 -17.272422 0.000000 0.000000 1.000000 0.000000
0.978668 0.205450 0.000000 178.951141 -0.205450 0.978668 0.000000 -17.401956 0.000000 0.000000 1.000000 0.000000
0.978422 0.206614 0.000000 179.488166 -0.206614 0.978422 0.000000 -17.533576 0.000000 0.000000 1.000000 0.000000
0.978446 0.206505 0.000000 180.103205 -0.206505 0.978446 0.000000 -17.678345 0.000000 0.000000 1.000000 0.000000
0.978932 0.204185 0.000000 180.634768 -0.204185 0.978932 0.000000 -17.801345 0.000000 0.000000 1.000000 0.000000
0.978795 0.204840 0.000000 181.215900 -0.204840 0.978795 0.000000 -17.936538 0.000000 0.000000 1.000000 0.000000
0.978662 0.205478 0.000000 181.801718 -0.205478 0.978662 0.000000 -18.067345 0.000000 0.000000 1.000000 0.000000
0.978098 0.208146 0.000000 182.386302 -0.208146 0.978098 0.000000 -18.204493 0.000000 0.000000 1.000000 0.000000
0.976525 0.215405 0.000000 182.964138 -0.215405 0.976525 0.000000 -18.337918 0.000000 0.000000 1.000000 0.000000
0.976557 0.215259 0.000000 183.537075 -0.215259 0.976557 0.000000 -18.469473 0.000000 0.000000 1.000000 0.000000
0.976687 0.214666 0.000000 184.113478 -0.214666 0.976687 0.000000 -18.607485 0.000000 0.000000 1.000000 0.000000
0.976746 0.214402 0.000000 184.692484 -0.214402 0.976746 0.000000 -18.747744 0.000000 0.000000 1.000000 0.000000
0.976660 0.214791 0.000000 185.274819 -0.214791 0.976660 0.000000 -18.891829 0.000000 0.000000 1.000000 0.000000
0.976262 0.216591 0.000000 185.860808 -0.216591 0.976262 0.000000 -19.032532 0.000000 0.000000 1.000000 0.000000
0.976654 0.214819 0.000000 186.436261 -0.214819 0.976654 0.000000 -19.174513 0.000000 0.000000 1.000000 0.000000
0.976734 0.214456 0.000000 187.016118 -0.214456 0.976734 0.000000 -19.315153 0.000000 0.000000 1.000000 0.000000
0.976204 0.216854 0.000000 187.597028 -0.216854 0.976204 0.000000 -19.448364 0.000000 0.000000 1.000000 0.000000
0.976021 0.217676 0.000000 188.144263 -0.217676 0.976021 0.000000 -19.576649 0.000000 0.000000 1.000000 0.000000
0.976128 0.217197 0.000000 188.714265 -0.217197 0.976128 0.000000 -19.719849 0.000000 0.000000 1.000000 0.000000
0.976117 0.217244 0.000000 189.293624 -0.217244 0.976117 0.000000 -19.857030 0.000000 0.000000 1.000000 0.000000
0.976074 0.217439 0.000000 189.847990 -0.217439 0.976074 0.000000 -19.992593 0.000000 0.000000 1.000000 0.000000
0.976684 0.214682 0.000000 190.415956 -0.214682 0.976684 0.000000 -20.135170 0.000000 0.000000 1.000000 0.000000
0.976281 0.216509 0.000000 190.993540 -0.216509 0.976281 0.000000 -20.280866 0.000000 0.000000 1.000000 0.000000
0.977052 0.213002 0.000000 191.537484 -0.213002 0.977052 0.000000 -20.416009 0.000000 0.000000 1.000000 0.000000
0.977067 0.212931 0.000000 192.102398 -0.212931 0.977067 0.000000 -20.557454 0.000000 0.000000 1.000000 0.000000
0.976305 0.216399 0.000000 192.674653 -0.216399 0.976305 0.000000 -20.694031 0.000000 0.000000 1.000000 0.000000
0.976389 0.216021 0.000000 193.213348 -0.216021 0.976389 0.000000 -20.820019 0.000000 0.000000 1.000000 0.000000
0.975992 0.217805 0.000000 193.789950 -0.217805 0.975992 0.000000 -20.955278 0.000000 0.000000 1.000000 0.000000
0.975736 0.218953 0.000000 194.354454 -0.218953 0.975736 0.000000 -21.089350 0.000000 0.000000 1.000000 0.000000
0.975621 0.219460 0.000000 195.178510 -0.219460 0.975621 0.000000 -21.304852 0.000000 0.000000 1.000000 0.000000
0.975295 0.220904 0.000000 195.741823 -0.220904 0.975295 0.000000 -21.435440 0.000000 0.000000 1.000000 0.000000
0.975131 0.221629 0.000000 196.311977 -0.221629 0.975131 0.000000 -21.569575 0.000000 0.000000 1.000000 0.000000
0.975406 0.220417 0.000000 196.879753 -0.220417 0.975406 0.000000 -21.710413 0.000000 0.000000 1.000000 0.000000
0.975229 0.221200 0.000000 197.448729 -0.221200 0.975229 0.000000 -21.855005 0.000000 0.000000 1.000000 0.000000
0.975591 0.219596 0.000000 198.020958 -0.219596 0.975591 0.000000 -21.984009 0.000000 0.000000 1.000000 0.000000
0.976370 0.216104 0.000000 198.582307 -0.216104 0.976370 0.000000 -22.127699 0.000000 0.000000 1.000000 0.000000
0.976238 0.216701 0.000000 199.165497 -0.216701 0.976238 0.000000 -22.266299 0.000000 0.000000 1.000000 0.000000
0.976214 0.216811 0.000000 199.669448 -0.216811 0.976214 0.000000 -22.390078 0.000000 0.000000 1.000000 0.000000
0.975958 0.217960 0.000000 200.656066 -0.217960 0.975958 0.000000 -22.634807 0.000000 0.000000 1.000000 0.000000
0.975926 0.218101 0.000000 201.225853 -0.218101 0.975926 0.000000 -22.769504 0.000000 0.000000 1.000000 0.000000
0.975824 0.218560 0.000000 201.944024 -0.218560 0.975824 0.000000 -22.947858 0.000000 0.000000 1.000000 0.000000
0.975722 0.219013 0.000000 202.663440 -0.219013 0.975722 0.000000 -23.126029 0.000000 0.000000 1.000000 0.000000
0.975267 0.221031 0.000000 203.628966 -0.221031 0.975267 0.000000 -23.372783 0.000000 0.000000 1.000000 0.000000
0.975433 0.220298 0.000000 204.191108 -0.220298 0.975433 0.000000 -23.512614 0.000000 0.000000 1.000000 0.000000
0.975534 0.219850 0.000000 204.767597 -0.219850 0.975534 0.000000 -23.660108 0.000000 0.000000 1.000000 0.000000
0.975462 0.220168 0.000000 205.328319 -0.220168 0.975462 0.000000 -23.802381 0.000000 0.000000 1.000000 0.000000
0.975331 0.220750 0.000000 205.861716 -0.220750 0.975331 0.000000 -23.933791 0.000000 0.000000 1.000000 0.000000
0.975872 0.218345 0.000000 206.430078 -0.218345 0.975872 0.000000 -24.074569 0.000000 0.000000 1.000000 0.000000
0.975187 0.221383 0.000000 206.986864 -0.221383 0.975187 0.000000 -24.213657 0.000000 0.000000 1.000000 0.000000
0.975102 0.221757 0.000000 207.787386 -0.221757 0.975102 0.000000 -24.426188 0.000000 0.000000 1.000000 0.000000
0.975489 0.220049 0.000000 208.353516 -0.220049 0.975489 0.000000 -24.569003 0.000000 0.000000 1.000000 0.000000
0.975579 0.219651 0.000000 208.918790 -0.219651 0.975579 0.000000 -24.709165 0.000000 0.000000 1.000000 0.000000
0.975493 0.220031 0.000000 209.478453 -0.220031 0.975493 0.000000 -24.846381 0.000000 0.000000 1.000000 0.000000
0.976348 0.216207 0.000000 210.071770 -0.216207 0.976348 0.000000 -24.988447 0.000000 0.000000 1.000000 0.000000
0.976299 0.216428 0.000000 210.595175 -0.216428 0.976299 0.000000 -25.114755 0.000000 0.000000 1.000000 0.000000
0.976188 0.216925 0.000000 211.197789 -0.216925 0.976188 0.000000 -25.259615 0.000000 0.000000 1.000000 0.000000
0.976341 0.216237 0.000000 211.731276 -0.216237 0.976341 0.000000 -25.391084 0.000000 0.000000 1.000000 0.000000
0.976357 0.216164 0.000000 212.323500 -0.216164 0.976357 0.000000 -25.543355 0.000000 0.000000 1.000000 0.000000
0.976489 0.215566 0.000000 212.877283 -0.215566 0.976489 0.000000 -25.683082 0.000000 0.000000 1.000000 0.000000
0.976295 0.216444 0.000000 213.432852 -0.216444 0.976295 0.000000 -25.814438 0.000000 0.000000 1.000000 0.000000
0.976884 0.213769 0.000000 213.995728 -0.213769 0.976884 0.000000 -25.954301 0.000000 0.000000 1.000000 0.000000
0.976690 0.214655 0.000000 214.537255 -0.214655 0.976690 0.000000 -26.085483 0.000000 0.000000 1.000000 0.000000
0.976706 0.214582 0.000000 215.093601 -0.214582 0.976706 0.000000 -26.215031 0.000000 0.000000 1.000000 0.000000
0.977114 0.212715 0.000000 215.655722 -0.212715 0.977114 0.000000 -26.350551 0.000000 0.000000 1.000000 0.000000
0.977441 0.211207 0.000000 216.206130 -0.211207 0.977441 0.000000 -26.484855 0.000000 0.000000 1.000000 0.000000
0.975947 0.218007 0.000000 216.758675 -0.218007 0.975947 0.000000 -26.619699 0.000000 0.000000 1.000000 0.000000
0.976295 0.216444 0.000000 217.314704 -0.216444 0.976295 0.000000 -26.753977 0.000000 0.000000 1.000000 0.000000
0.977036 0.213073 0.000000 217.898880 -0.213073 0.977036 0.000000 -26.895587 0.000000 0.000000 1.000000 0.000000
0.977491 0.210977 0.000000 218.448594 -0.210977 0.977491 0.000000 -27.023312 0.000000 0.000000 1.000000 0.000000
0.978205 0.207644 0.000000 219.003813 -0.207644 0.978205 0.000000 -27.149955 0.000000 0.000000 1.000000 0.000000
0.978248 0.207439 0.000000 219.525738 -0.207439 0.978248 0.000000 -27.275022 0.000000 0.000000 1.000000 0.000000
0.978438 0.206540 0.000000 220.078077 -0.206540 0.978438 0.000000 -27.405601 0.000000 0.000000 1.000000 0.000000
0.978082 0.208222 0.000000 220.668820 -0.208222 0.978082 0.000000 -27.541083 0.000000 0.000000 1.000000 0.000000
0.978429 0.206584 0.000000 221.228020 -0.206584 0.978429 0.000000 -27.672731 0.000000 0.000000 1.000000 0.000000
0.978950 0.204101 0.000000 221.779216 -0.204101 0.978950 0.000000 -27.803575 0.000000 0.000000 1.000000 0.000000
0.979164 0.203070 0.000000 222.308184 -0.203070 0.979164 0.000000 -27.930819 0.000000 0.000000 1.000000 0.000000
0.979877 0.199601 0.000000 223.392159 -0.199601 0.979877 0.000000 -28.184967 0.000000 0.000000 1.000000 0.000000
0.980547 0.196285 0.000000 223.929738 -0.196285 0.980547 0.000000 -28.313356 0.000000 0.000000 1.000000 0.000000
0.980774 0.195146 0.000000 224.466976 -0.195146 0.980774 0.000000 -28.436156 0.000000 0.000000 1.000000 0.000000
0.980917 0.194429 0.000000 224.983294 -0.194429 0.980917 0.000000 -28.550539 0.000000 0.000000 1.000000 0.000000
0.980854 0.194746 0.000000 225.535714 -0.194746 0.980854 0.000000 -28.670074 0.000000 0.000000 1.000000 0.000000
0.981068 0.193661 0.000000 226.074981 -0.193661 0.981068 0.000000 -28.784347 0.000000 0.000000 1.000000 0.000000
0.981414 0.191905 0.000000 226.616540 -0.191905 0.981414 0.000000 -28.905068 0.000000 0.000000 1.000000 0.000000
0.981604 0.190926 0.000000 227.118761 -0.190926 0.981604 0.000000 -29.012343 0.000000 0.000000 1.000000 0.000000
0.981974 0.189014 0.000000 227.652690 -0.189014 0.981974 0.000000 -29.133784 0.000000 0.000000 1.000000 0.000000
0.981815 0.189841 0.000000 228.156740 -0.189841 0.981815 0.000000 -29.241825 0.000000 0.000000 1.000000 0.000000
0.981823 0.189798 0.000000 228.682881 -0.189798 0.981823 0.000000 -29.355058 0.000000 0.000000 1.000000 0.000000
0.982132 0.188193 0.000000 229.212617 -0.188193 0.982132 0.000000 -29.468232 0.000000 0.000000 1.000000 0.000000
0.982404 0.186768 0.000000 229.740904 -0.186768 0.982404 0.000000 -29.581589 0.000000 0.000000 1.000000 0.000000
0.982721 0.185094 0.000000 230.234648 -0.185094 0.982721 0.000000 -29.695362 0.000000 0.000000 1.000000 0.000000
0.982795 0.184697 0.000000 230.768283 -0.184697 0.982795 0.000000 -29.806444 0.000000 0.000000 1.000000 0.000000
0.983116 0.182982 0.000000 231.426454 -0.182982 0.983116 0.000000 -29.951247 0.000000 0.000000 1.000000 0.000000
0.983216 0.182444 0.000000 232.058228 -0.182444 0.983216 0.000000 -30.083006 0.000000 0.000000 1.000000 0.000000
0.983331 0.181825 0.000000 232.588759 -0.181825 0.983331 0.000000 -30.187160 0.000000 0.000000 1.000000 0.000000
0.983412 0.181386 0.000000 233.123978 -0.181386 0.983412 0.000000 -30.290653 0.000000 0.000000 1.000000 0.000000
0.983507 0.180868 0.000000 233.650609 -0.180868 0.983507 0.000000 -30.402827 0.000000 0.000000 1.000000 0.000000
0.984024 0.178038 0.000000 234.177301 -0.178038 0.984024 0.000000 -30.510013 0.000000 0.000000 1.000000 0.000000
0.984353 0.176210 0.000000 234.703345 -0.176210 0.984353 0.000000 -30.615645 0.000000 0.000000 1.000000 0.000000
0.985007 0.172512 0.000000 235.605903 -0.172512 0.985007 0.000000 -30.806199 0.000000 0.000000 1.000000 0.000000
0.984795 0.173721 0.000000 236.138566 -0.173721 0.984795 0.000000 -30.910793 0.000000 0.000000 1.000000 0.000000
0.985025 0.172410 0.000000 236.628808 -0.172410 0.985025 0.000000 -31.015158 0.000000 0.000000 1.000000 0.000000
0.984485 0.175468 0.000000 237.153453 -0.175468 0.984485 0.000000 -31.116946 0.000000 0.000000 1.000000 0.000000
0.984231 0.176886 0.000000 237.676199 -0.176886 0.984231 0.000000 -31.221640 0.000000 0.000000 1.000000 0.000000
0.984112 0.177549 0.000000 238.198503 -0.177549 0.984112 0.000000 -31.322147 0.000000 0.000000 1.000000 0.000000
0.984493 0.175426 0.000000 238.725108 -0.175426 0.984493 0.000000 -31.437822 0.000000 0.000000 1.000000 0.000000
0.984531 0.175210 0.000000 239.244868 -0.175210 0.984531 0.000000 -31.550362 0.000000 0.000000 1.000000 0.000000
0.984233 0.176877 0.000000 239.765703 -0.176877 0.984233 0.000000 -31.652208 0.000000 0.000000 1.000000 0.000000
0.983820 0.179162 0.000000 240.293505 -0.179162 0.983820 0.000000 -31.761233 0.000000 0.000000 1.000000 0.000000
0.983851 0.178987 0.000000 240.810866 -0.178987 0.983851 0.000000 -31.879674 0.000000 0.000000 1.000000 0.000000
0.983399 0.181454 0.000000 241.337298 -0.181454 0.983399 0.000000 -31.991327 0.000000 0.000000 1.000000 0.000000
0.983609 0.180316 0.000000 241.860318 -0.180316 0.983609 0.000000 -32.109831 0.000000 0.000000 1.000000 0.000000
0.983133 0.182892 0.000000 242.377081 -0.182892 0.983133 0.000000 -32.218969 0.000000 0.000000 1.000000 0.000000
0.983269 0.182162 0.000000 242.897810 -0.182162 0.983269 0.000000 -32.337621 0.000000 0.000000 1.000000 0.000000
0.983129 0.182913 0.000000 243.417231 -0.182913 0.983129 0.000000 -32.448342 0.000000 0.000000 1.000000 0.000000
0.983335 0.181805 0.000000 243.971388 -0.181805 0.983335 0.000000 -32.569594 0.000000 0.000000 1.000000 0.000000
0.983259 0.182215 0.000000 244.458420 -0.182215 0.983259 0.000000 -32.676994 0.000000 0.000000 1.000000 0.000000
0.983131 0.182903 0.000000 244.975633 -0.182903 0.983131 0.000000 -32.792078 0.000000 0.000000 1.000000 0.000000
0.982591 0.185784 0.000000 245.498537 -0.185784 0.982591 0.000000 -32.906011 0.000000 0.000000 1.000000 0.000000
0.982359 0.187003 0.000000 246.018990 -0.187003 0.982359 0.000000 -33.025574 0.000000 0.000000 1.000000 0.000000
0.982473 0.186404 0.000000 246.540027 -0.186404 0.982473 0.000000 -33.144704 0.000000 0.000000 1.000000 0.000000
0.982421 0.186677 0.000000 247.059760 -0.186677 0.982421 0.000000 -33.254151 0.000000 0.000000 1.000000 0.000000
0.982232 0.187672 0.000000 247.578401 -0.187672 0.982232 0.000000 -33.368417 0.000000 0.000000 1.000000 0.000000
0.982114 0.188289 0.000000 248.099472 -0.188289 0.982114 0.000000 -33.487232 0.000000 0.000000 1.000000 0.000000
0.982031 0.188720 0.000000 248.618667 -0.188720 0.982031 0.000000 -33.606224 0.000000 0.000000 1.000000 0.000000
0.981292 0.192527 0.000000 249.171129 -0.192527 0.981292 0.000000 -33.726289 0.000000 0.000000 1.000000 0.000000
0.981018 0.193918 0.000000 249.673639 -0.193918 0.981018 0.000000 -33.843389 0.000000 0.000000 1.000000 0.000000
0.980509 0.196476 0.000000 250.152728 -0.196476 0.980509 0.000000 -33.959237 0.000000 0.000000 1.000000 0.000000
0.980160 0.198208 0.000000 250.662627 -0.198208 0.980160 0.000000 -34.081189 0.000000 0.000000 1.000000 0.000000
0.978334 0.207031 0.000000 251.690683 -0.207031 0.978334 0.000000 -34.306628 0.000000 0.000000 1.000000 0.000000
0.978014 0.208539 0.000000 252.202208 -0.208539 0.978014 0.000000 -34.429341 0.000000 0.000000 1.000000 0.000000
0.977542 0.210739 0.000000 252.918009 -0.210739 0.977542 0.000000 -34.602390 0.000000 0.000000 1.000000 0.000000
0.978138 0.207955 0.000000 253.900934 -0.207955 0.978138 0.000000 -34.838408 0.000000 0.000000 1.000000 0.000000
0.978061 0.208318 0.000000 254.407107 -0.208318 0.978061 0.000000 -34.962821 0.000000 0.000000 1.000000 0.000000
0.977480 0.211030 0.000000 254.913823 -0.211030 0.977480 0.000000 -35.075355 0.000000 0.000000 1.000000 0.000000
0.977305 0.211837 0.000000 255.411721 -0.211837 0.977305 0.000000 -35.199144 0.000000 0.000000 1.000000 0.000000
0.977028 0.213112 0.000000 255.925173 -0.213112 0.977028 0.000000 -35.321316 0.000000 0.000000 1.000000 0.000000
0.976740 0.214426 0.000000 256.425546 -0.214426 0.976740 0.000000 -35.451885 0.000000 0.000000 1.000000 0.000000
0.976110 0.217278 0.000000 256.927442 -0.217278 0.976110 0.000000 -35.575659 0.000000 0.000000 1.000000 0.000000
0.976122 0.217225 0.000000 257.427302 -0.217225 0.976122 0.000000 -35.700377 0.000000 0.000000 1.000000 0.000000
0.976457 0.215714 0.000000 257.927798 -0.215714 0.976457 0.000000 -35.820478 0.000000 0.000000 1.000000 0.000000
0.977665 0.210167 0.000000 258.424172 -0.210167 0.977665 0.000000 -35.936794 0.000000 0.000000 1.000000 0.000000
0.977716 0.209933 0.000000 258.888729 -0.209933 0.977716 0.000000 -36.036859 0.000000 0.000000 1.000000 0.000000
0.977659 0.210199 0.000000 259.398285 -0.210199 0.977659 0.000000 -36.140228 0.000000 0.000000 1.000000 0.000000
0.977388 0.211455 0.000000 259.887172 -0.211455 0.977388 0.000000 -36.247541 0.000000 0.000000 1.000000 0.000000
0.977403 0.211386 0.000000 260.374772 -0.211386 0.977403 0.000000 -36.355415 0.000000 0.000000 1.000000 0.000000
0.977516 0.210860 0.000000 260.873208 -0.210860 0.977516 0.000000 -36.470998 0.000000 0.000000 1.000000 0.000000
0.977870 0.209214 0.000000 261.360754 -0.209214 0.977870 0.000000 -36.580914 0.000000 0.000000 1.000000 0.000000
0.977701 0.210004 0.000000 261.850397 -0.210004 0.977701 0.000000 -36.697844 0.000000 0.000000 1.000000 0.000000
0.977287 0.211922 0.000000 262.327542 -0.211922 0.977287 0.000000 -36.809431 0.000000 0.000000 1.000000 0.000000
0.976709 0.214567 0.000000 262.812865 -0.214567 0.976709 0.000000 -36.924863 0.000000 0.000000 1.000000 0.000000
0.976085 0.217391 0.000000 263.285193 -0.217391 0.976085 0.000000 -37.039233 0.000000 0.000000 1.000000 0.000000
0.976270 0.216555 0.000000 263.763703 -0.216555 0.976270 0.000000 -37.160753 0.000000 0.000000 1.000000 0.000000
0.976740 0.214429 0.000000 264.229948 -0.214429 0.976740 0.000000 -37.272905 0.000000 0.000000 1.000000 0.000000
0.976574 0.215181 0.000000 264.657703 -0.215181 0.976574 0.000000 -37.369917 0.000000 0.000000 1.000000 0.000000
0.976240 0.216692 0.000000 265.111726 -0.216692 0.976240 0.000000 -37.482153 0.000000 0.000000 1.000000 0.000000
0.975909 0.218177 0.000000 265.572212 -0.218177 0.975909 0.000000 -37.595692 0.000000 0.000000 1.000000 0.000000
0.975945 0.218019 0.000000 266.016078 -0.218019 0.975945 0.000000 -37.703809 0.000000 0.000000 1.000000 0.000000
0.975964 0.217933 0.000000 266.472456 -0.217933 0.975964 0.000000 -37.809663 0.000000 0.000000 1.000000 0.000000
0.976117 0.217243 0.000000 266.913631 -0.217243 0.976117 0.000000 -37.914854 0.000000 0.000000 1.000000 0.000000
0.976477 0.215623 0.000000 267.345836 -0.215623 0.976477 0.000000 -38.025874 0.000000 0.000000 1.000000 0.000000
0.976276 0.216530 0.000000 267.775886 -0.216530 0.976276 0.000000 -38.132510 0.000000 0.000000 1.000000 0.000000
0.976611 0.215015 0.000000 268.219606 -0.215015 0.976611 0.000000 -38.238421 0.000000 0.000000 1.000000 0.000000
0.977192 0.212356 0.000000 268.783947 -0.212356 0.977192 0.000000 -38.365314 0.000000 0.000000 1.000000 0.000000
0.977158 0.212515 0.000000 269.200428 -0.212515 0.977158 0.000000 -38.456350 0.000000 0.000000 1.000000 0.000000
0.976630 0.214926 0.000000 269.622663 -0.214926 0.976630 0.000000 -38.540619 0.000000 0.000000 1.000000 0.000000
0.977313 0.211800 0.000000 270.032296 -0.211800 0.977313 0.000000 -38.646869 0.000000 0.000000 1.000000 0.000000
0.977162 0.212497 0.000000 270.447624 -0.212497 0.977162 0.000000 -38.736186 0.000000 0.000000 1.000000 0.000000
0.977619 0.210385 0.000000 270.838297 -0.210385 0.977619 0.000000 -38.825387 0.000000 0.000000 1.000000 0.000000
0.977356 0.211603 0.000000 271.240677 -0.211603 0.977356 0.000000 -38.916752 0.000000 0.000000 1.000000 0.000000
0.977073 0.212904 0.000000 271.658137 -0.212904 0.977073 0.000000 -39.013698 0.000000 0.000000 1.000000 0.000000
0.977222 0.212220 0.000000 272.042533 -0.212220 0.977222 0.000000 -39.107973 0.000000 0.000000 1.000000 0.000000
0.977078 0.212881 0.000000 272.429512 -0.212881 0.977078 0.000000 -39.191943 0.000000 0.000000 1.000000 0.000000
0.977378 0.211501 0.000000 272.809277 -0.211501 0.977378 0.000000 -39.291475 0.000000 0.000000 1.000000 0.000000
0.977519 0.210846 0.000000 273.185766 -0.210846 0.977519 0.000000 -39.380114 0.000000 0.000000 1.000000 0.000000
0.977248 0.212101 0.000000 273.564182 -0.212101 0.977248 0.000000 -39.469471 0.000000 0.000000 1.000000 0.000000
0.977107 0.212750 0.000000 273.933897 -0.212750 0.977107 0.000000 -39.561078 0.000000 0.000000 1.000000 0.000000
0.977211 0.212271 0.000000 274.296179 -0.212271 0.977211 0.000000 -39.650084 0.000000 0.000000 1.000000 0.000000
0.977274 0.211980 0.000000 274.659182 -0.211980 0.977274 0.000000 -39.734011 0.000000 0.000000 1.000000 0.000000
0.977600 0.210473 0.000000 275.019819 -0.210473 0.977600 0.000000 -39.813364 0.000000 0.000000 1.000000 0.000000
0.977412 0.211343 0.000000 275.367718 -0.211343 0.977412 0.000000 -39.887319 0.000000 0.000000 1.000000 0.000000
0.977265 0.212022 0.000000 275.720654 -0.212022 0.977265 0.000000 -39.965485 0.000000 0.000000 1.000000 0.000000
0.977332 0.211715 0.000000 276.063299 -0.211715 0.977332 0.000000 -40.051710 0.000000 0.000000 1.000000 0.000000
0.977445 0.211189 0.000000 276.739207 -0.211189 0.977445 0.000000 -40.217262 0.000000 0.000000 1.000000 0.000000
0.977305 0.211838 0.000000 277.068882 -0.211838 0.977305 0.000000 -40.296046 0.000000 0.000000 1.000000 0.000000
0.977384 0.211471 0.000000 277.397281 -0.211471 0.977384 0.000000 -40.377928 0.000000 0.000000 1.000000 0.000000
0.977362 0.211572 0.000000 277.715146 -0.211572 0.977362 0.000000 -40.450465 0.000000 0.000000 1.000000 0.000000
0.977394 0.211428 0.000000 278.035873 -0.211428 0.977394 0.000000 -40.522227 0.000000 0.000000 1.000000 0.000000
0.976804 0.214136 0.000000 278.641297 -0.214136 0.976804 0.000000 -40.663427 0.000000 0.000000 1.000000 0.000000
0.976781 0.214241 0.000000 278.942059 -0.214241 0.976781 0.000000 -40.731232 0.000000 0.000000 1.000000 0.000000
0.977068 0.212925 0.000000 279.222883 -0.212925 0.977068 0.000000 -40.803145 0.000000 0.000000 1.000000 0.000000
0.977445 0.211191 0.000000 279.505915 -0.211191 0.977445 0.000000 -40.882492 0.000000 0.000000 1.000000 0.000000
0.977683 0.210086 0.000000 279.773476 -0.210086 0.977683 0.000000 -40.950966 0.000000 0.000000 1.000000 0.000000
0.976919 0.213610 0.000000 282.406250 -0.213610 0.976919 0.000000 -41.559868 0.000000 0.000000 1.000000 0.000000
0.976141 0.217139 0.000000 282.645399 -0.217139 0.976141 0.000000 -41.619701 0.000000 0.000000 1.000000 0.000000
0.975938 0.218049 0.000000 282.891971 -0.218049 0.975938 0.000000 -41.674079 0.000000 0.000000 1.000000 0.000000
0.976521 0.215424 0.000000 283.193444 -0.215424 0.976521 0.000000 -41.758503 0.000000 0.000000 1.000000 0.000000
0.977480 0.211026 0.000000 283.533742 -0.211026 0.977480 0.000000 -41.847188 0.000000 0.000000 1.000000 0.000000
0.977314 0.211796 0.000000 283.830648 -0.211796 0.977314 0.000000 -41.914010 0.000000 0.000000 1.000000 0.000000
0.976982 0.213320 0.000000 284.055069 -0.213320 0.976982 0.000000 -41.969565 0.000000 0.000000 1.000000 0.000000
0.977192 0.212359 0.000000 284.281300 -0.212359 0.977192 0.000000 -42.025629 0.000000 0.000000 1.000000 0.000000
0.977191 0.212364 0.000000 284.496984 -0.212364 0.977191 0.000000 -42.077793 0.000000 0.000000 1.000000 0.000000
0.977296 0.211877 0.000000 284.718536 -0.211877 0.977296 0.000000 -42.137447 0.000000 0.000000 1.000000 0.000000
0.976949 0.213475 0.000000 284.932360 -0.213475 0.976949 0.000000 -42.187600 0.000000 0.000000 1.000000 0.000000
0.976736 0.214447 0.000000 285.142245 -0.214447 0.976736 0.000000 -42.236234 0.000000 0.000000 1.000000 0.000000
0.977375 0.211515 0.000000 285.347047 -0.211515 0.977375 0.000000 -42.285058 0.000000 0.000000 1.000000 0.000000
0.977196 0.212339 0.000000 285.547531 -0.212339 0.977196 0.000000 -42.338205 0.000000 0.000000 1.000000 0.000000
0.976683 0.214687 0.000000 285.744771 -0.214687 0.976683 0.000000 -42.377587 0.000000 0.000000 1.000000 0.000000
0.976533 0.215368 0.000000 285.951748 -0.215368 0.976533 0.000000 -42.428224 0.000000 0.000000 1.000000 0.000000
0.976685 0.214676 0.000000 286.133927 -0.214676 0.976685 0.000000 -42.471632 0.000000 0.000000 1.000000 0.000000
0.977033 0.213086 0.000000 286.331195 -0.213086 0.977033 0.000000 -42.528423 0.000000 0.000000 1.000000 0.000000
0.977164 0.212488 0.000000 286.502782 -0.212488 0.977164 0.000000 -42.568947 0.000000 0.000000 1.000000 0.000000
0.976947 0.213480 0.000000 286.685548 -0.213480 0.976947 0.000000 -42.609800 0.000000 0.000000 1.000000 0.000000
0.976537 0.215348 0.000000 286.872703 -0.215348 0.976537 0.000000 -42.651978 0.000000 0.000000 1.000000 0.000000
0.976821 0.214057 0.000000 287.046347 -0.214057 0.976821 0.000000 -42.696628 0.000000 0.000000 1.000000 0.000000
0.976431 0.215829 0.000000 287.216404 -0.215829 0.976431 0.000000 -42.731820 0.000000 0.000000 1.000000 0.000000
0.975524 0.219893 0.000000 287.388805 -0.219893 0.975524 0.000000 -42.765194 0.000000 0.000000 1.000000 0.000000
0.975352 0.220655 0.000000 287.547259 -0.220655 0.975352 0.000000 -42.796567 0.000000 0.000000 1.000000 0.000000
0.976433 0.215820 0.000000 287.794633 -0.215820 0.976433 0.000000 -42.852254 0.000000 0.000000 1.000000 0.000000
0.976335 0.216265 0.000000 287.945913 -0.216265 0.976335 0.000000 -42.884149 0.000000 0.000000 1.000000 0.000000
0.975767 0.218811 0.000000 288.098377 -0.218811 0.975767 0.000000 -42.919402 0.000000 0.000000 1.000000 0.000000
0.975943 0.218024 0.000000 288.236914 -0.218024 0.975943 0.000000 -42.953482 0.000000 0.000000 1.000000 0.000000
0.975785 0.218731 0.000000 288.484731 -0.218731 0.975785 0.000000 -43.016799 0.000000 0.000000 1.000000 0.000000
0.976704 0.214592 0.000000 288.606630 -0.214592 0.976704 0.000000 -43.044837 0.000000 0.000000 1.000000 0.000000
0.975941 0.218033 0.000000 288.722052 -0.218033 0.975941 0.000000 -43.065817 0.000000 0.000000 1.000000 0.000000
0.976103 0.217308 0.000000 288.828338 -0.217308 0.976103 0.000000 -43.090475 0.000000 0.000000 1.000000 0.000000
0.975444 0.220246 0.000000 288.910703 -0.220246 0.975444 0.000000 -43.108340 0.000000 0.000000 1.000000 0.000000
0.976293 0.216455 0.000000 289.029079 -0.216455 0.976293 0.000000 -43.146851 0.000000 0.000000 1.000000 0.000000
0.976388 0.216024 0.000000 289.093340 -0.216024 0.976388 0.000000 -43.158757 0.000000 0.000000 1.000000 0.000000
0.975869 0.218355 0.000000 289.159450 -0.218355 0.975869 0.000000 -43.167237 0.000000 0.000000 1.000000 0.000000
0.975753 0.218873 0.000000 289.207835 -0.218873 0.975753 0.000000 -43.179259 0.000000 0.000000 1.000000 0.000000
0.975474 0.220116 0.000000 289.238484 -0.220116 0.975474 0.000000 -43.183283 0.000000 0.000000 1.000000 0.000000
0.975388 0.220496 0.000000 289.265432 -0.220496 0.975388 0.000000 -43.185104 0.000000 0.000000 1.000000 0.000000
0.975227 0.221206 0.000000 289.279634 -0.221206 0.975227 0.000000 -43.186607 0.000000 0.000000 1.000000 0.000000
0.975269 0.221022 0.000000 289.293399 -0.221022 0.975269 0.000000 -43.189213 0.000000 0.000000 1.000000 0.000000
0.975441 0.220260 0.000000 289.305580 -0.220260 0.975441 0.000000 -43.193613 0.000000 0.000000 1.000000 0.000000
0.975599 0.219562 0.000000 289.304201 -0.219562 0.975599 0.000000 -43.192930 0.000000 0.000000 1.000000 0.000000
0.975550 0.219779 0.000000 289.302149 -0.219779 0.975550 0.000000 -43.191826 0.000000 0.000000 1.000000 0.000000
0.975654 0.219314 0.000000 289.302383 -0.219314 0.975654 0.000000 -43.192441 0.000000 0.000000 1.000000 0.000000
0.975691 0.219152 0.000000 289.302032 -0.219152 0.975691 0.000000 -43.193200 0.000000 0.000000 1.000000 0.000000
0.975689 0.219162 0.000000 289.302928 -0.219162 0.975689 0.000000 -43.192496 0.000000 0.000000 1.000000 0.000000
0.975668 0.219254 0.000000 289.303156 -0.219254 0.975668 0.000000 -43.190455 0.000000 0.000000 1.000000 0.000000
0.975637 0.219390 0.000000 289.303403 -0.219390 0.975637 0.000000 -43.188826 0.000000 0.000000 1.000000 0.000000
0.975598 0.219566 0.000000 289.303571 -0.219566 0.975598 0.000000 -43.187978 0.000000 0.000000 1.000000 0.000000
0.975612 0.219504 0.000000 289.303605 -0.219504 0.975612 0.000000 -43.187483 0.000000 0.000000 1.000000 0.000000
0.975615 0.219488 0.000000 289.303764 -0.219488 0.975615 0.000000 -43.186276 0.000000 0.000000 1.000000 0.000000
0.975611 0.219505 0.000000 289.303835 -0.219505 0.975611 0.000000 -43.184922 0.000000 0.000000 1.000000 0.000000
0.975624 0.219450 0.000000 289.304093 -0.219450 0.975624 0.000000 -43.184855 0.000000 0.000000 1.000000 0.000000
0.975613 0.219497 0.000000 289.304489 -0.219497 0.975613 0.000000 -43.184677 0.000000 0.000000 1.000000 0.000000
0.975601 0.219553 0.000000 289.304954 -0.219553 0.975601 0.000000 -43.184243 0.000000 0.000000 1.000000 0.000000
0.975632 0.219414 0.000000 289.305056 -0.219414 0.975632 0.000000 -43.185207 0.000000 0.000000 1.000000 0.000000
0.975611 0.219505 0.000000 289.305274 -0.219505 0.975611 0.000000 -43.185355 0.000000 0.000000 1.000000 0.000000
0.975600 0.219553 0.000000 289.305403 -0.219553 0.975600 0.000000 -43.184933 0.000000 0.000000 1.000000 0.000000
0.975620 0.219468 0.000000 289.305822 -0.219468 0.975620 0.000000 -43.185529 0.000000 0.000000 1.000000 0.000000
0.975590 0.219601 0.000000 289.305801 -0.219601 0.975590 0.000000 -43.185751 0.000000 0.000000 1.000000 0.000000
0.975594 0.219581 0.000000 289.305797 -0.219581 0.975594 0.000000 -43.185731 0.000000 0.000000 1.000000 0.000000
0.975574 0.219672 0.000000 289.306056 -0.219672 0.975574 0.000000 -43.185826 0.000000 0.000000 1.000000 0.000000
0.975582 0.219634 0.000000 289.305957 -0.219634 0.975582 0.000000 -43.186201 0.000000 0.000000 1.000000 0.000000
0.975608 0.219519 0.000000 289.305943 -0.219519 0.975608 0.000000 -43.187145 0.000000 0.000000 1.000000 0.000000
0.975599 0.219559 0.000000 289.305943 -0.219559 0.975599 0.000000 -43.187706 0.000000 0.000000 1.000000 0.000000
0.975579 0.219647 0.000000 289.306054 -0.219647 0.975579 0.000000 -43.188107 0.000000 0.000000 1.000000 0.000000
0.975611 0.219505 0.000000 289.305581 -0.219505 0.975611 0.000000 -43.189021 0.000000 0.000000 1.000000 0.000000
0.975613 0.219496 0.000000 289.305846 -0.219496 0.975613 0.000000 -43.189561 0.000000 0.000000 1.000000 0.000000
0.975597 0.219570 0.000000 289.306403 -0.219570 0.975597 0.000000 -43.189119 0.000000 0.000000 1.000000 0.000000
0.975589 0.219602 0.000000 289.306603 -0.219602 0.975589 0.000000 -43.188569 0.000000 0.000000 1.000000 0.000000
0.975575 0.219667 0.000000 289.306650 -0.219667 0.975575 0.000000 -43.188465 0.000000 0.000000 1.000000 0.000000
0.975574 0.219672 0.000000 289.306467 -0.219672 0.975574 0.000000 -43.188964 0.000000 0.000000 1.000000 0.000000
0.975571 0.219686 0.000000 289.306644 -0.219686 0.975571 0.000000 -43.189128 0.000000 0.000000 1.000000 0.000000
0.975556 0.219752 0.000000 289.307295 -0.219752 0.975556 0.000000 -43.188873 0.000000 0.000000 1.000000 0.000000
0.975563 0.219720 0.000000 289.307836 -0.219720 0.975563 0.000000 -43.188395 0.000000 0.000000 1.000000 0.000000
0.975558 0.219744 0.000000 289.308342 -0.219744 0.975558 0.000000 -43.188033 0.000000 0.000000 1.000000 0.000000
0.975564 0.219714 0.000000 289.308750 -0.219714 0.975564 0.000000 -43.187682 0.000000 0.000000 1.000000 0.000000
0.975564 0.219713 0.000000 289.308796 -0.219713 0.975564 0.000000 -43.187584 0.000000 0.000000 1.000000 0.000000
0.975565 0.219709 0.000000 289.308651 -0.219709 0.975565 0.000000 -43.187721 0.000000 0.000000 1.000000 0.000000
0.975582 0.219638 0.000000 289.308952 -0.219638 0.975582 0.000000 -43.187775 0.000000 0.000000 1.000000 0.000000
0.975556 0.219752 0.000000 289.309635 -0.219752 0.975556 0.000000 -43.187251 0.000000 0.000000 1.000000 0.000000
0.975533 0.219852 0.000000 289.310069 -0.219852 0.975533 0.000000 -43.186109 0.000000 0.000000 1.000000 0.000000
0.975539 0.219825 0.000000 289.310457 -0.219825 0.975539 0.000000 -43.185337 0.000000 0.000000 1.000000 0.000000
0.975489 0.220047 0.000000 289.310679 -0.220047 0.975489 0.000000 -43.184137 0.000000 0.000000 1.000000 0.000000
0.975481 0.220085 0.000000 289.311049 -0.220085 0.975481 0.000000 -43.183472 0.000000 0.000000 1.000000 0.000000
0.975454 0.220205 0.000000 289.311182 -0.220205 0.975454 0.000000 -43.183366 0.000000 0.000000 1.000000 0.000000
0.975446 0.220240 0.000000 289.310699 -0.220240 0.975446 0.000000 -43.182678 0.000000 0.000000 1.000000 0.000000
0.975376 0.220548 0.000000 289.310148 -0.220548 0.975376 0.000000 -43.181824 0.000000 0.000000 1.000000 0.000000
0.975435 0.220287 0.000000 289.309722 -0.220287 0.975435 0.000000 -43.181969 0.000000 0.000000 1.000000 0.000000
0.975498 0.220010 0.000000 289.309032 -0.220010 0.975498 0.000000 -43.181580 0.000000 0.000000 1.000000 0.000000
0.975572 0.219681 0.000000 289.308417 -0.219681 0.975572 0.000000 -43.182066 0.000000 0.000000 1.000000 0.000000
0.975601 0.219549 0.000000 289.308003 -0.219549 0.975601 0.000000 -43.182722 0.000000 0.000000 1.000000 0.000000
0.975651 0.219329 0.000000 289.307498 -0.219329 0.975651 0.000000 -43.184608 0.000000 0.000000 1.000000 0.000000
0.975754 0.218870 0.000000 289.306513 -0.218870 0.975754 0.000000 -43.187914 0.000000 0.000000 1.000000 0.000000
0.975785 0.218733 0.000000 289.306080 -0.218733 0.975785 0.000000 -43.191128 0.000000 0.000000 1.000000 0.000000
0.975856 0.218416 0.000000 289.305254 -0.218416 0.975856 0.000000 -43.194312 0.000000 0.000000 1.000000 0.000000
0.975867 0.218367 0.000000 289.304796 -0.218367 0.975867 0.000000 -43.196704 0.000000 0.000000 1.000000 0.000000
0.975889 0.218269 0.000000 289.304378 -0.218269 0.975889 0.000000 -43.198680 0.000000 0.000000 1.000000 0.000000
0.975954 0.217979 0.000000 289.304122 -0.217979 0.975954 0.000000 -43.200993 0.000000 0.000000 1.000000 0.000000
0.976110 0.217277 0.000000 289.302909 -0.217277 0.976110 0.000000 -43.204595 0.000000 0.000000 1.000000 0.000000
0.976044 0.217572 0.000000 289.304179 -0.217572 0.976044 0.000000 -43.204924 0.000000 0.000000 1.000000 0.000000
0.976010 0.217724 0.000000 289.305742 -0.217724 0.976010 0.000000 -43.205329 0.000000 0.000000 1.000000 0.000000
0.976007 0.217737 0.000000 289.306743 -0.217737 0.976007 0.000000 -43.205438 0.000000 0.000000 1.000000 0.000000
0.975998 0.217781 0.000000 289.306996 -0.217781 0.975998 0.000000 -43.205555 0.000000 0.000000 1.000000 0.000000
0.976022 0.217672 0.000000 289.306655 -0.217672 0.976022 0.000000 -43.206008 0.000000 0.000000 1.000000 0.000000
0.976018 0.217689 0.000000 289.306414 -0.217689 0.976018 0.000000 -43.205964 0.000000 0.000000 1.000000 0.000000
0.976000 0.217770 0.000000 289.306152 -0.217770 0.976000 0.000000 -43.206271 0.000000 0.000000 1.000000 0.000000
0.975999 0.217774 0.000000 289.306114 -0.217774 0.975999 0.000000 -43.206584 0.000000 0.000000 1.000000 0.000000
0.976002 0.217760 0.000000 289.305846 -0.217760 0.976002 0.000000 -43.206345 0.000000 0.000000 1.000000 0.000000
0.976007 0.217739 0.000000 289.306144 -0.217739 0.976007 0.000000 -43.206364 0.000000 0.000000 1.000000 0.000000
0.975988 0.217822 0.000000 289.305999 -0.217822 0.975988 0.000000 -43.206387 0.000000 0.000000 1.000000 0.000000
0.975986 0.217833 0.000000 289.306164 -0.217833 0.975986 0.000000 -43.206314 0.000000 0.000000 1.000000 0.000000
0.975984 0.217840 0.000000 289.306251 -0.217840 0.975984 0.000000 -43.206406 0.000000 0.000000 1.000000 0.000000
0.975991 0.217812 0.000000 289.306681 -0.217812 0.975991 0.000000 -43.206296 0.000000 0.000000 1.000000 0.000000
0.975996 0.217789 0.000000 289.306459 -0.217789 0.975996 0.000000 -43.206405 0.000000 0.000000 1.000000 0.000000
0.975985 0.217837 0.000000 289.306521 -0.217837 0.975985 0.000000 -43.206274 0.000000 0.000000 1.000000 0.000000
0.975945 0.218016 0.000000 289.307136 -0.218016 0.975945 0.000000 -43.205809 0.000000 0.000000 1.000000 0.000000
0.975940 0.218041 0.000000 289.307163 -0.218041 0.975940 0.000000 -43.205670 0.000000 0.000000 1.000000 0.000000
0.975923 0.218116 0.000000 289.307365 -0.218116 0.975923 0.000000 -43.205614 0.000000 0.000000 1.000000 0.000000
0.975913 0.218162 0.000000 289.307493 -0.218162 0.975913 0.000000 -43.205733 0.000000 0.000000 1.000000 0.000000
0.975914 0.218157 0.000000 289.307214 -0.218157 0.975914 0.000000 -43.206207 0.000000 0.000000 1.000000 0.000000
0.975927 0.218095 0.000000 289.306997 -0.218095 0.975927 0.000000 -43.206514 0.000000 0.000000 1.000000 0.000000
0.975947 0.218007 0.000000 289.306915 -0.218007 0.975947 0.000000 -43.206741 0.000000 0.000000 1.000000 0.000000
0.975946 0.218012 0.000000 289.306910 -0.218012 0.975946 0.000000 -43.206145 0.000000 0.000000 1.000000 0.000000
0.975955 0.217971 0.000000 289.306713 -0.217971 0.975955 0.000000 -43.206241 0.000000 0.000000 1.000000 0.000000
0.975946 0.218011 0.000000 289.307206 -0.218011 0.975946 0.000000 -43.206018 0.000000 0.000000 1.000000 0.000000
0.975948 0.218004 0.000000 289.307092 -0.218004 0.975948 0.000000 -43.206120 0.000000 0.000000 1.000000 0.000000
0.975961 0.217944 0.000000 289.307517 -0.217944 0.975961 0.000000 -43.206113 0.000000 0.000000 1.000000 0.000000
0.975958 0.217959 0.000000 289.307905 -0.217959 0.975958 0.000000 -43.206205 0.000000 0.000000 1.000000 0.000000
0.975947 0.218010 0.000000 289.307579 -0.218010 0.975947 0.000000 -43.206457 0.000000 0.000000 1.000000 0.000000
0.975941 0.218036 0.000000 289.307810 -0.218036 0.975941 0.000000 -43.206241 0.000000 0.000000 1.000000 0.000000
0.975953 0.217982 0.000000 289.308068 -0.217982 0.975953 0.000000 -43.206416 0.000000 0.000000 1.000000 0.000000
0.975942 0.218031 0.000000 289.308216 -0.218031 0.975942 0.000000 -43.206518 0.000000 0.000000 1.000000 0.000000
0.975899 0.218222 0.000000 289.308486 -0.218222 0.975899 0.000000 -43.206338 0.000000 0.000000 1.000000 0.000000
0.975887 0.218278 0.000000 289.308626 -0.218278 0.975887 0.000000 -43.206179 0.000000 0.000000 1.000000 0.000000
0.975890 0.218264 0.000000 289.309056 -0.218264 0.975890 0.000000 -43.205608 0.000000 0.000000 1.000000 0.000000
0.975922 0.218122 0.000000 289.308924 -0.218122 0.975922 0.000000 -43.205651 0.000000 0.000000 1.000000 0.000000
0.975900 0.218216 0.000000 289.308871 -0.218216 0.975900 0.000000 -43.205666 0.000000 0.000000 1.000000 0.000000
0.975887 0.218275 0.000000 289.308941 -0.218275 0.975887 0.000000 -43.205264 0.000000 0.000000 1.000000 0.000000
0.975899 0.218223 0.000000 289.308955 -0.218223 0.975899 0.000000 -43.205339 0.000000 0.000000 1.000000 0.000000
0.975891 0.218258 0.000000 289.309322 -0.218258 0.975891 0.000000 -43.205274 0.000000 0.000000 1.000000 0.000000
0.975895 0.218240 0.000000 289.309596 -0.218240 0.975895 0.000000 -43.205117 0.000000 0.000000 1.000000 0.000000
0.975891 0.218258 0.000000 289.310328 -0.218258 0.975891 0.000000 -43.204533 0.000000 0.000000 1.000000 0.000000
0.975889 0.218267 0.000000 289.310446 -0.218267 0.975889 0.000000 -43.204193 0.000000 0.000000 1.000000 0.000000
0.975889 0.218267 0.000000 289.310747 -0.218267 0.975889 0.000000 -43.203897 0.000000 0.000000 1.000000 0.000000
0.975888 0.218272 0.000000 289.311139 -0.218272 0.975888 0.000000 -43.203664 0.000000 0.000000 1.000000 0.000000
0.975885 0.218285 0.000000 289.311306 -0.218285 0.975885 0.000000 -43.203548 0.000000 0.000000 1.000000 0.000000
0.975895 0.218240 0.000000 289.311368 -0.218240 0.975895 0.000000 -43.203222 0.000000 0.000000 1.000000 0.000000
0.975899 0.218225 0.000000 289.311020 -0.218225 0.975899 0.000000 -43.203896 0.000000 0.000000 1.000000 0.000000
0.975877 0.218319 0.000000 289.311151 -0.218319 0.975877 0.000000 -43.203959 0.000000 0.000000 1.000000 0.000000
0.975893 0.218251 0.000000 289.311400 -0.218251 0.975893 0.000000 -43.203623 0.000000 0.000000 1.000000 0.000000
0.975904 0.218202 0.000000 289.311889 -0.218202 0.975904 0.000000 -43.203369 0.000000 0.000000 1.000000 0.000000
0.975832 0.218521 0.000000 289.311881 -0.218521 0.975832 0.000000 -43.202664 0.000000 0.000000 1.000000 0.000000
0.975876 0.218327 0.000000 289.312424 -0.218327 0.975876 0.000000 -43.202744 0.000000 0.000000 1.000000 0.000000
0.975889 0.218268 0.000000 289.312644 -0.218268 0.975889 0.000000 -43.202700 0.000000 0.000000 1.000000 0.000000
0.975905 0.218198 0.000000 289.312809 -0.218198 0.975905 0.000000 -43.202197 0.000000 0.000000 1.000000 0.000000
0.975910 0.218175 0.000000 289.313365 -0.218175 0.975910 0.000000 -43.202073 0.000000 0.000000 1.000000 0.000000
0.975903 0.218203 0.000000 289.313574 -0.218203 0.975903 0.000000 -43.202082 0.000000 0.000000 1.000000 0.000000
0.975908 0.218184 0.000000 289.313628 -0.218184 0.975908 0.000000 -43.201701 0.000000 0.000000 1.000000 0.000000
0.975911 0.218167 0.000000 289.313192 -0.218167 0.975911 0.000000 -43.201639 0.000000 0.000000 1.000000 0.000000
0.975912 0.218166 0.000000 289.313230 -0.218166 0.975912 0.000000 -43.201895 0.000000 0.000000 1.000000 0.000000
0.975918 0.218137 0.000000 289.313010 -0.218137 0.975918 0.000000 -43.201671 0.000000 0.000000 1.000000 0.000000
0.975914 0.218154 0.000000 289.313096 -0.218154 0.975914 0.000000 -43.201540 0.000000 0.000000 1.000000 0.000000
0.975913 0.218161 0.000000 289.313172 -0.218161 0.975913 0.000000 -43.201476 0.000000 0.000000 1.000000 0.000000
0.975910 0.218175 0.000000 289.313565 -0.218175 0.975910 0.000000 -43.201169 0.000000 0.000000 1.000000 0.000000
0.975911 0.218170 0.000000 289.313964 -0.218170 0.975911 0.000000 -43.200915 0.000000 0.000000 1.000000 0.000000
0.975908 0.218181 0.000000 289.314245 -0.218181 0.975908 0.000000 -43.200718 0.000000 0.000000 1.000000 0.000000
0.975904 0.218200 0.000000 289.314601 -0.218200 0.975904 0.000000 -43.200567 0.000000 0.000000 1.000000 0.000000
0.975884 0.218290 0.000000 289.314503 -0.218290 0.975884 0.000000 -43.200689 0.000000 0.000000 1.000000 0.000000
0.975882 0.218298 0.000000 289.314530 -0.218298 0.975882 0.000000 -43.200713 0.000000 0.000000 1.000000 0.000000
0.975885 0.218287 0.000000 289.314710 -0.218287 0.975885 0.000000 -43.200940 0.000000 0.000000 1.000000 0.000000
0.975882 0.218297 0.000000 289.314701 -0.218297 0.975882 0.000000 -43.201297 0.000000 0.000000 1.000000 0.000000
0.975879 0.218314 0.000000 289.314710 -0.218314 0.975879 0.000000 -43.201267 0.000000 0.000000 1.000000 0.000000
0.975880 0.218306 0.000000 289.314537 -0.218306 0.975880 0.000000 -43.201377 0.000000 0.000000 1.000000 0.000000
0.975873 0.218338 0.000000 289.314375 -0.218338 0.975873 0.000000 -43.201467 0.000000 0.000000 1.000000 0.000000
0.975857 0.218409 0.000000 289.314427 -0.218409 0.975857 0.000000 -43.201197 0.000000 0.000000 1.000000 0.000000
0.975858 0.218406 0.000000 289.314459 -0.218406 0.975858 0.000000 -43.201164 0.000000 0.000000 1.000000 0.000000
0.975851 0.218437 0.000000 289.314646 -0.218437 0.975851 0.000000 -43.200990 0.000000 0.000000 1.000000 0.000000
0.975859 0.218403 0.000000 289.314668 -0.218403 0.975859 0.000000 -43.200900 0.000000 0.000000 1.000000 0.000000
0.975876 0.218326 0.000000 289.314737 -0.218326 0.975876 0.000000 -43.200914 0.000000 0.000000 1.000000 0.000000
0.975858 0.218406 0.000000 289.314599 -0.218406 0.975858 0.000000 -43.201004 0.000000 0.000000 1.000000 0.000000
0.975833 0.218516 0.000000 289.314543 -0.218516 0.975833 0.000000 -43.201035 0.000000 0.000000 1.000000 0.000000
0.975786 0.218728 0.000000 289.314446 -0.218728 0.975786 0.000000 -43.200448 0.000000 0.000000 1.000000 0.000000
0.975801 0.218662 0.000000 289.313966 -0.218662 0.975801 0.000000 -43.201175 0.000000 0.000000 1.000000 0.000000
0.975815 0.218599 0.000000 289.313730 -0.218599 0.975815 0.000000 -43.201682 0.000000 0.000000 1.000000 0.000000
0.975837 0.218499 0.000000 289.313630 -0.218499 0.975837 0.000000 -43.201801 0.000000 0.000000 1.000000 0.000000
0.975840 0.218487 0.000000 289.313613 -0.218487 0.975840 0.000000 -43.201987 0.000000 0.000000 1.000000 0.000000
0.975824 0.218559 0.000000 289.313916 -0.218559 0.975824 0.000000 -43.201959 0.000000 0.000000 1.000000 0.000000
0.975827 0.218543 0.000000 289.313983 -0.218543 0.975827 0.000000 -43.202530 0.000000 0.000000 1.000000 0.000000
0.975806 0.218637 0.000000 289.314301 -0.218637 0.975806 0.000000 -43.202607 0.000000 0.000000 1.000000 0.000000
0.975796 0.218685 0.000000 289.314628 -0.218685 0.975796 0.000000 -43.202268 0.000000 0.000000 1.000000 0.000000
0.975800 0.218663 0.000000 289.314424 -0.218663 0.975800 0.000000 -43.202285 0.000000 0.000000 1.000000 0.000000
0.975804 0.218649 0.000000 289.314378 -0.218649 0.975804 0.000000 -43.201800 0.000000 0.000000 1.000000 0.000000
0.975821 0.218573 0.000000 289.314045 -0.218573 0.975821 0.000000 -43.202123 0.000000 0.000000 1.000000 0.000000
0.975865 0.218377 0.000000 289.313537 -0.218377 0.975865 0.000000 -43.202236 0.000000 0.000000 1.000000 0.000000
0.975889 0.218269 0.000000 289.313193 -0.218269 0.975889 0.000000 -43.202720 0.000000 0.000000 1.000000 0.000000
0.975907 0.218188 0.000000 289.312491 -0.218188 0.975907 0.000000 -43.203546 0.000000 0.000000 1.000000 0.000000
0.975925 0.218107 0.000000 289.312022 -0.218107 0.975925 0.000000 -43.204691 0.000000 0.000000 1.000000 0.000000
0.975895 0.218241 0.000000 289.312135 -0.218241 0.975895 0.000000 -43.204577 0.000000 0.000000 1.000000 0.000000
0.975892 0.218252 0.000000 289.312693 -0.218252 0.975892 0.000000 -43.205139 0.000000 0.000000 1.000000 0.000000
0.975889 0.218269 0.000000 289.313039 -0.218269 0.975889 0.000000 -43.205293 0.000000 0.000000 1.000000 0.000000
0.975880 0.218307 0.000000 289.313021 -0.218307 0.975880 0.000000 -43.205181 0.000000 0.000000 1.000000 0.000000
0.975875 0.218329 0.000000 289.313094 -0.218329 0.975875 0.000000 -43.205297 0.000000 0.000000 1.000000 0.000000
0.975861 0.218393 0.000000 289.313172 -0.218393 0.975861 0.000000 -43.205417 0.000000 0.000000 1.000000 0.000000
0.975867 0.218365 0.000000 289.313606 -0.218365 0.975867 0.000000 -43.205631 0.000000 0.000000 1.000000 0.000000
0.975893 0.218251 0.000000 289.313641 -0.218251 0.975893 0.000000 -43.206144 0.000000 0.000000 1.000000 0.000000
0.975851 0.218436 0.000000 289.313274 -0.218436 0.975851 0.000000 -43.206583 0.000000 0.000000 1.000000 0.000000
0.975818 0.218585 0.000000 289.312492 -0.218585 0.975818 0.000000 -43.206503 0.000000 0.000000 1.000000 0.000000
0.975817 0.218591 0.000000 289.311858 -0.218591 0.975817 0.000000 -43.206199 0.000000 0.000000 1.000000 0.000000
0.975827 0.218546 0.000000 289.311062 -0.218546 0.975827 0.000000 -43.205699 0.000000 0.000000 1.000000 0.000000
0.975809 0.218625 0.000000 289.310483 -0.218625 0.975809 0.000000 -43.203901 0.000000 0.000000 1.000000 0.000000
0.975825 0.218555 0.000000 289.310186 -0.218555 0.975825 0.000000 -43.203086 0.000000 0.000000 1.000000 0.000000
0.975818 0.218586 0.000000 289.310263 -0.218586 0.975818 0.000000 -43.202261 0.000000 0.000000 1.000000 0.000000
0.975816 0.218592 0.000000 289.310605 -0.218592 0.975816 0.000000 -43.201770 0.000000 0.000000 1.000000 0.000000
0.975832 0.218520 0.000000 289.311092 -0.218520 0.975832 0.000000 -43.201329 0.000000 0.000000 1.000000 0.000000
0.975791 0.218706 0.000000 289.310872 -0.218706 0.975791 0.000000 -43.200790 0.000000 0.000000 1.000000 0.000000
0.975805 0.218644 0.000000 289.311188 -0.218644 0.975805 0.000000 -43.200408 0.000000 0.000000 1.000000 0.000000
0.975789 0.218712 0.000000 289.311785 -0.218712 0.975789 0.000000 -43.199931 0.000000 0.000000 1.000000 0.000000
0.975792 0.218700 0.000000 289.311623 -0.218700 0.975792 0.000000 -43.199899 0.000000 0.000000 1.000000 0.000000
0.975795 0.218686 0.000000 289.311652 -0.218686 0.975795 0.000000 -43.199868 0.000000 0.000000 1.000000 0.000000
0.975805 0.218644 0.000000 289.311321 -0.218644 0.975805 0.000000 -43.200316 0.000000 0.000000 1.000000 0.000000
0.975823 0.218564 0.000000 289.310833 -0.218564 0.975823 0.000000 -43.200664 0.000000 0.000000 1.000000 0.000000
0.975815 0.218597 0.000000 289.310779 -0.218597 0.975815 0.000000 -43.201036 0.000000 0.000000 1.000000 0.000000
0.975799 0.218669 0.000000 289.310925 -0.218669 0.975799 0.000000 -43.201084 0.000000 0.000000 1.000000 0.000000
0.975798 0.218676 0.000000 289.311218 -0.218676 0.975798 0.000000 -43.201059 0.000000 0.000000 1.000000 0.000000
0.975805 0.218644 0.000000 289.311173 -0.218644 0.975805 0.000000 -43.201067 0.000000 0.000000 1.000000 0.000000
0.975811 0.218614 0.000000 289.311491 -0.218614 0.975811 0.000000 -43.200957 0.000000 0.000000 1.000000 0.000000
0.975825 0.218552 0.000000 289.311364 -0.218552 0.975825 0.000000 -43.201194 0.000000 0.000000 1.000000 0.000000
0.975824 0.218559 0.000000 289.311510 -0.218559 0.975824 0.000000 -43.201407 0.000000 0.000000 1.000000 0.000000
0.975824 0.218556 0.000000 289.311745 -0.218556 0.975824 0.000000 -43.201710 0.000000 0.000000 1.000000 0.000000
0.975842 0.218479 0.000000 289.312055 -0.218479 0.975842 0.000000 -43.201730 0.000000 0.000000 1.000000 0.000000
0.975857 0.218412 0.000000 289.312401 -0.218412 0.975857 0.000000 -43.202038 0.000000 0.000000 1.000000 0.000000
0.975857 0.218413 0.000000 289.312295 -0.218413 0.975857 0.000000 -43.202575 0.000000 0.000000 1.000000 0.000000
0.975827 0.218546 0.000000 289.312288 -0.218546 0.975827 0.000000 -43.202180 0.000000 0.000000 1.000000 0.000000
0.975809 0.218626 0.000000 289.312702 -0.218626 0.975809 0.000000 -43.201811 0.000000 0.000000 1.000000 0.000000
0.975792 0.218699 0.000000 289.313229 -0.218699 0.975792 0.000000 -43.201485 0.000000 0.000000 1.000000 0.000000
0.975789 0.218714 0.000000 289.313747 -0.218714 0.975789 0.000000 -43.201120 0.000000 0.000000 1.000000 0.000000
