0.999999 -0.001292 0.000000 0.825759 0.001292 0.999999 0.000000 -0.029169 0.000000 0.000000 1.000000 0.000000
1.000000 -0.000039 0.000000 1.413381 0.000039 1.000000 0.000000 -0.038365 0.000000 0.000000 1.000000 0.000000
0.999999 -0.001042 0.000000 2.012398 0.001042 0.999999 0.000000 -0.066274 0.000000 0.000000 1.000000 0.000000
0.999979 -0.006485 0.000000 2.945934 0.006485 0.999979 0.000000 -0.110127 0.000000 0.000000 1.000000 0.000000
0.999967 -0.008138 0.000000 3.569825 0.008138 0.999967 0.000000 -0.128861 0.000000 0.000000 1.000000 0.000000
0.999930 -0.011852 0.000000 4.199719 0.011852 0.999930 0.000000 -0.151452 0.000000 0.000000 1.000000 0.000000
0.999952 -0.009808 0.000000 4.834444 0.009808 0.999952 0.000000 -0.152851 0.000000 0.000000 1.000000 0.000000
0.999990 -0.004444 0.000000 6.099734 0.004444 0.999990 0.000000 -0.215599 0.000000 0.000000 1.000000 0.000000
0.999949 -0.010080 0.000000 6.728470 0.010080 0.999949 0.000000 -0.234166 0.000000 0.000000 1.000000 0.000000
0.999939 -0.011085 0.000000 7.358805 0.011085 0.999939 0.000000 -0.239408 0.000000 0.000000 1.000000 0.000000
0.999916 -0.012969 0.000000 7.985520 0.012969 0.999916 0.000000 -0.251742 0.000000 0.000000 1.000000 0.000000
0.999912 -0.013290 0.000000 8.650432 0.013290 0.999912 0.000000 -0.272846 0.000000 0.000000 1.000000 0.000000
0.999904 -0.013843 0.000000 9.274653 0.013843 0.999904 0.000000 -0.280831 0.000000 0.000000 1.000000 0.000000
0.999902 -0.014032 0.000000 9.898220 0.014032 0.999902 0.000000 -0.285638 0.000000 0.000000 1.000000 0.000000
0.999870 -0.016125 0.000000 10.520541 0.016125 0.999870 0.000000 -0.298465 0.000000 0.000000 1.000000 0.000000
0.999832 -0.018307 0.000000 11.139485 0.018307 0.999832 0.000000 -0.306562 0.000000 0.000000 1.000000 0.000000
0.999840 -0.017906 0.000000 11.762222 0.017906 0.999840 0.000000 -0.306987 0.000000 0.000000 1.000000 0.000000
0.999826 -0.018639 0.000000 12.369223 0.018639 0.999826 0.000000 -0.323170 0.000000 0.000000 1.000000 0.000000
0.999833 -0.018258 0.000000 12.981733 0.018258 0.999833 0.000000 -0.324454 0.000000 0.000000 1.000000 0.000000
0.999815 -0.019228 0.000000 13.635715 0.019228 0.999815 0.000000 -0.334304 0.000000 0.000000 1.000000 0.000000
0.999810 -0.019471 0.000000 14.222690 0.019471 0.999810 0.000000 -0.336890 0.000000 0.000000 1.000000 0.000000
0.999821 -0.018946 0.000000 14.845280 0.018946 0.999821 0.000000 -0.344171 0.000000 0.000000 1.000000 0.000000
0.999754 -0.022161 0.000000 15.466085 0.022161 0.999754 0.000000 -0.361402 0.000000 0.000000 1.000000 0.000000
0.999708 -0.024159 0.000000 16.117694 0.024159 0.999708 0.000000 -0.359627 0.000000 0.000000 1.000000 0.000000
0.999557 -0.029750 0.000000 16.762623 0.029750 0.999557 0.000000 -0.375462 0.000000 0.000000 1.000000 0.000000
0.999515 -0.031137 0.000000 17.382341 0.031137 0.999515 0.000000 -0.371802 0.000000 0.000000 1.000000 0.000000
0.999590 -0.028645 0.000000 18.002234 0.028645 0.999590 0.000000 -0.367202 0.000000 0.000000 1.000000 0.000000
0.999530 -0.030649 0.000000 18.630052 0.030649 0.999530 0.000000 -0.362002 0.000000 0.000000 1.000000 0.000000
0.999527 -0.030764 0.000000 19.250171 0.030764 0.999527 0.000000 -0.358418 0.000000 0.000000 1.000000 0.000000
0.999501 -0.031589 0.000000 19.851581 0.031589 0.999501 0.000000 -0.355877 0.000000 0.000000 1.000000 0.000000
0.999497 -0.031708 0.000000 20.479941 0.031708 0.999497 0.000000 -0.348565 0.000000 0.000000 1.000000 0.000000
0.999521 -0.030958 0.000000 21.104378 0.030958 0.999521 0.000000 -0.345302 0.000000 0.000000 1.000000 0.000000
0.999468 -0.032608 0.000000 21.687592 0.032608 0.999468 0.000000 -0.351228 0.000000 0.000000 1.000000 0.000000
0.999382 -0.035140 0.000000 22.314214 0.035140 0.999382 0.000000 -0.349289 0.000000 0.000000 1.000000 0.000000
0.999302 -0.037366 0.000000 22.925760 0.037366 0.999302 0.000000 -0.350106 0.000000 0.000000 1.000000 0.000000
0.999272 -0.038155 0.000000 23.515211 0.038155 0.999272 0.000000 -0.349713 0.000000 0.000000 1.000000 0.000000
0.999275 -0.038080 0.000000 24.134325 0.038080 0.999275 0.000000 -0.346759 0.000000 0.000000 1.000000 0.000000
0.999287 -0.037762 0.000000 24.763786 0.037762 0.999287 0.000000 -0.343192 0.000000 0.000000 1.000000 0.000000
0.999351 -0.036012 0.000000 25.391414 0.036012 0.999351 0.000000 -0.333821 0.000000 0.000000 1.000000 0.000000
0.999462 -0.032795 0.000000 25.976804 0.032795 0.999462 0.000000 -0.316741 0.000000 0.000000 1.000000 0.000000
0.999550 -0.029990 0.000000 26.612159 0.029990 0.999550 0.000000 -0.314229 0.000000 0.000000 1.000000 0.000000
0.999596 -0.028414 0.000000 27.199775 0.028414 0.999596 0.000000 -0.309250 0.000000 0.000000 1.000000 0.000000
0.999582 -0.028914 0.000000 27.824506 0.028914 0.999582 0.000000 -0.307812 0.000000 0.000000 1.000000 0.000000
0.999575 -0.029162 0.000000 28.462697 0.029162 0.999575 0.000000 -0.307360 0.000000 0.000000 1.000000 0.000000
0.999637 -0.026936 0.000000 29.285470 0.026936 0.999637 0.000000 -0.302574 0.000000 0.000000 1.000000 0.000000
0.999685 -0.025112 0.000000 29.918847 0.025112 0.999685 0.000000 -0.294545 0.000000 0.000000 1.000000 0.000000
0.999733 -0.023115 0.000000 30.556335 0.023115 0.999733 0.000000 -0.289400 0.000000 0.000000 1.000000 0.000000
0.999782 -0.020870 0.000000 31.189209 0.020870 0.999782 0.000000 -0.288085 0.000000 0.000000 1.000000 0.000000
0.999779 -0.021016 0.000000 31.785795 0.021016 0.999779 0.000000 -0.294467 0.000000 0.000000 1.000000 0.000000
0.999829 -0.018477 0.000000 32.447796 0.018477 0.999829 0.000000 -0.285099 0.000000 0.000000 1.000000 0.000000
0.999874 -0.015890 0.000000 33.080212 0.015890 0.999874 0.000000 -0.288230 0.000000 0.000000 1.000000 0.000000
0.999925 -0.012239 0.000000 33.714880 0.012239 0.999925 0.000000 -0.281352 0.000000 0.000000 1.000000 0.000000
0.999926 -0.012166 0.000000 34.374455 0.012166 0.999926 0.000000 -0.304938 0.000000 0.000000 1.000000 0.000000
0.999962 -0.008678 0.000000 34.986816 0.008678 0.999962 0.000000 -0.294528 0.000000 0.000000 1.000000 0.000000
0.999961 -0.008865 0.000000 35.625031 0.008865 0.999961 0.000000 -0.309321 0.000000 0.000000 1.000000 0.000000
0.999974 -0.007182 0.000000 36.258469 0.007182 0.999974 0.000000 -0.319989 0.000000 0.000000 1.000000 0.000000
0.999986 -0.005236 0.000000 36.896577 0.005236 0.999986 0.000000 -0.330030 0.000000 0.000000 1.000000 0.000000
0.999985 -0.005495 0.000000 37.528107 0.005495 0.999985 0.000000 -0.349776 0.000000 0.000000 1.000000 0.000000
0.999992 -0.003930 0.000000 38.122732 0.003930 0.999992 0.000000 -0.365378 0.000000 0.000000 1.000000 0.000000
1.000000 0.000247 0.000000 38.767318 -0.000247 1.000000 0.000000 -0.381686 0.000000 0.000000 1.000000 0.000000
0.999999 0.001128 0.000000 39.385954 -0.001128 0.999999 0.000000 -0.395048 0.000000 0.000000 1.000000 0.000000
1.000000 0.000849 0.000000 40.033053 -0.000849 1.000000 0.000000 -0.416900 0.000000 0.000000 1.000000 0.000000
0.999998 0.001768 0.000000 40.675597 -0.001768 0.999998 0.000000 -0.436119 0.000000 0.000000 1.000000 0.000000
0.999996 0.002788 0.000000 41.308415 -0.002788 0.999996 0.000000 -0.455958 0.000000 0.000000 1.000000 0.000000
0.999996 0.002770 0.000000 41.949035 -0.002770 0.999996 0.000000 -0.475041 0.000000 0.000000 1.000000 0.000000
0.999994 0.003461 0.000000 42.594364 -0.003461 0.999994 0.000000 -0.489860 0.000000 0.000000 1.000000 0.000000
0.999982 0.006049 0.000000 43.240612 -0.006049 0.999982 0.000000 -0.507671 0.000000 0.000000 1.000000 0.000000
0.999974 0.007184 0.000000 43.882529 -0.007184 0.999974 0.000000 -0.527301 0.000000 0.000000 1.000000 0.000000
0.999981 0.006214 0.000000 44.540055 -0.006214 0.999981 0.000000 -0.555756 0.000000 0.000000 1.000000 0.000000
0.999973 0.007291 0.000000 45.154892 -0.007291 0.999973 0.000000 -0.571823 0.000000 0.000000 1.000000 0.000000
0.999989 0.004791 0.000000 45.805254 -0.004791 0.999989 0.000000 -0.593677 0.000000 0.000000 1.000000 0.000000
0.999982 0.006018 0.000000 46.455577 -0.006018 0.999982 0.000000 -0.601049 0.000000 0.000000 1.000000 0.000000
0.999982 0.006060 0.000000 47.113657 -0.006060 0.999982 0.000000 -0.628646 0.000000 0.000000 1.000000 0.000000
0.999993 0.003696 0.000000 47.773659 -0.003696 0.999993 0.000000 -0.653653 0.000000 0.000000 1.000000 0.000000
0.999994 0.003486 0.000000 48.399756 -0.003486 0.999994 0.000000 -0.670111 0.000000 0.000000 1.000000 0.000000
0.999990 0.004388 0.000000 49.021523 -0.004388 0.999990 0.000000 -0.684600 0.000000 0.000000 1.000000 0.000000
0.999974 0.007189 0.000000 49.679561 -0.007189 0.999974 0.000000 -0.697657 0.000000 0.000000 1.000000 0.000000
0.999960 0.008914 0.000000 50.330638 -0.008914 0.999960 0.000000 -0.718730 0.000000 0.000000 1.000000 0.000000
0.999948 0.010219 0.000000 50.994646 -0.010219 0.999948 0.000000 -0.738056 0.000000 0.000000 1.000000 0.000000
0.999981 0.006186 0.000000 51.650529 -0.006186 0.999981 0.000000 -0.756156 0.000000 0.000000 1.000000 0.000000
0.999989 0.004792 0.000000 52.323836 -0.004792 0.999989 0.000000 -0.774489 0.000000 0.000000 1.000000 0.000000
0.999991 0.004293 0.000000 53.352318 -0.004293 0.999991 0.000000 -0.806470 0.000000 0.000000 1.000000 0.000000
0.999994 0.003503 0.000000 54.041473 -0.003503 0.999994 0.000000 -0.825926 0.000000 0.000000 1.000000 0.000000
0.999995 0.003201 0.000000 54.678289 -0.003201 0.999995 0.000000 -0.847595 0.000000 0.000000 1.000000 0.000000
0.999993 0.003835 0.000000 55.337107 -0.003835 0.999993 0.000000 -0.870120 0.000000 0.000000 1.000000 0.000000
0.999989 0.004617 0.000000 55.995190 -0.004617 0.999989 0.000000 -0.890676 0.000000 0.000000 1.000000 0.000000
0.999996 0.002888 0.000000 56.651381 -0.002888 0.999996 0.000000 -0.913250 0.000000 0.000000 1.000000 0.000000
0.999996 0.002744 0.000000 57.298407 -0.002744 0.999996 0.000000 -0.937212 0.000000 0.000000 1.000000 0.000000
0.999997 0.002370 0.000000 57.948824 -0.002370 0.999997 0.000000 -0.952772 0.000000 0.000000 1.000000 0.000000
1.000000 -0.000148 0.000000 59.285380 0.000148 1.000000 0.000000 -0.992083 0.000000 0.000000 1.000000 0.000000
0.999993 -0.003803 0.000000 59.936717 0.003803 0.999993 0.000000 -1.007679 0.000000 0.000000 1.000000 0.000000
0.999988 -0.004963 0.000000 60.572282 0.004963 0.999988 0.000000 -1.024840 0.000000 0.000000 1.000000 0.000000
0.999991 -0.004181 0.000000 61.212424 0.004181 0.999991 0.000000 -1.043118 0.000000 0.000000 1.000000 0.000000
0.999995 -0.003166 0.000000 61.851210 0.003166 0.999995 0.000000 -1.063280 0.000000 0.000000 1.000000 0.000000
0.999990 -0.004411 0.000000 62.541382 0.004411 0.999990 0.000000 -1.084868 0.000000 0.000000 1.000000 0.000000
0.999995 -0.003145 0.000000 63.176107 0.003145 0.999995 0.000000 -1.098090 0.000000 0.000000 1.000000 0.000000
0.999998 -0.002119 0.000000 63.781022 0.002119 0.999998 0.000000 -1.111989 0.000000 0.000000 1.000000 0.000000
0.999999 -0.001568 0.000000 64.412833 0.001568 0.999999 0.000000 -1.131274 0.000000 0.000000 1.000000 0.000000
1.000000 -0.000658 0.000000 64.999972 0.000658 1.000000 0.000000 -1.151642 0.000000 0.000000 1.000000 0.000000
1.000000 -0.000419 0.000000 65.627188 0.000419 1.000000 0.000000 -1.172697 0.000000 0.000000 1.000000 0.000000
1.000000 -0.000885 0.000000 66.252723 0.000885 1.000000 0.000000 -1.196852 0.000000 0.000000 1.000000 0.000000
1.000000 -0.000863 0.000000 66.834351 0.000863 1.000000 0.000000 -1.217824 0.000000 0.000000 1.000000 0.000000
0.999998 -0.002179 0.000000 67.456900 0.002179 0.999998 0.000000 -1.242105 0.000000 0.000000 1.000000 0.000000
0.999998 -0.002103 0.000000 68.072548 0.002103 0.999998 0.000000 -1.262312 0.000000 0.000000 1.000000 0.000000
0.999997 -0.002552 0.000000 68.642141 0.002552 0.999997 0.000000 -1.285747 0.000000 0.000000 1.000000 0.000000
0.999998 -0.002133 0.000000 69.262467 0.002133 0.999998 0.000000 -1.300794 0.000000 0.000000 1.000000 0.000000
1.000000 0.000750 0.000000 69.827224 -0.000750 1.000000 0.000000 -1.309787 0.000000 0.000000 1.000000 0.000000
0.999998 0.001786 0.000000 70.434374 -0.001786 0.999998 0.000000 -1.329312 0.000000 0.000000 1.000000 0.000000
0.999997 0.002483 0.000000 71.044390 -0.002483 0.999997 0.000000 -1.348607 0.000000 0.000000 1.000000 0.000000
0.999993 0.003661 0.000000 71.887909 -0.003661 0.999993 0.000000 -1.377685 0.000000 0.000000 1.000000 0.000000
0.999986 0.005281 0.000000 72.491099 -0.005281 0.999986 0.000000 -1.400495 0.000000 0.000000 1.000000 0.000000
0.999998 0.002087 0.000000 73.089935 -0.002087 0.999998 0.000000 -1.424050 0.000000 0.000000 1.000000 0.000000
0.999998 0.001871 0.000000 73.682619 -0.001871 0.999998 0.000000 -1.438856 0.000000 0.000000 1.000000 0.000000
0.999999 -0.001174 0.000000 74.280827 0.001174 0.999999 0.000000 -1.455847 0.000000 0.000000 1.000000 0.000000
0.999996 -0.002647 0.000000 74.879810 0.002647 0.999996 0.000000 -1.472608 0.000000 0.000000 1.000000 0.000000
0.999997 -0.002366 0.000000 75.514161 0.002366 0.999997 0.000000 -1.485171 0.000000 0.000000 1.000000 0.000000
0.999995 -0.003017 0.000000 76.102368 0.003017 0.999995 0.000000 -1.498144 0.000000 0.000000 1.000000 0.000000
0.999998 -0.001922 0.000000 76.709193 0.001922 0.999998 0.000000 -1.503965 0.000000 0.000000 1.000000 0.000000
0.999995 -0.003035 0.000000 77.884663 0.003035 0.999995 0.000000 -1.542057 0.000000 0.000000 1.000000 0.000000
0.999998 -0.001962 0.000000 78.456894 0.001962 0.999998 0.000000 -1.556771 0.000000 0.000000 1.000000 0.000000
1.000000 0.000044 0.000000 79.035691 -0.000044 1.000000 0.000000 -1.583101 0.000000 0.000000 1.000000 0.000000
1.000000 0.000180 0.000000 79.616745 -0.000180 1.000000 0.000000 -1.607191 0.000000 0.000000 1.000000 0.000000
0.999998 0.002091 0.000000 80.195618 -0.002091 0.999998 0.000000 -1.626636 0.000000 0.000000 1.000000 0.000000
0.999998 0.001749 0.000000 80.768836 -0.001749 0.999998 0.000000 -1.656946 0.000000 0.000000 1.000000 0.000000
1.000000 -0.000045 0.000000 81.338863 0.000045 1.000000 0.000000 -1.679118 0.000000 0.000000 1.000000 0.000000
1.000000 -0.000758 0.000000 81.902559 0.000758 1.000000 0.000000 -1.702034 0.000000 0.000000 1.000000 0.000000
1.000000 0.000047 0.000000 82.471993 -0.000047 1.000000 0.000000 -1.723805 0.000000 0.000000 1.000000 0.000000
1.000000 0.000398 0.000000 83.028071 -0.000398 1.000000 0.000000 -1.746455 0.000000 0.000000 1.000000 0.000000
1.000000 0.000222 0.000000 83.578567 -0.000222 1.000000 0.000000 -1.767697 0.000000 0.000000 1.000000 0.000000
1.000000 0.000341 0.000000 84.124837 -0.000341 1.000000 0.000000 -1.792032 0.000000 0.000000 1.000000 0.000000
0.999998 0.001957 0.000000 84.679090 -0.001957 0.999998 0.000000 -1.814782 0.000000 0.000000 1.000000 0.000000
0.999993 0.003681 0.000000 85.200714 -0.003681 0.999993 0.000000 -1.838089 0.000000 0.000000 1.000000 0.000000
0.999979 0.006450 0.000000 85.742692 -0.006450 0.999979 0.000000 -1.855725 0.000000 0.000000 1.000000 0.000000
0.999955 0.009457 0.000000 86.265903 -0.009457 0.999955 0.000000 -1.869671 0.000000 0.000000 1.000000 0.000000
0.999955 0.009446 0.000000 86.776971 -0.009446 0.999955 0.000000 -1.894922 0.000000 0.000000 1.000000 0.000000
0.999958 0.009152 0.000000 87.311551 -0.009152 0.999958 0.000000 -1.922226 0.000000 0.000000 1.000000 0.000000
0.999958 0.009218 0.000000 87.836324 -0.009218 0.999958 0.000000 -1.944367 0.000000 0.000000 1.000000 0.000000
0.999950 0.010017 0.000000 88.321532 -0.010017 0.999950 0.000000 -1.967930 0.000000 0.000000 1.000000 0.000000
0.999927 0.012086 0.000000 88.847283 -0.012086 0.999927 0.000000 -1.989602 0.000000 0.000000 1.000000 0.000000
0.999933 0.011602 0.000000 89.366201 -0.011602 0.999933 0.000000 -2.017500 0.000000 0.000000 1.000000 0.000000
0.999929 0.011906 0.000000 89.852006 -0.011906 0.999929 0.000000 -2.035491 0.000000 0.000000 1.000000 0.000000
0.999915 0.013046 0.000000 90.373227 -0.013046 0.999915 0.000000 -2.052788 0.000000 0.000000 1.000000 0.000000
0.999890 0.014818 0.000000 90.888733 -0.014818 0.999890 0.000000 -2.073438 0.000000 0.000000 1.000000 0.000000
0.999881 0.015443 0.000000 91.360941 -0.015443 0.999881 0.000000 -2.096063 0.000000 0.000000 1.000000 0.000000
0.999881 0.015403 0.000000 91.869882 -0.015403 0.999881 0.000000 -2.123016 0.000000 0.000000 1.000000 0.000000
0.999859 0.016770 0.000000 92.351820 -0.016770 0.999859 0.000000 -2.158329 0.000000 0.000000 1.000000 0.000000
0.999851 0.017245 0.000000 92.854676 -0.017245 0.999851 0.000000 -2.178117 0.000000 0.000000 1.000000 0.000000
0.999864 0.016478 0.000000 93.515631 -0.016478 0.999864 0.000000 -2.212053 0.000000 0.000000 1.000000 0.000000
0.999865 0.016431 0.000000 94.009934 -0.016431 0.999865 0.000000 -2.233738 0.000000 0.000000 1.000000 0.000000
0.999857 0.016893 0.000000 94.503337 -0.016893 0.999857 0.000000 -2.252268 0.000000 0.000000 1.000000 0.000000
0.999872 0.016028 0.000000 94.984014 -0.016028 0.999872 0.000000 -2.276859 0.000000 0.000000 1.000000 0.000000
0.999903 0.013894 0.000000 95.468462 -0.013894 0.999903 0.000000 -2.307777 0.000000 0.000000 1.000000 0.000000
0.999914 0.013100 0.000000 95.950684 -0.013100 0.999914 0.000000 -2.338135 0.000000 0.000000 1.000000 0.000000
0.999888 0.014959 0.000000 96.412318 -0.014959 0.999888 0.000000 -2.353019 0.000000 0.000000 1.000000 0.000000
0.999800 0.019974 0.000000 97.362161 -0.019974 0.999800 0.000000 -2.407726 0.000000 0.000000 1.000000 0.000000
0.999770 0.021444 0.000000 97.833191 -0.021444 0.999770 0.000000 -2.438217 0.000000 0.000000 1.000000 0.000000
0.999698 0.024579 0.000000 98.308149 -0.024579 0.999698 0.000000 -2.466639 0.000000 0.000000 1.000000 0.000000
0.999669 0.025723 0.000000 98.774515 -0.025723 0.999669 0.000000 -2.500454 0.000000 0.000000 1.000000 0.000000
0.999605 0.028096 0.000000 99.248748 -0.028096 0.999605 0.000000 -2.530571 0.000000 0.000000 1.000000 0.000000
0.999572 0.029246 0.000000 99.715406 -0.029246 0.999572 0.000000 -2.569460 0.000000 0.000000 1.000000 0.000000
0.999495 0.031781 0.000000 100.178187 -0.031781 0.999495 0.000000 -2.598740 0.000000 0.000000 1.000000 0.000000
0.999327 0.036673 0.000000 100.637000 -0.036673 0.999327 0.000000 -2.624306 0.000000 0.000000 1.000000 0.000000
0.999202 0.039935 0.000000 101.100164 -0.039935 0.999202 0.000000 -2.657706 0.000000 0.000000 1.000000 0.000000
0.999107 0.042263 0.000000 101.551204 -0.042263 0.999107 0.000000 -2.695678 0.000000 0.000000 1.000000 0.000000
0.999037 0.043874 0.000000 101.974204 -0.043874 0.999037 0.000000 -2.731639 0.000000 0.000000 1.000000 0.000000
0.998995 0.044831 0.000000 102.415605 -0.044831 0.998995 0.000000 -2.769510 0.000000 0.000000 1.000000 0.000000
0.998997 0.044777 0.000000 102.850896 -0.044777 0.998997 0.000000 -2.813768 0.000000 0.000000 1.000000 0.000000
0.998876 0.047409 0.000000 103.281652 -0.047409 0.998876 0.000000 -2.850487 0.000000 0.000000 1.000000 0.000000
0.998800 0.048980 0.000000 103.707124 -0.048980 0.998800 0.000000 -2.884750 0.000000 0.000000 1.000000 0.000000
0.998504 0.054675 0.000000 104.125064 -0.054675 0.998504 0.000000 -2.916654 0.000000 0.000000 1.000000 0.000000
0.998239 0.059327 0.000000 104.543924 -0.059327 0.998239 0.000000 -2.946882 0.000000 0.000000 1.000000 0.000000
0.998173 0.060419 0.000000 104.952272 -0.060419 0.998173 0.000000 -2.983825 0.000000 0.000000 1.000000 0.000000
0.998299 0.058310 0.000000 105.360387 -0.058310 0.998299 0.000000 -3.022874 0.000000 0.000000 1.000000 0.000000
0.998189 0.060148 0.000000 105.766512 -0.060148 0.998189 0.000000 -3.059535 0.000000 0.000000 1.000000 0.000000
0.998248 0.059174 0.000000 106.161216 -0.059174 0.998248 0.000000 -3.113202 0.000000 0.000000 1.000000 0.000000
0.997959 0.063856 0.000000 106.563957 -0.063856 0.997959 0.000000 -3.147401 0.000000 0.000000 1.000000 0.000000
0.997650 0.068512 0.000000 106.948168 -0.068512 0.997650 0.000000 -3.172090 0.000000 0.000000 1.000000 0.000000
0.997712 0.067609 0.000000 107.342644 -0.067609 0.997712 0.000000 -3.235514 0.000000 0.000000 1.000000 0.000000
0.997565 0.069741 0.000000 107.737010 -0.069741 0.997565 0.000000 -3.269392 0.000000 0.000000 1.000000 0.000000
0.997365 0.072551 0.000000 108.116130 -0.072551 0.997365 0.000000 -3.307482 0.000000 0.000000 1.000000 0.000000
0.997049 0.076765 0.000000 108.527746 -0.076765 0.997049 0.000000 -3.345790 0.000000 0.000000 1.000000 0.000000
0.996792 0.080036 0.000000 108.930837 -0.080036 0.996792 0.000000 -3.388814 0.000000 0.000000 1.000000 0.000000
0.996552 0.082970 0.000000 109.499555 -0.082970 0.996552 0.000000 -3.452737 0.000000 0.000000 1.000000 0.000000
0.996405 0.084723 0.000000 109.911946 -0.084723 0.996405 0.000000 -3.503889 0.000000 0.000000 1.000000 0.000000
0.996226 0.086794 0.000000 110.325345 -0.086794 0.996226 0.000000 -3.560596 0.000000 0.000000 1.000000 0.000000
0.996034 0.088973 0.000000 110.741675 -0.088973 0.996034 0.000000 -3.616664 0.000000 0.000000 1.000000 0.000000
0.995895 0.090514 0.000000 111.157334 -0.090514 0.995895 0.000000 -3.666490 0.000000 0.000000 1.000000 0.000000
0.995897 0.090499 0.000000 111.566340 -0.090499 0.995897 0.000000 -3.725567 0.000000 0.000000 1.000000 0.000000
0.995674 0.092917 0.000000 111.984700 -0.092917 0.995674 0.000000 -3.775403 0.000000 0.000000 1.000000 0.000000
0.995176 0.098101 0.000000 112.410137 -0.098101 0.995176 0.000000 -3.830275 0.000000 0.000000 1.000000 0.000000
0.994555 0.104215 0.000000 113.177294 -0.104215 0.994555 0.000000 -3.939669 0.000000 0.000000 1.000000 0.000000
0.994626 0.103530 0.000000 113.604512 -0.103530 0.994626 0.000000 -4.004351 0.000000 0.000000 1.000000 0.000000
0.994556 0.104199 0.000000 114.041387 -0.104199 0.994556 0.000000 -4.061843 0.000000 0.000000 1.000000 0.000000
0.994649 0.103315 0.000000 114.475278 -0.103315 0.994649 0.000000 -4.116964 0.000000 0.000000 1.000000 0.000000
0.994367 0.105995 0.000000 114.911116 -0.105995 0.994367 0.000000 -4.159344 0.000000 0.000000 1.000000 0.000000
0.994273 0.106866 0.000000 115.351236 -0.106866 0.994273 0.000000 -4.213301 0.000000 0.000000 1.000000 0.000000
0.994337 0.106277 0.000000 115.791742 -0.106277 0.994337 0.000000 -4.269367 0.000000 0.000000 1.000000 0.000000
0.994355 0.106101 0.000000 116.233215 -0.106101 0.994355 0.000000 -4.325821 0.000000 0.000000 1.000000 0.000000
0.994341 0.106231 0.000000 116.678082 -0.106231 0.994341 0.000000 -4.389637 0.000000 0.000000 1.000000 0.000000
0.993991 0.109464 0.000000 117.128022 -0.109464 0.993991 0.000000 -4.451818 0.000000 0.000000 1.000000 0.000000
0.993872 0.110537 0.000000 117.581031 -0.110537 0.993872 0.000000 -4.512515 0.000000 0.000000 1.000000 0.000000
0.993945 0.109875 0.000000 118.410655 -0.109875 0.993945 0.000000 -4.628700 0.000000 0.000000 1.000000 0.000000
0.993682 0.112237 0.000000 118.868737 -0.112237 0.993682 0.000000 -4.685511 0.000000 0.000000 1.000000 0.000000
0.993613 0.112839 0.000000 119.328532 -0.112839 0.993613 0.000000 -4.760562 0.000000 0.000000 1.000000 0.000000
0.993402 0.114688 0.000000 119.790197 -0.114688 0.993402 0.000000 -4.831805 0.000000 0.000000 1.000000 0.000000
0.993270 0.115824 0.000000 120.251346 -0.115824 0.993270 0.000000 -4.905359 0.000000 0.000000 1.000000 0.000000
0.993154 0.116813 0.000000 120.716198 -0.116813 0.993154 0.000000 -4.981086 0.000000 0.000000 1.000000 0.000000
0.992753 0.120170 0.000000 121.185075 -0.120170 0.992753 0.000000 -5.044975 0.000000 0.000000 1.000000 0.000000
0.992194 0.124704 0.000000 121.657118 -0.124704 0.992194 0.000000 -5.117389 0.000000 0.000000 1.000000 0.000000
0.991609 0.129275 0.000000 122.161540 -0.129275 0.991609 0.000000 -5.194999 0.000000 0.000000 1.000000 0.000000
0.991526 0.129905 0.000000 122.597999 -0.129905 0.991526 0.000000 -5.267975 0.000000 0.000000 1.000000 0.000000
0.991317 0.131491 0.000000 123.111645 -0.131491 0.991317 0.000000 -5.355533 0.000000 0.000000 1.000000 0.000000
0.991172 0.132582 0.000000 123.592226 -0.132582 0.991172 0.000000 -5.432938 0.000000 0.000000 1.000000 0.000000
0.991518 0.129972 0.000000 124.060301 -0.129972 0.991518 0.000000 -5.523094 0.000000 0.000000 1.000000 0.000000
0.991336 0.131347 0.000000 124.533548 -0.131347 0.991336 0.000000 -5.598255 0.000000 0.000000 1.000000 0.000000
0.991059 0.133424 0.000000 125.008845 -0.133424 0.991059 0.000000 -5.677429 0.000000 0.000000 1.000000 0.000000
0.990552 0.137138 0.000000 125.487496 -0.137138 0.990552 0.000000 -5.754455 0.000000 0.000000 1.000000 0.000000
0.989638 0.143584 0.000000 125.962345 -0.143584 0.989638 0.000000 -5.825925 0.000000 0.000000 1.000000 0.000000
0.989031 0.147707 0.000000 126.433392 -0.147707 0.989031 0.000000 -5.904504 0.000000 0.000000 1.000000 0.000000
0.988766 0.149474 0.000000 126.898230 -0.149474 0.988766 0.000000 -5.952295 0.000000 0.000000 1.000000 0.000000
0.988770 0.149442 0.000000 127.191079 -0.149442 0.988770 0.000000 -6.110176 0.000000 0.000000 1.000000 0.000000
0.988566 0.150788 0.000000 127.673278 -0.150788 0.988566 0.000000 -6.199152 0.000000 0.000000 1.000000 0.000000
0.988353 0.152177 0.000000 128.471365 -0.152177 0.988353 0.000000 -6.345450 0.000000 0.000000 1.000000 0.000000
0.988991 0.147975 0.000000 128.969344 -0.147975 0.988991 0.000000 -6.441669 0.000000 0.000000 1.000000 0.000000
0.990386 0.138330 0.000000 129.951653 -0.138330 0.990386 0.000000 -6.640591 0.000000 0.000000 1.000000 0.000000
0.990938 0.134319 0.000000 130.445760 -0.134319 0.990938 0.000000 -6.737771 0.000000 0.000000 1.000000 0.000000
0.991106 0.133074 0.000000 130.943033 -0.133074 0.991106 0.000000 -6.820942 0.000000 0.000000 1.000000 0.000000
0.991072 0.133329 0.000000 131.445893 -0.133329 0.991072 0.000000 -6.912352 0.000000 0.000000 1.000000 0.000000
0.990656 0.136385 0.000000 131.950439 -0.136385 0.990656 0.000000 -6.986711 0.000000 0.000000 1.000000 0.000000
0.990330 0.138730 0.000000 132.436475 -0.138730 0.990330 0.000000 -7.065837 0.000000 0.000000 1.000000 0.000000
0.990378 0.138391 0.000000 132.989574 -0.138391 0.990378 0.000000 -7.150132 0.000000 0.000000 1.000000 0.000000
0.990139 0.140087 0.000000 133.478506 -0.140087 0.990139 0.000000 -7.228548 0.000000 0.000000 1.000000 0.000000
0.990013 0.140974 0.000000 133.990715 -0.140974 0.990013 0.000000 -7.307826 0.000000 0.000000 1.000000 0.000000
0.990046 0.140743 0.000000 134.509858 -0.140743 0.990046 0.000000 -7.394106 0.000000 0.000000 1.000000 0.000000
0.990059 0.140654 0.000000 134.992566 -0.140654 0.990059 0.000000 -7.474870 0.000000 0.000000 1.000000 0.000000
0.990159 0.139944 0.000000 135.508623 -0.139944 0.990159 0.000000 -7.567357 0.000000 0.000000 1.000000 0.000000
0.989886 0.141865 0.000000 136.037694 -0.141865 0.989886 0.000000 -7.639978 0.000000 0.000000 1.000000 0.000000
0.990009 0.141003 0.000000 136.507833 -0.141003 0.990009 0.000000 -7.720716 0.000000 0.000000 1.000000 0.000000
0.990091 0.140424 0.000000 137.023219 -0.140424 0.990091 0.000000 -7.776112 0.000000 0.000000 1.000000 0.000000
0.989633 0.143618 0.000000 137.555215 -0.143618 0.989633 0.000000 -7.858365 0.000000 0.000000 1.000000 0.000000
0.989370 0.145421 0.000000 138.185045 -0.145421 0.989370 0.000000 -7.963708 0.000000 0.000000 1.000000 0.000000
0.988779 0.149383 0.000000 138.756018 -0.149383 0.988779 0.000000 -8.053198 0.000000 0.000000 1.000000 0.000000
0.988364 0.152105 0.000000 139.256123 -0.152105 0.988364 0.000000 -8.146846 0.000000 0.000000 1.000000 0.000000
0.987607 0.156946 0.000000 139.776276 -0.156946 0.987607 0.000000 -8.237470 0.000000 0.000000 1.000000 0.000000
0.987144 0.159834 0.000000 140.311918 -0.159834 0.987144 0.000000 -8.337800 0.000000 0.000000 1.000000 0.000000
0.987024 0.160575 0.000000 140.852855 -0.160575 0.987024 0.000000 -8.440623 0.000000 0.000000 1.000000 0.000000
0.986308 0.164911 0.000000 144.725974 -0.164911 0.986308 0.000000 -9.168677 0.000000 0.000000 1.000000 0.000000
0.987272 0.159038 0.000000 145.241091 -0.159038 0.987272 0.000000 -9.285984 0.000000 0.000000 1.000000 0.000000
0.987957 0.154731 0.000000 146.408010 -0.154731 0.987957 0.000000 -9.507735 0.000000 0.000000 1.000000 0.000000
0.987577 0.157134 0.000000 147.536939 -0.157134 0.987577 0.000000 -9.731519 0.000000 0.000000 1.000000 0.000000
0.987414 0.158159 0.000000 148.100780 -0.158159 0.987414 0.000000 -9.844341 0.000000 0.000000 1.000000 0.000000
0.987417 0.158139 0.000000 148.669209 -0.158139 0.987417 0.000000 -9.960558 0.000000 0.000000 1.000000 0.000000
0.987434 0.158035 0.000000 149.238808 -0.158035 0.987434 0.000000 -10.085772 0.000000 0.000000 1.000000 0.000000
0.987945 0.154804 0.000000 149.806886 -0.154804 0.987945 0.000000 -10.207281 0.000000 0.000000 1.000000 0.000000
0.987956 0.154734 0.000000 150.376411 -0.154734 0.987956 0.000000 -10.299045 0.000000 0.000000 1.000000 0.000000
0.987647 0.156696 0.000000 150.946347 -0.156696 0.987647 0.000000 -10.405760 0.000000 0.000000 1.000000 0.000000
0.987837 0.155490 0.000000 151.538837 -0.155490 0.987837 0.000000 -10.533303 0.000000 0.000000 1.000000 0.000000
0.987773 0.155899 0.000000 152.108318 -0.155899 0.987773 0.000000 -10.645293 0.000000 0.000000 1.000000 0.000000
0.987058 0.160362 0.000000 152.995369 -0.160362 0.987058 0.000000 -10.817261 0.000000 0.000000 1.000000 0.000000
0.986997 0.160738 0.000000 153.575170 -0.160738 0.986997 0.000000 -10.947275 0.000000 0.000000 1.000000 0.000000
0.987277 0.159009 0.000000 154.116509 -0.159009 0.987277 0.000000 -11.054597 0.000000 0.000000 1.000000 0.000000
0.986461 0.163997 0.000000 154.683747 -0.163997 0.986461 0.000000 -11.158452 0.000000 0.000000 1.000000 0.000000
0.985707 0.168468 0.000000 155.297402 -0.168468 0.985707 0.000000 -11.278697 0.000000 0.000000 1.000000 0.000000
0.985336 0.170628 0.000000 155.829049 -0.170628 0.985336 0.000000 -11.389358 0.000000 0.000000 1.000000 0.000000
0.985108 0.171935 0.000000 156.438062 -0.171935 0.985108 0.000000 -11.524050 0.000000 0.000000 1.000000 0.000000
0.984887 0.173201 0.000000 157.010142 -0.173201 0.984887 0.000000 -11.642383 0.000000 0.000000 1.000000 0.000000
0.984472 0.175543 0.000000 157.588364 -0.175543 0.984472 0.000000 -11.750019 0.000000 0.000000 1.000000 0.000000
0.983983 0.178260 0.000000 158.160640 -0.178260 0.983983 0.000000 -11.858298 0.000000 0.000000 1.000000 0.000000
0.984075 0.177753 0.000000 158.733937 -0.177753 0.984075 0.000000 -11.985568 0.000000 0.000000 1.000000 0.000000
0.984014 0.178091 0.000000 159.303463 -0.178091 0.984014 0.000000 -12.097450 0.000000 0.000000 1.000000 0.000000
0.983750 0.179544 0.000000 159.876178 -0.179544 0.983750 0.000000 -12.208285 0.000000 0.000000 1.000000 0.000000
0.983797 0.179288 0.000000 160.440239 -0.179288 0.983797 0.000000 -12.324997 0.000000 0.000000 1.000000 0.000000
0.983304 0.181969 0.000000 161.023652 -0.181969 0.983304 0.000000 -12.440094 0.000000 0.000000 1.000000 0.000000
0.982954 0.183852 0.000000 161.595084 -0.183852 0.982954 0.000000 -12.556289 0.000000 0.000000 1.000000 0.000000
0.982218 0.187744 0.000000 162.728407 -0.187744 0.982218 0.000000 -12.791073 0.000000 0.000000 1.000000 0.000000
0.982393 0.186824 0.000000 163.259080 -0.186824 0.982393 0.000000 -12.947203 0.000000 0.000000 1.000000 0.000000
0.981789 0.189975 0.000000 163.780247 -0.189975 0.981789 0.000000 -13.061652 0.000000 0.000000 1.000000 0.000000
0.981123 0.193385 0.000000 164.361669 -0.193385 0.981123 0.000000 -13.181103 0.000000 0.000000 1.000000 0.000000
0.981154 0.193225 0.000000 164.914884 -0.193225 0.981154 0.000000 -13.302684 0.000000 0.000000 1.000000 0.000000
0.981239 0.192796 0.000000 166.014811 -0.192796 0.981239 0.000000 -13.547191 0.000000 0.000000 1.000000 0.000000
0.981067 0.193668 0.000000 166.572080 -0.193668 0.981067 0.000000 -13.676119 0.000000 0.000000 1.000000 0.000000
0.980786 0.195089 0.000000 167.105674 -0.195089 0.980786 0.000000 -13.795331 0.000000 0.000000 1.000000 0.000000
0.980980 0.194108 0.000000 167.664664 -0.194108 0.980980 0.000000 -13.920965 0.000000 0.000000 1.000000 0.000000
0.980511 0.196465 0.000000 168.226166 -0.196465 0.980511 0.000000 -14.026561 0.000000 0.000000 1.000000 0.000000
0.979785 0.200055 0.000000 168.758761 -0.200055 0.979785 0.000000 -14.131942 0.000000 0.000000 1.000000 0.000000
0.979019 0.203771 0.000000 169.509163 -0.203771 0.979019 0.000000 -14.292677 0.000000 0.000000 1.000000 0.000000
0.978443 0.206518 0.000000 170.076199 -0.206518 0.978443 0.000000 -14.412129 0.000000 0.000000 1.000000 0.000000
0.977207 0.212287 0.000000 170.643526 -0.212287 0.977207 0.000000 -14.530522 0.000000 0.000000 1.000000 0.000000
0.977025 0.213124 0.000000 171.248112 -0.213124 0.977025 0.000000 -14.666936 0.000000 0.000000 1.000000 0.000000
0.977300 0.211860 0.000000 171.777204 -0.211860 0.977300 0.000000 -14.801165 0.000000 0.000000 1.000000 0.000000
0.976794 0.214179 0.000000 172.378545 -0.214179 0.976794 0.000000 -14.940255 0.000000 0.000000 1.000000 0.000000
0.976884 0.213768 0.000000 172.948954 -0.213768 0.976884 0.000000 -15.073672 0.000000 0.000000 1.000000 0.000000
0.976045 0.217569 0.000000 173.521107 -0.217569 0.976045 0.000000 -15.203359 0.000000 0.000000 1.000000 0.000000
0.976540 0.215338 0.000000 174.101758 -0.215338 0.976540 0.000000 -15.351256 0.000000 0.000000 1.000000 0.000000
0.976828 0.214024 0.000000 174.669509 -0.214024 0.976828 0.000000 -15.486661 0.000000 0.000000 1.000000 0.000000
0.976736 0.214446 0.000000 175.240467 -0.214446 0.976736 0.000000 -15.631581 0.000000 0.000000 1.000000 0.000000
0.977223 0.212216 0.000000 175.805294 -0.212216 0.977223 0.000000 -15.777947 0.000000 0.000000 1.000000 0.000000
0.978401 0.206714 0.000000 176.370768 -0.206714 0.978401 0.000000 -15.934327 0.000000 0.000000 1.000000 0.000000
0.979074 0.203504 0.000000 176.940101 -0.203504 0.979074 0.000000 -16.079350 0.000000 0.000000 1.000000 0.000000
0.978888 0.204396 0.000000 177.511822 -0.204396 0.978888 0.000000 -16.213065 0.000000 0.000000 1.000000 0.000000
0.979255 0.202633 0.000000 178.096761 -0.202633 0.979255 0.000000 -16.357007 0.000000 0.000000 1.000000 0.000000
0.978890 0.204390 0.000000 178.665705 -0.204390 0.978890 0.000000 -16.487200 0.000000 0.000000 1.000000 0.000000
0.978704 0.205275 0.000000 179.204108 -0.205275 0.978704 0.000000 -16.613304 0.000000 0.000000 1.000000 0.000000
0.978745 0.205079 0.000000 179.816241 -0.205079 0.978745 0.000000 -16.751244 0.000000 0.000000 1.000000 0.000000
0.978734 0.205132 0.000000 180.352751 -0.205132 0.978734 0.000000 -16.877222 0.000000 0.000000 1.000000 0.000000
0.978329 0.207055 0.000000 180.932691 -0.207055 0.978329 0.000000 -17.009663 0.000000 0.000000 1.000000 0.000000
0.977647 0.210254 0.000000 181.512821 -0.210254 0.977647 0.000000 -17.145660 0.000000 0.000000 1.000000 0.000000
0.976369 0.216108 0.000000 182.085520 -0.216108 0.976369 0.000000 -17.287760 0.000000 0.000000 1.000000 0.000000
0.975902 0.218210 0.000000 182.670448 -0.218210 0.975902 0.000000 -17.428825 0.000000 0.000000 1.000000 0.000000
0.975785 0.218734 0.000000 183.246668 -0.218734 0.975785 0.000000 -17.566239 0.000000 0.000000 1.000000 0.000000
0.975599 0.219558 0.000000 183.820655 -0.219558 0.975599 0.000000 -17.707984 0.000000 0.000000 1.000000 0.000000
0.975494 0.220026 0.000000 184.417367 -0.220026 0.975494 0.000000 -17.845497 0.000000 0.000000 1.000000 0.000000
0.974896 0.222659 0.000000 185.001799 -0.222659 0.974896 0.000000 -17.983253 0.000000 0.000000 1.000000 0.000000
0.975028 0.222083 0.000000 185.578804 -0.222083 0.975028 0.000000 -18.131995 0.000000 0.000000 1.000000 0.000000
0.975138 0.221597 0.000000 186.146919 -0.221597 0.975138 0.000000 -18.278239 0.000000 0.000000 1.000000 0.000000
0.974529 0.224263 0.000000 186.725130 -0.224263 0.974529 0.000000 -18.417289 0.000000 0.000000 1.000000 0.000000
0.974038 0.226386 0.000000 187.299108 -0.226386 0.974038 0.000000 -18.557306 0.000000 0.000000 1.000000 0.000000
0.973899 0.226983 0.000000 187.844701 -0.226983 0.973899 0.000000 -18.696380 0.000000 0.000000 1.000000 0.000000
0.972963 0.230959 0.000000 188.414083 -0.230959 0.972963 0.000000 -18.843280 0.000000 0.000000 1.000000 0.000000
0.972629 0.232365 0.000000 189.000376 -0.232365 0.972629 0.000000 -18.996430 0.000000 0.000000 1.000000 0.000000
0.973050 0.230593 0.000000 189.551698 -0.230593 0.973050 0.000000 -19.144780 0.000000 0.000000 1.000000 0.000000
0.972473 0.233016 0.000000 190.102950 -0.233016 0.972473 0.000000 -19.291820 0.000000 0.000000 1.000000 0.000000
0.972959 0.230979 0.000000 190.682596 -0.230979 0.972959 0.000000 -19.451944 0.000000 0.000000 1.000000 0.000000
0.973031 0.230674 0.000000 191.252049 -0.230674 0.973031 0.000000 -19.581006 0.000000 0.000000 1.000000 0.000000
0.972210 0.234110 0.000000 191.815037 -0.234110 0.972210 0.000000 -19.728110 0.000000 0.000000 1.000000 0.000000
0.971870 0.235519 0.000000 192.387665 -0.235519 0.971870 0.000000 -19.874320 0.000000 0.000000 1.000000 0.000000
0.971557 0.236807 0.000000 192.920013 -0.236807 0.971557 0.000000 -20.016045 0.000000 0.000000 1.000000 0.000000
0.971041 0.238912 0.000000 193.490144 -0.238912 0.971041 0.000000 -20.175231 0.000000 0.000000 1.000000 0.000000
0.970502 0.241095 0.000000 194.050394 -0.241095 0.970502 0.000000 -20.332030 0.000000 0.000000 1.000000 0.000000
0.969402 0.245478 0.000000 194.867036 -0.245478 0.969402 0.000000 -20.549764 0.000000 0.000000 1.000000 0.000000
0.968573 0.248729 0.000000 195.426986 -0.248729 0.968573 0.000000 -20.701179 0.000000 0.000000 1.000000 0.000000
0.968529 0.248903 0.000000 195.990907 -0.248903 0.968529 0.000000 -20.854739 0.000000 0.000000 1.000000 0.000000
0.968206 0.250155 0.000000 196.474115 -0.250155 0.968206 0.000000 -20.989390 0.000000 0.000000 1.000000 0.000000
0.968424 0.249309 0.000000 197.034017 -0.249309 0.968424 0.000000 -21.141345 0.000000 0.000000 1.000000 0.000000
0.969067 0.246799 0.000000 197.600424 -0.246799 0.969067 0.000000 -21.296846 0.000000 0.000000 1.000000 0.000000
0.969109 0.246634 0.000000 198.166977 -0.246634 0.969109 0.000000 -21.444185 0.000000 0.000000 1.000000 0.000000
0.969078 0.246755 0.000000 198.745214 -0.246755 0.969078 0.000000 -21.607109 0.000000 0.000000 1.000000 0.000000
0.968868 0.247579 0.000000 199.244400 -0.247579 0.968868 0.000000 -21.745146 0.000000 0.000000 1.000000 0.000000
0.968560 0.248781 0.000000 200.219892 -0.248781 0.968560 0.000000 -22.008258 0.000000 0.000000 1.000000 0.000000
0.968300 0.249789 0.000000 200.778518 -0.249789 0.968300 0.000000 -22.165414 0.000000 0.000000 1.000000 0.000000
0.967779 0.251803 0.000000 201.482032 -0.251803 0.967779 0.000000 -22.365912 0.000000 0.000000 1.000000 0.000000
0.967165 0.254149 0.000000 202.189307 -0.254149 0.967165 0.000000 -22.569729 0.000000 0.000000 1.000000 0.000000
0.967059 0.254552 0.000000 203.145175 -0.254552 0.967059 0.000000 -22.844433 0.000000 0.000000 1.000000 0.000000
0.967183 0.254081 0.000000 203.709586 -0.254081 0.967183 0.000000 -23.011388 0.000000 0.000000 1.000000 0.000000
0.967129 0.254288 0.000000 204.227418 -0.254288 0.967129 0.000000 -23.166811 0.000000 0.000000 1.000000 0.000000
0.966793 0.255560 0.000000 204.776467 -0.255560 0.966793 0.000000 -23.323435 0.000000 0.000000 1.000000 0.000000
0.967492 0.252902 0.000000 205.293401 -0.252902 0.967492 0.000000 -23.482058 0.000000 0.000000 1.000000 0.000000
0.967271 0.253747 0.000000 205.859858 -0.253747 0.967271 0.000000 -23.637924 0.000000 0.000000 1.000000 0.000000
0.967081 0.254469 0.000000 206.406869 -0.254469 0.967081 0.000000 -23.804415 0.000000 0.000000 1.000000 0.000000
0.967553 0.252668 0.000000 207.196369 -0.252668 0.967553 0.000000 -24.037995 0.000000 0.000000 1.000000 0.000000
0.967698 0.252110 0.000000 207.751891 -0.252110 0.967698 0.000000 -24.195980 0.000000 0.000000 1.000000 0.000000
0.967663 0.252246 0.000000 208.304347 -0.252246 0.967663 0.000000 -24.354226 0.000000 0.000000 1.000000 0.000000
0.968454 0.249191 0.000000 208.860270 -0.249191 0.968454 0.000000 -24.519288 0.000000 0.000000 1.000000 0.000000
0.968705 0.248215 0.000000 209.448369 -0.248215 0.968705 0.000000 -24.688315 0.000000 0.000000 1.000000 0.000000
0.968711 0.248190 0.000000 209.965476 -0.248190 0.968711 0.000000 -24.837343 0.000000 0.000000 1.000000 0.000000
0.969293 0.245911 0.000000 210.551432 -0.245911 0.969293 0.000000 -25.011272 0.000000 0.000000 1.000000 0.000000
0.969449 0.245293 0.000000 211.072100 -0.245293 0.969449 0.000000 -25.159748 0.000000 0.000000 1.000000 0.000000
0.969934 0.243367 0.000000 211.658301 -0.243367 0.969934 0.000000 -25.330740 0.000000 0.000000 1.000000 0.000000
0.969974 0.243207 0.000000 212.183391 -0.243207 0.969974 0.000000 -25.464253 0.000000 0.000000 1.000000 0.000000
0.970257 0.242079 0.000000 212.732401 -0.242079 0.970257 0.000000 -25.633169 0.000000 0.000000 1.000000 0.000000
0.970261 0.242063 0.000000 213.284605 -0.242063 0.970261 0.000000 -25.777202 0.000000 0.000000 1.000000 0.000000
0.970375 0.241603 0.000000 213.826547 -0.241603 0.970375 0.000000 -25.928238 0.000000 0.000000 1.000000 0.000000
0.970840 0.239726 0.000000 214.377034 -0.239726 0.970840 0.000000 -26.083635 0.000000 0.000000 1.000000 0.000000
0.971410 0.237408 0.000000 214.929634 -0.237408 0.971410 0.000000 -26.238528 0.000000 0.000000 1.000000 0.000000
0.971331 0.237730 0.000000 215.482389 -0.237730 0.971331 0.000000 -26.273417 0.000000 0.000000 1.000000 0.000000
0.971058 0.238845 0.000000 215.989024 -0.238845 0.971058 0.000000 -26.438323 0.000000 0.000000 1.000000 0.000000
0.971815 0.235745 0.000000 216.534464 -0.235745 0.971815 0.000000 -26.586860 0.000000 0.000000 1.000000 0.000000
0.972347 0.233542 0.000000 217.124770 -0.233542 0.972347 0.000000 -26.743568 0.000000 0.000000 1.000000 0.000000
0.973077 0.230478 0.000000 217.672538 -0.230478 0.973077 0.000000 -26.893519 0.000000 0.000000 1.000000 0.000000
0.973346 0.229342 0.000000 218.239316 -0.229342 0.973346 0.000000 -27.044195 0.000000 0.000000 1.000000 0.000000
0.973289 0.229585 0.000000 218.749696 -0.229585 0.973289 0.000000 -27.176303 0.000000 0.000000 1.000000 0.000000
0.972746 0.231872 0.000000 219.294374 -0.231872 0.972746 0.000000 -27.317463 0.000000 0.000000 1.000000 0.000000
0.973214 0.229900 0.000000 219.877487 -0.229900 0.973214 0.000000 -27.479761 0.000000 0.000000 1.000000 0.000000
0.973805 0.227386 0.000000 220.424356 -0.227386 0.973805 0.000000 -27.624887 0.000000 0.000000 1.000000 0.000000
0.974006 0.226522 0.000000 220.982660 -0.226522 0.974006 0.000000 -27.771583 0.000000 0.000000 1.000000 0.000000
0.974174 0.225798 0.000000 221.501428 -0.225798 0.974174 0.000000 -27.906585 0.000000 0.000000 1.000000 0.000000
0.975505 0.219979 0.000000 222.553810 -0.219979 0.975505 0.000000 -28.194064 0.000000 0.000000 1.000000 0.000000
0.976090 0.217369 0.000000 223.077698 -0.217369 0.976090 0.000000 -28.329273 0.000000 0.000000 1.000000 0.000000
0.976697 0.214621 0.000000 223.601620 -0.214621 0.976697 0.000000 -28.462204 0.000000 0.000000 1.000000 0.000000
0.976730 0.214474 0.000000 224.103324 -0.214474 0.976730 0.000000 -28.587496 0.000000 0.000000 1.000000 0.000000
0.977164 0.212486 0.000000 224.637865 -0.212486 0.977164 0.000000 -28.723890 0.000000 0.000000 1.000000 0.000000
0.977611 0.210420 0.000000 225.170391 -0.210420 0.977611 0.000000 -28.851249 0.000000 0.000000 1.000000 0.000000
0.977863 0.209248 0.000000 225.707106 -0.209248 0.977863 0.000000 -28.979105 0.000000 0.000000 1.000000 0.000000
0.978204 0.207644 0.000000 226.203080 -0.207644 0.978204 0.000000 -29.101728 0.000000 0.000000 1.000000 0.000000
0.978136 0.207964 0.000000 226.737039 -0.207964 0.978136 0.000000 -29.225911 0.000000 0.000000 1.000000 0.000000
0.978069 0.208283 0.000000 227.230946 -0.208283 0.978069 0.000000 -29.343557 0.000000 0.000000 1.000000 0.000000
0.978146 0.207917 0.000000 227.755319 -0.207917 0.978146 0.000000 -29.465391 0.000000 0.000000 1.000000 0.000000
0.978384 0.206797 0.000000 228.280860 -0.206797 0.978384 0.000000 -29.591060 0.000000 0.000000 1.000000 0.000000
0.978807 0.204784 0.000000 228.802817 -0.204784 0.978807 0.000000 -29.720488 0.000000 0.000000 1.000000 0.000000
0.978894 0.204370 0.000000 229.296589 -0.204370 0.978894 0.000000 -29.831549 0.000000 0.000000 1.000000 0.000000
0.979425 0.201806 0.000000 229.823788 -0.201806 0.979425 0.000000 -29.953600 0.000000 0.000000 1.000000 0.000000
0.979605 0.200933 0.000000 230.476301 -0.200933 0.979605 0.000000 -30.100851 0.000000 0.000000 1.000000 0.000000
0.979693 0.200506 0.000000 231.101599 -0.200506 0.979693 0.000000 -30.247973 0.000000 0.000000 1.000000 0.000000
0.979814 0.199911 0.000000 231.623768 -0.199911 0.979814 0.000000 -30.364058 0.000000 0.000000 1.000000 0.000000
0.980372 0.197159 0.000000 232.145375 -0.197159 0.980372 0.000000 -30.485127 0.000000 0.000000 1.000000 0.000000
0.980902 0.194503 0.000000 232.672504 -0.194503 0.980902 0.000000 -30.605535 0.000000 0.000000 1.000000 0.000000
0.981357 0.192196 0.000000 233.190710 -0.192196 0.981357 0.000000 -30.721590 0.000000 0.000000 1.000000 0.000000
0.981929 0.189252 0.000000 233.706009 -0.189252 0.981929 0.000000 -30.843157 0.000000 0.000000 1.000000 0.000000
0.981766 0.190095 0.000000 234.612238 -0.190095 0.981766 0.000000 -31.032705 0.000000 0.000000 1.000000 0.000000
0.981592 0.190989 0.000000 235.139439 -0.190989 0.981592 0.000000 -31.148332 0.000000 0.000000 1.000000 0.000000
0.981117 0.193417 0.000000 235.624885 -0.193417 0.981117 0.000000 -31.260206 0.000000 0.000000 1.000000 0.000000
0.980684 0.195601 0.000000 236.143377 -0.195601 0.980684 0.000000 -31.378994 0.000000 0.000000 1.000000 0.000000
0.980218 0.197920 0.000000 236.664040 -0.197920 0.980218 0.000000 -31.488835 0.000000 0.000000 1.000000 0.000000
0.980609 0.195973 0.000000 237.176914 -0.195973 0.980609 0.000000 -31.618106 0.000000 0.000000 1.000000 0.000000
0.980716 0.195437 0.000000 237.705632 -0.195437 0.980716 0.000000 -31.746403 0.000000 0.000000 1.000000 0.000000
0.980196 0.198030 0.000000 238.221593 -0.198030 0.980196 0.000000 -31.862737 0.000000 0.000000 1.000000 0.000000
0.979734 0.200304 0.000000 238.736667 -0.200304 0.979734 0.000000 -31.981836 0.000000 0.000000 1.000000 0.000000
0.979562 0.201141 0.000000 239.256826 -0.201141 0.979562 0.000000 -32.107858 0.000000 0.000000 1.000000 0.000000
0.979147 0.203152 0.000000 239.768841 -0.203152 0.979147 0.000000 -32.230830 0.000000 0.000000 1.000000 0.000000
0.979210 0.202848 0.000000 240.291162 -0.202848 0.979210 0.000000 -32.347550 0.000000 0.000000 1.000000 0.000000
0.978887 0.204401 0.000000 240.805335 -0.204401 0.978887 0.000000 -32.474619 0.000000 0.000000 1.000000 0.000000
0.978821 0.204716 0.000000 241.313777 -0.204716 0.978821 0.000000 -32.592539 0.000000 0.000000 1.000000 0.000000
0.978538 0.206066 0.000000 241.829691 -0.206066 0.978538 0.000000 -32.720872 0.000000 0.000000 1.000000 0.000000
0.978615 0.205700 0.000000 242.348769 -0.205700 0.978615 0.000000 -32.844960 0.000000 0.000000 1.000000 0.000000
0.978395 0.206743 0.000000 242.903966 -0.206743 0.978395 0.000000 -32.975895 0.000000 0.000000 1.000000 0.000000
0.978079 0.208234 0.000000 243.385022 -0.208234 0.978079 0.000000 -33.091564 0.000000 0.000000 1.000000 0.000000
0.977174 0.212442 0.000000 243.890860 -0.212442 0.977174 0.000000 -33.221497 0.000000 0.000000 1.000000 0.000000
0.976680 0.214698 0.000000 244.408377 -0.214698 0.976680 0.000000 -33.351559 0.000000 0.000000 1.000000 0.000000
0.976954 0.213448 0.000000 244.920283 -0.213448 0.976954 0.000000 -33.485117 0.000000 0.000000 1.000000 0.000000
0.977032 0.213092 0.000000 245.432092 -0.213092 0.977032 0.000000 -33.617442 0.000000 0.000000 1.000000 0.000000
0.976733 0.214458 0.000000 245.941898 -0.214458 0.976733 0.000000 -33.745992 0.000000 0.000000 1.000000 0.000000
0.976366 0.216123 0.000000 246.453163 -0.216123 0.976366 0.000000 -33.875973 0.000000 0.000000 1.000000 0.000000
0.976375 0.216083 0.000000 246.960262 -0.216083 0.976375 0.000000 -34.009031 0.000000 0.000000 1.000000 0.000000
0.975551 0.219773 0.000000 247.482145 -0.219773 0.975551 0.000000 -34.112506 0.000000 0.000000 1.000000 0.000000
0.974860 0.222817 0.000000 248.025216 -0.222817 0.974860 0.000000 -34.251240 0.000000 0.000000 1.000000 0.000000
0.974173 0.225802 0.000000 248.528872 -0.225802 0.974173 0.000000 -34.386371 0.000000 0.000000 1.000000 0.000000
0.973729 0.227710 0.000000 249.007857 -0.227710 0.973729 0.000000 -34.514937 0.000000 0.000000 1.000000 0.000000
0.973025 0.230700 0.000000 249.526431 -0.230700 0.973025 0.000000 -34.643932 0.000000 0.000000 1.000000 0.000000
0.971459 0.237206 0.000000 250.545009 -0.237206 0.971459 0.000000 -34.903600 0.000000 0.000000 1.000000 0.000000
0.970378 0.241594 0.000000 251.054344 -0.241594 0.970378 0.000000 -35.032218 0.000000 0.000000 1.000000 0.000000
0.970764 0.240036 0.000000 251.760433 -0.240036 0.970764 0.000000 -35.225818 0.000000 0.000000 1.000000 0.000000
0.970556 0.240875 0.000000 252.735602 -0.240875 0.970556 0.000000 -35.493436 0.000000 0.000000 1.000000 0.000000
0.969900 0.243505 0.000000 253.238023 -0.243505 0.969900 0.000000 -35.627052 0.000000 0.000000 1.000000 0.000000
0.969401 0.245482 0.000000 253.739165 -0.245482 0.969401 0.000000 -35.766656 0.000000 0.000000 1.000000 0.000000
0.969109 0.246635 0.000000 254.233055 -0.246635 0.969109 0.000000 -35.908614 0.000000 0.000000 1.000000 0.000000
0.968698 0.248243 0.000000 254.736397 -0.248243 0.968698 0.000000 -36.054581 0.000000 0.000000 1.000000 0.000000
0.968404 0.249388 0.000000 255.232626 -0.249388 0.968404 0.000000 -36.199382 0.000000 0.000000 1.000000 0.000000
0.968274 0.249891 0.000000 255.734511 -0.249891 0.968274 0.000000 -36.340849 0.000000 0.000000 1.000000 0.000000
0.968468 0.249138 0.000000 256.227317 -0.249138 0.968468 0.000000 -36.480791 0.000000 0.000000 1.000000 0.000000
0.969655 0.244477 0.000000 256.714825 -0.244477 0.969655 0.000000 -36.622035 0.000000 0.000000 1.000000 0.000000
0.970483 0.241171 0.000000 257.204769 -0.241171 0.970483 0.000000 -36.759698 0.000000 0.000000 1.000000 0.000000
0.970800 0.239891 0.000000 257.663557 -0.239891 0.970800 0.000000 -36.880752 0.000000 0.000000 1.000000 0.000000
0.970661 0.240454 0.000000 258.156841 -0.240454 0.970661 0.000000 -37.007737 0.000000 0.000000 1.000000 0.000000
0.971004 0.239062 0.000000 258.627230 -0.239062 0.971004 0.000000 -37.123301 0.000000 0.000000 1.000000 0.000000
0.971263 0.238008 0.000000 259.109915 -0.238008 0.971263 0.000000 -37.250621 0.000000 0.000000 1.000000 0.000000
0.971810 0.235766 0.000000 259.594215 -0.235766 0.971810 0.000000 -37.379946 0.000000 0.000000 1.000000 0.000000
0.971829 0.235687 0.000000 260.075541 -0.235687 0.971829 0.000000 -37.506104 0.000000 0.000000 1.000000 0.000000
0.971514 0.236981 0.000000 260.558403 -0.236981 0.971514 0.000000 -37.632663 0.000000 0.000000 1.000000 0.000000
0.971166 0.238403 0.000000 261.030117 -0.238403 0.971166 0.000000 -37.755753 0.000000 0.000000 1.000000 0.000000
0.970338 0.241753 0.000000 261.512354 -0.241753 0.970338 0.000000 -37.880145 0.000000 0.000000 1.000000 0.000000
0.970436 0.241359 0.000000 261.975339 -0.241359 0.970436 0.000000 -38.007393 0.000000 0.000000 1.000000 0.000000
0.971202 0.238256 0.000000 262.470467 -0.238256 0.971202 0.000000 -38.142706 0.000000 0.000000 1.000000 0.000000
0.971366 0.237590 0.000000 262.910748 -0.237590 0.971366 0.000000 -38.270654 0.000000 0.000000 1.000000 0.000000
0.971080 0.238754 0.000000 263.327231 -0.238754 0.971080 0.000000 -38.385476 0.000000 0.000000 1.000000 0.000000
0.971008 0.239045 0.000000 263.778576 -0.239045 0.971008 0.000000 -38.508828 0.000000 0.000000 1.000000 0.000000
0.971103 0.238660 0.000000 264.228923 -0.238660 0.971103 0.000000 -38.630248 0.000000 0.000000 1.000000 0.000000
0.971223 0.238171 0.000000 264.668528 -0.238171 0.971223 0.000000 -38.744582 0.000000 0.000000 1.000000 0.000000
0.971460 0.237204 0.000000 265.114272 -0.237204 0.971460 0.000000 -38.860286 0.000000 0.000000 1.000000 0.000000
0.971388 0.237498 0.000000 265.545136 -0.237498 0.971388 0.000000 -38.973421 0.000000 0.000000 1.000000 0.000000
0.971852 0.235593 0.000000 265.976479 -0.235593 0.971852 0.000000 -39.092169 0.000000 0.000000 1.000000 0.000000
0.972431 0.233192 0.000000 266.405642 -0.233192 0.972431 0.000000 -39.203238 0.000000 0.000000 1.000000 0.000000
0.973142 0.230206 0.000000 266.841964 -0.230206 0.973142 0.000000 -39.315892 0.000000 0.000000 1.000000 0.000000
0.973276 0.229637 0.000000 267.396342 -0.229637 0.973276 0.000000 -39.450097 0.000000 0.000000 1.000000 0.000000
0.972905 0.231204 0.000000 267.808848 -0.231204 0.972905 0.000000 -39.547859 0.000000 0.000000 1.000000 0.000000
0.973417 0.229041 0.000000 268.221756 -0.229041 0.973417 0.000000 -39.656324 0.000000 0.000000 1.000000 0.000000
0.973337 0.229378 0.000000 268.620917 -0.229378 0.973337 0.000000 -39.756165 0.000000 0.000000 1.000000 0.000000
0.973760 0.227578 0.000000 269.026101 -0.227578 0.973760 0.000000 -39.868392 0.000000 0.000000 1.000000 0.000000
0.973863 0.227135 0.000000 269.431450 -0.227135 0.973863 0.000000 -39.917746 0.000000 0.000000 1.000000 0.000000
0.973491 0.228725 0.000000 269.833161 -0.228725 0.973491 0.000000 -40.009203 0.000000 0.000000 1.000000 0.000000
0.973230 0.229833 0.000000 270.249171 -0.229833 0.973230 0.000000 -40.111627 0.000000 0.000000 1.000000 0.000000
0.972579 0.232573 0.000000 270.635029 -0.232573 0.972579 0.000000 -40.203169 0.000000 0.000000 1.000000 0.000000
0.972695 0.232086 0.000000 271.001306 -0.232086 0.972695 0.000000 -40.305602 0.000000 0.000000 1.000000 0.000000
0.972918 0.231152 0.000000 271.377442 -0.231152 0.972918 0.000000 -40.404721 0.000000 0.000000 1.000000 0.000000
0.972595 0.232508 0.000000 271.749022 -0.232508 0.972595 0.000000 -40.491044 0.000000 0.000000 1.000000 0.000000
0.972242 0.233978 0.000000 272.113224 -0.233978 0.972242 0.000000 -40.586068 0.000000 0.000000 1.000000 0.000000
0.972290 0.233778 0.000000 272.472938 -0.233778 0.972290 0.000000 -40.684087 0.000000 0.000000 1.000000 0.000000
0.972552 0.232687 0.000000 272.830135 -0.232687 0.972552 0.000000 -40.777157 0.000000 0.000000 1.000000 0.000000
0.972806 0.231623 0.000000 273.182786 -0.231623 0.972806 0.000000 -40.866238 0.000000 0.000000 1.000000 0.000000
0.972711 0.232021 0.000000 273.536003 -0.232021 0.972711 0.000000 -40.946448 0.000000 0.000000 1.000000 0.000000
0.972530 0.232778 0.000000 273.879871 -0.232778 0.972530 0.000000 -41.033259 0.000000 0.000000 1.000000 0.000000
0.973200 0.229962 0.000000 274.220926 -0.229962 0.973200 0.000000 -41.132557 0.000000 0.000000 1.000000 0.000000
0.973371 0.229237 0.000000 274.556497 -0.229237 0.973371 0.000000 -41.223464 0.000000 0.000000 1.000000 0.000000
0.973137 0.230228 0.000000 275.216955 -0.230228 0.973137 0.000000 -41.393119 0.000000 0.000000 1.000000 0.000000
0.973246 0.229766 0.000000 275.539223 -0.229766 0.973246 0.000000 -41.477433 0.000000 0.000000 1.000000 0.000000
0.973442 0.228936 0.000000 275.859712 -0.228936 0.973442 0.000000 -41.561328 0.000000 0.000000 1.000000 0.000000
0.973351 0.229319 0.000000 276.175995 -0.229319 0.973351 0.000000 -41.637007 0.000000 0.000000 1.000000 0.000000
0.972688 0.232116 0.000000 276.494889 -0.232116 0.972688 0.000000 -41.703303 0.000000 0.000000 1.000000 0.000000
0.972385 0.233381 0.000000 277.046736 -0.233381 0.972385 0.000000 -41.847594 0.000000 0.000000 1.000000 0.000000
0.972704 0.232051 0.000000 277.341774 -0.232051 0.972704 0.000000 -41.929022 0.000000 0.000000 1.000000 0.000000
0.973168 0.230096 0.000000 277.619001 -0.230096 0.973168 0.000000 -42.009876 0.000000 0.000000 1.000000 0.000000
0.973570 0.228391 0.000000 277.905090 -0.228391 0.973570 0.000000 -42.090913 0.000000 0.000000 1.000000 0.000000
0.973655 0.228025 0.000000 278.171069 -0.228025 0.973655 0.000000 -42.157924 0.000000 0.000000 1.000000 0.000000
0.970696 0.240313 0.000000 280.510944 -0.240313 0.970696 0.000000 -42.709958 0.000000 0.000000 1.000000 0.000000
0.970213 0.242254 0.000000 280.764341 -0.242254 0.970213 0.000000 -42.777129 0.000000 0.000000 1.000000 0.000000
0.970677 0.240386 0.000000 281.004336 -0.240386 0.970677 0.000000 -42.841547 0.000000 0.000000 1.000000 0.000000
0.971548 0.236843 0.000000 281.303904 -0.236843 0.971548 0.000000 -42.926965 0.000000 0.000000 1.000000 0.000000
0.971801 0.235802 0.000000 281.644913 -0.235802 0.971801 0.000000 -43.013222 0.000000 0.000000 1.000000 0.000000
0.971508 0.237006 0.000000 281.936766 -0.237006 0.971508 0.000000 -43.091465 0.000000 0.000000 1.000000 0.000000
0.971729 0.236100 0.000000 282.162294 -0.236100 0.971729 0.000000 -43.162850 0.000000 0.000000 1.000000 0.000000
0.972138 0.234407 0.000000 282.382660 -0.234407 0.972138 0.000000 -43.222985 0.000000 0.000000 1.000000 0.000000
0.972318 0.233660 0.000000 282.600660 -0.233660 0.972318 0.000000 -43.282562 0.000000 0.000000 1.000000 0.000000
0.971886 0.235450 0.000000 282.821558 -0.235450 0.971886 0.000000 -43.325514 0.000000 0.000000 1.000000 0.000000
0.971522 0.236950 0.000000 283.034284 -0.236950 0.971522 0.000000 -43.377698 0.000000 0.000000 1.000000 0.000000
0.971972 0.235097 0.000000 283.241384 -0.235097 0.971972 0.000000 -43.439855 0.000000 0.000000 1.000000 0.000000
0.972068 0.234699 0.000000 283.465656 -0.234699 0.972068 0.000000 -43.455794 0.000000 0.000000 1.000000 0.000000
0.971509 0.237004 0.000000 283.667760 -0.237004 0.971509 0.000000 -43.505602 0.000000 0.000000 1.000000 0.000000
0.971211 0.238222 0.000000 283.863321 -0.238222 0.971211 0.000000 -43.555938 0.000000 0.000000 1.000000 0.000000
0.971477 0.237134 0.000000 284.067237 -0.237134 0.971477 0.000000 -43.612748 0.000000 0.000000 1.000000 0.000000
0.971748 0.236021 0.000000 284.238267 -0.236021 0.971748 0.000000 -43.665739 0.000000 0.000000 1.000000 0.000000
0.971951 0.235185 0.000000 284.434144 -0.235185 0.971951 0.000000 -43.721401 0.000000 0.000000 1.000000 0.000000
0.971766 0.235948 0.000000 284.602338 -0.235948 0.971766 0.000000 -43.764094 0.000000 0.000000 1.000000 0.000000
0.971267 0.237994 0.000000 284.782032 -0.237994 0.971267 0.000000 -43.803301 0.000000 0.000000 1.000000 0.000000
0.971399 0.237451 0.000000 284.943332 -0.237451 0.971399 0.000000 -43.857435 0.000000 0.000000 1.000000 0.000000
0.970932 0.239354 0.000000 285.110399 -0.239354 0.970932 0.000000 -43.902746 0.000000 0.000000 1.000000 0.000000
0.970243 0.242134 0.000000 285.275608 -0.242134 0.970243 0.000000 -43.931611 0.000000 0.000000 1.000000 0.000000
0.969928 0.243394 0.000000 285.446192 -0.243394 0.969928 0.000000 -43.974388 0.000000 0.000000 1.000000 0.000000
0.970308 0.241874 0.000000 285.589088 -0.241874 0.970308 0.000000 -44.015188 0.000000 0.000000 1.000000 0.000000
0.972030 0.234855 0.000000 285.851097 -0.234855 0.972030 0.000000 -44.093271 0.000000 0.000000 1.000000 0.000000
0.971282 0.237932 0.000000 285.997441 -0.237932 0.971282 0.000000 -44.124997 0.000000 0.000000 1.000000 0.000000
0.971389 0.237492 0.000000 286.137136 -0.237492 0.971389 0.000000 -44.165429 0.000000 0.000000 1.000000 0.000000
0.971061 0.238832 0.000000 286.266917 -0.238832 0.971061 0.000000 -44.201725 0.000000 0.000000 1.000000 0.000000
0.971939 0.235232 0.000000 286.485919 -0.235232 0.971939 0.000000 -44.296693 0.000000 0.000000 1.000000 0.000000
0.972037 0.234827 0.000000 286.595182 -0.234827 0.972037 0.000000 -44.308428 0.000000 0.000000 1.000000 0.000000
0.971936 0.235245 0.000000 286.721782 -0.235245 0.971936 0.000000 -44.339963 0.000000 0.000000 1.000000 0.000000
0.971841 0.235639 0.000000 286.799719 -0.235639 0.971841 0.000000 -44.349086 0.000000 0.000000 1.000000 0.000000
0.972121 0.234478 0.000000 286.872340 -0.234478 0.972121 0.000000 -44.385378 0.000000 0.000000 1.000000 0.000000
0.972197 0.234165 0.000000 286.971430 -0.234165 0.972197 0.000000 -44.414127 0.000000 0.000000 1.000000 0.000000
0.971840 0.235641 0.000000 287.030248 -0.235641 0.971840 0.000000 -44.422998 0.000000 0.000000 1.000000 0.000000
0.971618 0.236557 0.000000 287.091640 -0.236557 0.971618 0.000000 -44.440297 0.000000 0.000000 1.000000 0.000000
0.971396 0.237467 0.000000 287.129664 -0.237467 0.971396 0.000000 -44.449808 0.000000 0.000000 1.000000 0.000000
0.971588 0.236680 0.000000 287.159442 -0.236680 0.971588 0.000000 -44.461322 0.000000 0.000000 1.000000 0.000000
0.971445 0.237265 0.000000 287.176752 -0.237265 0.971445 0.000000 -44.463408 0.000000 0.000000 1.000000 0.000000
0.971489 0.237083 0.000000 287.193118 -0.237083 0.971489 0.000000 -44.468613 0.000000 0.000000 1.000000 0.000000
0.971655 0.236403 0.000000 287.206910 -0.236403 0.971655 0.000000 -44.474726 0.000000 0.000000 1.000000 0.000000
0.971861 0.235554 0.000000 287.210556 -0.235554 0.971861 0.000000 -44.478845 0.000000 0.000000 1.000000 0.000000
0.971899 0.235396 0.000000 287.207810 -0.235396 0.971899 0.000000 -44.478607 0.000000 0.000000 1.000000 0.000000
0.972060 0.234733 0.000000 287.210568 -0.234733 0.972060 0.000000 -44.481077 0.000000 0.000000 1.000000 0.000000
0.972187 0.234205 0.000000 287.210019 -0.234205 0.972187 0.000000 -44.482117 0.000000 0.000000 1.000000 0.000000
0.972231 0.234023 0.000000 287.209801 -0.234023 0.972231 0.000000 -44.482629 0.000000 0.000000 1.000000 0.000000
0.972238 0.233996 0.000000 287.209806 -0.233996 0.972238 0.000000 -44.482606 0.000000 0.000000 1.000000 0.000000
0.972235 0.234006 0.000000 287.209737 -0.234006 0.972235 0.000000 -44.482404 0.000000 0.000000 1.000000 0.000000
0.972216 0.234086 0.000000 287.209757 -0.234086 0.972216 0.000000 -44.482125 0.000000 0.000000 1.000000 0.000000
0.972242 0.233976 0.000000 287.209452 -0.233976 0.972242 0.000000 -44.482289 0.000000 0.000000 1.000000 0.000000
0.972248 0.233952 0.000000 287.209396 -0.233952 0.972248 0.000000 -44.482265 0.000000 0.000000 1.000000 0.000000
0.972266 0.233880 0.000000 287.209266 -0.233880 0.972266 0.000000 -44.482029 0.000000 0.000000 1.000000 0.000000
0.972280 0.233820 0.000000 287.209129 -0.233820 0.972280 0.000000 -44.482030 0.000000 0.000000 1.000000 0.000000
0.972278 0.233827 0.000000 287.208982 -0.233827 0.972278 0.000000 -44.481858 0.000000 0.000000 1.000000 0.000000
0.972277 0.233830 0.000000 287.209133 -0.233830 0.972277 0.000000 -44.481758 0.000000 0.000000 1.000000 0.000000
0.972323 0.233642 0.000000 287.209080 -0.233642 0.972323 0.000000 -44.482202 0.000000 0.000000 1.000000 0.000000
0.972307 0.233705 0.000000 287.209066 -0.233705 0.972307 0.000000 -44.482049 0.000000 0.000000 1.000000 0.000000
0.972308 0.233704 0.000000 287.208810 -0.233704 0.972308 0.000000 -44.481927 0.000000 0.000000 1.000000 0.000000
0.972337 0.233584 0.000000 287.208758 -0.233584 0.972337 0.000000 -44.482155 0.000000 0.000000 1.000000 0.000000
0.972311 0.233691 0.000000 287.208832 -0.233691 0.972311 0.000000 -44.481918 0.000000 0.000000 1.000000 0.000000
0.972318 0.233660 0.000000 287.208893 -0.233660 0.972318 0.000000 -44.481905 0.000000 0.000000 1.000000 0.000000
0.972294 0.233763 0.000000 287.208987 -0.233763 0.972294 0.000000 -44.481863 0.000000 0.000000 1.000000 0.000000
0.972301 0.233731 0.000000 287.208918 -0.233731 0.972301 0.000000 -44.481872 0.000000 0.000000 1.000000 0.000000
0.972333 0.233601 0.000000 287.208967 -0.233601 0.972333 0.000000 -44.482104 0.000000 0.000000 1.000000 0.000000
0.972328 0.233620 0.000000 287.209107 -0.233620 0.972328 0.000000 -44.482082 0.000000 0.000000 1.000000 0.000000
0.972307 0.233706 0.000000 287.209276 -0.233706 0.972307 0.000000 -44.481880 0.000000 0.000000 1.000000 0.000000
0.972354 0.233513 0.000000 287.209314 -0.233513 0.972354 0.000000 -44.482185 0.000000 0.000000 1.000000 0.000000
0.972362 0.233477 0.000000 287.209540 -0.233477 0.972362 0.000000 -44.482177 0.000000 0.000000 1.000000 0.000000
0.972351 0.233523 0.000000 287.209617 -0.233523 0.972351 0.000000 -44.482140 0.000000 0.000000 1.000000 0.000000
0.972351 0.233523 0.000000 287.209617 -0.233523 0.972351 0.000000 -44.482140 0.000000 0.000000 1.000000 0.000000
0.972344 0.233553 0.000000 287.209683 -0.233553 0.972344 0.000000 -44.482136 0.000000 0.000000 1.000000 0.000000
0.972341 0.233567 0.000000 287.209809 -0.233567 0.972341 0.000000 -44.482139 0.000000 0.000000 1.000000 0.000000
0.972327 0.233625 0.000000 287.209711 -0.233625 0.972327 0.000000 -44.482178 0.000000 0.000000 1.000000 0.000000
0.972305 0.233714 0.000000 287.209866 -0.233714 0.972305 0.000000 -44.482091 0.000000 0.000000 1.000000 0.000000
0.972305 0.233716 0.000000 287.209865 -0.233716 0.972305 0.000000 -44.482073 0.000000 0.000000 1.000000 0.000000
0.972292 0.233771 0.000000 287.209978 -0.233771 0.972292 0.000000 -44.482095 0.000000 0.000000 1.000000 0.000000
0.972292 0.233771 0.000000 287.209978 -0.233771 0.972292 0.000000 -44.482095 0.000000 0.000000 1.000000 0.000000
0.972286 0.233794 0.000000 287.209919 -0.233794 0.972286 0.000000 -44.482086 0.000000 0.000000 1.000000 0.000000
0.972282 0.233810 0.000000 287.209967 -0.233810 0.972282 0.000000 -44.482134 0.000000 0.000000 1.000000 0.000000
0.972304 0.233719 0.000000 287.210117 -0.233719 0.972304 0.000000 -44.482239 0.000000 0.000000 1.000000 0.000000
0.972293 0.233766 0.000000 287.210199 -0.233766 0.972293 0.000000 -44.482184 0.000000 0.000000 1.000000 0.000000
0.972263 0.233890 0.000000 287.209845 -0.233890 0.972263 0.000000 -44.482129 0.000000 0.000000 1.000000 0.000000
0.972271 0.233857 0.000000 287.209889 -0.233857 0.972271 0.000000 -44.482182 0.000000 0.000000 1.000000 0.000000
0.972237 0.234000 0.000000 287.209795 -0.234000 0.972237 0.000000 -44.482470 0.000000 0.000000 1.000000 0.000000
0.972121 0.234478 0.000000 287.210041 -0.234478 0.972121 0.000000 -44.481670 0.000000 0.000000 1.000000 0.000000
0.972082 0.234643 0.000000 287.210231 -0.234643 0.972082 0.000000 -44.481606 0.000000 0.000000 1.000000 0.000000
0.972040 0.234817 0.000000 287.210313 -0.234817 0.972040 0.000000 -44.481388 0.000000 0.000000 1.000000 0.000000
0.971990 0.235022 0.000000 287.210201 -0.235022 0.971990 0.000000 -44.481562 0.000000 0.000000 1.000000 0.000000
0.971784 0.235871 0.000000 287.220531 -0.235871 0.971784 0.000000 -44.468115 0.000000 0.000000 1.000000 0.000000
0.971842 0.235634 0.000000 287.219420 -0.235634 0.971842 0.000000 -44.469087 0.000000 0.000000 1.000000 0.000000
0.971952 0.235180 0.000000 287.218434 -0.235180 0.971952 0.000000 -44.470303 0.000000 0.000000 1.000000 0.000000
0.972020 0.234899 0.000000 287.217467 -0.234899 0.972020 0.000000 -44.471350 0.000000 0.000000 1.000000 0.000000
0.972122 0.234476 0.000000 287.216239 -0.234476 0.972122 0.000000 -44.472913 0.000000 0.000000 1.000000 0.000000
0.972287 0.233792 0.000000 287.215103 -0.233792 0.972287 0.000000 -44.474747 0.000000 0.000000 1.000000 0.000000
0.972395 0.233341 0.000000 287.214138 -0.233341 0.972395 0.000000 -44.475892 0.000000 0.000000 1.000000 0.000000
0.972554 0.232679 0.000000 287.213048 -0.232679 0.972554 0.000000 -44.477611 0.000000 0.000000 1.000000 0.000000
0.972645 0.232298 0.000000 287.212175 -0.232298 0.972645 0.000000 -44.478843 0.000000 0.000000 1.000000 0.000000
0.972751 0.231853 0.000000 287.211280 -0.231853 0.972751 0.000000 -44.480503 0.000000 0.000000 1.000000 0.000000
0.972888 0.231277 0.000000 287.210298 -0.231277 0.972888 0.000000 -44.482301 0.000000 0.000000 1.000000 0.000000
0.973029 0.230685 0.000000 287.209265 -0.230685 0.973029 0.000000 -44.484220 0.000000 0.000000 1.000000 0.000000
0.973069 0.230514 0.000000 287.209228 -0.230514 0.973069 0.000000 -44.484999 0.000000 0.000000 1.000000 0.000000
0.973091 0.230419 0.000000 287.209449 -0.230419 0.973091 0.000000 -44.485251 0.000000 0.000000 1.000000 0.000000
0.973120 0.230298 0.000000 287.209560 -0.230298 0.973120 0.000000 -44.485498 0.000000 0.000000 1.000000 0.000000
0.973134 0.230238 0.000000 287.209682 -0.230238 0.973134 0.000000 -44.485675 0.000000 0.000000 1.000000 0.000000
0.973163 0.230117 0.000000 287.209698 -0.230117 0.973163 0.000000 -44.485798 0.000000 0.000000 1.000000 0.000000
0.973181 0.230041 0.000000 287.209744 -0.230041 0.973181 0.000000 -44.485962 0.000000 0.000000 1.000000 0.000000
0.973172 0.230081 0.000000 287.209895 -0.230081 0.973172 0.000000 -44.485917 0.000000 0.000000 1.000000 0.000000
0.973173 0.230075 0.000000 287.210058 -0.230075 0.973173 0.000000 -44.486007 0.000000 0.000000 1.000000 0.000000
0.973186 0.230020 0.000000 287.209959 -0.230020 0.973186 0.000000 -44.486028 0.000000 0.000000 1.000000 0.000000
0.973193 0.229991 0.000000 287.210043 -0.229991 0.973193 0.000000 -44.486141 0.000000 0.000000 1.000000 0.000000
0.973173 0.230072 0.000000 287.210062 -0.230072 0.973173 0.000000 -44.486113 0.000000 0.000000 1.000000 0.000000
0.973175 0.230066 0.000000 287.210152 -0.230066 0.973175 0.000000 -44.486050 0.000000 0.000000 1.000000 0.000000
0.973175 0.230066 0.000000 287.210152 -0.230066 0.973175 0.000000 -44.486050 0.000000 0.000000 1.000000 0.000000
0.973149 0.230175 0.000000 287.210406 -0.230175 0.973149 0.000000 -44.486430 0.000000 0.000000 1.000000 0.000000
0.973164 0.230114 0.000000 287.210463 -0.230114 0.973164 0.000000 -44.486779 0.000000 0.000000 1.000000 0.000000
0.973166 0.230104 0.000000 287.210658 -0.230104 0.973166 0.000000 -44.486790 0.000000 0.000000 1.000000 0.000000
0.973119 0.230303 0.000000 287.211194 -0.230303 0.973119 0.000000 -44.486582 0.000000 0.000000 1.000000 0.000000
0.973110 0.230339 0.000000 287.211609 -0.230339 0.973110 0.000000 -44.486631 0.000000 0.000000 1.000000 0.000000
0.973077 0.230481 0.000000 287.211993 -0.230481 0.973077 0.000000 -44.486611 0.000000 0.000000 1.000000 0.000000
0.973049 0.230599 0.000000 287.212378 -0.230599 0.973049 0.000000 -44.486638 0.000000 0.000000 1.000000 0.000000
0.973035 0.230657 0.000000 287.212670 -0.230657 0.973035 0.000000 -44.486684 0.000000 0.000000 1.000000 0.000000
0.973041 0.230631 0.000000 287.212758 -0.230631 0.973041 0.000000 -44.486750 0.000000 0.000000 1.000000 0.000000
0.973058 0.230559 0.000000 287.212847 -0.230559 0.973058 0.000000 -44.486828 0.000000 0.000000 1.000000 0.000000
0.973244 0.229776 0.000000 287.219535 -0.229776 0.973244 0.000000 -44.488613 0.000000 0.000000 1.000000 0.000000
0.973253 0.229737 0.000000 287.219471 -0.229737 0.973253 0.000000 -44.488645 0.000000 0.000000 1.000000 0.000000
0.973238 0.229797 0.000000 287.219556 -0.229797 0.973238 0.000000 -44.488548 0.000000 0.000000 1.000000 0.000000
0.973238 0.229798 0.000000 287.219556 -0.229798 0.973238 0.000000 -44.488549 0.000000 0.000000 1.000000 0.000000
0.973252 0.229742 0.000000 287.219577 -0.229742 0.973252 0.000000 -44.488680 0.000000 0.000000 1.000000 0.000000
0.973250 0.229748 0.000000 287.219576 -0.229748 0.973250 0.000000 -44.488681 0.000000 0.000000 1.000000 0.000000
0.973244 0.229775 0.000000 287.219574 -0.229775 0.973244 0.000000 -44.488688 0.000000 0.000000 1.000000 0.000000
0.973244 0.229773 0.000000 287.219572 -0.229773 0.973244 0.000000 -44.488694 0.000000 0.000000 1.000000 0.000000
0.973257 0.229721 0.000000 287.219546 -0.229721 0.973257 0.000000 -44.488786 0.000000 0.000000 1.000000 0.000000
0.973238 0.229799 0.000000 287.219672 -0.229799 0.973238 0.000000 -44.488706 0.000000 0.000000 1.000000 0.000000
0.973203 0.229949 0.000000 287.219788 -0.229949 0.973203 0.000000 -44.488635 0.000000 0.000000 1.000000 0.000000
0.973159 0.230135 0.000000 287.219805 -0.230135 0.973159 0.000000 -44.488459 0.000000 0.000000 1.000000 0.000000
0.973149 0.230178 0.000000 287.220052 -0.230178 0.973149 0.000000 -44.488432 0.000000 0.000000 1.000000 0.000000
0.973172 0.230081 0.000000 287.220191 -0.230081 0.973172 0.000000 -44.488477 0.000000 0.000000 1.000000 0.000000
0.973173 0.230073 0.000000 287.220301 -0.230073 0.973173 0.000000 -44.488452 0.000000 0.000000 1.000000 0.000000
0.973127 0.230268 0.000000 287.220524 -0.230268 0.973127 0.000000 -44.488078 0.000000 0.000000 1.000000 0.000000
0.973132 0.230246 0.000000 287.220580 -0.230246 0.973132 0.000000 -44.488082 0.000000 0.000000 1.000000 0.000000
0.973121 0.230294 0.000000 287.220792 -0.230294 0.973121 0.000000 -44.487998 0.000000 0.000000 1.000000 0.000000
0.973063 0.230540 0.000000 287.221147 -0.230540 0.973063 0.000000 -44.487506 0.000000 0.000000 1.000000 0.000000
0.973044 0.230620 0.000000 287.221213 -0.230620 0.973044 0.000000 -44.487250 0.000000 0.000000 1.000000 0.000000
0.973043 0.230624 0.000000 287.221217 -0.230624 0.973043 0.000000 -44.487242 0.000000 0.000000 1.000000 0.000000
0.973043 0.230624 0.000000 287.221217 -0.230624 0.973043 0.000000 -44.487242 0.000000 0.000000 1.000000 0.000000
0.973044 0.230618 0.000000 287.221155 -0.230618 0.973044 0.000000 -44.487240 0.000000 0.000000 1.000000 0.000000
0.973044 0.230621 0.000000 287.220876 -0.230621 0.973044 0.000000 -44.487208 0.000000 0.000000 1.000000 0.000000
0.973094 0.230409 0.000000 287.220633 -0.230409 0.973094 0.000000 -44.487630 0.000000 0.000000 1.000000 0.000000
0.973101 0.230381 0.000000 287.220430 -0.230381 0.973101 0.000000 -44.487749 0.000000 0.000000 1.000000 0.000000
0.973077 0.230480 0.000000 287.220226 -0.230480 0.973077 0.000000 -44.487561 0.000000 0.000000 1.000000 0.000000
0.973090 0.230425 0.000000 287.219991 -0.230425 0.973090 0.000000 -44.487556 0.000000 0.000000 1.000000 0.000000
0.973098 0.230391 0.000000 287.219783 -0.230391 0.973098 0.000000 -44.487686 0.000000 0.000000 1.000000 0.000000
0.973060 0.230552 0.000000 287.219620 -0.230552 0.973060 0.000000 -44.487609 0.000000 0.000000 1.000000 0.000000
0.973065 0.230532 0.000000 287.219114 -0.230532 0.973065 0.000000 -44.488235 0.000000 0.000000 1.000000 0.000000
0.973075 0.230491 0.000000 287.219156 -0.230491 0.973075 0.000000 -44.488292 0.000000 0.000000 1.000000 0.000000
0.973082 0.230460 0.000000 287.219100 -0.230460 0.973082 0.000000 -44.488289 0.000000 0.000000 1.000000 0.000000
0.973082 0.230460 0.000000 287.219100 -0.230460 0.973082 0.000000 -44.488289 0.000000 0.000000 1.000000 0.000000
0.973076 0.230486 0.000000 287.219052 -0.230486 0.973076 0.000000 -44.488264 0.000000 0.000000 1.000000 0.000000
0.973080 0.230466 0.000000 287.219001 -0.230466 0.973080 0.000000 -44.488228 0.000000 0.000000 1.000000 0.000000
0.973084 0.230451 0.000000 287.218747 -0.230451 0.973084 0.000000 -44.488192 0.000000 0.000000 1.000000 0.000000
0.973084 0.230451 0.000000 287.218747 -0.230451 0.973084 0.000000 -44.488193 0.000000 0.000000 1.000000 0.000000
0.973093 0.230414 0.000000 287.218682 -0.230414 0.973093 0.000000 -44.488214 0.000000 0.000000 1.000000 0.000000
0.973092 0.230415 0.000000 287.218684 -0.230415 0.973092 0.000000 -44.488208 0.000000 0.000000 1.000000 0.000000
0.973092 0.230415 0.000000 287.218684 -0.230415 0.973092 0.000000 -44.488208 0.000000 0.000000 1.000000 0.000000
0.973092 0.230415 0.000000 287.218684 -0.230415 0.973092 0.000000 -44.488208 0.000000 0.000000 1.000000 0.000000
0.973097 0.230396 0.000000 287.218637 -0.230396 0.973097 0.000000 -44.488175 0.000000 0.000000 1.000000 0.000000
0.973097 0.230396 0.000000 287.218637 -0.230396 0.973097 0.000000 -44.488175 0.000000 0.000000 1.000000 0.000000
0.973100 0.230383 0.000000 287.218735 -0.230383 0.973100 0.000000 -44.488264 0.000000 0.000000 1.000000 0.000000
0.973083 0.230455 0.000000 287.218730 -0.230455 0.973083 0.000000 -44.488082 0.000000 0.000000 1.000000 0.000000
0.973083 0.230456 0.000000 287.218730 -0.230456 0.973083 0.000000 -44.488082 0.000000 0.000000 1.000000 0.000000
0.973083 0.230456 0.000000 287.218730 -0.230456 0.973083 0.000000 -44.488082 0.000000 0.000000 1.000000 0.000000
0.973073 0.230498 0.000000 287.218800 -0.230498 0.973073 0.000000 -44.488055 0.000000 0.000000 1.000000 0.000000
0.973056 0.230568 0.000000 287.218793 -0.230568 0.973056 0.000000 -44.487894 0.000000 0.000000 1.000000 0.000000
0.973052 0.230585 0.000000 287.218810 -0.230585 0.973052 0.000000 -44.487840 0.000000 0.000000 1.000000 0.000000
0.973038 0.230644 0.000000 287.218797 -0.230644 0.973038 0.000000 -44.487852 0.000000 0.000000 1.000000 0.000000
0.973009 0.230766 0.000000 287.218863 -0.230766 0.973009 0.000000 -44.487635 0.000000 0.000000 1.000000 0.000000
0.973009 0.230766 0.000000 287.218869 -0.230766 0.973009 0.000000 -44.487623 0.000000 0.000000 1.000000 0.000000
0.972989 0.230854 0.000000 287.219002 -0.230854 0.972989 0.000000 -44.487553 0.000000 0.000000 1.000000 0.000000
0.972987 0.230858 0.000000 287.218956 -0.230858 0.972987 0.000000 -44.487345 0.000000 0.000000 1.000000 0.000000
0.973009 0.230765 0.000000 287.218861 -0.230765 0.973009 0.000000 -44.487283 0.000000 0.000000 1.000000 0.000000
0.972984 0.230872 0.000000 287.218923 -0.230872 0.972984 0.000000 -44.487097 0.000000 0.000000 1.000000 0.000000
0.972971 0.230928 0.000000 287.218869 -0.230928 0.972971 0.000000 -44.487002 0.000000 0.000000 1.000000 0.000000
0.972871 0.231350 0.000000 287.219031 -0.231350 0.972871 0.000000 -44.486120 0.000000 0.000000 1.000000 0.000000
0.972857 0.231406 0.000000 287.219096 -0.231406 0.972857 0.000000 -44.485988 0.000000 0.000000 1.000000 0.000000
0.972857 0.231406 0.000000 287.219032 -0.231406 0.972857 0.000000 -44.486029 0.000000 0.000000 1.000000 0.000000
0.972872 0.231346 0.000000 287.219055 -0.231346 0.972872 0.000000 -44.485830 0.000000 0.000000 1.000000 0.000000
0.972872 0.231346 0.000000 287.219055 -0.231346 0.972872 0.000000 -44.485828 0.000000 0.000000 1.000000 0.000000
0.972821 0.231559 0.000000 287.219033 -0.231559 0.972821 0.000000 -44.485636 0.000000 0.000000 1.000000 0.000000
0.972821 0.231560 0.000000 287.219033 -0.231560 0.972821 0.000000 -44.485636 0.000000 0.000000 1.000000 0.000000
0.972814 0.231588 0.000000 287.219042 -0.231588 0.972814 0.000000 -44.485546 0.000000 0.000000 1.000000 0.000000
0.972762 0.231806 0.000000 287.218990 -0.231806 0.972762 0.000000 -44.485236 0.000000 0.000000 1.000000 0.000000
0.972754 0.231840 0.000000 287.218985 -0.231840 0.972754 0.000000 -44.484997 0.000000 0.000000 1.000000 0.000000
0.972722 0.231976 0.000000 287.218941 -0.231976 0.972722 0.000000 -44.484840 0.000000 0.000000 1.000000 0.000000
0.972732 0.231934 0.000000 287.218989 -0.231934 0.972732 0.000000 -44.484832 0.000000 0.000000 1.000000 0.000000
0.972779 0.231736 0.000000 287.218826 -0.231736 0.972779 0.000000 -44.485025 0.000000 0.000000 1.000000 0.000000
0.972820 0.231564 0.000000 287.218788 -0.231564 0.972820 0.000000 -44.485230 0.000000 0.000000 1.000000 0.000000
0.972857 0.231407 0.000000 287.218560 -0.231407 0.972857 0.000000 -44.485567 0.000000 0.000000 1.000000 0.000000
0.972891 0.231266 0.000000 287.218383 -0.231266 0.972891 0.000000 -44.485825 0.000000 0.000000 1.000000 0.000000
0.972873 0.231342 0.000000 287.218205 -0.231342 0.972873 0.000000 -44.485736 0.000000 0.000000 1.000000 0.000000
0.972874 0.231336 0.000000 287.218231 -0.231336 0.972874 0.000000 -44.485826 0.000000 0.000000 1.000000 0.000000
0.972872 0.231344 0.000000 287.218163 -0.231344 0.972872 0.000000 -44.485920 0.000000 0.000000 1.000000 0.000000
0.972862 0.231385 0.000000 287.218232 -0.231385 0.972862 0.000000 -44.485883 0.000000 0.000000 1.000000 0.000000
0.972852 0.231428 0.000000 287.218144 -0.231428 0.972852 0.000000 -44.485848 0.000000 0.000000 1.000000 0.000000
0.972829 0.231526 0.000000 287.218167 -0.231526 0.972829 0.000000 -44.485591 0.000000 0.000000 1.000000 0.000000
0.972829 0.231526 0.000000 287.218168 -0.231526 0.972829 0.000000 -44.485589 0.000000 0.000000 1.000000 0.000000
0.972859 0.231401 0.000000 287.217959 -0.231401 0.972859 0.000000 -44.485993 0.000000 0.000000 1.000000 0.000000
0.972828 0.231531 0.000000 287.218169 -0.231531 0.972828 0.000000 -44.485900 0.000000 0.000000 1.000000 0.000000
0.972770 0.231772 0.000000 287.218341 -0.231772 0.972770 0.000000 -44.485955 0.000000 0.000000 1.000000 0.000000
0.972750 0.231856 0.000000 287.218440 -0.231856 0.972750 0.000000 -44.486112 0.000000 0.000000 1.000000 0.000000
0.972742 0.231892 0.000000 287.218394 -0.231892 0.972742 0.000000 -44.486357 0.000000 0.000000 1.000000 0.000000
0.972728 0.231951 0.000000 287.218330 -0.231951 0.972728 0.000000 -44.486373 0.000000 0.000000 1.000000 0.000000
0.972717 0.231994 0.000000 287.218171 -0.231994 0.972717 0.000000 -44.486586 0.000000 0.000000 1.000000 0.000000
0.972703 0.232053 0.000000 287.218187 -0.232053 0.972703 0.000000 -44.486647 0.000000 0.000000 1.000000 0.000000
0.972685 0.232131 0.000000 287.218183 -0.232131 0.972685 0.000000 -44.486460 0.000000 0.000000 1.000000 0.000000
0.972695 0.232086 0.000000 287.218108 -0.232086 0.972695 0.000000 -44.486502 0.000000 0.000000 1.000000 0.000000
0.972652 0.232269 0.000000 287.218024 -0.232269 0.972652 0.000000 -44.486550 0.000000 0.000000 1.000000 0.000000
0.972664 0.232219 0.000000 287.218137 -0.232219 0.972664 0.000000 -44.486517 0.000000 0.000000 1.000000 0.000000
0.972651 0.232273 0.000000 287.218294 -0.232273 0.972651 0.000000 -44.486359 0.000000 0.000000 1.000000 0.000000
0.972652 0.232265 0.000000 287.218409 -0.232265 0.972652 0.000000 -44.486338 0.000000 0.000000 1.000000 0.000000
0.972660 0.232233 0.000000 287.218571 -0.232233 0.972660 0.000000 -44.486312 0.000000 0.000000 1.000000 0.000000
0.972675 0.232173 0.000000 287.218558 -0.232173 0.972675 0.000000 -44.486331 0.000000 0.000000 1.000000 0.000000
0.972706 0.232041 0.000000 287.218518 -0.232041 0.972706 0.000000 -44.486430 0.000000 0.000000 1.000000 0.000000
0.972709 0.232028 0.000000 287.218405 -0.232028 0.972709 0.000000 -44.486443 0.000000 0.000000 1.000000 0.000000
0.972701 0.232064 0.000000 287.218184 -0.232064 0.972701 0.000000 -44.486481 0.000000 0.000000 1.000000 0.000000
0.972703 0.232054 0.000000 287.218076 -0.232054 0.972703 0.000000 -44.486413 0.000000 0.000000 1.000000 0.000000
0.972720 0.231984 0.000000 287.217911 -0.231984 0.972720 0.000000 -44.486348 0.000000 0.000000 1.000000 0.000000
0.972735 0.231920 0.000000 287.217841 -0.231920 0.972735 0.000000 -44.486347 0.000000 0.000000 1.000000 0.000000
0.972758 0.231824 0.000000 287.217703 -0.231824 0.972758 0.000000 -44.486417 0.000000 0.000000 1.000000 0.000000
0.972768 0.231780 0.000000 287.217567 -0.231780 0.972768 0.000000 -44.486505 0.000000 0.000000 1.000000 0.000000
0.972782 0.231722 0.000000 287.217307 -0.231722 0.972782 0.000000 -44.486700 0.000000 0.000000 1.000000 0.000000
0.972805 0.231624 0.000000 287.217165 -0.231624 0.972805 0.000000 -44.486706 0.000000 0.000000 1.000000 0.000000
0.972861 0.231392 0.000000 287.217056 -0.231392 0.972861 0.000000 -44.486946 0.000000 0.000000 1.000000 0.000000
0.972874 0.231336 0.000000 287.216918 -0.231336 0.972874 0.000000 -44.487054 0.000000 0.000000 1.000000 0.000000
0.972853 0.231425 0.000000 287.216768 -0.231425 0.972853 0.000000 -44.486657 0.000000 0.000000 1.000000 0.000000
0.972838 0.231486 0.000000 287.216429 -0.231486 0.972838 0.000000 -44.486522 0.000000 0.000000 1.000000 0.000000
0.972818 0.231571 0.000000 287.216569 -0.231571 0.972818 0.000000 -44.486461 0.000000 0.000000 1.000000 0.000000
0.972806 0.231621 0.000000 287.216585 -0.231621 0.972806 0.000000 -44.486461 0.000000 0.000000 1.000000 0.000000
0.972843 0.231466 0.000000 287.216380 -0.231466 0.972843 0.000000 -44.486762 0.000000 0.000000 1.000000 0.000000
